001POHNPEI       LAT=06 58.7N  LONG=158 11.8E
001POHNPEI 2001121  9999 9999 9999 9999 9999 9999 9999 9999 9999 9999 9999
001POHNPEI 2001122  9999 9999 9999 9999 9999  652  650  654  662  644  605
001POHNPEI 2001123   584  576  589  591  581  572  582  587  601
001POHNPEI 2002 11   605  639  655  668  687  682  698  698  683  690  680
001POHNPEI 2002 12   652  675  689  693  735  754  763  769  754  772  791
001POHNPEI 2002 13   771  770  770  772  765  768  779  789  805
001POHNPEI 2002 21   801  770  745  748  767  748  738  744  742  732  740
001POHNPEI 2002 22   741  715  722  753  764  743  720  728  746  733  721
001POHNPEI 2002 23   719  723  750  784  755  722
001POHNPEI 2002 31   741  749  743  723  710  713  698  694  700  706  705
001POHNPEI 2002 32   711  724  714  711  711  706  709  710  710  720  708
001POHNPEI 2002 33   705  728  751  762  782  803  793  782  792
001POHNPEI 2002 41   771  762  758  757  753  745  744  758  760  760  767
001POHNPEI 2002 42   767  782  791  775  748  738  733  717  723  734  728
001POHNPEI 2002 43   735  751  766  761  759  750  728  703
001POHNPEI 2002 51   714  718  695  702  709  714  746  741  737  741  735
001POHNPEI 2002 52   721  703  700  698  693  691  677  676  677  674  674
001POHNPEI 2002 53   675  668  663  650  636  618  617  624  631
001POHNPEI 2002 61   643  644  627  642  656  649  646  639  644  642  641
001POHNPEI 2002 62   663  665  665  685  707  729  726  734  731  716  718
001POHNPEI 2002 63   722  710  705  712  715  753  765  726
001POHNPEI 2002 71   707  705  681  685  693  668  656  642  622  613  642
001POHNPEI 2002 72   637  652  656  677  689  681  677  673  673  674  651
001POHNPEI 2002 73   630  651  654  646  653  655  653  651  657
001POHNPEI 2002 81   650  629  617  627  624  630  636  639  656  670  710
001POHNPEI 2002 82   723  696  671  671  676  640  629  643  633  640  635
001POHNPEI 2002 83   660  664  631  640  653  658  638  617  637
001POHNPEI 2002 91   651  613  614  623  636  653  640  642  650  634  620
001POHNPEI 2002 92   615  612  610  584  570  578  587  577  565  577  593
001POHNPEI 2002 93   578  571  577  568  560  554  560  564
001POHNPEI 2002101   557  585  599  595  615  640  651  641  592  542  513
001POHNPEI 2002102   497  540  538  499  507  536  569  564  561  578  561
001POHNPEI 2002103   561  541  536  534  513  532  562  560  570
001POHNPEI 2002111   585  583  596  601  592  593  588  589  589  589  608
001POHNPEI 2002112   613  622  630  632  621  640  664  634  594  615  609
001POHNPEI 2002113   590  618  598  608  633  632  643  664
001POHNPEI 2002121   672  644  658  707  628  565  594  537  513  566  532
001POHNPEI 2002122   534  533  522  537  535  542  542  525  532  549  554
001POHNPEI 2002123   574  593  568  578  603  604  597  592  624
001POHNPEI 2003 11   627  603  615  637  648  681  661  659  655  650  667
001POHNPEI 2003 12   676  676  634  637  628  599  599  603  611  607  591
001POHNPEI 2003 13   603  612  621  623  615  636  643  644  679
001POHNPEI 2003 21   707  683  681  704  701  691  667  656  663  657  678
001POHNPEI 2003 22   670  669  679  685  719  737  758  781  786  782  775
001POHNPEI 2003 23   783  812  816  783  786  788
001POHNPEI 2003 31   807  828  821  829  830  826  823  804  798  778  770
001POHNPEI 2003 32   768  756  745  742  767  796  827  821  817  823  811
001POHNPEI 2003 33   798  817  811  811  815  833  853  868  875
001POHNPEI 2003 41   886  878  872  868  855  854  842  842  859  871  822
001POHNPEI 2003 42   812  845  857  852  830  820  818  810  802  794  776
001POHNPEI 2003 43   766  775  763  770  757  770  792  772
001POHNPEI 2003 51   780  765  750  756  741  723  738  753  758  791  807
001POHNPEI 2003 52   820  826  817  815  815  797  784  766  760  791  802
001POHNPEI 2003 53   790  800  803  808  798  787  774  771  754
001POHNPEI 2003 61   737  731  725  736  745  751  736  735  744  745  727
001POHNPEI 2003 62   707  697  694  693  686  691  700  712  728  734  739
001POHNPEI 2003 63   734  732  724  706  698  703  697  663
001POHNPEI 2003 71   691  696  696  708  741  744  730  743  753  724  715
001POHNPEI 2003 72   726  723  717  721  725  736  727  727  734  725  713
001POHNPEI 2003 73   709  705  697  678  666  667  674  686  689
001POHNPEI 2003 81   683  700  713  699  698  706  712  696  679  683  695
001POHNPEI 2003 82   695  712  716  722  721  714  715  723  708  696  695
001POHNPEI 2003 83   684  694  705  723  736  732  752  765  759
001POHNPEI 2003 91   751  745  730  705  711  715  704  703  728  718  713
001POHNPEI 2003 92   723  708  716  720  705  694  680  692  694  675  656
001POHNPEI 2003 93   669  694  714  714  722  709  696  687
001POHNPEI 2003101   663  638  634  652  648  672  697  689  695  691  674
001POHNPEI 2003102   652  650  632  613  634  644  640  640  656  679  683
001POHNPEI 2003103   679  670  681  695  695  652  649  659  641
001POHNPEI 2003111   652  658  659  653  650  641  647  655  645  656  640
001POHNPEI 2003112   624  638  641  629  631  655  681  683  686  657  628
001POHNPEI 2003113   638  629  618  621  605  610  644  632
001POHNPEI 2003121   635  647  654  653  646  640  636  602  582  604  597
001POHNPEI 2003122   596  600  620  633  659  660  644  638  646  650  655
001POHNPEI 2003123   640  611  620  645  644  628  641  666  664
001POHNPEI 2004 11   665  654  631  634  617  586  577  574  581  618  634
001POHNPEI 2004 12   621  632  635  620  625  604  603  623  620  628  630
001POHNPEI 2004 13   628  639  650  675  679  695  697  691  685
001POHNPEI 2004 21   678  689  689  709  735  759  765  748  768  779  792
001POHNPEI 2004 22   785  760  769  787  775  749  760  797  778  771  801
001POHNPEI 2004 23   817  817  812  811  810  813  787
001POHNPEI 2004 31   766  790  798  785  796  806  798  799  820  814  818
001POHNPEI 2004 32   828  810  808  815  808  809  811  821  844  849  836
001POHNPEI 2004 33   821  823  836  795  771  761  758  764  761
001POHNPEI 2004 41   776  763  767  775  760  758  764  732  714  729  723
001POHNPEI 2004 42   725  748  771  767  763  771  772  759  747  754  758
001POHNPEI 2004 43   759  750  745  753  753  756  765  796
001POHNPEI 2004 51   812  838  842  836  822  783  777  786  770  772  795
001POHNPEI 2004 52   790  774  768  768  772  754  752  748  736  743  751
001POHNPEI 2004 53   726  729  749  758  774  774  769  782  795
001POHNPEI 2004 61   789  772  761  759  756  743  752  770  770  771  768
001POHNPEI 2004 62   750  755  755  744  734  725  724  730  733  731  730
001POHNPEI 2004 63   744  761  775  761  727  734  740  717
001POHNPEI 2004 71   688  696  713  717  718  728  729  727  723  727  715
001POHNPEI 2004 72   708  718  713  699  695  695  696  699  707  714  719
001POHNPEI 2004 73   720  712  722  715  698  701  715  710  712
001POHNPEI 2004 81   734  753  767  763  744  737  735  719  716  721  694
001POHNPEI 2004 82   679  663  665  696  687  666  664  673  690  695  676
001POHNPEI 2004 83   668  662  665  666  676  696  714  701  703
001POHNPEI 2004 91   709  711  700  677  681  679  671  691  688  704  717
001POHNPEI 2004 92   723  703  724  734  711  708  697  693  674  666  681
001POHNPEI 2004 93   693  691  707  726  738  750  753  760
001POHNPEI 2004101   731  729  724  714  718  710  718  735  725  730  745
001POHNPEI 2004102   763  770  745  753  745  717  718  687  692  723  712
001POHNPEI 2004103   720  727  715  729  735  753  743  713  709
001POHNPEI 2004111   712  721  711  710  726  742  761  771  779  772  754
001POHNPEI 2004112   740  734  744  749  730  737  746  749  765  773  773
001POHNPEI 2004113   764  745  729  701  685  641  660  690
001POHNPEI 2004121   676  664  692  713  714  729  735  714  698  685  677
001POHNPEI 2004122   660  645  668  675  689  678  673  684  670  664  655
001POHNPEI 2004123   646  633  637  649  648  640  642  639  662
001POHNPEI 2005 11   672  683  699  685  703  708  688  712  732  717  707
001POHNPEI 2005 12   700  732  752  759  750  735  711  704  700  686  666
001POHNPEI 2005 13   677  694  711  692  700  719  716  732  742
001POHNPEI 2005 21   756  736  708  687  672  645  647  676  668  678  687
001POHNPEI 2005 22   707  716  709  702  710  677  672  693  683  687  696
001POHNPEI 2005 23   716  727  726  734  732  721
001POHNPEI 2005 31   707  718  704  664  670  674  689  718  727  736  744
001POHNPEI 2005 32   734  735  720  677  665  673  669  689  699  704  723
001POHNPEI 2005 33   730  736  737  748  749  759  770  759  754
001POHNPEI 2005 41   759  752  763  783  796  805  819  824  813  811  803
001POHNPEI 2005 42   774  761  760  755  774  778  783  793  782  780  790
001POHNPEI 2005 43   778  764  757  749  729  727  748  728
001POHNPEI 2005 51   748  773  779  792  802  804  802  802  771  769  758
001POHNPEI 2005 52   747  754  757  761  763  771  774  766  765  777  781
001POHNPEI 2005 53   770  765  774  766  756  769  774  763  776
001POHNPEI 2005 61   792  790  780  782  794  789  772  768  774  790  797
001POHNPEI 2005 62   796  810  810  804  803  794  797  791  774  774  766
001POHNPEI 2005 63   759  768  777  783  780  789  786  777
001POHNPEI 2005 71   769  768  758  735  736  727  722  730  735  748  744
001POHNPEI 2005 72   734  745  756  753  762  767  756  753  749  757  769
001POHNPEI 2005 73   769  790  791  777  785  774  754  748  755
001POHNPEI 2005 81   721  706  724  716  712  718  722  724  711  708  692
001POHNPEI 2005 82   689  666  656  671  682  657  664  696  696  705  709
001POHNPEI 2005 83   694  692  692  685  707  700  694  683  686
001POHNPEI 2005 91   705  697  703  728  725  733  729  710  713  694  674
001POHNPEI 2005 92   710  695  688  694  713  720  706  715  727  733  708
001POHNPEI 2005 93   684  698  714  692  674  680  690  699
001POHNPEI 2005101   699  705  739  727  719  718  714  704  700  704  721
001POHNPEI 2005102   727  759  782  771  775  775  770  748  731  732  741
001POHNPEI 2005103   737  743  748  753  766  788  790  765  763
001POHNPEI 2005111   770  746  737  728  710  715  724  726  727  771  790
001POHNPEI 2005112   770  769  774  752  764  745  710  712  698  701  702
001POHNPEI 2005113   715  718  738  760  738  733  715  691
001POHNPEI 2005121   693  670  664  662  673  700  705  718  735  725  726
001POHNPEI 2005122   717  704  687  677  676  698  706  709  711  739  739
001POHNPEI 2005123   741  755  768  751  744  745  730  731  751
001POHNPEI 2006 11   774  765  775  785  789  794  780  790  789  754  757
001POHNPEI 2006 12   755  735  736  766  794  785  815  835  819  803  797
001POHNPEI 2006 13   783  756  741  769  790  776  776  769  791
001POHNPEI 2006 21   815  801  809  809  792  792  798  783  790  805  787
001POHNPEI 2006 22   810  825  835  830  816  824  832  832  836  825  821
001POHNPEI 2006 23   832  841  841  856  868  883
001POHNPEI 2006 31   909  892  884  847  814  797  796  816  826  816  808
001POHNPEI 2006 32   817  826  824  820  825  829  834  835  828  815  808
001POHNPEI 2006 33   810  813  806  810  822  843  852  849  831
001POHNPEI 2006 41   829  831  823  821  803  804  835  840  842  850  866
001POHNPEI 2006 42   888  901  882  861  858  844  849  841  834  848  847
001POHNPEI 2006 43   833  839  845  834  805  803  797  772
001POHNPEI 2006 51   748  736  746  766  769  770  773  800  807  801  790
001POHNPEI 2006 52   771  763  759  750  748  741  753  768  784  787  771
001POHNPEI 2006 53   778  789  778  756  730  713  722  721  712
001POHNPEI 2006 61   722  719  732  743  748  740  745  736  717  710  707
001POHNPEI 2006 62   703  696  700  705  698  699  721  713  708  711  696
001POHNPEI 2006 63   690  686  684  683  676  685  696  706
001POHNPEI 2006 71   701  699  696  687  703  689  656  659  666  660  653
001POHNPEI 2006 72   671  700  688  687  689  674  658  650  648  615  601
001POHNPEI 2006 73   625  620  616  628  661  675  677  683  678
001POHNPEI 2006 81   681  691  687  672  661  663  667  678  672  662  667
001POHNPEI 2006 82   679  662  666  655  651  640  634  620  600  599  617
001POHNPEI 2006 83   617  596  611  626  618  630 9999 9999  631
001POHNPEI 2006 91   642  631  635  642  656  685  692  697  688  679  688
001POHNPEI 2006 92   682  668  640  632  655  646  651  677  682  686  690
001POHNPEI 2006 93   714  707  695  710  715  704  686  676
001POHNPEI 2006101   687  683  663  696  714  721  742  711  666  652  647
001POHNPEI 2006102   637  626  624  622  617  610  651  661  655  651  673
001POHNPEI 2006103   665  648  647  646  634  642  652  665  671
001POHNPEI 2006111   690  724  733  718  692  654  647  657  638  646  656
001POHNPEI 2006112   641  655  676  689  702  702  691  665  661  662  656
001POHNPEI 2006113   657  641  658  687  698  706  709  713
001POHNPEI 2006121   736  716  704  688  649  666  683  671  675  692  684
001POHNPEI 2006122   681  672  694  686  662  656  633  618  622  609  613
001POHNPEI 2006123   618  619  640  641  662  662  666  669  657
001POHNPEI 2007 11   672  690  669  703  730  700  701  720  706  695  707
001POHNPEI 2007 12   727  729  711  702  691  686  669  700  706  693  730
001POHNPEI 2007 13   749  745  736  719  717  689  681  713  697
001POHNPEI 2007 21   702  710  710  713  700  710  720  693  697  710  686
001POHNPEI 2007 22   688  683  678  675  721  761  764  790  787  768  777
001POHNPEI 2007 23   778  787  786  787  811  835
001POHNPEI 2007 31   824  817  828  872  885  845  825  830  820  816  813
001POHNPEI 2007 32   815  812  823  837  850  864  880  875  885  877  859
001POHNPEI 2007 33   846  837  842  830  830  838  843  874  855
001POHNPEI 2007 41   812  816  798  782  783  773  775  785  781  812  832
001POHNPEI 2007 42   825  837  845  858  845  848  858  830  824  837  822
001POHNPEI 2007 43   832  855  863  862  868  889  894  895
001POHNPEI 2007 51   880  886  901  899  896  902  915  903  928  942  931
001POHNPEI 2007 52   924  919  913  917  899  879  880  876  865  875  865
001POHNPEI 2007 53   865  876  881  858  847  850  831  813  816
001POHNPEI 2007 61   816  801  792  791  801  804  827  851  864  867  855
001POHNPEI 2007 62   858  867  851  847  846  850  849  832  840  845  839
001POHNPEI 2007 63   812  811  804  779  785  791  768  764
001POHNPEI 2007 71   791  807  810  823  836  858  861  843  843  822  806
001POHNPEI 2007 72   806  794  781  786  802  804  813  815  800  798  808
001POHNPEI 2007 73   802  789  802  805  789  790  798  790  804
001POHNPEI 2007 81   829  819  832  828  805  799  790  784  782  779  778
001POHNPEI 2007 82   792  810  814  819  822  838  822  809  802  781  786
001POHNPEI 2007 83   780  770  773  773  789  807  794  795  797
001POHNPEI 2007 91   800  785  770  788  795  775  784  800  796  789  799
001POHNPEI 2007 92   803  804  795  797  797  776  760  758  764  764  768
001POHNPEI 2007 93   812  827  818  834  838  845  842  812
001POHNPEI 2007101   819  808  786  813  823  812  811  832  841  834  828
001POHNPEI 2007102   810  806  812  797  799  805  826  843  852  865  891
001POHNPEI 2007103   921  932  938  936  922  932  921  912  929
001POHNPEI 2007111   947  950  954  953  925  921  977  955  923  947  954
001POHNPEI 2007112   929  915  921  910  912  951  945  934  920  922  927
001POHNPEI 2007113   923  913  888  880  885  882  862  834
001POHNPEI 2007121   840  849  847  875  879  869  855  848  839  828  837
001POHNPEI 2007122   850  844  827  843  852  854  879  867  854  855  844
001POHNPEI 2007123   832  840  832  841  851  871  864  858  862
001POHNPEI 2008 11   857  864  861  851  832  819  818  815  831  837  839
001POHNPEI 2008 12   849  873  876  855  850  839  840  836  818  833  841
001POHNPEI 2008 13   851  847  839  842  830  860  854  826  824
001POHNPEI 2008 21   839  835  820  821  820  828  845  841  831  844  846
001POHNPEI 2008 22   839  825  797  797  790  777  778  806  838  850  848
001POHNPEI 2008 23   832  837  839  825  816  814  814
001POHNPEI 2008 31   799  800  812  828  840  847  850  866  866  851  845
001POHNPEI 2008 32   837  818  814  806  794  807  834  835  841  860  862
001POHNPEI 2008 33   833  817  812  816  816  787  793  809  823
001POHNPEI 2008 41   813  815  836  866  869  846  837  812  802  814  814
001POHNPEI 2008 42   812  823  835  836  822  800  798  804  791  780  764
001POHNPEI 2008 43   761  772  778  760  755  781  805  818
001POHNPEI 2008 51   831  833  834  836  832  818  815  820  814  828  829
001POHNPEI 2008 52   828  835  839  840  825  822  814  806  807  813  811
001POHNPEI 2008 53   801  812  827  826  840  855  858  859  842
001POHNPEI 2008 61   834  847  841  830  829  826  831  819  819  813  813
001POHNPEI 2008 62   804  803  807  784  760  764  769  760  749  754  770
001POHNPEI 2008 63   774  769  777  788  787  787  790  775
001POHNPEI 2008 71   750  739  752  777  781  781  793  786  773  768  768
001POHNPEI 2008 72   772  769  756  769  769  778  783  786  797  809  819
001POHNPEI 2008 73   836  832  807  807  800  785  787  807  814
001POHNPEI 2008 81   812  831  837  827  809  786  796  793  768  765  768
001POHNPEI 2008 82   750  739  747  750  765  756  739  748  756  749  765
001POHNPEI 2008 83   767  751  747  745  748  748  742  751  763
001POHNPEI 2008 91   776  781  763  749  746  741  745  751  737  717  721
001POHNPEI 2008 92   747  746  741  753  776  771  764  762  746  751  757
001POHNPEI 2008 93   747  747  753  766  775  771  755  744
001POHNPEI 2008101   739  729  724  737  742  742  723  724  740  741  733
001POHNPEI 2008102   743  773  764  760  767  748  740  722  747  765  758
001POHNPEI 2008103   775  798  793  767  776  766  749  738  737
001POHNPEI 2008111   726  706  721  754  761  766  771  819  807  801  831
001POHNPEI 2008112   819  786  789  808  808  792  799  801  797  800  828
001POHNPEI 2008113   827  804  788  792  796  805  809  796
001POHNPEI 2008121   800  821  842  859  850  861  885  900  887  853  835
001POHNPEI 2008122   817  812  832  844  850  848  855  867  846  835  840
001POHNPEI 2008123   814  813  818  825  837  836  839  856  878
001POHNPEI 2009 11   857  831  855  869  866  859  858  848  841  854  861
001POHNPEI 2009 12   856  841  850  854  840  817  794  789  794  795  776
001POHNPEI 2009 13   774  798  802  811  793  816  837  835  826
001POHNPEI 2009 21   827  833  826  836  848  859  847  853  858  865  866
001POHNPEI 2009 22   858  836  829  841  848  833  832  818  793  792  819
001POHNPEI 2009 23   832  823  831  830  826  816
001POHNPEI 2009 31   804  823  823  829  849  828  816  823  828  840  843
001POHNPEI 2009 32   829  835  834  834  833  841  831  811  815  823  842
001POHNPEI 2009 33   846  838  836  834  843  846  833  812  803
001POHNPEI 2009 41   809  813  806  810  842  843  836  830  825  829  818
001POHNPEI 2009 42   819  833  833  841  844  840  837  851  863  875  881
001POHNPEI 2009 43   869  868  853  836  828  810  809  822
001POHNPEI 2009 51   822  825  831  827  810  803  799  773  750  763  762
001POHNPEI 2009 52   753  749  757  771  776  773  783  790  797  798  776
001POHNPEI 2009 53   763  756  747  748  768  784  788  787  782
001POHNPEI 2009 61   779  779  771  762  746  733  726  709  710  721  738
001POHNPEI 2009 62   742  743  764  774  774  778  779  780  788  781  774
001POHNPEI 2009 63   761  763  773  777  781  787  792  785
001POHNPEI 2009 71   781  783  777  764  751  745  758  768  772  785  772
001POHNPEI 2009 72   786  781  768  766  764  748  743  753  770  773  774
001POHNPEI 2009 73   790  812  806  803  811  799  765  753  744
001POHNPEI 2009 81   726  708  718  728  732  741  743  753  769  748  735
001POHNPEI 2009 82   738  724  719  714  722  732  731  749  755  756  748
001POHNPEI 2009 83   740  751  739  720  719  726  729  737  739
001POHNPEI 2009 91   743  760  750  735  734  744  751  737  713  708  712
001POHNPEI 2009 92   719  723  721  726  736  745  759  777  768  749  756
001POHNPEI 2009 93   759  750  737  765  776  756  754  737
001POHNPEI 2009101   710  719  744  725  704  694  688  701  684  654  673
001POHNPEI 2009102   686  689  679  692  713  692  694  700  676  669  678
001POHNPEI 2009103   689  677  676  683  671  647  653  677  679
001POHNPEI 2009111   674  661  649  656  680  695  717  725  720  742  737
001POHNPEI 2009112   723  718  720  722  714  694  687  686  693  717  719
001POHNPEI 2009113   711  701  689  701  704  678  687  691
001POHNPEI 2009121   659  661  656  627  624  635  629  624  647  652  636
001POHNPEI 2009122   630  640  610  599  604  600  605  618  625  604  620
001POHNPEI 2009123   625  633  663  665  671  674  653  661  681
001POHNPEI 2010 11   720  728  714  725  757  753  756  743  728  720  706
001POHNPEI 2010 12   704  705  714  715  723  716  720  728  730  698  678
001POHNPEI 2010 13   672  658  626  624  608  615  611  605  618
001POHNPEI 2010 21   614  630  604  596  605  597  604  588  606  633  615
001POHNPEI 2010 22   627  628  650  678  674  683  675  675  712  724  729
001POHNPEI 2010 23   743  738  756  770  788  781
001POHNPEI 2010 31   796  804  789  783  767  764  780  766  771  765  763
001POHNPEI 2010 32  9999 9999  760  761  769  768  768  767  781  796  782
001POHNPEI 2010 33   789  793  800  807  803  827  853  857  857
001POHNPEI 2010 41   850  849  850  852  851  851  864  877  870  884  878
001POHNPEI 2010 42   864  864  859  868  880  874  871  894  903  896  894
001POHNPEI 2010 43   901  908  909  898  876  869  860  841
001POHNPEI 2010 51   840  847  861  866  863  849  853  874  863  849  863
001POHNPEI 2010 52   874  855  849  857  857  853  862  867  870  875  887
001POHNPEI 2010 53   893  885  873  860  846  842  843  834  830
001POHNPEI 2010 61   835  842  838  826  831  842  834  816  810  797  782
001POHNPEI 2010 62   792  808  806  811  814  812  827  835  851  846  835
001POHNPEI 2010 63   828  815  807  805  810  821  807  796
001POHNPEI 2010 71   801  786  789  803  800  803  783  753  749  737  759
001POHNPEI 2010 72   778  782  789  801  810  795  786  789  795  789  770
001POHNPEI 2010 73   740  752  752  744  746  751  753  758  757
001POHNPEI 2010 81   753  765  756  742  740  754  763  761  768  760  749
001POHNPEI 2010 82   761  766  735  721  734  741  753  759  770  769  774
001POHNPEI 2010 83   770  803  809  790  790  780  792  802  801
001POHNPEI 2010 91   807  798  816  833  850  868  887  899  903  891  888
001POHNPEI 2010 92   883  875  878  875  868  877  880  900  913  916  923
001POHNPEI 2010 93   925  930  922  916  912  939  952  939
001POHNPEI 2010101   945  960  959  948  957  956  947  929  904  916  919
001POHNPEI 2010102   900  910  919  902  909  925  934  929  918  936  940
001POHNPEI 2010103   931  929  920  911  911  922  923  931  928
001POHNPEI 2010111   945  968  950  929  925  921  916  893  871  870  861
001POHNPEI 2010112   865  853  838  837  849  849  840  839  823  819  825
001POHNPEI 2010113   812  808  803  810  830  834  845  869
001POHNPEI 2010121   863  836  837  840  824  830  845  857  862  865  876
001POHNPEI 2010122   881  870  866  874  874  862  863  874  876  889  899
001POHNPEI 2010123   884  869  893  887  882  880  866  862  843
001POHNPEI 2011 11   837  848  844  857  851  853  861  885  884  878  897
001POHNPEI 2011 12   887  883  872  869  875  884  880  891  922  931  924
001POHNPEI 2011 13   912  919  903  895  884  865  870  855  838
001POHNPEI 2011 21   840  843  842  850  837  834  851  835  840  828  824
001POHNPEI 2011 22   820  812  817  813  816  824  849  842  836  845  849
001POHNPEI 2011 23   849  847  859  858  850  842
001POHNPEI 2011 31   849  841  842  846  842  821  827  827  816  812  828
001POHNPEI 2011 32   846  842  867  886  890  888  887  894  886  890  898
001POHNPEI 2011 33   873  852  859  869  869  866  870  887  874
001POHNPEI 2011 41   844  849  863  857  827  817  807  802  811  808  815
001POHNPEI 2011 42   825  828  851  856  845  833  830  834  822  819  824
001POHNPEI 2011 43   812  833  864  858  857  876  884  870
001POHNPEI 2011 51   861  878  871  856  867  849  838  847  840  841  829
001POHNPEI 2011 52   828  840  851  846  839  841  840  844  854  863  867
001POHNPEI 2011 53   879  887  880  869  856  849  834  828  823
001POHNPEI 2011 61   815  806  806  805  818  842  850  879  881  876  858
001POHNPEI 2011 62   846  839  836  817  795  809  825  833  836  856  851
001POHNPEI 2011 63   842  856  843  847  858  851  851  845
001POHNPEI 2011 71   849  864  883  882  872  881  882  850  837  845  839
001POHNPEI 2011 72   834  844  848  850  844  849  858  845  831  825  824
001POHNPEI 2011 73   806  784  792  789  769  775  805  821  816
001POHNPEI 2011 81   828  842  832  817  813  809  799  800  794  780  790
001POHNPEI 2011 82   796  792  813  823  822  820  824  815  807  804  807
001POHNPEI 2011 83   802  807  823  826  835  840  847  845  832
001POHNPEI 2011 91   815  797  799  802  797  804  829  829  819  824  821
001POHNPEI 2011 92   814  817  808  810  813  817  809  796  811  826  819
001POHNPEI 2011 93   828  847  851  856  860  847  839  849
001POHNPEI 2011101   841  843  828  822  820  834  839  838  872  884  886
001POHNPEI 2011102   881  872  859  849  866  869  863  873  903  917  912
001POHNPEI 2011103   902  908  926  924  903  881  895  925  905
001POHNPEI 2011111   877  865  870  878  868  879  889  867  848  853  843
001POHNPEI 2011112   848  842  839  829  805  824  854  844  844  871  877
001POHNPEI 2011113   874  866  874  869  861  876  895  904
001POHNPEI 2011121   897  903  881  877  885  866  868  868  850  835  818
001POHNPEI 2011122   824  821  827  842  852  857  851  871  881  859  846
001POHNPEI 2011123  9999  874  845  842  834  844  870  851  835
001POHNPEI 2012 11   823  835  837  841  853  846  836  848  851  839  855
001POHNPEI 2012 12   861  866  882  883  875  863  855  842  849  877  887
001POHNPEI 2012 13   882  882  889  874  860  861  874  898  888
001POHNPEI 2012 21   870  882  881  861  862  852  857  864  865  879  874
001POHNPEI 2012 22   862  864  851  851  872 9999 9999 9999 9999 9999 9999
001POHNPEI 2012 23  9999 9999 9999 9999 9999 9999 9999
001POHNPEI 2012 31  9999 9999 9999 9999 9999 9999 9999 9999 9999 9999 9999
001POHNPEI 2012 32  9999 9999 9999 9999 9999 9999 9999  965  956  936  913
001POHNPEI 2012 33   907  908  906  902  914  911  896  898  902
001POHNPEI 2012 41   909  915  925  942  933  908  916  921  904  886  883
001POHNPEI 2012 42   889  884  894  906  920  913  921  920  905  890  889
001POHNPEI 2012 43   886  877  865  859  857  864  869  878
001POHNPEI 2012 51   897  888  872  867  880  863  850  861  869  860  860
001POHNPEI 2012 52   873  881  870  860  859  862  864  871  874  849  852
001POHNPEI 2012 53   867  864  875  872  878  887  889  905  899
001POHNPEI 2012 61   890  906  903  900  910  909  901  907  901  888  894
001POHNPEI 2012 62   914  908  887  880  872  858  869  870  861  865  868
001POHNPEI 2012 63   879  877  878  872  865  881  889  883
001POHNPEI 2012 71   861  875  893  894  900  898  900  908  906  887  885
001POHNPEI 2012 72   888  878  867  857  851  849  864  888  872  882  883
001POHNPEI 2012 73   884  871  872  885  879  878  868  854  849
001POHNPEI 2012 81   844  857  863  870  869  869  846  822  823  812  797
001POHNPEI 2012 82   782  782  801  803  806  819  813  801  808  821  813
001POHNPEI 2012 83   799  806  795  793  814  816  819  826  842
001POHNPEI 2012 91   839  812  803  818  819  812 9999 9999 9999 9999 9999
001POHNPEI 2012 92  9999 9999 9999 9999 9999 9999 9999 9999 9999 9999 9999
001POHNPEI 2012 93  9999 9999 9999 9999 9999 9999 9999 9999
001POHNPEI 2012101  9999 9999 9999 9999 9999 9999 9999 9999 9999 9999 9999
001POHNPEI 2012102  9999 9999 9999 9999 9999 9999 9999 9999 9999 9999 9999
001POHNPEI 2012103  9999 9999 9999 9999 9999 9999 9999 9999 9999
001POHNPEI 2012111  9999 9999 9999 9999 9999 9999 9999 9999 9999 9999 9999
001POHNPEI 2012112  9999 9999 9999 9999 9999 9999 9999 9999 9999 9999 9999
001POHNPEI 2012113  9999 9999 9999 9999 9999 9999 9999 9999
001POHNPEI 2012121  9999 9999 9999 9999  775  772  747  755  794  782  763
001POHNPEI 2012122   754  768  770  759  772  790  796  794  783  777  768
001POHNPEI 2012123   737  742  747  734  743  754  753  744  768
001POHNPEI 2013 11   798  785  786  805  824  812  792  792  787  791  786
001POHNPEI 2013 12   770  781  805  813  813  803  815  799  798  780  780
001POHNPEI 2013 13   798  806  798  795  794  775  768  792  787
001POHNPEI 2013 21   773  774  781  788  796  798  809  814  804  827  853
001POHNPEI 2013 22   858  869  881  892  903  893  869  859  872  882  879
001POHNPEI 2013 23   879  898  905  901  924  930
001POHNPEI 2013 31   913  897  878  875  864  854  866  863  873  893  885
001POHNPEI 2013 32   869  885  893  885  858  844  830  830  836  836  825
001POHNPEI 2013 33   822  830  823  811  818  808  795  785  794
001POHNPEI 2013 41   789  783  786  809  817  823  830  817  817  836  831
001POHNPEI 2013 42   813  815  815  821  823  840  846  855  864  866 9999
001POHNPEI 2013 43  9999 9999 9999 9999 9999  908  890  869
001POHNPEI 2013 51   868  878  873  861  868  875  884  867  848  857  848
001POHNPEI 2013 52   832  824  830  853  855  842  831  830  835  844  841
001POHNPEI 2013 53   830  835  841  831  842  843  855  865  853
001POHNPEI 2013 61   858  861  855  843  830  817  818  829  826  831  806
001POHNPEI 2013 62   800  820  833  832  833  839  834  805  802  819  820
001POHNPEI 2013 63   801  794  815  817  805  812  820  807
001POHNPEI 2013 71   810  814  800  779  786  795  782  770  794  793  780
001POHNPEI 2013 72   787  786  797  803  788  792  796  798  804  810  811
001POHNPEI 2013 73   807  807  787  800  815  795  795  806  803
001POHNPEI 2013 81   785  758  774  776  754  756  769  769  766  766  766
001POHNPEI 2013 82   763  772  763  769  770  759  766  775  783  780  784
001POHNPEI 2013 83   785  773  768  771  776  766  753  772  794
001POHNPEI 2013 91   799  789  790  798  798  806  812  792  799  818  827
001POHNPEI 2013 92   823  813  822  840  852  873  879  868  876  886  879
001POHNPEI 2013 93   854  818  816  806  805  835  843  855
001POHNPEI 2013101   855  854  861  867  872  857  837  853  840  823  827
001POHNPEI 2013102   837  856  869  862  861  871  888  897  899  877  839
001POHNPEI 2013103   832  830  811  817  824  826  844  854  865
001POHNPEI 2013111   880  882  879  873  884  884  895  878  906  911  881
001POHNPEI 2013112   893  886  880  882  862  874  876  853  863  869  872
001POHNPEI 2013113   862  833  833  873  862  847  842  826
001POHNPEI 2013121   819  825  804  806  810  801  793  800  813  796  786
001POHNPEI 2013122   801  800  803  811  805  789  788  807  810  793  775
001POHNPEI 2013123   771  781  808  811  806  833  840  821  821
001POHNPEI 2014 11   844  849  833  834  846  850  838  833  841  825  812
001POHNPEI 2014 12   808  804  787  791  799  808  834  836  845  830  830
001POHNPEI 2014 13   847  869  874  859  864  871  863  852  876
001POHNPEI 2014 21   888  895  901  890  901  912  895  882  872  867  871
001POHNPEI 2014 22   863  861  868  889  900  898  895  901  901  872  855
001POHNPEI 2014 23   869  855  837  825  838  856
001POHNPEI 2014 31   868  892  897  856  836  848  826  811  811  803  801
001POHNPEI 2014 32   803  817  837  827  825  826  825  819  819  816  800
001POHNPEI 2014 33   788  786  786  791  811  830  848  837  812
001POHNPEI 2014 41   801  819  817  791  776  774  775  798  795  786  809
001POHNPEI 2014 42   804  806  799  770  761  740  736  739  723  735  740
001POHNPEI 2014 43   728  730  731  739  739  731  716  725
001POHNPEI 2014 51   719  686  676  684  684  668  669  690  707  708  714
001POHNPEI 2014 52   719  711  709  724  735  726  711  716  718  722  736
001POHNPEI 2014 53   738  735  735  725  731  734  725  717  725
001POHNPEI 2014 61   738  726  735  730  745  742  743  745  718  713  716
001POHNPEI 2014 62   732  726  713  727  719  703  702  705  711  698  677
001POHNPEI 2014 63   684  712  709  689  700  710  718  718
001POHNPEI 2014 71   692  687  706  710  711  718  734  722  715  725  719
001POHNPEI 2014 72   719  726  717  740  749  746  732  711  701  695  713
001POHNPEI 2014 73   718  702 9999 9999 9999 9999 9999  684  655
001POHNPEI 2014 81   653  682  661  660  673  680  688  675  671  662  668
001POHNPEI 2014 82   671  671  647  649  681  686  668  664  661  661  672
001POHNPEI 2014 83   676  671  674  680  689  688  671  681  689
001POHNPEI 2014 91   677  693  683  690  703  697  687  696  699  708  710
001POHNPEI 2014 92   698  673  659  671  670  655  662  681 9999 9999 9999
001POHNPEI 2014 93  9999  687  700  715  690  679 9999 9999
001POHNPEI 2014101  9999  703 9999 9999 9999  677  656  670  657  664 9999
001POHNPEI 2014102  9999 9999 9999  660  659  650  667  680  686  684 9999
001POHNPEI 2014103  9999 9999  679  679  668  679 9999 9999 9999
001POHNPEI 2014111   698  713  728  719  701 9999 9999  686  668  658  661
001POHNPEI 2014112   645  648  661  647  651  667  657  655  651  638 9999
001POHNPEI 2014113  9999 9999 9999  639 9999 9999 9999 9999
001POHNPEI 2014121  9999 9999 9999 9999 9999 9999 9999 9999 9999 9999 9999
001POHNPEI 2014122  9999 9999 9999 9999 9999 9999 9999 9999 9999 9999 9999
001POHNPEI 2014123  9999 9999 9999 9999 9999 9999 9999 9999 9999
001POHNPEI 2015 11  9999 9999 9999 9999 9999 9999 9999 9999 9999 9999 9999
001POHNPEI 2015 12  9999 9999 9999 9999 9999 9999 9999 9999 9999 9999 9999
001POHNPEI 2015 13  9999 9999 9999 9999 9999 9999 9999 9999 9999
001POHNPEI 2015 21  9999 9999 9999 9999 9999 9999 9999 9999 9999 9999 9999
001POHNPEI 2015 22  9999 9999 9999 9999 9999 9999 9999 9999 9999 9999 9999
001POHNPEI 2015 23  9999 9999 9999 9999 9999 9999
001POHNPEI 2015 31  9999 9999 9999 9999 9999 9999 9999 9999 9999 9999 9999
001POHNPEI 2015 32  9999 9999 9999 9999 9999 9999 9999 9999 9999 9999 9999
001POHNPEI 2015 33  9999 9999 9999 9999 9999 9999 9999 9999 9999
001POHNPEI 2015 41  9999 9999 9999 9999 9999 9999 9999 9999 9999 9999 9999
001POHNPEI 2015 42  9999 9999 9999 9999 9999 9999 9999 9999 9999 9999 9999
001POHNPEI 2015 43  9999 9999 9999 9999 9999 9999 9999 9999
001POHNPEI 2015 51  9999 9999 9999 9999 9999 9999 9999 9999 9999 9999 9999
001POHNPEI 2015 52  9999 9999 9999 9999 9999 9999 9999 9999 9999 9999 9999
001POHNPEI 2015 53  9999 9999 9999  578  595  604  608  617  614
001POHNPEI 2015 61   616  619  586  573  602  605  614  641  659  670  649
001POHNPEI 2015 62   657  659  633  636  641  651  646  635  635  638  645
001POHNPEI 2015 63   652  650  643  625  617  633  608  598
001POHNPEI 2015 71   602  598  608  597  607  635  634  599  607  626  618
001POHNPEI 2015 72   590  587  602  593  570  548  547  548  535  532  551
001POHNPEI 2015 73   541  549  580  585  590  573  558  563  563
001POHNPEI 2015 81   558  546  562  584  588  560  548  558  574  563  572
001POHNPEI 2015 82   596  574  564  582  588  593  596  575  553  571  602
001POHNPEI 2015 83   604  593  616  627  633  620  616  616  605
001POHNPEI 2015 91   591  586  574  545  550  589  605  572  585  622  640
001POHNPEI 2015 92   630  618  626  619  637  658  642  623  616  604  611
001POHNPEI 2015 93   643  610  605  638  635  622  618  629
001POHNPEI 2015101   612  624  621  610  621  641  632  613  641  652  627
001POHNPEI 2015102   595  591  578  574  591  593  577  560  558  573  578
001POHNPEI 2015103   579  572  591  615  614  600  609  620  600
001POHNPEI 2015111   592  601  591  589  613  632  615  604  604  616  625
001POHNPEI 2015112   615  600  604  585  594  609  602  610  614  604  599
001POHNPEI 2015113   612  593  571  566  578  587  568  567
001POHNPEI 2015121   547  550  550  523  530  519  509  511  518  525  512
001POHNPEI 2015122   523  543  558  543  554  563  569  584  579  561  575
001POHNPEI 2015123   577  570  565  565  562  534  521  528  526
001POHNPEI 2016 11   529  525  525  522  513  531  519  482  479  494  514
001POHNPEI 2016 12   529  512  546  555  549  562  556  537  544  546  541
001POHNPEI 2016 13   559  554  551  581  589  588  570  580  594
001POHNPEI 2016 21   593  620  621  614  633  621  619  640  646  652  680
001POHNPEI 2016 22   681  676  690  684  694  662  648  654  668  664  666
001POHNPEI 2016 23   653  673  684  685  695  677  657
001POHNPEI 2016 31   673  694  694  713  723  729  764  770  773  790  799
001POHNPEI 2016 32   815  807  814  828  827  823  842  870  871  879  877
001POHNPEI 2016 33   862  860  849  804  798  796  789  796  801
001POHNPEI 2016 41   822  836  826  814  829  850  861  864  858  860  883
001POHNPEI 2016 42   884  875  869  860  871  855  850  856  854  855  849
001POHNPEI 2016 43   844  850  835  839  851  849  863  870
001POHNPEI 2016 51   877  893  896  914  913  908  911  903  896  888  890
001POHNPEI 2016 52   890  882  885  901  901  875  874  880  855  837  822
001POHNPEI 2016 53   823  803  783  802  818  821  824  846  853
001POHNPEI 2016 61   858  865  857  839  833  827  827  814  808  821  821
001POHNPEI 2016 62   812  811  791  792  805  801  796  808  815  804  812
001POHNPEI 2016 63   820  826  826  812  831  845  835  840
001POHNPEI 2016 71   840  840  825  806  813  813  802  806  825  825  810
001POHNPEI 2016 72   830  833  806  801  794  779  778  799  814  817  829
001POHNPEI 2016 73   823  818  844  851  838  833  836  856  850
001POHNPEI 2016 81   831  850  849  838  822  833  843  831  829  839  829
001POHNPEI 2016 82   812  820  846  848  841  826  835  866  858  829  829
001POHNPEI 2016 83   818  807  804  799  796  782  808  810  805
001POHNPEI 2016 91   827  833  816  801  807  817  810  808  800  803  812
001POHNPEI 2016 92   820  819  823  844  844  843  851  859  847  829  851
001POHNPEI 2016 93   852  843  866  879  880  872  891  901
001POHNPEI 2016101   891  893  889  891  894  899  879  879  896  917  926
001POHNPEI 2016102   918  931  948  948  949  965  965  963  963  954  961
001POHNPEI 2016103   951  966  987  968  953  952  949  941  950
001POHNPEI 2016111   939  928  923  928  929  932  926  922  933  929  962
001POHNPEI 2016112   970  953  976  954  951  981  972  955  952  962  956
001POHNPEI 2016113   949  938  940  915  893  904  897  869
001POHNPEI 2016121   844  866  875  868  859  858  862  860  863  855  849
001POHNPEI 2016122   837  825  807  791  809  791  782  809  818  805  783
001POHNPEI 2016123   788  766  778  790  772  760  759  745  734
001POHNPEI 2017 11   767  766  776  794  790  770  766  773  751  745  724
001POHNPEI 2017 12   737  768  765  761  742  755  747  728  744  754  739
001POHNPEI 2017 13   731  750  776  758  749  766  755  780  792
001POHNPEI 2017 21   803  818  820  817  821  822  817  815  804  817  808
001POHNPEI 2017 22   792  778  779  784  796  807  803  794  788  761  774
001POHNPEI 2017 23   790  805  829  841  861  881
001POHNPEI 2017 31   868  859  856  868  880  868  849  862  884  879  882
001POHNPEI 2017 32   904  903  896  896  896  887  872  860  841  843  846
001POHNPEI 2017 33   841  857  878  878  888  909  905  881  875
001POHNPEI 2017 41   880  887  870  855  864  881  883  892  903  901  889
001POHNPEI 2017 42   877  849  836  829  838  850  848  839  851  873  859
001POHNPEI 2017 43   863  869  886  899  878  862  844  837
001POHNPEI 2017 51   850  847  830  839  847  841  837  838  830  815  813
001POHNPEI 2017 52   818  828  818  812  824  824  825  831  849  859  881
001POHNPEI 2017 53   855  849  851  841  839  842  853  863  871
001POHNPEI 2017 61   872  862  836  840  842  842  828  814  806  798  791
001POHNPEI 2017 62   793  785  777  798  820  819  823  829  824  815  811
001POHNPEI 2017 63   810  807  806  802  804  805  804  809
001POHNPEI 2017 71   787  793  780  760  762  748  752  749  754  769  756
001POHNPEI 2017 72   755  754  765  749  755  773  756  762  784  768  764
001POHNPEI 2017 73   762  773  780  775  778  780  769  792  789
001POHNPEI 2017 81   770  763  759  765  755  753  761  782  790  804  824
001POHNPEI 2017 82   827  824  824  808  810  812  810  804  799  809  821
001POHNPEI 2017 83   822  818  812  807  798  812  813  799  794
001POHNPEI 2017 91   783  778  783  785  785  798  795  796  811  819  822
001POHNPEI 2017 92  9999 9999 9999  823  824  815  816  831  840  843  826
001POHNPEI 2017 93   826  830  822  828  853  848  847  847
001POHNPEI 2017101   868  864  854  902  931  909  884  902  916  906  885
001POHNPEI 2017102   910  910  912  937  933  916  924  949  945  925  933
001POHNPEI 2017103   924  918  937  962  995  986 1017 1065 1093
001POHNPEI 2017111  1105 1108 1098 1106 1101 1096 1091 1084 1092 1083 1064
001POHNPEI 2017112  1038 1041 1039 1008  975  956  944  929  908  862  846
001POHNPEI 2017113   875  844  837  846  851  845  844  857
001POHNPEI 2017121   852  824  834  828  832  841  827  835  860  867  836
001POHNPEI 2017122   856  850  845  864  856  856  829  809  800  794  783
001POHNPEI 2017123   799  814  811  812  809  806  810  816  817
001POHNPEI 2018 11   829  838  836  843  858  878  877  857  839  856  857
001POHNPEI 2018 12   836  852  864  869  889  892  895  907  904  897  901
001POHNPEI 2018 13   903  917  933  930  942  949  938  933  923
001POHNPEI 2018 21   921  924  930  909  897  904  902  881  855  847  859
001POHNPEI 2018 22   872  861  833  814  842  867  876  893  899  886  896
001POHNPEI 2018 23   878  875  876  890  923  923
001POHNPEI 2018 31   911  915  930  920  924  937  941  937  920  921  892
001POHNPEI 2018 32   886  888  884  894  913  912  901  888  880  880  884
001POHNPEI 2018 33   887  875  863  867  884  891  887  884  882
001POHNPEI 2018 41   886  898  903  907  896  889  895  895  888  892  906
001POHNPEI 2018 42   901  913  917  902  905  912  889  861  856  848  858
001POHNPEI 2018 43   854  843  837  827  825  820  813  793
001POHNPEI 2018 51   765  751  748  739  704  699  715  740  738  724  735
001POHNPEI 2018 52   742  737  730  723  720  714  707  708  695  688  693
001POHNPEI 2018 53   697  701  709  711  705  713  714  707  702
001POHNPEI 2018 61   701  697  706  696  705  712  697  709  746  744  717
001POHNPEI 2018 62   731  744  714  692  695  688  686  683  680  675  671
001POHNPEI 2018 63   674  670  669  665  654  652  663  664
001POHNPEI 2018 71   676  690  712  717  713  731  738  749  745  748  756
001POHNPEI 2018 72   757  777  791  788  768  772  787  783  772  754  728
001POHNPEI 2018 73   730  734  709  681  658  658  667  678  691
001POHNPEI 2018 81   688  691  689  693  694  688  693  698  684  678  693
001POHNPEI 2018 82   698  698  682  664  676  669  657  654  633  651  664
001POHNPEI 2018 83   658  670  665  670  698  683  682  684  693
001POHNPEI 2018 91   683  685  702  678  683  699  694  688  685  694  691
001POHNPEI 2018 92   696  698  701  703  702  683  691  696  686  696  736
001POHNPEI 2018 93   735  693  698  718  710  693  718  720
001POHNPEI 2018101   707  723  737  729  733  731  747  764  774  771  773
001POHNPEI 2018102   775  774  771  769  791  794  803  807  824  836  832
001POHNPEI 2018103   829  843  821  829  825  778  766  754  765
001POHNPEI 2018111   749  766  779  768  782  770  752  759  748  737  740
001POHNPEI 2018112   742  741  752  741  733  738  741  736  719  721  738
001POHNPEI 2018113   717  682  711  722  713  718  718  732
001POHNPEI 2018121   731  730  717  721  738  715  708  723  704  688  685
001POHNPEI 2018122   702  721  725  718  696  711  713  683  676  678  666
001POHNPEI 2018123   695  694  673  684  687  692  684  665  641
001POHNPEI 2019 11  9999 9999 9999  648  633  621  621  618  622  618  630
001POHNPEI 2019 12   645  650  654  657 9999 9999  655  674  682  685  722
001POHNPEI 2019 13   746  728  737  756  771  777  778  781  775
001POHNPEI 2019 21   781  788  798  772  785  817  818  823  836  844  834
001POHNPEI 2019 22   818  801  812  804  799  800  819  797  762  785  785
001POHNPEI 2019 23   764  729  720  739  736  707
001POHNPEI 2019 31   695  717  738  740  711  708  734  742  732  725  716
001POHNPEI 2019 32   739  710  700  730  722  734  747  762  756  754  757
001POHNPEI 2019 33   735  729  724  707  721  723  749  749  742
001POHNPEI 2019 41   754  775  792  795  790  784  799  807  807  799  805
001POHNPEI 2019 42   813  833  841  838  833  860  864  865  877  872  869
001POHNPEI 2019 43   866  865  866  862  877  883  884  903
001POHNPEI 2019 51   898  879  887  908  897  872  864  883  896  884  878
001POHNPEI 2019 52   868  851  855  851  834  842  841  825  821  826  816
001POHNPEI 2019 53   808  806  797  794  807  818  812  819  829
001POHNPEI 2019 61   830  835  829  831  834  826  826  821  825  833  847
001POHNPEI 2019 62   851  859  857  839  838  851  856  848  829  835  847
001POHNPEI 2019 63   845  848  850  868  883  884  867  866
001POHNPEI 2019 71   860  855  852  836  837  843  831  825  843  849  838
001POHNPEI 2019 72   828  828  803  800  812  812  823  828  833  840  858
001POHNPEI 2019 73   849  847  851  839  827  835  828  828  834
001POHNPEI 2019 81   835  825  818  830  824  817  838  826  801  809  812
001POHNPEI 2019 82   792  775  779  783  789  804  808  803  792  796  807
001POHNPEI 2019 83   786  777  782  785  789  792  810  819  817
001POHNPEI 2019 91   819  827  827  829  827  820  810  790  816  820  794
001POHNPEI 2019 92   816  815  802  797  789  807  820  808  809  785  793
001POHNPEI 2019 93   788  788  782  793  811  838  869  881
001POHNPEI 2019101   890  874  872  896  884  870  874  876  885  886  878
001POHNPEI 2019102   865  860  856  859  843  831  828  804  796  812  816
001POHNPEI 2019103   811  824  825  846  853  844  850  841  844
001POHNPEI 2019111   856  851  836  849  851  850  860  840  832  839  832
001POHNPEI 2019112   825  825  808  819  806  798  798  804  813  827  833
001POHNPEI 2019113   824  838  817  777  778  776  773  737
001POHNPEI 2019121   707  708  699  696  711  722  733  731  700  708  715
001POHNPEI 2019122   709  695  692  704  732  741  721  729  749  731  701
001POHNPEI 2019123   697  698  683  660  666  691  682  685  706
001POHNPEI 2020 11   698  725  725  729  742  749  740  738  767  772  773
001POHNPEI 2020 12   775  772  746  738  745  768  763  749  731  728  734
001POHNPEI 2020 13   720  712  738  786  781  752  772  789  789
001POHNPEI 2020 21   794  775  762  766  780  800  803  811  816  822  833
001POHNPEI 2020 22   834  833  859  874  850  809  804  821  820  789  778
001POHNPEI 2020 23   789  783  795  824  846  836  811
001POHNPEI 2020 31   808  792  779  772  763  772  796  810  798  802  795
001POHNPEI 2020 32   781  774  788  779  752  754  758  753  772  787  792
001POHNPEI 2020 33   798  814  824  818  811  814  807  801  812
001POHNPEI 2020 41   807  806  823  827  833  845  853  838  833  835  805
001POHNPEI 2020 42   800  795  793  793  773  782  803  797  801  814  831
001POHNPEI 2020 43   830  825  816  814  815  825  822  816
001POHNPEI 2020 51   808  819  842  846  850  845  837  824  815  826  826
001POHNPEI 2020 52   823  823  840  848  858  856  863  871  879  878  864
001POHNPEI 2020 53   856  838  826  806  801  815  819  839  846
001POHNPEI 2020 61   852  853  848  848  822  834  836  822  833  832  838
001POHNPEI 2020 62   851  831  839  853  855  846  844  836  813  815  806
001POHNPEI 2020 63   804  802  812  833  850  839  821  814
001POHNPEI 2020 71   816  813  794  786  789  780  796  807  814  826  831
001POHNPEI 2020 72   837  827  801  793  800  792  783  787  804  798  798
001POHNPEI 2020 73   811  822  844  842  837  842  829  801  806
001POHNPEI 2020 81   820  801  810  823  826  835  826  827  823  812  817
001POHNPEI 2020 82   828  836  833  824  841  854  864  861  869  873  888
001POHNPEI 2020 83   914  893  862  864  884  879  867  877  885
001POHNPEI 2020 91   900  875  853  866  866  877  879  856  859  878  876
001POHNPEI 2020 92   848  856  872  895  901  890  887  886  890  886  876
001POHNPEI 2020 93   868  855  863  856  845  866  873  883
001POHNPEI 2020101   911  901  905  937  947  921  911  923  919  926  921
001POHNPEI 2020102   926  954  961  942  939  935  938  941  923  933  927
001POHNPEI 2020103   934  974  979  970  959  956  964  979  987
001POHNPEI 2020111   975  972  967  964  969  971  952  942  992 1025 1005
001POHNPEI 2020112   989  993  980  980  977  956  946  932  912  903  889
001POHNPEI 2020113   879  902  917  890  900  887  872  872
001POHNPEI 2020121   860  857  850  837  835  857  860  869  874  862  861
001POHNPEI 2020122   845  856  869  868  869  867  871  880  899  895  907
001POHNPEI 2020123   922  923  925  932  932  929  948  968  958
001POHNPEI 2021 11   955  967  971  996  993 1000 1020 1016 1004  987  991
001POHNPEI 2021 12   989  986  977  983 9999 9999 9999 9999 9999 9999 9999
001POHNPEI 2021 13  9999 9999 9999 9999 9999 9999 9999 9999 9999
001POHNPEI 2021 21  9999 9999 9999 9999 9999 9999 9999 9999 9999 9999 9999
001POHNPEI 2021 22  9999 9999 9999 9999  871  870  835  828  839  859  872
001POHNPEI 2021 23   853  863  871  866  864  883
001POHNPEI 2021 31   901  888  886  869  858  837  826  840  832  830  820
001POHNPEI 2021 32   808  812  823  807  797  802  810 9999 9999 9999 9999
001POHNPEI 2021 33  9999 9999 9999 9999 9999 9999 9999 9999 9999
001POHNPEI 2021 41  9999  856  844  854  852  843  848  855  846  856  850
001POHNPEI 2021 42   840  835  851  853  837  818  816  840  858  862  865
001POHNPEI 2021 43   878  892 9999 9999 9999 9999 9999 9999
001POHNPEI 2021 51   836  826  823  849  857  847  850  894  896  874  864
001POHNPEI 2021 52   845  833  830  821  820 9999 9999 9999 9999 9999 9999
001POHNPEI 2021 53  9999 9999 9999 9999 9999 9999 9999 9999 9999
001POHNPEI 2021 61  9999 9999 9999 9999 9999 9999 9999 9999 9999 9999 9999
001POHNPEI 2021 62  9999 9999 9999 9999 9999 9999 9999 9999 9999 9999 9999
001POHNPEI 2021 63  9999 9999 9999 9999 9999 9999 9999 9999
