009HONIARA       LAT=09 25.5S  LONG=159 57.4E
009HONIARA 1994 71  9999 9999 9999 9999 9999 9999 9999 9999 9999 9999 9999
009HONIARA 1994 72  9999 9999 9999 9999 9999 9999 9999 9999 9999 9999 9999
009HONIARA 1994 73  9999 9999 9999 9999 9999  576  595  597  598
009HONIARA 1994 81   594  574  554  539  533  548  564  573  580  604  594
009HONIARA 1994 82   568  565  590  586  578  591  594  590  572  557  568
009HONIARA 1994 83   559  568  561  549  559  566  568  550  525
009HONIARA 1994 91   530  521  510  500  502  505  521  518  511  510  503
009HONIARA 1994 92   518  515  511  517  507  491  486  471  470  475  453
009HONIARA 1994 93   441  445  439  433  447  466  468  479
009HONIARA 1994101  9999 9999  497  536  547  545  539  537  528  508  520
009HONIARA 1994102   537  543  543  531  527  547  543  533  529  534  535
009HONIARA 1994103   534  558  563  554  535  547  562  568  567
009HONIARA 1994111   573  570  555  545  550  555  570  567  579  593  591
009HONIARA 1994112   596  591  587  575  551  542  526  519  524  519  513
009HONIARA 1994113   531  533  547  565  568  577  591  600
009HONIARA 1994121   592  582  577  565  575  587  584  583  597  596  602
009HONIARA 1994122   617  616  594  565  551  545  535  517  522  518  519
009HONIARA 1994123   507  507  524  528  531  542  535  523  528
009HONIARA 1995 11   534  521  509  523  520  522  536  531  533  530  537
009HONIARA 1995 12   513  501  523  522  518  522  509  525  537  533  547
009HONIARA 1995 13   554  539  525  521  523  519  504  503  499
009HONIARA 1995 21   500  498  489  475  471  473  474  479  497  523  510
009HONIARA 1995 22   494  509  514  510  506  517  517  513  512  495  494
009HONIARA 1995 23   502  511  525  532  550  594
009HONIARA 1995 31   628  638  647  648  640  643  638  644  666  664  642
009HONIARA 1995 32   671  684  677  695  690  679  694  700  682  671  680
009HONIARA 1995 33   689  690  688  684  699  721  724  705  689
009HONIARA 1995 41   699  701  693  684  684  681  687  700  705  724  721
009HONIARA 1995 42   705  709  715  720  726  743  761  761  765  759  749
009HONIARA 1995 43   734  747  752  744  730  719  702  690
009HONIARA 1995 51   674  652  640  651  668  667  655  671  692  698  706
009HONIARA 1995 52   705  704  698  683  660  647  658  676  669  645  636
009HONIARA 1995 53   647  670  672  661  654  645  642  626  616
009HONIARA 1995 61   604  610  617  608  607  610  617  614  613  611  619
009HONIARA 1995 62   611  603  626  648  652  646  636  640  645  657  652
009HONIARA 1995 63   644  639  634  646  631  628  642  640
009HONIARA 1995 71   659  690  706  697  689  709  679  668  680  682  698
009HONIARA 1995 72   703  686  688  700  692  680  669  666  643  653  676
009HONIARA 1995 73   647  649  666  649  637  644  661  677  672
009HONIARA 1995 81   686  698  688  683  668  671  681  662  660  683  685
009HONIARA 1995 82   650  638  632  627  624  634  624  622  640  644  627
009HONIARA 1995 83   617  630  645  649  645  639  616  624  635
009HONIARA 1995 91   625  619  644  643  648  644  630  642  653  647  623
009HONIARA 1995 92   604  617  648  633  607  612  650  661  646  673  675
009HONIARA 1995 93   663  658  677  679  651  643  652  645
009HONIARA 1995101   647  649  656  668  677  686  674  677  687  670  655
009HONIARA 1995102   650  672  698  698  680  666  666  681  697  694  694
009HONIARA 1995103   704  716  700  685  693  705  693  688  699
009HONIARA 1995111   698  692  696  673  673  677  661  665  689  692  689
009HONIARA 1995112   689  689  688  687  682  686  702  720  730  723  731
009HONIARA 1995113   728  713  723  728  725  747  750  741
009HONIARA 1995121   728  725  737  745  737  714  712  706  702  708  713
009HONIARA 1995122   696  695  702  701  707  695  691  698  696  691  684
009HONIARA 1995123   694  688  678  687  697  684  689  686  657
009HONIARA 1996 11   654  663  675  673  676  681  666  666  693  699  686
009HONIARA 1996 12   685  709  705  688  701  701  702  709  730  747  741
009HONIARA 1996 13   739  724  715  716  709  710  712  705  713
009HONIARA 1996 21   699  697  726  734  738  745  748  745  762  763  759
009HONIARA 1996 22   773  787  783  797  800  802  797  810  839  844  818
009HONIARA 1996 23   793  797  783  773  764  769  786
009HONIARA 1996 31   790  806  813  808  816  822  821  821  807  795  792
009HONIARA 1996 32   762  735  758  785  792  794  794  815  827  828  819
009HONIARA 1996 33   802  802  809  803  786  780  778  792  790
009HONIARA 1996 41   797  797  795  804  811  809  793  788  800  824  832
009HONIARA 1996 42   842  846  841  854  861  852  837  831  831  852  855
009HONIARA 1996 43   827  833  847  829  833  833  829  829
009HONIARA 1996 51   830  827  827  828  825  807  815  809  806  799  791
009HONIARA 1996 52   768  756  777  765  720  707  701  691  680  674  687
009HONIARA 1996 53   688  678  671  664  678  702  699  698  682
009HONIARA 1996 61   688  701  686  683  682  688  682  668  668  678  676
009HONIARA 1996 62   666  669  652  633  639  657  658  655  661  662  638
009HONIARA 1996 63   613  617  612  622  628  619  626  626
009HONIARA 1996 71   635  652  645  631  631  659  682  672  648  660  676
009HONIARA 1996 72   666  650  645  653  665  678  669  658  653  642  641
009HONIARA 1996 73   668  675  665  661  674  681  701  700  671
009HONIARA 1996 81   672  680  659  659  673  672  657  647  662  678  672
009HONIARA 1996 82   658  644  656  662  663  659  659  679  668  650  664
009HONIARA 1996 83   663  664  676  667  658  667  662  659  674
009HONIARA 1996 91   685  689  705  697  677  682  695  707  707  717  728
009HONIARA 1996 92   720  693  696  709  702  682  681  691  694  685  687
009HONIARA 1996 93   681  668  667  663  671  653  638  646
009HONIARA 1996101   640  638  646  644  650  653  660  644  654  664  663
009HONIARA 1996102   644  634  646  652  645  647  686  708  686  676  690
009HONIARA 1996103   723  734  703  695  712  720  703  695  708
009HONIARA 1996111   726  736  741  736  744  730  724  727  718  700  682
009HONIARA 1996112   688  701  684  669  698  715  701  691  714  740  723
009HONIARA 1996113   673  665  665  670  663  653  656  652
009HONIARA 1996121   656  677  693  698  703  720  702  680  705  725  713
009HONIARA 1996122   721  719  734  750  726  711  725  745  748  737  747
009HONIARA 1996123   737  759  825  786  715  700  725  699  672
009HONIARA 1997 11   673  674  666  692  693  658  677  679  661  666  670
009HONIARA 1997 12   653  660  672  679  662  667  676  657  664  659  650
009HONIARA 1997 13   665  678  682  691  711  720  699  704  697
009HONIARA 1997 21   701  724  721  715  715  714  728  714  714  728  729
009HONIARA 1997 22   723  725  732  731  721  725  749  755  750  744  728
009HONIARA 1997 23   755  752  734  729  737  761
009HONIARA 1997 31   755  732  738  747  779  807  834  836  845  860  824
009HONIARA 1997 32   811  793  759  753  774  781  763  759  748  701  687
009HONIARA 1997 33   708  694  683  687  683  685  696  690  697
009HONIARA 1997 41   699  702  703  699  676  677  667  646  627  625  628
009HONIARA 1997 42   633  630  596  608  591  559  553  544  564  565  553
009HONIARA 1997 43   544  515  517  522  537  561  575  589
009HONIARA 1997 51   580  576  565  557  570  548  529  525  513  498  504
009HONIARA 1997 52   510  531  556  559  564  595  600  604  617  611  599
009HONIARA 1997 53   589  595  602  604  612  625  617  596  603
009HONIARA 1997 61   611  586  559  548  557  574  560  543  551  557  556
009HONIARA 1997 62   564  570  577  575  574  566  554  550  541  535  537
009HONIARA 1997 63   560  577  571  577  575  574  575  569
009HONIARA 1997 71  9999 9999 9999 9999 9999 9999 9999 9999 9999 9999 9999
009HONIARA 1997 72  9999 9999 9999 9999 9999 9999 9999 9999 9999 9999 9999
009HONIARA 1997 73  9999 9999 9999 9999 9999 9999 9999 9999 9999
009HONIARA 1997 81  9999 9999 9999 9999 9999 9999 9999 9999 9999 9999 9999
009HONIARA 1997 82  9999 9999 9999 9999 9999 9999 9999 9999 9999 9999 9999
009HONIARA 1997 83  9999 9999 9999 9999 9999 9999 9999 9999 9999
009HONIARA 1997 91  9999 9999 9999 9999 9999 9999 9999  423  430  430  430
009HONIARA 1997 92   420  387  369  370  354  343  355  362  369  361  368
009HONIARA 1997 93   386  391  381  381  382  398  406  400
009HONIARA 1997101   401  413  411  402  402  411  417  419  417  428  436
009HONIARA 1997102   451  451  447  451  451  436  415  416  422  419  421
009HONIARA 1997103   439  448  438  433  438  438  432  432  420
009HONIARA 1997111   388  374  382  388  386  388  386  391  404  409  420
009HONIARA 1997112   429  433  422  428  438  435  430  424  423  446  456
009HONIARA 1997113   462  479  461  447  458  453  448  444
009HONIARA 1997121   441  450  460  475  481  481  488  498  495  486  477
009HONIARA 1997122   466  460  455  455  456  465  461  468  484  493  479
009HONIARA 1997123   484  502  486  484  506  508  494  476  486
009HONIARA 1998 11   488  486  494  511  525  537  552  545  492  469  473
009HONIARA 1998 12   468  458  463  466  469  500  507  499  490  484  499
009HONIARA 1998 13   488  477  465  468  482  482  478  475  472
009HONIARA 1998 21   463  474  469  453  452  443  442  452  461  451  438
009HONIARA 1998 22   422  417  425  431  430  423  428  452  446  436  444
009HONIARA 1998 23   442  437  439  460  479  484
009HONIARA 1998 31   493  488  464  448  437  452  434  403  404  412  407
009HONIARA 1998 32   408  419  428  443  457  452  457  467  443  423  428
009HONIARA 1998 33   438  451  464  464  453  441  437  444  452
009HONIARA 1998 41   447  439  446  454  454  454  463  475  485  495  507
009HONIARA 1998 42   498  501  510  512  497  508  515  504  504  508  520
009HONIARA 1998 43   530  529  523  509  509  504  510  515
009HONIARA 1998 51   506  485  473  481  497  498  492  484  481  488  487
009HONIARA 1998 52   486  479  483  505  521  513  517  521  506  505  506
009HONIARA 1998 53   512  513  522  512  498  506  513  502  497
009HONIARA 1998 61   498  516  513  514  542  545  520  513  527  538  534
009HONIARA 1998 62   514  509  516  504  504  495  488  487  483  475  466
009HONIARA 1998 63   472  461  457  463  452  449  447  440
009HONIARA 1998 71   435  428  425  421  406  401  414  424  415  404  396
009HONIARA 1998 72   384  394  402  414  419  416  415  420  412  410  390
009HONIARA 1998 73   391  399  363  385 9999 9999 9999 9999 9999
009HONIARA 1998 81  9999 9999 9999  394  439  450  431  473  477  491  491
009HONIARA 1998 82   491  491  500  486  477  495  502  497  484  467  488
009HONIARA 1998 83   507  495  496  516  508  486  481  497  487
009HONIARA 1998 91   480  475  474  486  491  477  488 9999 9999 9999  466
009HONIARA 1998 92   489  503  485  491  498  502  488  476  485  480  472
009HONIARA 1998 93   474  510  540  500  487  519  550 9999
009HONIARA 1998101  9999 9999 9999 9999 9999 9999 9999 9999  540  530  529
009HONIARA 1998102   510  514  521  532  538  522  516  521  514  504  498
009HONIARA 1998103   494  510  507  527  524  517  530  546  564
009HONIARA 1998111   559  540  543  557  564  566  562  561  563  549  561
009HONIARA 1998112   590  603  605  607  591  590  582  571  563  542  538
009HONIARA 1998113   530  523  555  581  579  571  581  588
009HONIARA 1998121   598  614  605  588  586  586  583  578  590  623  616
009HONIARA 1998122   569  542  559  576  547  543  560  580  601  612  633
009HONIARA 1998123   646  638  642  663  655  673 9999 9999  678
009HONIARA 1999 11   649  630  644  655  651  644  657  674  662  660  675
009HONIARA 1999 12   686  679  682  695  697  700  725  740  749  763  764
009HONIARA 1999 13   775  795  795  778  783  791  774  777  786
009HONIARA 1999 21   801  829  831  828  852  876  891  882  914  933  861
009HONIARA 1999 22   831  829  838  832  847  864  868  870  876  890  877
009HONIARA 1999 23   854  835  815  814  811  804
009HONIARA 1999 31   809  797  797  811  798  808  820  813  817  816  802
009HONIARA 1999 32   811  818  816  840  859  860  867  866  875  878  868
009HONIARA 1999 33   876  893  892  885  893  888  888  882  865
009HONIARA 1999 41   867  872  859  848  838  815  804  801  798  789  785
009HONIARA 1999 42   796  793  791  790  775  771  769  756  749  738  751
009HONIARA 1999 43   747  734  734  728  736  743  737  724
009HONIARA 1999 51   721  731  728  705  684  689  709  716  712  716  730
009HONIARA 1999 52   727  737  750  744  736  732  733  735  740  742  732
009HONIARA 1999 53   731  745  734  708  720  727  710  707  719
009HONIARA 1999 61   691  669  669  670  667  675  689  701  691  679  666
009HONIARA 1999 62   654  648  644  617  612  636  652  654  648  645  655
009HONIARA 1999 63   639  614  618  617  609  605 9999 9999
009HONIARA 1999 71   610  616  622  640  647  615  626  650  636  627  642
009HONIARA 1999 72   634  629  625  636  647  639  645  632  630  657  664
009HONIARA 1999 73   657  659  655  673  670  630  619  623  618
009HONIARA 1999 81   620  636  661  666  664  646  648  663  664  669  686
009HONIARA 1999 82   690  684  675  668  669  664  658  645  646  655  647
009HONIARA 1999 83   641  646  661  673  689  686  679  676  674
009HONIARA 1999 91   683  688  674  665  670  687  688  684  695  691  681
009HONIARA 1999 92   689  709  720  705  698  720  723  695  687  695  700
009HONIARA 1999 93   700  703  729  742  730  717  721  711
009HONIARA 1999101   698  702  721  717  712  711  723  725  724  729  721
009HONIARA 1999102   718  727  713  718  731  730  692  691  705  721  732
009HONIARA 1999103   728  707  706  722  736  733  723  727  730
009HONIARA 1999111   722  718  727  727  713  715  713  712  703  691  690
009HONIARA 1999112   691  700  707  718  725  734  729  727  748  738  732
009HONIARA 1999113   755  776  770  752  755  755  748  737
009HONIARA 1999121   744  755  775  777  777  797  789  761  766  789  783
009HONIARA 1999122   785  798  796  779  804  809  788  792  792  771  760
009HONIARA 1999123   770  763  749  760  779  766  767  777  772
009HONIARA 2000 11   787  786  749  736  753  761  751  783  818  816  831
009HONIARA 2000 12   838  834  831  830  840  850  820  813  815  828  838
009HONIARA 2000 13   828  815  808  794  776  767  768  758  752
009HONIARA 2000 21   751  743  730  733  757  763  771  775  766  771  793
009HONIARA 2000 22   792  788  800  802  798  807  813  821  837  840  842
009HONIARA 2000 23   853  855  839  842  858  854  860
009HONIARA 2000 31   864  851  856  864  866  856  857  870  857  853  868
009HONIARA 2000 32   872  848  837  849  879  890  873  876  893  888  886
009HONIARA 2000 33   889  872  864  870  882  854  843  859  871
009HONIARA 2000 41   857  866  890  883  893  900  896  880  859  858  863
009HONIARA 2000 42   871  872  876  879  880  883  865  857  860  841  827
009HONIARA 2000 43   829  841  829  817  818  844  860  868
009HONIARA 2000 51   871  864  855  860  857  842  826  837  860  842  836
009HONIARA 2000 52   843  827  821  820  806  782  767  772  767  751  756
009HONIARA 2000 53   765  771  781  771  779  801  781  779  810
009HONIARA 2000 61   796  780  779  758  756  765  768  766  763  767  767
009HONIARA 2000 62   750  737  737  721  704  703  690  688  704  711  731
009HONIARA 2000 63   742  723  725  723  728  724  727  736
009HONIARA 2000 71   719  725  732  737  728  718  734  731  718  714  709
009HONIARA 2000 72   708  686  675  678  664  647  656  665  676  666  653
009HONIARA 2000 73   661  664  647  629  632  635  621  619  620
009HONIARA 2000 81   616  622  632  624  615  604  605  600  577  577  597
009HONIARA 2000 82   602  591  578  578  588  602  608  615  623  630  619
009HONIARA 2000 83   614  616  607  603  604  607  643  647  633
009HONIARA 2000 91   640  633  608  613  616  610  629  644  635  639  667
009HONIARA 2000 92   683  670  680  693  674  657  669  670  677  682  668
009HONIARA 2000 93   661  674  680  669  668  681  677  677
009HONIARA 2000101   679  690  700  686  699  711  701  709  713  726  726
009HONIARA 2000102   727  733  740  738  728  726  724  717  723  727  729
009HONIARA 2000103   730  730  734  737  739  726  715  704  697
009HONIARA 2000111   721  725  704  725  730  726  735  767  791  759  745
009HONIARA 2000112   766  771  766  765  759  746  754  771  773  786  794
009HONIARA 2000113   799  797  787  774  784  797  780  777
009HONIARA 2000121   785  801  816  816  816  838  846  856  852  838  820
009HONIARA 2000122   816  801  814  824  810  827  839  822  805  792  782
009HONIARA 2000123   774  762  771  758  754  772  765  769  786
009HONIARA 2001 11   769  762  784  785  774  783  784  786  792  784  779
009HONIARA 2001 12   790  794  793  783  776  776  787  788  767  754  790
009HONIARA 2001 13   777  763  774  793  809  824  846  853  846
009HONIARA 2001 21   862  881  857  856  867  865  881  895  908  902  893
009HONIARA 2001 22   899  903  885  872  870  874  893  895  890  900  886
009HONIARA 2001 23   878  896  906  905  886  874
009HONIARA 2001 31   858  849  853  854  828  842  851  845  850  864  876
009HONIARA 2001 32   864  853  827  834  837  831  829  824  828  843  855
009HONIARA 2001 33   870  861  876  914  896  891  915  913  894
009HONIARA 2001 41   895  899  902  903  897  899  895  881  865  839  845
009HONIARA 2001 42   848  833  851  846  830  845  865  866  867  886  903
009HONIARA 2001 43   889  874  889  887  870  874  881  876
009HONIARA 2001 51   858  846  851  866  857  834  820  824  811  793  788
009HONIARA 2001 52   781  774  757  763  774  770  769  756  758  754  749
009HONIARA 2001 53   751  733  725  739  748  749  749  761  764
009HONIARA 2001 61   744  723  683  648  643  657  655  626  624  634  616
009HONIARA 2001 62   590  610  628  630  624  614  619  634  602  594  592
009HONIARA 2001 63   575  555  541  517  527  530  539  547
009HONIARA 2001 71   529  520  489  465  458  426  403 9999 9999 9999 9999
009HONIARA 2001 72   414  409  407  405  417  428  428  417  416  433  433
009HONIARA 2001 73   433  411  413  427  427  440  465  472  463
009HONIARA 2001 81   562  613  577  559  573  582  591  600  604  619  634
009HONIARA 2001 82   630  622  616  601  567  555  561  571  568  557  574
009HONIARA 2001 83   587  572  572  569  589  585  570  590  594
009HONIARA 2001 91   588  594  614  601  602  622  623  610  608  625  625
009HONIARA 2001 92   611  622  650  649  646  658  664  662  654  640  630
009HONIARA 2001 93   632  630  642  656  651  642  663  688
009HONIARA 2001101   704  698  688  695  677  658  663  665  658  657  656
009HONIARA 2001102   673  698  687  676  682  702  701  685  689  678  656
009HONIARA 2001103   621  598  604  608  603  618  634  640  652
009HONIARA 2001111   663  667  675  675  675  667  681  705  718  727  740
009HONIARA 2001112   740  732  723  724  729  723  718  707  706  708  718
009HONIARA 2001113   731  732  736  737  740  743  763  769
009HONIARA 2001121   744  725  732  726  724  732  740  738  743  754  736
009HONIARA 2001122   715  706  699  681  678  678  658  645  651  659  636
009HONIARA 2001123   615  616  626  629  620  618  620  618  607
009HONIARA 2002 11   600  608  617  619  616  611  602  590  581  580  578
009HONIARA 2002 12   569  592  592  576  601  617  602  615  640  638  640
009HONIARA 2002 13   648  646  644  641  638  635  638  650  674
009HONIARA 2002 21   662  637  621  613  608  598  601  611  608  602  612
009HONIARA 2002 22   612  622  648  661  666  673  655  668  670  648  644
009HONIARA 2002 23   626  634  643  654  654  650
009HONIARA 2002 31   663  653  634  625  627  628  630  626  625  637  658
009HONIARA 2002 32   671  666  646  654  670  655  656  681  688  681  685
009HONIARA 2002 33   693  715  729  752  783  783  778  771  748
009HONIARA 2002 41   715  699  676  671  673  669  679  689  707  725  733
009HONIARA 2002 42   741  749  753  760  752  733  730  731  735  744  758
009HONIARA 2002 43   766  763  774  783  779  756  742  745
009HONIARA 2002 51   736  742  753  732  727  757  773  764  773  777  759
009HONIARA 2002 52   743  734  717  698  695  703  687  694  731  755  755
009HONIARA 2002 53   755  739  721  702  707  706  690  706  712
009HONIARA 2002 61   722  725  702  715  724  719  717  712  698  704  711
009HONIARA 2002 62   699  696  700  717  738  741  748  753  737  727  712
009HONIARA 2002 63   703  708  699  696  714  720  703  691
009HONIARA 2002 71   698  695  666  663  653  638  624  610  616  613  610
009HONIARA 2002 72   610  623  615  608  601  597  581  572  577  577  573
009HONIARA 2002 73   576  591  622  648  656  648  632  630  643
009HONIARA 2002 81   616  604  613  619  633  651  644  644  651  654  650
009HONIARA 2002 82   656  662  651  645  615  605  611  605  607  615  607
009HONIARA 2002 83   582  566  587  592  571  583  571  539  547
009HONIARA 2002 91   551  551  560  554  555  559  570  566  560  571  576
009HONIARA 2002 92   554  554  560  527  499  495  509  504  508  513  513
009HONIARA 2002 93   521  536  535  528  523  538  549  562
009HONIARA 2002101   577  603  605  621  628  635  647  638  578  527  502
009HONIARA 2002102   488  502  514  506  528  546  541  543  527  522  514
009HONIARA 2002103   501  502  502  491  495  500  512  536  550
009HONIARA 2002111   546  552  566  587  571  543  559  567  572  591  598
009HONIARA 2002112   608  640  651  642  634  648  648  634  620  597  584
009HONIARA 2002113   584  609  611  604  633  650  640  639
009HONIARA 2002121   642  617  607  597  578  585  588  568  554  567  562
009HONIARA 2002122   560  576  579  587  593  588  568  581  592  569  588
009HONIARA 2002123   607  597  612  632  645  639  625  632  628
009HONIARA 2003 11   604  597  601  597  601  616  602  605  608  599  610
009HONIARA 2003 12   617  606  572  547  536  516  517  528  522  515  524
009HONIARA 2003 13   544  548  561  558  536  509  526  546  545
009HONIARA 2003 21   548  545  536  534  548  554  547  532  547  550  539
009HONIARA 2003 22   545  553  556  565  571  571  587  600  588  588  588
009HONIARA 2003 23   577  568  560  550  556  565
009HONIARA 2003 31   572  576  590  602  615  631  632  610  610  633  630
009HONIARA 2003 32   606  595  602  591  604  643  655  655  655  663  664
009HONIARA 2003 33   661  661  658  681  685  690  708  712  730
009HONIARA 2003 41   726  726  720  709  709  697  687  677  650  636  630
009HONIARA 2003 42   618  642  662  667  659  639  632  638  625  608  612
009HONIARA 2003 43   623  634  632  634  632  640  650  648
009HONIARA 2003 51   642  635  637  650  624  619  653  666  683  737  753
009HONIARA 2003 52   763  792  795  774  773  783  771  752  748  762  767
009HONIARA 2003 53   781  795  774  765  786  794  793  787  759
009HONIARA 2003 61   746  749  735  738  749  766  764  739  735  735  700
009HONIARA 2003 62   678  685  676  653  647  639  642  649  663  692  702
009HONIARA 2003 63   690  699  699  685  697  690  677  680
009HONIARA 2003 71   695  686  689  716  735  727  715  709  693  677  688
009HONIARA 2003 72   696  695  688  684  681  685  696  681  676  660  653
009HONIARA 2003 73   666  659  643  644  636  625  622  631  639
009HONIARA 2003 81   640  650  645  632  626  622  620  619  610  602  602
009HONIARA 2003 82   617  623  625  630  634  625  638  654  663  662  643
009HONIARA 2003 83   635  640  650  661  675  660  667  675  667
009HONIARA 2003 91   647  655  679  652  660  656  644  645  645  652  641
009HONIARA 2003 92   648  663  664  665  662  663  668  663  646  651  646
009HONIARA 2003 93   652  659  668  687  693  692  679  656
009HONIARA 2003101   645  645  648  648  668  689  700  697  710  717  711
009HONIARA 2003102   691  695  671  651  678  686  685  681  685  680  696
009HONIARA 2003103   703  678  667  668  651  638  644  646  653
009HONIARA 2003111   661  643  647  671  668  651  657  659  652  660  663
009HONIARA 2003112   654  647  655  662  661  664  684  689  690  680  667
009HONIARA 2003113   681  681  650  627  637  654  671  666
009HONIARA 2003121   676  688  682  670  679  686  679  670  668  665  668
009HONIARA 2003122   680  680  676  701  737  734  722  733  740  703  677
009HONIARA 2003123   671  674  683  719  739  735  755  755  735
009HONIARA 2004 11   734  716  677  666  654  641  637  643  632  652  663
009HONIARA 2004 12   637  652  658  644  649  643  621  631  636  626  611
009HONIARA 2004 13   612  618  629  649  649  658  660  643  645
009HONIARA 2004 21   645  634  630  641  656  657  659  657  668  658  660
009HONIARA 2004 22   645  641  658  652  645  635  637  639  636  647  671
009HONIARA 2004 23   691  707  705  710  711  711  713
009HONIARA 2004 31   721  729  731  734  742  764  789  790  793  784  769
009HONIARA 2004 32   772  777  799  788  778  815  828  817  821  847  838
009HONIARA 2004 33   826  832  823  791  786  783  776  790  788
009HONIARA 2004 41   785  805  817  811  811  814  782  730  688  701  699
009HONIARA 2004 42   655  685  682  633  643  664  660  652  650  659  662
009HONIARA 2004 43   671  661  664  686  692  694  716  746
009HONIARA 2004 51   750  756  771  774  747  724  733  745  737  730  736
009HONIARA 2004 52   744  731  720  728  725  710  706  696  688  685  671
009HONIARA 2004 53   640  641  669  694  700  695  703  708  703
009HONIARA 2004 61   677  656  649  648  669  680  675  680  702  697  676
009HONIARA 2004 62   653  644  646  620  631  648  625  618  621  618  620
009HONIARA 2004 63   611  627  649  633  633  633  617  598
009HONIARA 2004 71   590  586  595  604  598  602  613  605  632  627  616
009HONIARA 2004 72   615  613  618  617  599  586  593  600  612  615  604
009HONIARA 2004 73   608  592  599  588  565  580  583  572  580
009HONIARA 2004 81   597  608  607  608  596  586  594  592  597  591  570
009HONIARA 2004 82   546  533  545  547  551  570  572  573  577  559  533
009HONIARA 2004 83   535  547  549  555  557  556  561  558  561
009HONIARA 2004 91   566  577  580  589  595  584  582  591  609  624  618
009HONIARA 2004 92   622  624  631  633  617  611  607  593  585  578  583
009HONIARA 2004 93   598  614  616  624  630  647  636  613
009HONIARA 2004101   596  601  601  596  592  609  626  624  614  609  618
009HONIARA 2004102   616  601  606  601  596  600  593  599  593  567  586
009HONIARA 2004103   627  633  634  631  657  676  670  667  644
009HONIARA 2004111   633  629  641  646  641  671  681  674  684  677  666
009HONIARA 2004112   657  644  640  647  647  651  660  668  675  680  680
009HONIARA 2004113   669  670  658  640  623  622  636  622
009HONIARA 2004121   605  631  666  669  661  665  656  639  623  608  596
009HONIARA 2004122   595  586  590  608  613  605  615  623  623  614  611
009HONIARA 2004123   615  606  608  614  624  635  623  646  664
009HONIARA 2005 11   662  680  703  715  709  698  704  682  669  663  644
009HONIARA 2005 12   649  665  665  687  671  628  624  631  633  633  646
009HONIARA 2005 13   658  656  667  680  683  695  702  709  713
009HONIARA 2005 21   713  685  666  665  667  664  647  640  653  651  644
009HONIARA 2005 22   648  660  657  645  629  624  608  612  620  633  634
009HONIARA 2005 23   633  635  641  639  633  646
009HONIARA 2005 31   635  621  614  591  575  582  569  572  584  586  576
009HONIARA 2005 32   577  582  562  559  563  556  558  557  563  572  570
009HONIARA 2005 33   567  580  588  587  595  617  616  607  598
009HONIARA 2005 41   607  630  642  668  683  702  718  712  712  726  730
009HONIARA 2005 42   726  739  757  746  733  735  738  719  705  719  704
009HONIARA 2005 43   702  720  717  679  644  634  632  639
009HONIARA 2005 51   650  643  644  676  686  686  682  668  659  656  652
009HONIARA 2005 52   642  638  646  646  655  675  683  684  680  690  686
009HONIARA 2005 53   672  669  674  666  666  677  660  671  686
009HONIARA 2005 61   681  679  683  683  669  647  638  643  651  661  663
009HONIARA 2005 62   677  681  671  677  662  666  666  663  671  665  657
009HONIARA 2005 63   670  663  660  687  690  685  687  682
009HONIARA 2005 71   683  670  658  652  644  599  594  612  619  631  614
009HONIARA 2005 72   602  599  593  608  642  638  631  621  602  601  601
009HONIARA 2005 73   622  636  618  632  624  605  607  608  615
009HONIARA 2005 81   595  589  608  601  607  618  624  620  611  612  609
009HONIARA 2005 82   599  599  610  625  613  609  628  633  651  661  639
009HONIARA 2005 83   640  645  643  657  642  633  621  627  645
009HONIARA 2005 91   638  629  646  658  655  663  672  667  646  644  652
009HONIARA 2005 92   670  683  660  668  682  674  664  673  689  694  676
009HONIARA 2005 93   663  669  683  681  661  662  689  699
009HONIARA 2005101   684  687  699  681  661  644  622  623  647  645  654
009HONIARA 2005102   686  704  720  721  729  729  720  698  687  682  690
009HONIARA 2005103   700  699  706  739  760  763  753  739  747
009HONIARA 2005111   752  730  713  712  716  698  693  720  744  764  781
009HONIARA 2005112   776  765  762  751  740  748  748  743  751  758  750
009HONIARA 2005113   750  763  804  809  814  806  788  786
009HONIARA 2005121   768  758  757  752  764  782  791  784  785  799  790
009HONIARA 2005122   759  747  746  747  745  743  751  747  743  739  723
009HONIARA 2005123   739  751  747  755  745  735  743  749  743
009HONIARA 2006 11   755  773  780  775  787  800  797  800  797  799  791
009HONIARA 2006 12   783  790  788  788  792  804  816  807  822  827  821
009HONIARA 2006 13   808  797  800  826  846  846  866  882  910
009HONIARA 2006 21   915  919  912  895  879  868  856  838  840  837  823
009HONIARA 2006 22   832  841  844  851  832  829  859  879  867  876  868
009HONIARA 2006 23   857  860  864  859  856  868
009HONIARA 2006 31   887  886  895  875  841  832  855  868  865  873  879
009HONIARA 2006 32   895  911  917  932  945  948  935  929  923  904  907
009HONIARA 2006 33   919  915  909  934  940  945  944  912  884
009HONIARA 2006 41   886  877  849  848  854  842  846  870  881  869  875
009HONIARA 2006 42   906  902  877  854  843  858  861  846  843  847  850
009HONIARA 2006 43   843  868  882  858  852  851  823  798
009HONIARA 2006 51   789  785  786  792  795  803  801  815  826  818  799
009HONIARA 2006 52   796  799  784  775  770  769  769  772  794  800  793
009HONIARA 2006 53   788  801  807  771  749  731  736  731  735
009HONIARA 2006 61   738  737  748  760  766  752  746  742  729  722  723
009HONIARA 2006 62   718  722  715  706  713  721  732  739  735  712  709
009HONIARA 2006 63   700  685  674  659  664  672  678  671
009HONIARA 2006 71   673  671  659  672  656  641  628  627  639  632  624
009HONIARA 2006 72   638  662  665  661  648  651  642  621  626  619  611
009HONIARA 2006 73   616  599  603  612  618  644  671  673  654
009HONIARA 2006 81   659  693  678  654  652  635  621  625  593  577  571
009HONIARA 2006 82   567  564  575  569  576  576  560  543  527  521  525
009HONIARA 2006 83   517  510  512  513  523  543  529  519  537
009HONIARA 2006 91   538  518  530  544  541  535  560  581  560  556  570
009HONIARA 2006 92   576  571  541  525  540  560  570  585  595  606  618
009HONIARA 2006 93   624  625  610  635  649  638  627  611
009HONIARA 2006101   607  597  593  600  629  623  611  586  547  539  535
009HONIARA 2006102   515  516  531  527  519  546  582  592  575  577  599
009HONIARA 2006103   598  582  562  550  541  549  570  576  576
009HONIARA 2006111   588  603  601  590  568  547  528  520  532  553  562
009HONIARA 2006112   556  572  594  602  616  627  621  614  618  616  600
009HONIARA 2006113   586  579  578  575  580  593  609  637
009HONIARA 2006121   644  605  589  592  587  580  572  575  581  594  597
009HONIARA 2006122   599  607  620  631  636  619  607  610  597  601  599
009HONIARA 2006123   597  608  626  657  661  654  654  658  657
009HONIARA 2007 11   643  647  657  660  651  653  655  661  655  654  682
009HONIARA 2007 12   683  663  673  667  648  637  628  625  613  621  644
009HONIARA 2007 13   642  629  635  640  612  588  597  609  612
009HONIARA 2007 21   606  605  627  609  599  609  606  581  593  597  587
009HONIARA 2007 22   574  564  568  582  626  647  659  668  658  664  674
009HONIARA 2007 23   686  693  682  682  677  679
009HONIARA 2007 31   691  682  695  710  701  683  667  671  674  683  688
009HONIARA 2007 32   671  670  701  723  725  751  752  762  791  793  776
009HONIARA 2007 33   761  762  783  780  764  757  757  746  728
009HONIARA 2007 41   723  727  718  708  713  721  730  728  718  738  759
009HONIARA 2007 42   762  771  775  767  770  780  785  784  781  769  760
009HONIARA 2007 43   743  743  748  760  771  770  761  762
009HONIARA 2007 51   766  754  757  764  764  763  754  761  777  777  780
009HONIARA 2007 52   774  750  734  734  730  725  734  726  707  714  728
009HONIARA 2007 53   738  750  742  734  748  736  731  725  712
009HONIARA 2007 61   720  710  699  699  702  714  733  750  764  758  751
009HONIARA 2007 62   764  753  751  735  727  753  756  744  752  756  755
009HONIARA 2007 63   750  732  735  737  734  720  711  719
009HONIARA 2007 71   722  708  720  715  703  698  696  681  668  673  659
009HONIARA 2007 72   638  637  635  619  622  645  644  629  631  641  647
009HONIARA 2007 73   642  662  665  649  657  671  696  699  694
009HONIARA 2007 81   722  714  694  699  718  717  713  715  697  701  694
009HONIARA 2007 82   709  739  731  736  733  736  727  718  721  693  694
009HONIARA 2007 83   707  698  696  702  713  716  690  673  681
009HONIARA 2007 91   692  680  674  681  671  668  677  675  682  676  692
009HONIARA 2007 92   691  680  695  704  707  699  691  694  695  698  705
009HONIARA 2007 93   729  736  724  720  730  730  704  675
009HONIARA 2007101   671  671  677  691  688  696  710  708  700  718  733
009HONIARA 2007102   707  685  678  682  687  686  705  712  712  711  714
009HONIARA 2007103   730  750  746  722  736  736  725  719  724
009HONIARA 2007111   745  753  753  756  759  772  786  756  771  811  798
009HONIARA 2007112   782  797  805  820  831  843  852  856  863  869  902
009HONIARA 2007113   922  862  814  828  823  784  769  777
009HONIARA 2007121   768  772  768  783  780  768  764  770  769  759  763
009HONIARA 2007122   772  768  760  775  810  815  820  831  833  816  808
009HONIARA 2007123   822  839  840  851  875  892  885  886  890
009HONIARA 2008 11   882  895  894  868  846  850  855  851  856  861  868
009HONIARA 2008 12   888  894  878  884  881  852  847  837  840  847  862
009HONIARA 2008 13   868  850  845  837  828  827  814  823  828
009HONIARA 2008 21   825  830  823  832  830  845  865  865  859  880  891
009HONIARA 2008 22   891  875  875  878  885  872  888  916  932  936  932
009HONIARA 2008 23   933  938  929  910  897  920  934
009HONIARA 2008 31   903  906  937  948  936  946  971  979  958  953  950
009HONIARA 2008 32   944  929  937  922  920  948  961  959  976  979  958
009HONIARA 2008 33   944  927  929  942  935  886  872  895  901
009HONIARA 2008 41   893  905  936  968  961  927  917  899  883  882  903
009HONIARA 2008 42   910  929  947  947  939  950  944  922  895  875  860
009HONIARA 2008 43   873  880  853  836  848  860  872  876
009HONIARA 2008 51   890  893  885  874  868  868  848  847  834  837  843
009HONIARA 2008 52   837  832  831  830  818  812  803  779  768  759  746
009HONIARA 2008 53   737  733  749  751  744  767  785  774  753
009HONIARA 2008 61   764  780  758  731  742  764  765  750  752  758  761
009HONIARA 2008 62   764  770  759  736  726  716  722  719  707  701  717
009HONIARA 2008 63   727  707  706  721  719  708  706  694
009HONIARA 2008 71   668  651  663  674  678  680  684  682  677  670  673
009HONIARA 2008 72   680  676  674  655  660  668  660  677  671  679  698
009HONIARA 2008 73   712  707  683  686  674  669  666  674  683
009HONIARA 2008 81   696  707  702  696  680  680  690  685  681  689  690
009HONIARA 2008 82   679  668  663  675  685  692  686  693  695  686  691
009HONIARA 2008 83   694  681  685  696  685  671  677  682  688
009HONIARA 2008 91   701  693  686  675  676  689  679  680  678  664  675
009HONIARA 2008 92   682  676  688  697  700  705  693  675  684  694  679
009HONIARA 2008 93   670  687  700  695  697  713  701  680
009HONIARA 2008101   676  664  658  674  662  652  670  684  674  669  689
009HONIARA 2008102   692  686  699  704  681  667  668  663  670  689  688
009HONIARA 2008103   696  710  707  701  692  660  658  671  654
009HONIARA 2008111   638  641  649  653  672  710  726  725  727  742  748
009HONIARA 2008112   731  715  711  722  727  728  734  709  718  733  740
009HONIARA 2008113   750  723  715  722  707  714  729  728
009HONIARA 2008121   734  759  776  778  781  786  800  819  812  809  797
009HONIARA 2008122   760  767  796  809  815  806  813  823  831  812  797
009HONIARA 2008123   808  802  782  803  811  816  811  822  827
009HONIARA 2009 11   804  794  811  832  837  829  836  844  842  840  843
009HONIARA 2009 12   854  840  823  819  832  823  785  793  817  807  799
009HONIARA 2009 13   814  858  847  835  858  880  882  872  870
009HONIARA 2009 21   884  885  859  853  881  905  904  912  924  928  924
009HONIARA 2009 22   920  911  906  904  905  902  888  870  864  883  895
009HONIARA 2009 23   916  910  914  919  919  912
009HONIARA 2009 31   896  901  911  912  911  906  907  905  912  908  910
009HONIARA 2009 32   908  907  906  904  909  919  902  893  894  902  921
009HONIARA 2009 33   912  907  901  896  904  896  888  880  871
009HONIARA 2009 41   861  861  862  862  870  870  866  863  857  843  812
009HONIARA 2009 42   797  810  812  818  817  814  805  812  816  816  818
009HONIARA 2009 43   823  822  789  778  776  779  790  801
009HONIARA 2009 51   808  812  822  812  805  800  793  774  780  782  764
009HONIARA 2009 52   760  758  747  767  772  782  796  795  809  804  791
009HONIARA 2009 53   770  746  733  729  734  751  752  753  763
009HONIARA 2009 61   755  747  724  706  693  692  690  677  679  673  682
009HONIARA 2009 62   675  662  688  700  705  706  688  689  681  680  667
009HONIARA 2009 63   653  668  678  687  690  690  694  706
009HONIARA 2009 71   707  686  670  667  655  637  656  668  670  671  677
009HONIARA 2009 72   678  664  641  638  633  627  625  631  631  635  634
009HONIARA 2009 73   639  656  667  658  661  653  635  624  626
009HONIARA 2009 81   636  645  649  650  660  656  650  667  677  668  644
009HONIARA 2009 82   628  640  645  629  636  652  637  620  625  631  615
009HONIARA 2009 83   605  617  615  613  606  602  618  632  629
009HONIARA 2009 91   629  640  639  619  612  626  652  623  582  583  613
009HONIARA 2009 92   624  608  616  623  628  616  615  639  634  636  632
009HONIARA 2009 93   632  630  625  658  672  682  690  664
009HONIARA 2009101   626  628  640  641  656  640  623  611  593  600  596
009HONIARA 2009102   612  627  619  624  634  642  649  627  625  629  613
009HONIARA 2009103   597  602  626  619  592  574  579  582  570
009HONIARA 2009111   569  558  548  548  568  588  588  583  604  622  611
009HONIARA 2009112   621  638  642  638  630  632  625  626  642  661  663
009HONIARA 2009113   675  679  666  675  692  691  690  696
009HONIARA 2009121   687  667  652  655  664  670  675  690  700  675  666
009HONIARA 2009122   668  646  616  599  609  591  582  588  579  581  587
009HONIARA 2009123   586  595  599  599  608  600  584  589  588
009HONIARA 2010 11   586  589  591  596  596  603  612  605  601  599  606
009HONIARA 2010 12   610  594  589  607  613  608  626  648  642  614  587
009HONIARA 2010 13   606  623  627  610  595  598  579  585  600
009HONIARA 2010 21   603  613  596  581  579  569  557  553  539  534  520
009HONIARA 2010 22   521  534  549  539  542  546  521  517  523  534  541
009HONIARA 2010 23   531  539  553  549  561  582
009HONIARA 2010 31   580  546  529  526  526  521  522  520  531  523  519
009HONIARA 2010 32   524  540  558  570  583  576  570  555  529  541  558
009HONIARA 2010 33   552  549  562  575  586  636  646  642  644
009HONIARA 2010 41   634  637  630  617  613  593  591  608  606  616  623
009HONIARA 2010 42   618  612  609  626  617  589  570  583  596  588  588
009HONIARA 2010 43   602  609  614  611  586  582  580  573
009HONIARA 2010 51   584  590  577  594  611  604  619  623  618  621  628
009HONIARA 2010 52   635  634  630  640  639  641  647  638  631  646  660
009HONIARA 2010 53   652  651  654  637  623  618  620  606  598
009HONIARA 2010 61   616  636  630  612  638  652  646  641  638  618  602
009HONIARA 2010 62   611  622  633  649  642  636  662  659  663  677  664
009HONIARA 2010 63   654  655  658  652  651  654  664  679
009HONIARA 2010 71   684  663  671  706  716  710  711  685  677  697  695
009HONIARA 2010 72   700  705  716  721  712  699  692  681  688  694  670
009HONIARA 2010 73   655  671  679  663  636  629  648  665  671
009HONIARA 2010 81   663  670  672  663  657  673  678  683  688 9999 9999
009HONIARA 2010 82   711  699  688  696  699  694  701  714  717  706  703
009HONIARA 2010 83   711  721  721  715  709  706  702  684  684
009HONIARA 2010 91   672  666  669  665  685  699  709  704  710  721  697
009HONIARA 2010 92   672  674  685  677  660  665  658  663  682  674  685
009HONIARA 2010 93   694  674  669  671  694  707  715  726
009HONIARA 2010101   731  750  757  774  796  807  796  795  796  779  785
009HONIARA 2010102   773  767  777  769  778  796  809  800  802  802  803
009HONIARA 2010103   800  786  782  781  796  814  814  813  814
009HONIARA 2010111   806  818  820  792  789  777  767  764  748  734  728
009HONIARA 2010112   737  741  733  740  757  748  739  729  718  735  741
009HONIARA 2010113   741  740  749  773  795  796  803  812
009HONIARA 2010121   808  804  805  808  802  794  800  815  817  826  841
009HONIARA 2010122   853  850  839  831  824  816  823  819  827  841  835
009HONIARA 2010123   818  800  805  803  810  814  810  809  792
009HONIARA 2011 11   771  764  782  790  785  799  819  822  805  799  799
009HONIARA 2011 12   797  796  803  794  774  787  792  787  829  825  818
009HONIARA 2011 13   820  827  828  830  814  805  802  818  834
009HONIARA 2011 21   829  828  831  828  835  843  849  843  852  864  849
009HONIARA 2011 22   851  877  884  879  888  906  915  924  931  921  925
009HONIARA 2011 23   912  896  916  920  883  886
009HONIARA 2011 31   917  895  892  905  889  887  898  872  872  886  882
009HONIARA 2011 32   864  874  898  891  880  890  894  889  894  887  883
009HONIARA 2011 33   889  876  880  898  902  896  905  914  910
009HONIARA 2011 41   894  887  896  888  869  852  856  866  857  868  884
009HONIARA 2011 42   885  889  917  924  903  893  896  876  855  846  830
009HONIARA 2011 43   828  841  849  854  859  869  872  861
009HONIARA 2011 51   854  858  862  862  857  854  844  836  838  836  820
009HONIARA 2011 52   800  812  813  804  798  797  792  780  792  801  800
009HONIARA 2011 53   806  814  822  791  780  780  765  758  768
009HONIARA 2011 61   758  737  735  736  750  765  779  788  784  791  775
009HONIARA 2011 62   766  767  762  742  732  741  747  758  768  764  757
009HONIARA 2011 63   767  761  747  754  761  740  718  721
009HONIARA 2011 71   736  726  736  738  738  723  717  694  680  692  688
009HONIARA 2011 72   691  710  710  705  729  728  737  746  736  743  738
009HONIARA 2011 73   725  710  705  695  652  660  702  723  728
009HONIARA 2011 81   754  739  708  690  660  642  640  643  667  672  664
009HONIARA 2011 82   678  680  687  685  674  668  680  681  669  680  688
009HONIARA 2011 83   696  711  721  730  739  731  738  740  741
009HONIARA 2011 91   735  720  732  733  723  713  726  745  752  755  744
009HONIARA 2011 92   746  739  726  718  728  746  740  734  755  765  755
009HONIARA 2011 93   773  799  784  779  792  787  787  791
009HONIARA 2011101   791  790  777  783  792  781  773  800  827  825  823
009HONIARA 2011102   815  803  809  806  806  797  803  815  829  837  824
009HONIARA 2011103   827  832  844  840  836  833  834  840  817
009HONIARA 2011111   793  807  809  792  804  831  815  789  787  805  793
009HONIARA 2011112   792  805  799  804  803  804  819  827  816  821  823
009HONIARA 2011113   821  812  795  796  800  805 9999 9999
009HONIARA 2011121  9999 9999 9999 9999 9999  830  823  828  812  790  810
009HONIARA 2011122   821  812  834  845  844  845  858  873  880  887  873
009HONIARA 2011123   886  902  880  868  884  880  882  879  897
009HONIARA 2012 11   888  864  881  899  883  870  871  880  890  888  885
009HONIARA 2012 12   892  894  901  899  887  887  870  871  889  894  898
009HONIARA 2012 13   889  898  908  904  900  910  927  931  928
009HONIARA 2012 21   927  941  939  929  934  931  919  935  937  920  921
009HONIARA 2012 22   914  897  901  916  931  916  912  915  910  931  943
009HONIARA 2012 23   935  931  935  953  953  934  929
009HONIARA 2012 31   931  938  937  950  982  989  968  951  951  959  953
009HONIARA 2012 32   947  938  932  943  965  968  945  936  938  931  911
009HONIARA 2012 33   909  912  915  917  923  927  914  880  876
009HONIARA 2012 41   884  874  884  863  842  820  805  812  817  793  775
009HONIARA 2012 42   791  798  804  813  827  829  833  842  835  820  831
009HONIARA 2012 43   841  828  826  823  836  850  856  866
009HONIARA 2012 51   881  871  861  863  851  829  825  825  815  806  803
009HONIARA 2012 52   816  823  806  790  792  800  804  794  779  771  763
009HONIARA 2012 53   775  775  771  779  783  791  774  777  782
009HONIARA 2012 61   756  754  763  759  771  771  759  754  741  727  738
009HONIARA 2012 62   765  747  717  718  695  686  691  688  696  698  704
009HONIARA 2012 63   702  693  710  690  679  716  724  706
009HONIARA 2012 71   696  701  710  711  707  701  702  702  688  678  685
009HONIARA 2012 72   673  669  678  678  664  657  674  686  680  671  662
009HONIARA 2012 73   653  632  625  634  630  620  618  601  580
009HONIARA 2012 81   586  611  625  633  630  614  602  594  608  610  592
009HONIARA 2012 82   596  590  600  618  624  616  613  618  632  639  655
009HONIARA 2012 83   657  646  642  648  663  659  658  659  657
009HONIARA 2012 91   652  645  623  623  644  646  636  620  620  628  633
009HONIARA 2012 92   646  660  675  664  653  664  656  660  664  659  644
009HONIARA 2012 93   651  662  677  682  688  688  674  644
009HONIARA 2012101   621  627  615  616  615  583  610  636  630  635  638
009HONIARA 2012102   655  653  652  662  663  660  628  620  645  662  683
009HONIARA 2012103   673  663  681  700  698  672  665  665  660
009HONIARA 2012111   675  687  699  702  702  707  711  723  719  724  730
009HONIARA 2012112   726  719  696  679  685  687  704  725  734  728  722
009HONIARA 2012113   703  691  691  668  650  653  642  645
009HONIARA 2012121   643  639  650  673  696  704  689  694  709  712  704
009HONIARA 2012122   691  711  723  733  716  719  749  729  726  737  742
009HONIARA 2012123   744  737  739  756  773  777  756  750  752
009HONIARA 2013 11   731  736  744  764  772  759  751  749  751  766  774
009HONIARA 2013 12   790  800  799  799  782  752  751  755  738  730  741
009HONIARA 2013 13   739  739  769  773  741  721  724  744  720
009HONIARA 2013 21   694  680  682  678  662  660  667  657  653  667  687
009HONIARA 2013 22   683  693  712  710  702  708  695  704  721  721  727
009HONIARA 2013 23   736  750  770  773  792  803
009HONIARA 2013 31   792  786  772  765  782  799  811  835  851  869  875
009HONIARA 2013 32   854  841  835  818  793  774  763  790  792  798  825
009HONIARA 2013 33   845  854  855  862  868  854  851  838  818
009HONIARA 2013 41   793  798  814  816  842  852  852  848  859  882  861
009HONIARA 2013 42   828  801  803  790  772  789  792  798  806  811  829
009HONIARA 2013 43   834  833  826  832  831  833  829  811
009HONIARA 2013 51   814  816  817  811  828  836  830  814  809  806  796
009HONIARA 2013 52   771  767  785  803  813  797  775  782  787  787  786
009HONIARA 2013 53   781  793  792  775  781  781  779  768  762
009HONIARA 2013 61   771  775  773  757  749  755  747  738  749  749  732
009HONIARA 2013 62   718  736  761  738  734  755  742  722  730  721  706
009HONIARA 2013 63   698  696  716  718  713  718  713  724
009HONIARA 2013 71   732  719  696  690  682  678  678  675  685  683  663
009HONIARA 2013 72   658  668  698  696  664  666  675  667  660  685  692
009HONIARA 2013 73   685  688  646  643  668  647  640  665  662
009HONIARA 2013 81   653  652  654  658  670  654  651  668  688  685  676
009HONIARA 2013 82   698  714  699  691  699  714  713  709  721  722  720
009HONIARA 2013 83   697  682  678  660  657  640  655  679  672
009HONIARA 2013 91   676  661  625  619  637  626  618  606  616  656  682
009HONIARA 2013 92   687  681  697  717  716  701  706  722  730  756  747
009HONIARA 2013 93   711  700  680  659  665  683  693  691
009HONIARA 2013101   698  709  703  698  709  676  661  657  642  643  648
009HONIARA 2013102   641  664  671  658  668  665  651  660  671  665  651
009HONIARA 2013103   645  639  628  620  608  618  641  646  668
009HONIARA 2013111   687  691  701  680  675  687  695  706  730  732  719
009HONIARA 2013112   726  730  726  720  727  724  714  727  732  739  747
009HONIARA 2013113   734 9999 9999  775  783  773  771  776
009HONIARA 2013121   769  761  762  762  769  757  747  781  787  755  755
009HONIARA 2013122   759  761  754  746  752  734  724  728  724  742  742
009HONIARA 2013123   735  755  764  755  757  762  765  755  774
009HONIARA 2014 11   778  766  764  760  749  753  751  739  738  749  749
009HONIARA 2014 12   739  746  739  735  731  726  746  749  736  742  752
009HONIARA 2014 13   757  779  795  779  760  758  760  740  736
009HONIARA 2014 21   761  774  772  743  749  776  762  749  747  754  762
009HONIARA 2014 22   763  760  783  792  791  788  785  770  761  763  764
009HONIARA 2014 23   786  787  756  763  763  765
009HONIARA 2014 31   758  750  736  712  694  683  671  661  672  672  674
009HONIARA 2014 32   695  702  699  698  703  704  697  686  698  703  692
009HONIARA 2014 33   693  705  717  720  733  757  772  751  739
009HONIARA 2014 41   755  776  803  754  732  732  724  740  747  742  755
009HONIARA 2014 42   770  784  777  764  762  752  745  739  744  757  742
009HONIARA 2014 43   731  746  737  729  727  726  725  710
009HONIARA 2014 51   705  704  696  687  693  709  706  709  733  746  754
009HONIARA 2014 52   743  729  737  752  761  750  721  705  689  698  697
009HONIARA 2014 53   684  690  688  672  664  667  665  653  656
009HONIARA 2014 61   668  665  669  670  681  691  693  696  690  686  687
009HONIARA 2014 62   703  692  694  691  671  675  655  656  669  646  641
009HONIARA 2014 63   651  661  672  654  650  655  671  678
009HONIARA 2014 71   663  663  670  682  677  668  691  709  694  685  684
009HONIARA 2014 72   682  691  685  692  697  683  675  678  655  648  668
009HONIARA 2014 73   653  646  638  619  621  630  640  652  670
009HONIARA 2014 81   680  685  682  676  689  695  701  701  688  670  684
009HONIARA 2014 82   690  695  696  691  689  695  701  690  683  695  714
009HONIARA 2014 83   700  696  712  727  731  720  718  717  716
009HONIARA 2014 91   716  730  738  739  735  743  724  725  736  743  752
009HONIARA 2014 92   723  703  701  686  695  694  696  715  726  719  730
009HONIARA 2014 93   721  713  710  736  740  747  740  721
009HONIARA 2014101   690  679  703  719  719  705  717  728  703  682  691
009HONIARA 2014102   709  690  691  694  677  697  715  724  722  723  715
009HONIARA 2014103   716  717  702  683  677  695  704  708  727
009HONIARA 2014111   736  741  756  758  740  724  722  724  713  708  714
009HONIARA 2014112   719  715  699  692  715  719  708  718  719  728  729
009HONIARA 2014113   736  752  750  757  762  761  769  775
009HONIARA 2014121   779  770  751  737  740  738  742  732  731  763  756
009HONIARA 2014122   756  773  770  766  785  795  791  783  780  805  820
009HONIARA 2014123   813  805  790  800  795  788  791  780  783
009HONIARA 2015 11   793  788  782  784  788  778  765  771  775  753  743
009HONIARA 2015 12   739  735  701  688  716  712  715  746  739  723  724
009HONIARA 2015 13   740  747  752  766  756  765  770  776  782
009HONIARA 2015 21   770  762  758  746  727  711  724  733  742  744  729
009HONIARA 2015 22   720  732  731  750  758  750  743  764  780  764  766
009HONIARA 2015 23   770  765  762  773  775  784
009HONIARA 2015 31   791  806  805  801  818  825  823  813  778  750  740
009HONIARA 2015 32   749  758  717  701  703  670  681  686  689  686  649
009HONIARA 2015 33   627  635  647  635  625  628  649  664  641
009HONIARA 2015 41   646  651  668  682  667  662  661  655  631  625  638
009HONIARA 2015 42   657  669  676  669  678  694  702  718  679  655  675
009HONIARA 2015 43   680  681  681  689  693  700  709  703
009HONIARA 2015 51   701  706  704  716  734  735  715  698  708  709  696
009HONIARA 2015 52   707  734  718  680  671  673  669  668  659  644  642
009HONIARA 2015 53   659  668  646  627  653  661  657  666  671
009HONIARA 2015 61   686  671  635  649  662  665  680  687  694  685  680
009HONIARA 2015 62   688  669  659  652  656  642  628  627  632  632  654
009HONIARA 2015 63   653  638  623  610  610  617  621  633
009HONIARA 2015 71   647  628  629  628  590  568  575  581  583  584  590
009HONIARA 2015 72   580  561  584  596  576  563  557  577  604  617  597
009HONIARA 2015 73   604  621  630  642  651  651  653  646  651
009HONIARA 2015 81   662  657  641  637  653  634  621  625  619  603  586
009HONIARA 2015 82   577  574  577  580  575  566  560  547  542  555  564
009HONIARA 2015 83   563  559  565  565  573  572  562  564  583
009HONIARA 2015 91   580  563  565  556  549  565  554  557  551  548  567
009HONIARA 2015 92   566  542  541  553  567  565  571  600  615  617  613
009HONIARA 2015 93   619  619  619  632  633  632  637  623
009HONIARA 2015101   612  621  621  610  611  620  588  578  615  634  633
009HONIARA 2015102   636  625  619  617  609  602  588  594  603  604  615
009HONIARA 2015103   620  618  637  645  625  598  619  638  627
009HONIARA 2015111   621  620  621  628  634  635  632  625  612  615  619
009HONIARA 2015112   624  621  615  616  620  629  640  643  626  640  647
009HONIARA 2015113   661  665  647  635  644  654  645  633
009HONIARA 2015121   637  637  616  599  609  620  604  599  602  601  609
009HONIARA 2015122   619  621  620  618  615  618  636  651  634  624  643
009HONIARA 2015123   642  626  622  616  622  603  557  577  594
009HONIARA 2016 11   555  548  539  545  548  533  526  521  518  526  541
009HONIARA 2016 12   549  556  567  569  575  579  576  570  569  561  562
009HONIARA 2016 13   557  548  549  553  561  566  554  555  559
009HONIARA 2016 21   553  571  584  583  580  568  567  569  562  580  605
009HONIARA 2016 22   589  577  579  597  597  571  569  585  570  530  505
009HONIARA 2016 23   485  497  506  509  498  485  475
009HONIARA 2016 31   472  478  482  486  497  491  502  516  508  500  508
009HONIARA 2016 32   512  517  506  508  506  500  516  522  538  535  531
009HONIARA 2016 33   531  523  522  501  485  492  492  487  497
009HONIARA 2016 41   538  550  516  502  518  516  494  488  488  479  482
009HONIARA 2016 42   487  485  493  503  508  508  496  491  504  502  501
009HONIARA 2016 43   523  529  525  538  547  533  530  537
009HONIARA 2016 51   549  560  572  579  584  603  601  586  591  601  608
009HONIARA 2016 52   608  607  623  637  627  608  607  617  602  583  592
009HONIARA 2016 53   581  561  556  574  597  592  606  621  624
009HONIARA 2016 61   634  636  628  617  628  625  614  619  636  650  652
009HONIARA 2016 62   650  630  615  605  621  636  630  638  637  633  612
009HONIARA 2016 63   595  603  602  600  626  623  597  602
009HONIARA 2016 71   612  576  545  550  548  548  555  555  552  556  570
009HONIARA 2016 72   586  587  565  556  535  530  554  556  550  553  568
009HONIARA 2016 73   573  576  585  590  595  577  590  617  609
009HONIARA 2016 81   583  594  597  590  577  586  593  588  594  589  565
009HONIARA 2016 82   541  557  583  607  609  587  592  597  600  597  588
009HONIARA 2016 83   610  605  591  582  591  607  617  597  609
009HONIARA 2016 91   625  617  607  618  626  615  607  620  603  605  630
009HONIARA 2016 92   616  595  613  638  642  625  625  642  628  614  620
009HONIARA 2016 93   614  626  638  641  644  642  648  659
009HONIARA 2016101   650  647  661  667  677  653  616  614  625  658  664
009HONIARA 2016102   671  683  672  669  683  687  672  667  675  665  662
009HONIARA 2016103   652  662  673  665  660  675  659  647  671
009HONIARA 2016111   684  687  676  675  683  696  703  689  683  700  716
009HONIARA 2016112   716  737  730  702  713  732  737  735  729  722  718
009HONIARA 2016113   722  731  748  740  719  715  713  705
009HONIARA 2016121   689  685  700  693  691  698  704  708  704  705  714
009HONIARA 2016122   711  686  691  697  683  676  679  682  686  666  643
009HONIARA 2016123   655  663  676  686  679  686  687  691  711
009HONIARA 2017 11   757  762  771  785  792  791  772  777  774  761  749
009HONIARA 2017 12   748  778  774  760  754  761  759  765  772  771  754
009HONIARA 2017 13   759  769  764  785  755  750  770  761  777
009HONIARA 2017 21   797  790  789  799  797  805  792  788  797  797  790
009HONIARA 2017 22   778  776  765  768  771  802  802  790  774  781  812
009HONIARA 2017 23   814  799  813  848  840  835
009HONIARA 2017 31   844  846  834  841  844  837  841  864  883  871  871
009HONIARA 2017 32   885  883  887  900  906  905  893  894  888  895  897
009HONIARA 2017 33   899  919  939  949  958  984  981  944  940
009HONIARA 2017 41   941  946  927  920  936  942  944  937  937  919  902
009HONIARA 2017 42   895  873  862  864  864  863  851  848  867  881  865
009HONIARA 2017 43   860  869  901  918  910  894  877  868
009HONIARA 2017 51   863  855  854  844  849  846  825  807  793  794  793
009HONIARA 2017 52   799  806  804  784  786  787  788  789  802  812  805
009HONIARA 2017 53   800  799  786  762  759  760  745  751  776
009HONIARA 2017 61   769  746  732  744  741  732  711  702  704  678  662
009HONIARA 2017 62   659  664  660  665  698  712  704  694  711  708  690
009HONIARA 2017 63   686  677  677  671  657  667  685  665
009HONIARA 2017 71   652  657  653  637  631  627  629  624  620  622  611
009HONIARA 2017 72   607  613  602  595  604  612  613  618  628  625  611
009HONIARA 2017 73   611  609  605  611  601  597  620  632  614
009HONIARA 2017 81   605  607  604  598  602  598  589  603  620  627  624
009HONIARA 2017 82   625  625  637  633  633  650  649  627  633  645  642
009HONIARA 2017 83   622  625  619  612  619  629  632  633  617
009HONIARA 2017 91   604  614  619  610  605  620  632  628  622  628  660
009HONIARA 2017 92   663  640  646  651  653  647  639  665  677  672  670
009HONIARA 2017 93   677  663 9999 9999 9999  671  668  684
009HONIARA 2017101   688  676  683  705  716  715  709  706  699  693  697
009HONIARA 2017102   682  700  735  738  711  722  725  713  703  702  700
009HONIARA 2017103   692  672  681  697 9999 9999 9999 9999 9999
009HONIARA 2017111  9999 9999 9999 9999 9999 9999 9999 9999 9999 9999 9999
009HONIARA 2017112  9999 9999 9999 9999 9999 9999 9999 9999 9999 9999 9999
009HONIARA 2017113  9999 9999 9999 9999 9999 9999 9999 9999
009HONIARA 2017121  9999 9999 9999 9999 9999 9999 9999 9999 9999 9999 9999
009HONIARA 2017122  9999 9999 9999 9999 9999 9999 9999 9999 9999 9999 9999
009HONIARA 2017123  9999 9999 9999 9999 9999 9999 9999 9999 9999
009HONIARA 2018 11  9999 9999 9999 9999 9999 9999 9999 9999 9999 9999 9999
009HONIARA 2018 12  9999 9999 9999 9999 9999 9999 9999 9999  790 9999 9999
009HONIARA 2018 13  9999  804  816  801 9999 9999 9999  827  835
009HONIARA 2018 21   832  830  828  804  822  819  785  781  771  777  789
009HONIARA 2018 22   782  774  761  738  749  762  765  759  758  758  765
009HONIARA 2018 23   740  754  772  780  786  773
009HONIARA 2018 31   777  788  797  802  808  807  815  816  797  798  767
009HONIARA 2018 32   721  747  779  784  774  783  792  802  799  792  806
009HONIARA 2018 33   801  792  774  768  792  797  787  787  786
009HONIARA 2018 41   789  786  780  790  793  793  787  788  805  807  819
009HONIARA 2018 42   838  840  833  840  860  864  848  826  817  815  822
009HONIARA 2018 43   811  788  798  824  815  807  804  798
009HONIARA 2018 51   765  745  746  739  721  726  756  789  790  773  783
009HONIARA 2018 52   820  827  824  825  829  840  828  808  818  824  815
009HONIARA 2018 53   823  842  834  823  814  812  809  799  784
009HONIARA 2018 61   776  770  763  769  774  755  748  759  775  774  763
009HONIARA 2018 62   770  767  744  737  744  755  760  761  768  770  768
009HONIARA 2018 63   766  753  737  743  732  713  719  741
009HONIARA 2018 71   737  733  747  760  740  745  761  762  754  754  751
009HONIARA 2018 72   733  757  769  759  762  762  755  740  717  720  731
009HONIARA 2018 73   728  713  708  703  690  679  693  727  731
009HONIARA 2018 81   719  720  725  740  740  740  755  762  758  747  750
009HONIARA 2018 82   762  747  734  735  718  706  700  708  714  711  714
009HONIARA 2018 83   718  695  696  715  717  706  706  709  722
009HONIARA 2018 91   727  723  726  732  731  730  747  752  736  725  726
009HONIARA 2018 92   737  738  726  722  750  763  739  735  754  756  756
009HONIARA 2018 93   761  759  758  765  751  716  699  677
009HONIARA 2018101   677  709  709  705  707  694  707  708  706  720  719
009HONIARA 2018102   727  722  728  735  741  752  759  778  784  790  804
009HONIARA 2018103   804  809  804  801  794  790  783  769  776
009HONIARA 2018111   782  790  794  807  815  793  787  794  782  778  775
009HONIARA 2018112   746  747  763  739  726  731  747  742  738  735  722
009HONIARA 2018113   709  712  729  733  748  769  757  746
009HONIARA 2018121   751  763  775  787  784  769  773  776  760  745  762
009HONIARA 2018122   784  792  784  780  784  778  752  736  738  755  764
009HONIARA 2018123   761  776  774  769  813  814  783  784  799
009HONIARA 2019 11   771  755  760  753  739  727  712  718  725  727  725
009HONIARA 2019 12   731  734  732  724  696  694  700  690  677  673  676
009HONIARA 2019 13   687  667  664  675  679  672  668  667  650
009HONIARA 2019 21   643  646  661  663  671  693  697  703  717  735  754
009HONIARA 2019 22   772  773  761  745  728  739  734  736  757  743  699
009HONIARA 2019 23   684  671  676  688  683  684
009HONIARA 2019 31   687  713  714  684  688  720  726  725  717  713  719
009HONIARA 2019 32   724  715  715  731  733  735  761  769  749  759  754
009HONIARA 2019 33   736  743  748  743  739  739  760  730  704
009HONIARA 2019 41   706  719  719  701  692  685  689  705  697  683  684
009HONIARA 2019 42   710  711  704  705  701  705  694  696  708  714  705
009HONIARA 2019 43   697  696  709  724  734  729  741  745
009HONIARA 2019 51   735  743  755  771  750  724  718  731  741  716  707
009HONIARA 2019 52   698  706  720  712  699  695  693  679  680  693  679
009HONIARA 2019 53   672  676  672  678  686  688  701  695  701
009HONIARA 2019 61   705  675  663  665  677  679  656  652  661  668  685
009HONIARA 2019 62   688  701  686  668  668  659  664  658  638  646  650
009HONIARA 2019 63   655  663  676  693  694  703  694  696
009HONIARA 2019 71   704  699  689  669  674  677  670  672  685  698  689
009HONIARA 2019 72   673  667  653  647  651  657  668  673  667  673  673
009HONIARA 2019 73   677  682  681  675  671  658  654  668  669
009HONIARA 2019 81   673  667  657  675  664  663  670  692  706  695  695
009HONIARA 2019 82   678  668  674  678  682  692  695  709  704  701  706
009HONIARA 2019 83   696  688  691  696  702  735  731  719  727
009HONIARA 2019 91   733  733  733  732  728  708  694  711  720  701  679
009HONIARA 2019 92   667  663  647  635  647  647  672  683  656  632  646
009HONIARA 2019 93   658  641  642  652  664  683  692  703
009HONIARA 2019101   699  683  688  698  680  697  719  712  694  712  727
009HONIARA 2019102   711  707  702  704  710  700  699  703  693  699  711
009HONIARA 2019103   708  727  737  744  753  745  733  726  713
009HONIARA 2019111   711  721  703  700  703  710  724  717  716  735  744
009HONIARA 2019112   743  718  710  735  718  695  696  725  746  767  774
009HONIARA 2019113   754  754  741  717  703  691  685  684
009HONIARA 2019121   695  707  699  718  733  741  752  726  705  716  724
009HONIARA 2019122   731  731  740  741  761  771  745  742  746  736  727
009HONIARA 2019123   725  712  708  692  672  674  673  679  686
009HONIARA 2020 11   687  695  694  713  734  724  703  693  692  709  726
009HONIARA 2020 12   742  745  726  727  711  708  694  653  622  613  606
009HONIARA 2020 13   609  624  632  655  651  625  630  648  644
009HONIARA 2020 21   628  624  623  647  663  647  650  673  684  664  662
009HONIARA 2020 22   666  679  672  681  686  651  634  643  640  609  598
009HONIARA 2020 23   614  610  619  645  639  636  640
009HONIARA 2020 31   634  636  641  635  633  646  663  657  648  654  662
009HONIARA 2020 32   635  631  663  659  645  638  641  657  664  675  692
009HONIARA 2020 33   697  713  725  730  750  752  757  775  773
009HONIARA 2020 41   771  808  809  799  792  804  803  779  767  753  748
009HONIARA 2020 42   749  748  752  761  762  768  799  827  834  838  833
009HONIARA 2020 43   827  838  840  863  864  844  846  849
009HONIARA 2020 51   857  867  878  877  878  874  866  841  823  832  804
009HONIARA 2020 52   811  845  832  831  847  834  825  831  845  844  829
009HONIARA 2020 53   809  798  796  795  791  796  809  830  835
009HONIARA 2020 61   847  846  851  828  817  816  796  792  781  775  783
009HONIARA 2020 62   793  787  770  787  801  781  770  756  739  743  733
009HONIARA 2020 63   725  725  741  768  768  768  749  754
009HONIARA 2020 71   775  757  730  730  727  720  728 9999 9999 9999 9999
009HONIARA 2020 72  9999 9999 9999 9999 9999 9999 9999  737  756  760  754
009HONIARA 2020 73   753  770  777  780  784  782  775  772  773
009HONIARA 2020 81   753  730  730  730  743  758  753  733  750  760  739
009HONIARA 2020 82   752  779  753  732  761  771  777  780  774  782  790
009HONIARA 2020 83   804  781  753  781  784  770  770  784  791
009HONIARA 2020 91   781  777  788  785  795  781  782  769  760  771  767
009HONIARA 2020 92   755  755  754  757  772  757  744  738  753  758  737
009HONIARA 2020 93   727  735  730  729  736  747  749  759
009HONIARA 2020101   759  749  749  768  761  730  753  778  777  761  766
009HONIARA 2020102   799  810  796  797  813  802  782  790  787  771  765
009HONIARA 2020103   781  798  805  809  811  815  801  793  780
009HONIARA 2020111   779  792  768  770  773  764  748  762  793  799  796
009HONIARA 2020112   790  784  798  800  786  791  787  772  752  751  758
009HONIARA 2020113   779  801  798  815  819  786  773  782
009HONIARA 2020121   791  783  770  767  776  809  818  826  846  858  846
009HONIARA 2020122   839  835  831  836  822  809  834  844  845  845  852
009HONIARA 2020123   855  842  838  852  845  838  860  867  854
009HONIARA 2021 11   857  877  894  903  906  922  935  913  896  912  929
009HONIARA 2021 12   913  909  913  917  927  926  919  913  895  886  890
009HONIARA 2021 13   889  877  886  909  927  911  908  936  952
009HONIARA 2021 21   959  980  961  938  945  946  931  935  931  918  913
009HONIARA 2021 22   921  939  936  928  927  923  888  875  879  893  907
009HONIARA 2021 23   906  904  902  904  898  903
009HONIARA 2021 31   931  932  912  887  902  897  875  884  904  911  907
009HONIARA 2021 32   920  932  919  915  906  913  925  922  913  900  892
009HONIARA 2021 33   901  924 9999 9999 9999 9999 9999 9999  963
009HONIARA 2021 41   949  919  916  937  936  918  916  931  934  944  932
009HONIARA 2021 42   915  909  915  907  900  894  891  883  882  883  898
009HONIARA 2021 43   900  888  882  889  878  865  856  838
009HONIARA 2021 51   817  808  831  852  842  836  834  852  857  849  832
009HONIARA 2021 52   820  833  830  825  820  820  825  836  854  855  868
009HONIARA 2021 53   853  814  803  804  772  759  757  746  760
009HONIARA 2021 61   778  778  769  785  803  802  799  776  761  764  765
009HONIARA 2021 62   764  772  795  797  782  816  834  820  796  789  790
009HONIARA 2021 63   773  763  743  757  766  752  757  775
