014FRENCH F      LAT=23 52.0N  LONG=166 17.4W
014FRENCH F2007 51  9999 9999 9999 9999 9999 9999 9999 9999 9999 9999 9999
014FRENCH F2007 52  9999 9999 9999 9999 9999 9999 9999 9999 9999 9999 9999
014FRENCH F2007 53  9999 9999 9999 9999  660  655  654  665  672
014FRENCH F2007 61   678  681  668  661  667  679  709  732  763  784  798
014FRENCH F2007 62   818  824  827  838  848  856  833  811  797  791  788
014FRENCH F2007 63   787  788  793  810  798  768  756  754
014FRENCH F2007 71   777  798  791  795  793  789  783  785  803  801  782
014FRENCH F2007 72   763  750  753  763  782  798  796  775  773  772  767
014FRENCH F2007 73   766  776  787  793  791  778  776  778  789
014FRENCH F2007 81   807  815  812  823  830  823  814  817  813  813  808
014FRENCH F2007 82   795  818  834  834  832  827  822  824  837  847  843
014FRENCH F2007 83   841  828  818  810  806  803  797  790  782
014FRENCH F2007 91   771  772  777  792  798  790  780  764  758  768  780
014FRENCH F2007 92   781  782  798  811  801  790  793  794  805  832  834
014FRENCH F2007 93   803  789  793  802  820  827  833  827
014FRENCH F2007101   827  845  862  848  836  831  839  840  839  849  842
014FRENCH F2007102   834  834  839  837  843  856  859  867  870  871  852
014FRENCH F2007103   835  833  842  857  869  864  844  831  831
014FRENCH F2007111   837  851  842  840  858  871  859  828  814  834  834
014FRENCH F2007112   801  784  795  815  827  824  812  804  789  792  782
014FRENCH F2007113   793  782  793  840  846  841  867  858
014FRENCH F2007121   849  839  856  929  867  815  815  819  790  755  770
014FRENCH F2007122   787  776  777  774  770  763  766  776  786  777  778
014FRENCH F2007123   800  806  804  803  818  828  821  777  743
014FRENCH F2008 11   746  760  776  794  811  811  817  827  825  827  816
014FRENCH F2008 12   798  777  762  771  775  792  804  783  766  757  762
014FRENCH F2008 13   759  754  749  745  721  711  723  730  728
014FRENCH F2008 21   730  736  740  728  725  741  739  728  727  731  753
014FRENCH F2008 22   773  758  764  759  767  764  757  760  754  757  764
014FRENCH F2008 23   783  745  726  739  730  717  758
014FRENCH F2008 31   789  784  776  748  738  752  782  794  800  806  762
014FRENCH F2008 32   738  748  766  765  763  777  759  747  760  767  769
014FRENCH F2008 33   782  776  765  751  742  731  730  731  730
014FRENCH F2008 41   716  716  728  752  774  783  790  790  792  775  756
014FRENCH F2008 42   747  761  780  810  810  769  734  727  730  708  687
014FRENCH F2008 43   703  728  721  708  711  724  718  702
014FRENCH F2008 51   700  709  716  721  732  731  713  692  688  696  697
014FRENCH F2008 52   705  723  745  745  731  720  709  697  704  722  707
014FRENCH F2008 53   671  671  691  697  689  690  690  680  670
014FRENCH F2008 61   666  664  664  669  672  672  679  674  665  672  684
014FRENCH F2008 62   679  667  663  657  648  656  640  600  583  586  584
014FRENCH F2008 63   580  586  609  637  647  643  623  610
014FRENCH F2008 71   614  632  651  647  652  659  660  663  666  657  645
014FRENCH F2008 72   641  639  638  648  653  653  656  636  630  655  686
014FRENCH F2008 73   697  689  680  686  675  661  655  635  630
014FRENCH F2008 81   644  654  655  666  691  702  691  677  660  654  649
014FRENCH F2008 82   660  669  663  657  645  641  651  666  664  665  660
014FRENCH F2008 83   650  655  666  674  678  687  699  702  693
014FRENCH F2008 91   695  715  723  733  733  723  725  728  725  720  726
014FRENCH F2008 92   733  741  763  769  753  753  764  767  766  748  741
014FRENCH F2008 93   750  750  748  770  787  776  768  774
014FRENCH F2008101   780  783  781  789  787  771  763  768  760  747  749
014FRENCH F2008102   771  774  787  824  822  771  752  753  756  764  777
014FRENCH F2008103   785  788  783  776  760  726  739  748  720
014FRENCH F2008111   713  714  724  729  738  763  773  770  781  792  786
014FRENCH F2008112   791  804  787  747  696  678  675  687  722  762  769
014FRENCH F2008113   742  737  727  729  746  731  710  756
014FRENCH F2008121   790  864  875  799  756  772  773  741  736  787  813
014FRENCH F2008122   787  747  719  712  727  752  810  870  828  777  776
014FRENCH F2008123   793  754  695  674  676  666  675  716  744
014FRENCH F2009 11   753  747  731  768  791  761  751  766  787  817  771
014FRENCH F2009 12   757  775  812  869  834  758  738  742  702  671  669
014FRENCH F2009 13   712  744  686  641  655  657  642  650  645
014FRENCH F2009 21   619  604  613  620  651  677  664  661  671  691  699
014FRENCH F2009 22   677  644  620  605  611  611  609  603  593  586  603
014FRENCH F2009 23   619  618  626  617  614  593
014FRENCH F2009 31   576  591  608  618  602  590  590  579  572  569  551
014FRENCH F2009 32   535  558  607  619  588  577  568  548  548  568  600
014FRENCH F2009 33   611  620  655  664  648  631  624  632  631
014FRENCH F2009 41   623  613  614  616  620  608  600  599  599  603  602
014FRENCH F2009 42   607  598  588  611  640  646  653  657  640  631  628
014FRENCH F2009 43   617  605  605  603  604  596  585  583
014FRENCH F2009 51   599  633  670  669  657  652  649  644  640  645  644
014FRENCH F2009 52   626  625  644  658  627  606  613  628  646  639  627
014FRENCH F2009 53   627  628  614  607  609  611  619  630  635
014FRENCH F2009 61   645  668  675  647  615  596  593  596  588  588  587
014FRENCH F2009 62  9999 9999 9999 9999 9999 9999 9999 9999 9999 9999 9999
014FRENCH F2009 63  9999 9999 9999 9999 9999 9999 9999 9999
014FRENCH F2009 71  9999 9999 9999 9999 9999 9999 9999 9999 9999 9999 9999
014FRENCH F2009 72  9999 9999 9999 9999 9999 9999 9999 9999 9999 9999 9999
014FRENCH F2009 73  9999 9999 9999 9999 9999 9999 9999 9999 9999
014FRENCH F2009 81  9999 9999 9999 9999 9999 9999 9999 9999 9999 9999 9999
014FRENCH F2009 82  9999 9999 9999 9999 9999 9999 9999 9999 9999 9999 9999
014FRENCH F2009 83  9999 9999 9999 9999 9999 9999 9999 9999 9999
014FRENCH F2009 91  9999 9999 9999 9999 9999 9999 9999 9999 9999 9999 9999
014FRENCH F2009 92  9999 9999 9999 9999 9999 9999 9999 9999 9999 9999 9999
014FRENCH F2009 93  9999 9999 9999 9999 9999 9999 9999 9999
014FRENCH F2009101  9999 9999 9999 9999 9999 9999 9999 9999 9999 9999 9999
014FRENCH F2009102  9999 9999 9999 9999 9999 9999 9999 9999 9999 9999 9999
014FRENCH F2009103  9999 9999 9999 9999 9999 9999 9999 9999 9999
014FRENCH F2009111  9999 9999 9999 9999 9999 9999 9999 9999 9999 9999 9999
014FRENCH F2009112  9999 9999 9999 9999 9999 9999 9999 9999 9999 9999 9999
014FRENCH F2009113  9999 9999 9999 9999 9999 9999 9999 9999
014FRENCH F2009121  9999 9999 9999 9999 9999 9999 9999 9999 9999 9999 9999
014FRENCH F2009122  9999 9999 9999 9999 9999 9999 9999 9999 9999 9999 9999
014FRENCH F2009123  9999 9999 9999 9999 9999 9999 9999 9999 9999
014FRENCH F2010 11  9999 9999 9999 9999 9999 9999 9999 9999 9999 9999 9999
014FRENCH F2010 12  9999 9999 9999 9999 9999 9999 9999 9999 9999 9999 9999
014FRENCH F2010 13  9999 9999 9999 9999 9999 9999 9999 9999 9999
014FRENCH F2010 21  9999 9999 9999 9999 9999 9999 9999 9999 9999 9999 9999
014FRENCH F2010 22  9999 9999 9999 9999 9999 9999 9999 9999 9999 9999 9999
014FRENCH F2010 23  9999 9999 9999 9999 9999  662
014FRENCH F2010 31   698  706  702  709  722  719  695  671  667  668  680
014FRENCH F2010 32   710  727  723  715  706  696  682  699  719  735  720
014FRENCH F2010 33   693  669  669  663  651  657  669  690  683
014FRENCH F2010 41   641  603  563  556  571  603  609  583  556  542  530
014FRENCH F2010 42   518  493  455  424  414  425  446  468  477  477  469
014FRENCH F2010 43   471  475  462  452  443  450  472  474
014FRENCH F2010 51   464  457  485 9999 9999 9999 9999 9999 9999 9999 9999
014FRENCH F2010 52  9999 9999 9999 9999 9999 9999 9999 9999 9999 9999 9999
014FRENCH F2010 53  9999 9999 9999 9999 9999 9999 9999 9999 9999
014FRENCH F2010 61  9999 9999 9999 9999 9999 9999 9999 9999 9999 9999 9999
014FRENCH F2010 62  9999 9999 9999 9999 9999 9999 9999 9999 9999 9999 9999
014FRENCH F2010 63  9999 9999 9999 9999 9999 9999 9999 9999
014FRENCH F2010 71  9999 9999 9999  584  581  580  586  598  599  593  598
014FRENCH F2010 72   605  612  614  605  596  590  588  589  589  585  572
014FRENCH F2010 73   566  568  566  558  559  578  601  618  627
014FRENCH F2010 81   633  638  641  646  649  664  683  695  692  688  695
014FRENCH F2010 82   689  685  684  680  667  661  679  684  661  652  652
014FRENCH F2010 83   651  654  657  665  672  672  672  658  638
014FRENCH F2010 91   618  599  586  579  584  605  625  620  613  629  651
014FRENCH F2010 92   658  654  649  649  658  660  670  682  686  688  700
014FRENCH F2010 93   714  712  715  741  774  788  779  778
014FRENCH F2010101   777  764  765  779  783  778  790  799  806  822  832
014FRENCH F2010102   820  802  805  798  790  784  783  780  786  790  781
014FRENCH F2010103   787  803  808  808  798  805  806  804  812
014FRENCH F2010111   831  825  776  766  793  811  819  833  839  836  839
014FRENCH F2010112   841  849  884  918  919  893  885  868  858  853  841
014FRENCH F2010113   834  833  836  858  891  913  919  909
014FRENCH F2010121   905  899  886  870  847  852  870  900  924  896  862
014FRENCH F2010122   876  903  899  875  868  869  894  914  894  873  851
014FRENCH F2010123   818  787  803  836  824  812  817  768  744
014FRENCH F2011 11   734  729  712  706  697  678  670  684  720  705  720
014FRENCH F2011 12   787  779  810  758  692  701  735  762  757  734  701
014FRENCH F2011 13   679  693  689  668  655  669  704  677  660
014FRENCH F2011 21   676  727  779  760  739  760  724  735  767  760  727
014FRENCH F2011 22   761  754  746  758  784  799  738  707  750  769  719
014FRENCH F2011 23   708  712  729  735  729  718
014FRENCH F2011 31   709  739  785  772  740  729  717  701  695  699  693
014FRENCH F2011 32   705  720  747  763  754  733  692  687  692  684  668
014FRENCH F2011 33   653  647  683  698  682  674  688  696  705
014FRENCH F2011 41   702  687  663  646  631  644  642  628  626  654  682
014FRENCH F2011 42   686  691  701  697  673  637  615  614  614  612  604
014FRENCH F2011 43   611  618  619  594  577  588  598  613
014FRENCH F2011 51   628  628  626  622  613  611  637  650  660  671  669
014FRENCH F2011 52   674  685  685  681  694  724  733  713  708  709  700
014FRENCH F2011 53   692  699  707  700  707  714  709  704  686
014FRENCH F2011 61   683  676  658  657  677  695  699  697  709  716  707
014FRENCH F2011 62   701  695  680  669  670  682  717  696 9999 9999 9999
014FRENCH F2011 63  9999 9999 9999 9999 9999 9999 9999 9999
014FRENCH F2011 71  9999 9999 9999 9999 9999 9999 9999 9999 9999 9999 9999
014FRENCH F2011 72  9999 9999 9999 9999 9999 9999 9999  747  762  779  778
014FRENCH F2011 73   773  768  763  763  760  775  789  779  788
014FRENCH F2011 81   779  773  802  817  807  793  777  762  750  752  765
014FRENCH F2011 82   777  773  763  757  753  749  762  780  779  772  773
014FRENCH F2011 83   777  781  773  765  768  795  821  840  847
014FRENCH F2011 91   842  836  846  860  855  855  870  896  901  896  898
014FRENCH F2011 92   908  910  891  882  884  902  896  887  896  896  894
014FRENCH F2011 93   906  895  890  895  881  864  859  854
014FRENCH F2011101   846  847  841  844  841  837  835  853  862  850  866
014FRENCH F2011102   881  871  838  837  844  839  831  824  828  845  848
014FRENCH F2011103   875  889  878  863  838  846  877  893  908
014FRENCH F2011111   862  842  834  819  813  822  825  802  785  792  800
014FRENCH F2011112   806  796  786  779  785  784  782  759  744  748  736
014FRENCH F2011113   733  734  693  676  693  696  728  723
014FRENCH F2011121   699  701  728  726  698  698  695  686  657  632  631
014FRENCH F2011122   646  664  674  680  681  678  672  675  692  688  683
014FRENCH F2011123   685  691  681  674  694  725  739  727  705
014FRENCH F2012 11   718  740  750  756  740  734  742  757  740  733  737
014FRENCH F2012 12   730  730  782  857  858  771  730  727  704  705  737
014FRENCH F2012 13   764  768  789  789  733  713  714  746  759
014FRENCH F2012 21   730  736  748  759  767  791  790  734  698  694  707
014FRENCH F2012 22   714  727  744  741  724  698  687  715  743  765  760
014FRENCH F2012 23   746  727  729  761  759  749  742
014FRENCH F2012 31   730  710  673  648  656  648  618  600  600  642  668
014FRENCH F2012 32   636  613  607  625  653  669  673  687  699 9999 9999
014FRENCH F2012 33  9999  650  629  624  625  637  635  646  694
014FRENCH F2012 41   697  685  695  696  688  687  656  629  623  626  652
014FRENCH F2012 42   672  658  658  649  648  654  662  669  661  661  668
014FRENCH F2012 43   677  690  687  703  735  761  746  719
014FRENCH F2012 51   706  685  676  683  694  674  662  654  648  636  635
014FRENCH F2012 52   648  657  657  655  666  680  679  670  670  681  701
014FRENCH F2012 53  9999 9999  716  711  688  687  699  700  692
014FRENCH F2012 61   679  661  636  636  645  664  693  699  688  683 9999
014FRENCH F2012 62  9999 9999 9999 9999 9999 9999 9999 9999  685 9999 9999
014FRENCH F2012 63  9999 9999  689  683  665 9999 9999 9999
014FRENCH F2012 71   685 9999 9999 9999 9999 9999 9999 9999 9999  698  713
014FRENCH F2012 72   730  738  755  762  746  743  755  755  747  754  776
014FRENCH F2012 73   761  739  729  741  737  729  727 9999 9999
014FRENCH F2012 81  9999 9999 9999  777 9999 9999 9999 9999 9999 9999 9999
014FRENCH F2012 82  9999 9999  770  767  746  729  734  748  773  773  767
014FRENCH F2012 83   760  759  765  747  745  756  770  789 9999
014FRENCH F2012 91  9999 9999 9999 9999  823  826  844  840 9999 9999 9999
014FRENCH F2012 92  9999 9999 9999 9999  861  846  865  872  856  850  861
014FRENCH F2012 93   864 9999 9999 9999 9999 9999 9999 9999
014FRENCH F2012101  9999 9999  892  869  862  852 9999 9999 9999  881  835
014FRENCH F2012102   831  835  822  823  842  879  905 9999 9999 9999 9999
014FRENCH F2012103   830  811  821  825  801  774  764  764  760
014FRENCH F2012111   775  832  866 9999 9999  803  809  813  781  782  798
014FRENCH F2012112   802  781  776  809  819 9999 9999  832  837  859  893
014FRENCH F2012113   887  859  831  819  796  809  843  884
014FRENCH F2012121   890  877  863 9999 9999  849 9999 9999 9999 9999 9999
014FRENCH F2012122  9999  765  791  784  778  805  829  834  818  797  800
014FRENCH F2012123   827 9999 9999 9999 9999 9999 9999 9999 9999
014FRENCH F2013 11  9999 9999 9999 9999 9999 9999 9999 9999 9999 9999 9999
014FRENCH F2013 12  9999 9999 9999 9999 9999 9999 9999 9999 9999 9999 9999
014FRENCH F2013 13  9999 9999 9999 9999 9999 9999 9999 9999 9999
014FRENCH F2013 21  9999 9999 9999 9999 9999 9999 9999 9999 9999 9999 9999
014FRENCH F2013 22  9999 9999 9999 9999 9999 9999 9999 9999 9999 9999 9999
014FRENCH F2013 23  9999 9999 9999 9999 9999 9999
014FRENCH F2013 31  9999 9999 9999 9999 9999 9999 9999 9999 9999 9999 9999
014FRENCH F2013 32  9999 9999 9999 9999 9999 9999 9999 9999 9999 9999 9999
014FRENCH F2013 33  9999  836  834  819  805  806  822  815  812
014FRENCH F2013 41   822  828  832  861  902  926  931  917  910  919  948
014FRENCH F2013 42   938  903  875  858  851  854  846  825  830  823  817
014FRENCH F2013 43   824  819  817  836  885  917  910  873
014FRENCH F2013 51   867  873  839  830  842  858  863  849  830  817  806
014FRENCH F2013 52   803  814  829  836  821  807  818  823  832  855  867
014FRENCH F2013 53   862  852  835  821  829  839  843  840  846
014FRENCH F2013 61   840  826  835  843  838  822  811  824  829  809  790
014FRENCH F2013 62   785  784  783  776  773  776  781  782  788  784  776
014FRENCH F2013 63   760  756  763  762  765  786  801  800
014FRENCH F2013 71   793  785  789  794  792  774  757 9999 9999 9999 9999
014FRENCH F2013 72  9999 9999 9999 9999 9999  821  815  805  799  799  802
014FRENCH F2013 73   798  791  802  828  838  832  843  854  857
014FRENCH F2013 81   827  816  821  828  834  827  821  817  815  822  824
014FRENCH F2013 82   821 9999 9999 9999  858  860  863  865  864  883  894
014FRENCH F2013 83   886  878  874  880  870  853  858  873  864
014FRENCH F2013 91   851  853  863  863  872  874  862  852  848  860  869
014FRENCH F2013 92   859  860  871  890  882  861  860  870  868  880  882
014FRENCH F2013 93   870  873  860  844  861  854  848  852
014FRENCH F2013101   854  866  875  863  842  833  828  825  816  801  809
014FRENCH F2013102   806  793  794  803  810 9999 9999 9999 9999 9999 9999
014FRENCH F2013103  9999 9999 9999 9999 9999 9999 9999 9999 9999
014FRENCH F2013111  9999 9999 9999 9999 9999 9999 9999 9999 9999 9999 9999
014FRENCH F2013112  9999 9999 9999 9999 9999 9999 9999 9999 9999 9999 9999
014FRENCH F2013113  9999 9999 9999 9999 9999 9999 9999 9999
014FRENCH F2013121  9999 9999 9999 9999 9999 9999 9999 9999 9999 9999 9999
014FRENCH F2013122  9999 9999 9999 9999 9999 9999 9999 9999 9999 9999 9999
014FRENCH F2013123  9999 9999 9999 9999 9999 9999 9999 9999 9999
014FRENCH F2014 11  9999 9999 9999 9999 9999 9999 9999 9999 9999 9999 9999
014FRENCH F2014 12  9999 9999 9999 9999 9999 9999 9999 9999 9999 9999 9999
014FRENCH F2014 13  9999 9999 9999 9999 9999 9999 9999 9999 9999
014FRENCH F2014 21  9999 9999 9999 9999 9999 9999 9999 9999 9999 9999 9999
014FRENCH F2014 22  9999 9999 9999 9999 9999 9999 9999 9999 9999 9999 9999
014FRENCH F2014 23  9999 9999 9999 9999 9999 9999
014FRENCH F2014 31  9999 9999 9999 9999 9999 9999 9999 9999 9999 9999 9999
014FRENCH F2014 32  9999 9999 9999 9999 9999 9999 9999 9999 9999 9999 9999
014FRENCH F2014 33  9999 9999 9999 9999 9999 9999 9999 9999 9999
014FRENCH F2014 41  9999 9999 9999 9999 9999 9999 9999 9999 9999 9999 9999
014FRENCH F2014 42  9999 9999 9999 9999 9999 9999 9999 9999 9999 9999 9999
014FRENCH F2014 43  9999 9999 9999 9999 9999 9999 9999 9999
014FRENCH F2014 51  9999 9999 9999 9999 9999 9999 9999 9999 9999 9999 9999
014FRENCH F2014 52  9999 9999 9999 9999 9999 9999 9999 9999 9999 9999 9999
014FRENCH F2014 53  9999 9999 9999 9999 9999 9999 9999 9999 9999
014FRENCH F2014 61  9999 9999 9999 9999 9999 9999 9999 9999 9999 9999 9999
014FRENCH F2014 62  9999 9999 9999 9999 9999 9999 9999 9999 9999 9999 9999
014FRENCH F2014 63  9999 9999 9999 9999 9999 9999 9999 9999
014FRENCH F2014 71  9999 9999 9999 9999 9999 9999 9999 9999 9999 9999 9999
014FRENCH F2014 72  9999 9999 9999 9999 9999 9999 9999 9999 9999 9999 9999
014FRENCH F2014 73   804  798  803  806  800  788  773  760  774
014FRENCH F2014 81   792  799  813  820  805  790  793  817  837  839  826
014FRENCH F2014 82   811  823  840  852  854  842  830  828  831  820  801
014FRENCH F2014 83   791  792  780  763  758  762  766  772  785
014FRENCH F2014 91   784  773  758  763  788  802  804  812  822  825  821
014FRENCH F2014 92   804  795  794  795  786  773  759  756  760  751  738
014FRENCH F2014 93   725  733  743  740  734  738  756  769
014FRENCH F2014101   775  779  785  789  794  806  814  814  812  801  794
014FRENCH F2014102   781  758  761  776  779  783  778  776  779  789  850
014FRENCH F2014103   823  752  730  720  713  726  729  726  728
014FRENCH F2014111   732  738  752  754  733  738  741  746  754  749  759
014FRENCH F2014112   776  819  835  799  777  774  770  782  799  815  832
014FRENCH F2014113   834  813  790  763  779  804  814  809
014FRENCH F2014121   790  787  772  758  747  731  747  779  782  752  750
014FRENCH F2014122   740  711  713  731  746  746  748  767  787  776  726
014FRENCH F2014123   696  729  764  764  751  736  757  765  759
014FRENCH F2015 11   781  815  772  748  732  733  770  807  827  826  829
014FRENCH F2015 12   842  856  886  873  811  789  804  845  872  903  913
014FRENCH F2015 13   902  843  781  779  800  812  812  812  808
014FRENCH F2015 21   817  888  895  824  774  759  760  831  860  828  803
014FRENCH F2015 22   812  883  823  768  749  728  758  790  760  745  769
014FRENCH F2015 23   761  740  720  706  681  662
014FRENCH F2015 31   657  647  635  621  609  606  612  632  639  650  674
014FRENCH F2015 32   668  631  607  615  640  661  656  624  616  637  657
014FRENCH F2015 33   672  669  645  646  652  655  647  640  634
014FRENCH F2015 41   637  665  670  658  656  665  668  665  663  658  657
014FRENCH F2015 42   643  640  653  658  649  664  682  687  689  710  744
014FRENCH F2015 43   740  731  700  664  629  626  636  639
014FRENCH F2015 51   638  643  644  648  656  648  636  638  644  627  618
014FRENCH F2015 52   633  647  648  657  667  666  657  665  686  692  683
014FRENCH F2015 53   673  646  635  644  670  704  718  719  730
014FRENCH F2015 61   738  720  703  711  732  745  743  737  727  717  715
014FRENCH F2015 62   711  703  696  694  686  675  670  661  656  664  681
014FRENCH F2015 63   693  680  681  688  690  692  699  709
014FRENCH F2015 71   732  751  757  751  742  734  732  741  742  745  748
014FRENCH F2015 72   743  757  779  762  760  755  741  736  753  773  787
014FRENCH F2015 73   797  813  814  822  839  847  840  844  846
014FRENCH F2015 81   840  851  860  866  870  866  857  869  874  855  843
014FRENCH F2015 82   851  855  847  844  845 9999 9999 9999 9999 9999 9999
014FRENCH F2015 83  9999 9999 9999 9999 9999 9999 9999 9999 9999
014FRENCH F2015 91  9999 9999 9999 9999 9999 9999 9999 9999 9999 9999 9999
014FRENCH F2015 92  9999 9999 9999 9999 9999 9999 9999 9999  831  826  800
014FRENCH F2015 93   772  763  771  772  762  772  774  767
014FRENCH F2015101   771  784  794  793  774  748  739  738  730  741  750
014FRENCH F2015102   740  719  696  683  680  674  669  654  652  667  669
014FRENCH F2015103   673  686  694  696  713  725  723  727  715
014FRENCH F2015111   706  686  668  664  669  669  672  684  685  691  702
014FRENCH F2015112   697  688  685  716  777  795  786  763  748  754  763
014FRENCH F2015113   768  733  696  711  736  746  753  736
014FRENCH F2015121   731  736  736  722  740  767  758  761  754  763  766
014FRENCH F2015122   738  719  716  728  741  744  737  733  727  735  762
014FRENCH F2015123   769  745  709  707  743  754  741  739  737
014FRENCH F2016 11   709  717  728  724  729  755  760  773  787  798  808
014FRENCH F2016 12   802  805  825  855  858  842  830  813  799  770  767
014FRENCH F2016 13   791  802  811  844  903  864  796  783  776
014FRENCH F2016 21   795  808  827  838  849  819  773  798  827  857  856
014FRENCH F2016 22   831  833  788  711  677  665  681  691  709  726  719
014FRENCH F2016 23   683  708  746  709  689  698  685
014FRENCH F2016 31   700  673  657  664  675  717  725  647  576  569  593
014FRENCH F2016 32   613  642  655  632  577  565  596  641  692  730  744
014FRENCH F2016 33   733  695  655  656  686  721  763  778  765
014FRENCH F2016 41   756  733  738  762  721  685  715  736  747  760  763
014FRENCH F2016 42   789  792  797  803  788  777  779  780  796  812  833
014FRENCH F2016 43   836  818  794  763  724  701  703  709
014FRENCH F2016 51   717  728  742  765  788  778  744  712  688  684  684
014FRENCH F2016 52   703  738  761  782  772  778  783  771  737  715  709
014FRENCH F2016 53   702  694  711  718 9999 9999 9999  711  710
014FRENCH F2016 61   706 9999 9999 9999  768  776  773  782  789  800  799
014FRENCH F2016 62   802  809  800  796  795  785  767  770  772  754  732
014FRENCH F2016 63   722  720  720  724  745  753  752  762
014FRENCH F2016 71   771  776  781  790  804  800  796  787  797  811  815
014FRENCH F2016 72   813  816  806  803  791  769  753  754  798  779  755
014FRENCH F2016 73   778  785  800  817  822  821  802  796  795
014FRENCH F2016 81   782  780  786  775  766  769  773  777  791  791 9999
014FRENCH F2016 82  9999  767  767  766  768  764  762 9999 9999 9999  772
014FRENCH F2016 83  9999 9999 9999 9999 9999 9999 9999 9999 9999
014FRENCH F2016 91   809  810  828  847 9999 9999 9999 9999 9999 9999 9999
014FRENCH F2016 92  9999 9999 9999 9999  874 9999 9999 9999 9999 9999 9999
014FRENCH F2016 93  9999 9999 9999 9999 9999 9999 9999 9999
014FRENCH F2016101  9999 9999 9999 9999 9999 9999 9999 9999 9999 9999 9999
014FRENCH F2016102  9999 9999 9999 9999 9999 9999 9999 9999 9999 9999 9999
014FRENCH F2016103  9999 9999 9999 9999 9999 9999 9999 9999 9999
014FRENCH F2016111  9999 9999 9999 9999 9999 9999 9999 9999 9999 9999 9999
014FRENCH F2016112  9999 9999 9999 9999 9999 9999 9999 9999 9999 9999 9999
014FRENCH F2016113  9999 9999 9999 9999 9999 9999 9999 9999
014FRENCH F2016121  9999 9999 9999 9999 9999 9999 9999 9999 9999 9999 9999
014FRENCH F2016122  9999 9999 9999 9999 9999 9999 9999 9999 9999 9999 9999
014FRENCH F2016123  9999 9999 9999 9999 9999 9999 9999 9999 9999
014FRENCH F2017 11  9999 9999 9999 9999 9999 9999 9999 9999 9999 9999 9999
014FRENCH F2017 12  9999 9999 9999 9999 9999 9999 9999 9999 9999 9999 9999
014FRENCH F2017 13  9999 9999 9999 9999 9999 9999 9999 9999 9999
014FRENCH F2017 21  9999 9999 9999 9999 9999 9999 9999 9999 9999 9999 9999
014FRENCH F2017 22  9999 9999 9999 9999 9999 9999 9999 9999 9999 9999 9999
014FRENCH F2017 23  9999 9999 9999 9999 9999 9999
014FRENCH F2017 31  9999 9999 9999 9999 9999 9999 9999 9999 9999 9999 9999
014FRENCH F2017 32  9999 9999 9999 9999 9999 9999 9999 9999 9999 9999 9999
014FRENCH F2017 33  9999 9999 9999 9999 9999 9999 9999 9999 9999
014FRENCH F2017 41  9999 9999 9999 9999 9999 9999 9999 9999 9999 9999 9999
014FRENCH F2017 42   927  912  916  910  889  868  876  909  918  916  912
014FRENCH F2017 43   917  931  939  926  907  893  907  935
014FRENCH F2017 51   936  919  904  895  888  868  858  822  800  788  765
014FRENCH F2017 52   753  727  711  714  734  773  812  826  841  838  838
014FRENCH F2017 53   859  873  858  831  824  829  821  801  784
014FRENCH F2017 61   767  746  724  714  702  683  685  704  721  723  721
014FRENCH F2017 62   719  719  722  733  747  759  781  801  814  814  809
014FRENCH F2017 63   819  828  842  875  903  908  920  942
014FRENCH F2017 71   960  960  936  937  948  959  969  979  988  990  983
014FRENCH F2017 72   975  945  919  911  912  905  900  898  892  883  885
014FRENCH F2017 73   900  914  918  919  902  897  907  914  899
014FRENCH F2017 81   871  862  866  866  861  858  856  844  848  865  883
014FRENCH F2017 82   911  941  957  957  945  923  903  895  889  883  882
014FRENCH F2017 83   870  843  832  848  865  868  864  868  879
014FRENCH F2017 91   883  887  899  889  861  857  870  876  883  880  880
014FRENCH F2017 92   885  877  857  845  846  834  828  838  842  845  841
014FRENCH F2017 93   829  823  821  816  811  820  842  878
014FRENCH F2017101   873  852  875  892  871  853  874  897  900  894  897
014FRENCH F2017102   901  906  906  904  890  875  889  915  928  921  952
014FRENCH F2017103   975  952  936  923  947  949  947  974  994
014FRENCH F2017111   985  962  941  928  931  941  937  918  920  947  949
014FRENCH F2017112   941  940  938  917  885  878  882  872  861  842  835
014FRENCH F2017113   838  827  824  838  849  844  856  884
014FRENCH F2017121   881  861  849  846  830  840  861  879  871  872  892
014FRENCH F2017122   905  902  868  870  887  903  895  838  802  809  821
014FRENCH F2017123   837  840  869  917  876  830  820  815  820
014FRENCH F2018 11   820  812  794  784  786  785  783  792  795  785  793
014FRENCH F2018 12   815  844  852  825  805  810  856  864  845  849  872
014FRENCH F2018 13   895  898  905  922  915  916  946  969  973
014FRENCH F2018 21  1029 1042 1029  977  904  911  909  867  868  889  893
014FRENCH F2018 22   881  887  891  877  863  846  837  849  865  875  880
014FRENCH F2018 23   882  889  895  863  855  900
014FRENCH F2018 31   957  944  924  902  887  892  881  862  841  819  804
014FRENCH F2018 32   829  865  901  915  886  871  897  931  918  895  899
014FRENCH F2018 33   882  858  846  848  840  821  819  839  838
014FRENCH F2018 41   839  855  864  886  835  773  771  764  772  772  783
014FRENCH F2018 42   793  788  812  819  813  809  818  821  811  799  792
014FRENCH F2018 43   793  792  790  799  799  802  834  839
014FRENCH F2018 51   816  802  788  793  791  772  766  762  769  776  764
014FRENCH F2018 52   756  749  743  741  737  733  723  707  707  707  692
014FRENCH F2018 53   676  672  664  651  652  664  676  684  664
014FRENCH F2018 61   631  651  663  632  620  626  640  659  672  681  696
014FRENCH F2018 62   729  759  777  771  752  744  740  752  768  777  779
014FRENCH F2018 63   778  772  762  757  755  763  773  779
014FRENCH F2018 71   778  779  781  793  809  818  818  826  838  845  847
014FRENCH F2018 72   849  862  876  877  884  888  901  919  940  938  926
014FRENCH F2018 73   923  920  908  904  900  897  909  916  917
014FRENCH F2018 81   912  898  891  894  906  911  919  927  932  942  953
014FRENCH F2018 82   945  933  930  933  924  915  917  918  911  917  925
014FRENCH F2018 83   924  926  929  935  937  949  990  952  914
014FRENCH F2018 91   925  941  949  953  943  926  932  935  934  941  934
014FRENCH F2018 92   930  937  944  936  921  915  926  942  945  954 1003
014FRENCH F2018 93  1013  971  965  939  904  887  889  911
014FRENCH F2018101   962  991 1010 9999 9999 9999 9999 9999 9999 9999 9999
014FRENCH F2018102  9999 9999 9999 9999 9999 9999 9999 9999 9999 9999 9999
014FRENCH F2018103  9999 9999 9999 9999 9999 9999 9999 9999 9999
014FRENCH F2018111  9999 9999 9999 9999 9999 9999 9999 9999 9999 9999 9999
014FRENCH F2018112  9999 9999 9999 9999 9999 9999 9999 9999 9999 9999 9999
014FRENCH F2018113  9999 9999 9999 9999 9999 9999 9999 9999
014FRENCH F2018121  9999 9999 9999 9999 9999 9999 9999 9999 9999 9999 9999
014FRENCH F2018122  9999 9999 9999 9999 9999 9999 9999 9999 9999 9999 9999
014FRENCH F2018123  9999 9999 9999 9999 9999 9999 9999 9999 9999
014FRENCH F2019 11  9999 9999 9999 9999 9999 9999 9999 9999 9999 9999 9999
014FRENCH F2019 12  9999 9999 9999 9999 9999 9999 9999 9999 9999 9999 9999
014FRENCH F2019 13  9999 9999 9999 9999 9999 9999 9999 9999 9999
014FRENCH F2019 21  9999 9999 9999 9999 9999 9999 9999 9999 9999 9999 9999
014FRENCH F2019 22  9999 9999 9999 9999 9999 9999 9999 9999 9999 9999 9999
014FRENCH F2019 23  9999 9999 9999 9999 9999 9999
014FRENCH F2019 31  9999 9999 9999 9999 9999 9999 9999 9999 9999 9999 9999
014FRENCH F2019 32  9999 9999 9999 9999 9999 9999 9999 9999 9999 9999 9999
014FRENCH F2019 33  9999 9999 9999 9999 9999 9999 9999 9999 9999
014FRENCH F2019 41  9999 9999 9999 9999 9999 9999 9999 9999 9999 9999 9999
014FRENCH F2019 42  9999 9999 9999 9999 9999 9999 9999 9999 9999 9999 9999
014FRENCH F2019 43  9999 9999 9999 9999 9999 9999 9999 9999
014FRENCH F2019 51  9999 9999 9999 9999 9999 9999 9999 9999 9999 9999 9999
014FRENCH F2019 52  9999 9999 9999 9999 9999 9999 9999 9999  844  858  827
014FRENCH F2019 53   811  774  712  679  683  694  695  689  688
014FRENCH F2019 61   679  673  676  675  670  672  677  686  700  698  683
014FRENCH F2019 62   663  666  679  687  713  735  734  714  713  750  771
014FRENCH F2019 63   746  733  766  804  822  814  800  809
014FRENCH F2019 71   816  813  809  809  814  808  795  800  823  847  853
014FRENCH F2019 72   856  865  862  859  856  851  844  847  862  875  880
014FRENCH F2019 73   887  894  871  856  866  869  873  877  876
014FRENCH F2019 81   870  870  879  884  876  868  859  851  846  839  835
014FRENCH F2019 82   828  832  844  841  834  842  846  837  831  840  853
014FRENCH F2019 83   863  877  875  862  860  868  872  867  868
014FRENCH F2019 91   875  883  897  902  893  880  883  898  911  907  902
014FRENCH F2019 92   901  906  918  931  953  965  997 1002  941  918  904
014FRENCH F2019 93   884  876  883  907  929  913  899  901
014FRENCH F2019101   898  893  890  883  884  898  915  922  927  949  959
014FRENCH F2019102   941  938  928  901  902  918  923  921  921  913  918
014FRENCH F2019103   925  937  945  925  914  902  894  890  889
014FRENCH F2019111   894  886  872  863  834  815  815  821  821  808  805
014FRENCH F2019112   790  787  814  824  781  737  731  733  727  726  724
014FRENCH F2019113   729  742  761  783  741  694  686  687
014FRENCH F2019121   684  685  687  697  709  741  760  764  752  760  762
014FRENCH F2019122   735  725  757  769  773  772  773  784  804  837  878
014FRENCH F2019123   899  922  921  837  768  794  836  847  857
014FRENCH F2020 11   850  802  782  799  809  814  823  841  849  874  893
014FRENCH F2020 12   920  932  913  902  893  857  827  810  821  837  871
014FRENCH F2020 13   894  862  865  877  879  893  916  921  873
014FRENCH F2020 21   854  873  894  913  879  839  842  863  857  848  856
014FRENCH F2020 22   873  894  887  873  858  824  785  789  807  807  816
014FRENCH F2020 23   824  809  829  825  806  805  803
014FRENCH F2020 31   805  818  835  834  819  806  795  785  799  825  830
014FRENCH F2020 32   847  859  845  843  891  904  881  856  829  809  776
014FRENCH F2020 33   745  739  747  759  779  798  808  802  785
014FRENCH F2020 41   761  761  789  804  792  792  781  757  751  759  740
014FRENCH F2020 42   700  696  707  697  681  680  700  721  735  749  747
014FRENCH F2020 43   719  695  689  704  713  709  703  702
014FRENCH F2020 51   713  723  730  733  749  755  736  743  761  770  773
014FRENCH F2020 52   784  793  796  788  780  758  740  731  727  728  736
014FRENCH F2020 53   758  780  786  776  760  749  742  742  748
014FRENCH F2020 61   762  795  824  829  823  820  817  821  831  841  839
014FRENCH F2020 62   833  834  843  857  869  876  880  863  856  867  871
014FRENCH F2020 63   878  890  897  894  872  870  890  907
014FRENCH F2020 71   907  897  884  883  892  888  866  851  862  869  865
014FRENCH F2020 72   861  862  859  856  866  874  869  858  854  853  857
014FRENCH F2020 73   864  869  867  873  897  903  861  850  857
014FRENCH F2020 81   866  871  871  874  880  880  876  878  874  872  875
014FRENCH F2020 82   886  901  913  915  906  888  882  891  897  900  912
014FRENCH F2020 83   925  942  952  945  942  942  936  946  955
014FRENCH F2020 91   955  955  957  964  977  992  992  981  967  966  971
014FRENCH F2020 92   963  963  972  976  974  974  973  973  981  986  985
014FRENCH F2020 93   986  985  983  976  967  956  951  967
014FRENCH F2020101   987 1000  980  944  931  936  931  931  937  942  941
014FRENCH F2020102   938  948  975  990  992  986  986 1003  991  974  980
014FRENCH F2020103   993 1000  988  947  925  916  924  936  918
014FRENCH F2020111   890  879  885  907  943  945  895  881  897  893  845
014FRENCH F2020112   829  829  838  826  807  807  794  782  765  759  764
014FRENCH F2020113   769  782  784  771  754  750  750  761
014FRENCH F2020121   797  829  792  782  816  835  836  853  868  852  819
014FRENCH F2020122   816  850  860  867  853  830  799  789  802  812  833
014FRENCH F2020123   850  836  826  822  829  843  869  881  862
014FRENCH F2021 11   856  853  856  864  864  877  895  891  881  887  904
014FRENCH F2021 12   913  901  914  924  969  925  837  839  848  846  852
014FRENCH F2021 13   884  892  884  883  867  852  859  874  888
014FRENCH F2021 21   908  943  937  917  907  894  885  866  835  830  838
014FRENCH F2021 22   894  948  947  921  876  830  810  829  865  886  891
014FRENCH F2021 23   899  919  916  893  881  874
014FRENCH F2021 31   858  838  845  863  859  855  857  865  874  879  896
014FRENCH F2021 32   875  846  846  843  840  843  852  850  851  862  877
014FRENCH F2021 33   908  936  920  876  863  892  909  904  891
014FRENCH F2021 41   881  872  865  858  850  847  846  852  862  865  853
014FRENCH F2021 42   838  823  809  803  792  778  784  819  834  812  791
014FRENCH F2021 43   789  786  781  800  829  834  833  828
014FRENCH F2021 51   826  819  815  798  787  803  809  821  829  825  817
014FRENCH F2021 52   807  792  767  753  763  784  798  812  828  831  829
014FRENCH F2021 53   844  852  822  805  799  804  822  846  858
014FRENCH F2021 61   837  812  814  847  877  867  859  849  842  840  840
014FRENCH F2021 62   847  855  857  863  865  868  883  898  903  896  866
014FRENCH F2021 63   862  894  922  931  918  911  910  902
