018SUVA          LAT=18 07.9S  LONG=178 25.6E
018SUVA    1998 11  9999 9999 9999 9999 9999 9999 9999 9999 9999 9999 9999
018SUVA    1998 12  9999 9999 9999 9999 9999 9999 9999 9999 9999 9999 9999
018SUVA    1998 13  9999 9999 9999 9999 1107 1114 1132 1125 1105
018SUVA    1998 21  9999 9999 9999 9999 9999 9999 1082 1098 1082 1067 1076
018SUVA    1998 22  1065 1066 1073 1059 1048 1059 1094 1118 1094 1075 1077
018SUVA    1998 23  1087 1109 1113 1097 1102 1128
018SUVA    1998 31  1143 1148 1172 1184 1157 1104 1063 1024  976  966  972
018SUVA    1998 32  1004 1022 1029 1023 1011 1007 1018 1022 1010 1014 1031
018SUVA    1998 33  1044 1041 1013  995  994 1009 1026 1024 1011
018SUVA    1998 41   992  987 1000 1007 1008  999  991  999 1005 1001  995
018SUVA    1998 42   992 1000 1014 1007  994 1003 1013 1005  984  987  998
018SUVA    1998 43  1001  999  995  988  987  982  984  988
018SUVA    1998 51   982  961  955  966  970  964  955  969  979 1001 1021
018SUVA    1998 52  1003  973  971  962  943  952  984 1000  985  977  981
018SUVA    1998 53  1008 1012 1003  997  992  998  992  959  950
018SUVA    1998 61   954  970  991  994  985  984  992 1001 1024 1047 1046
018SUVA    1998 62  1038 1063 1064 1035 1006 1002 1021 1041 1059 1069 1063
018SUVA    1998 63  1046 1017 1000 1011 1025 1018 1003 1000
018SUVA    1998 71   998 1013 1024 1014 1000 1013 1039 1030  990  965  975
018SUVA    1998 72   988  987  984 1002 1025 1036 1019  991  979  971  964
018SUVA    1998 73   968  992 1005 1003  988  988  988  986  988
018SUVA    1998 81   999 1003  988  973  977  998 1006 1012 1008 1002 1008
018SUVA    1998 82  1011 1012  990  956  954  982 1018 1036  992  944  921
018SUVA    1998 83   924  946  970  967  944  955 1005 1025  988
018SUVA    1998 91   969  970  995  995  954  932  948  955  938  927  929
018SUVA    1998 92   941  948  946  965  981  979  979  981  973  956  952
018SUVA    1998 93   956  959  968  981  997 1012 9999 9999
018SUVA    1998101   990  987 1003 1012 1008 1010 1000  987  982  974  972
018SUVA    1998102   967  979  993  998  996 1000 1001  999  991  985  974
018SUVA    1998103   952  941  939  942  942  967  995 1017 1021
018SUVA    1998111  1004  993 1008 1038 1049 1040 1030 1038 1044 1052 1062
018SUVA    1998112  1090 1122 1112 1098 1098 1104 1107 1091 1080 1053 1041
018SUVA    1998113  1022 1013 1023 1036 1059 1076 1065 1041
018SUVA    1998121  1044 1052 1055 1066 1070 1067 1043 1023 1017 1020 1028
018SUVA    1998122  1012 1015 1019 1002  996 1026 1030 1034 1037 1038 1052
018SUVA    1998123  1060 1066 1059 1021 1002 1039 1056 1013  972
018SUVA    1999 11   960  948  959  964  949  931  931  942  958  967  966
018SUVA    1999 12   971  979  995 1003  999 1007 1013 1004 1010 1004 1002
018SUVA    1999 13  1004 1018 1042 1041 1020  999  973  982  988
018SUVA    1999 21   995 1002  997  988 1009 1020 1024 1021 1014 1028 1044
018SUVA    1999 22  1019 1013 1033 1102 1144 1157 1141 1081 1040 1025 1026
018SUVA    1999 23  1026 1011  992  984  968  969
018SUVA    1999 31  1001 1017 1016 1011 1013 1023 1042 1045 1051 1048 1031
018SUVA    1999 32  1021 1018 1023 1042 1058 1065 1055 1044 1031 1028 1038
018SUVA    1999 33  1072 1085 1074 1065 1062 1063 1062 1051 1050
018SUVA    1999 41  1053 1048 1042 1045 1065 1069 1055 1059 1067 1069 1063
018SUVA    1999 42  1061 1057 1046 1057 1084 1110 1088 1057 1054 1083 1109
018SUVA    1999 43  1094 1077 1062 1068 1066 1045 1028 1021
018SUVA    1999 51  1035 1065 1078 1056 1030 1021 1011  994  982  997 1021
018SUVA    1999 52  1028 1035 1051 1081 1089 1083 1086 1098 1106 1099 1084
018SUVA    1999 53  1076 1081 1065 1049 1059 1093 1121 1132 1136
018SUVA    1999 61  1123 1121 1135 1138 1131 1130 1105 1080 1091 1094 1077
018SUVA    1999 62  1089 1119 1111 1087 1101 1112 1112 1097 1099 1105 1094
018SUVA    1999 63  1077 1052 1045 1047 1057 1064 1046 1034
018SUVA    1999 71  1026 1038 1068 1078 1073 1061 1059 1073 1089 1082 1069
018SUVA    1999 72  1065 1071 1092 1118 1136 1137 1125 1109 1097 1102 1111
018SUVA    1999 73  1112 1106 1090 1108 1146 1132 1094 1063 1019
018SUVA    1999 81  1025 1053 1083 1098 1062 1030 1044 1083 1084 1053 1034
018SUVA    1999 82  1047 1061 1061 1047 1075 1096 1094 1068 1054 1049 1034
018SUVA    1999 83  1003  995 1007 1049 1090 1090 1084 1092 1117
018SUVA    1999 91  1108 1075 1087 1090 1103 1110 1104 1102 1107 1094 1059
018SUVA    1999 92  1060 1077 1107 1107 1119 1111 1073 1047 1062 9999 9999
018SUVA    1999 93  9999 9999 9999 9999 9999 9999 9999 9999
018SUVA    1999101  9999 9999 9999 1108 1094 1097 1108 1114 1133 1136 1132
018SUVA    1999102  1122 1124 1116 1102 1102 1106 1103 1102 1086 1070 1073
018SUVA    1999103  1065 1057 1066 1076 1077 1075 1080 1095 1114
018SUVA    1999111  1146 1153 1135 1123 1129 1126 1115 1109 1108 1120 1122
018SUVA    1999112  1123 1124 1123 1132 1158 1160 1126 1116 1134 1127 1124
018SUVA    1999113  1131 1126 1135 1149 1150 1133 1122 1112
018SUVA    1999121  1105 1076 1065 1083 1095 1112 1112 1098 1093 1098 1089
018SUVA    1999122  1086 1086 1091 1095 1105 1109 1122 1136 1134 1127 1127
018SUVA    1999123  1140 1142 1131 1139 1146 1125 1123 1139 1144
018SUVA    2000 11  1138 1126 1136 1165 1180 1179 1167 1166 1180 1201 1222
018SUVA    2000 12  1200 1178 1168 1181 1190 1198 1184 1174 1193 1229 1219
018SUVA    2000 13  1214 1259 1316 1320 1238 1184 1170 1177 1184
018SUVA    2000 21  1158 1154 1160 1160 1180 1196 1180 1163 1174 1200 1239
018SUVA    2000 22  1266 1253 1215 1177 1157 1154 1172 1187 1181 1184 1199
018SUVA    2000 23  1193 1177 1176 1189 1196 1198 1202
018SUVA    2000 31  1198 1181 1181 1186 1185 1212 1216 1192 1196 1209 1180
018SUVA    2000 32  1155 1141 1147 1161 1189 1219 1195 1177 1180 1179 1199
018SUVA    2000 33  1204 1176 1164 1179 1188 1181 1161 1166 1179
018SUVA    2000 41  1176 1184 1184 1189 1211 1220 1213 1177 1138 1127 1126
018SUVA    2000 42  1126 1136 1157 1153 1163 1144 1092 1067 1058 1069 1077
018SUVA    2000 43  1076 1081 1093 1088 1041 1021 1058 1102
018SUVA    2000 51  1103 1105 1105 1080 1057 1053 1063 1085 1089 1088 1088
018SUVA    2000 52  1088 1111 1124 1110 1094 1086 1076 1077 1073 1083 1112
018SUVA    2000 53  1126 1133 1144 1132 1114 1094 1089 1112 1138
018SUVA    2000 61  1140 1137 1135 1127 1109 1097 1111 1122 1113 1111 1130
018SUVA    2000 62  1168 1155 1088 1068 1083 1103 1129 1113 1106 1141 1172
018SUVA    2000 63  1172 1137 1129 1153 1204 1241 1196 1161
018SUVA    2000 71  1162 1197 1217 1191 1175 1184 1185 1179 1167 1140 1131
018SUVA    2000 72  1137 1137 1161 1218 1195 1142 1128 1142 1172 1163 1131
018SUVA    2000 73  1129 1151 1138 1082 1036 1074 1160 1172 1156
018SUVA    2000 81  1152 1169 1194 1227 1201 1154 1141 1145 1158 1165 1176
018SUVA    2000 82  1182 1164 1134 1134 1154 1186 1228 1240 1242 1234 1230
018SUVA    2000 83  1214 1174 1147 1166 1201 1216 1220 1241 1246
018SUVA    2000 91  1215 1173 1164 1173 1163 1145 1150 1158 1172 1186 1184
018SUVA    2000 92  1195 1197 1199 1170 1137 1162 1198 1183 1139 1127 1138
018SUVA    2000 93  1137 1117 1123 1134 1118 1092 1086 1112
018SUVA    2000101  1141 1130 1120 1125 1147 1166 1172 1160 1165 1188 1210
018SUVA    2000102  1249 1255 1218 1160 1139 1153 1170 1192 1212 1188 1155
018SUVA    2000103  1148 1145 1141 1128 1124 1144 1138 1111 1103
018SUVA    2000111  1126 1163 1170 1133 1118 1134 1164 1203 1223 1214 1173
018SUVA    2000112  1155 1159 1151 1108 1076 1072 1094 1127 1123 1123 1137
018SUVA    2000113  1151 1149 1134 1133 1148 1151 1143 1133
018SUVA    2000121  1119 1117 1126 1138 1162 1190 1185 1163 1148 1146 1171
018SUVA    2000122  1207 1178 1149 1150 1157 1169 1159 1148 1152 1163 1159
018SUVA    2000123  1127 1102 1083 1068 1080 1091 1101 1122 1136
018SUVA    2001 11  1141 1128 1123 1136 1157 1178 1182 1185 1187 1186 1181
018SUVA    2001 12  1162 1151 1162 1178 1202 1222 1193 1152 1133 1133 1142
018SUVA    2001 13  1132 1127 1142 1147 1165 1186 1189 1187 1183
018SUVA    2001 21  1183 1186 1192 1185 1184 1200 1219 1228 1220 1201 1201
018SUVA    2001 22  1214 1229 1226 1209 1217 1218 1201 1162 1153 1163 1163
018SUVA    2001 23  1187 1216 1215 1201 1197 1223
018SUVA    2001 31  1304 1410 1262 1154 1111 1118 1127 1118 1109 1129 1147
018SUVA    2001 32  1137 1128 1121 1139 1155 1156 1142 1111 1090 1088 1102
018SUVA    2001 33  1112 1121 1141 1141 1134 1137 1124 1127 1137
018SUVA    2001 41  1141 1138 1147 1148 1142 1158 1182 1193 1169 1149 1160
018SUVA    2001 42  1152 1152 1164 1157 1148 1159 1173 1157 1135 1132 1133
018SUVA    2001 43  1132 1122 1100 1094 1109 1127 1147 1146
018SUVA    2001 51  1126 1117 1147 1180 1163 1121 1117 1143 1155 1148 1128
018SUVA    2001 52  1125 1145 1145 1121 1097 1066 1054 1075 1092 1089 1093
018SUVA    2001 53  1104 1093 1095 1099 1090 1079 1090 1124 1139
018SUVA    2001 61  1109 1078 1058 1053 1062 1069 1032  984  969  992 1050
018SUVA    2001 62  1120 1144 1122 1078 1047 1045 1048 1032 1011 1010 1022
018SUVA    2001 63  1042 1051 1033 1015 1012 1034 1036 1049
018SUVA    2001 71  1085 1062 1049 1049 1057 1049 1010 1005 1022 1048 1065
018SUVA    2001 72  1040  989  982  999 1033 1053 1063 1055 1064 1067 1051
018SUVA    2001 73  1035 1017  990  970  985 1021 1056 1072 1077
018SUVA    2001 81  1091 1104 1095 1069 1071 1090 1087 1082 1096 1128 1115
018SUVA    2001 82  1091 1095 1121 1162 1205 1191 1101 1067 1064 1083 1087
018SUVA    2001 83  1084 1081 1102 1129 1133 1112 1109 1131 1152
018SUVA    2001 91  1144 1113 1086 1101 1129 1130 1111 1098 1105 1129 1130
018SUVA    2001 92  1121 1123 1124 1117 1133 1153 1158 1149 1144 1162 1194
018SUVA    2001 93  1199 1158 1118 1118 1129 1131 1137 1152
018SUVA    2001101  1165 1198 1241 1240 1210 1186 1179 1182 1188 1194 1198
018SUVA    2001102  1177 1156 1150 1147 1165 1189 1179 1166 1173 1188 1223
018SUVA    2001103  1204 1143 1124 1126 1134 1125 1109 1121 1146
018SUVA    2001111  1159 1148 1150 1179 1189 1182 1177 1161 1164 1169 1154
018SUVA    2001112  1151 1166 1183 1196 1183 1165 1148 1128 1123 1126 1144
018SUVA    2001113  1173 1186 1191 1202 1208 1213 1218 1197
018SUVA    2001121  1166 1159 1168 1169 1161 1160 1175 1204 1273 1261 1213
018SUVA    2001122  1194 1188 1215 1231 1218 1188 1167 1168 1179 1170 1158
018SUVA    2001123  1147 1135 1135 1123 1115 1113 1121 1142 1168
018SUVA    2002 11  1153 1133 1132 1131 1138 1166 1195 1194 1190 1180 1174
018SUVA    2002 12  1185 1157 1139 1152 1157 1162 1177 1200 1196 1174 1165
018SUVA    2002 13  1183 1195 1193 1191 1197 1198 1210 1242 1258
018SUVA    2002 21  1231 1196 1175 1174 1176 1163 1162 1159 1151 1155 1175
018SUVA    2002 22  1182 1194 1228 1247 1260 1266 1256 1234 1204 1174 1148
018SUVA    2002 23  1104 1136 1206 1196 1170 1173
018SUVA    2002 31  1193 1199 1173 1157 1168 1179 1183 1198 1212 1198 1166
018SUVA    2002 32  1169 1198 1208 1199 1203 1203 1177 1156 1145 1159 1178
018SUVA    2002 33  1190 1202 1205 1209 1209 1198 1196 1201 1201
018SUVA    2002 41  1196 1181 1165 1159 1167 1188 1193 1187 1185 1176 1178
018SUVA    2002 42  1193 1212 1209 1189 1153 1123 1101 1096 1106 1129 1153
018SUVA    2002 43  1166 1155 1184 1200 1185 1157 1138 1138
018SUVA    2002 51  1170 1172 1111 1048 1052 1095 1127 1121 1128 1158 1186
018SUVA    2002 52  1177 1133 1101 1081 1081 1079 1061 1059 1063 1074 1090
018SUVA    2002 53  1078 1064 1054 1033 1021 1036 1052 1056 1061
018SUVA    2002 61  1083 1078 1052 1047 1041 1050 1049 1037 1049 1078 1081
018SUVA    2002 62  1064 1063 1072 1088 1104 1096 1106 1145 1166 1152 1129
018SUVA    2002 63  1131 1113 1076 1085 1136 1186 1180 1146
018SUVA    2002 71  1144 1127 1098 1091 1113 1143 1127 1099 1069 1070 1124
018SUVA    2002 72  1160 1135 1103 1083 1079 1079 1049 1050 1077 1087 1113
018SUVA    2002 73  1134 1144 1149 1173 1181 1157 1109 1083 1080
018SUVA    2002 81  1066 1058 1056 1082 1125 1173 1177 1143 1124 1103 1090
018SUVA    2002 82  1112 1155 1184 1203 1208 1154 1104 1096 1085 1090 1080
018SUVA    2002 83  1067 1068 1115 1170 1198 1178 1117 1089 1103
018SUVA    2002 91  1124 1112 1088 1088 1106 1132 1146 1151 1152 1151 1155
018SUVA    2002 92  1168 1136 1093 1064 1078 1119 1158 1168 1131 1110 1112
018SUVA    2002 93  1130 1124 1112 1068 1047 1080 1106 1137
018SUVA    2002101  1165 1190 1178 1173 1170 1189 1202 1176 1122 1088 1085
018SUVA    2002102  1106 1142 1135 1099 1088 1121 1148 1160 1153 1169 1218
018SUVA    2002103  1274 1245 1191 1146 1124 1148 1177 1169 1153
018SUVA    2002111  1148 1184 1213 1181 1143 1147 1162 1168 1159 1148 1144
018SUVA    2002112  1158 1186 1178 1152 1153 1190 1208 1189 1163 1127 1120
018SUVA    2002113  1140 1160 1169 1168 1174 1193 1212 1216
018SUVA    2002121  1195 1180 1189 1189 1171 1139 1114 1105 1100 1097 1086
018SUVA    2002122  1070 1074 1087 1114 1111 1100 1106 1102 1086 1073 1079
018SUVA    2002123  1086 1089 1092 1102 1123 1131 1127 1146 1170
018SUVA    2003 11  1221 1192 1171 1174 1177 1186 1179 1172 1178 1177 1172
018SUVA    2003 12  1174 1221 1185 1124 1093 1071 1083 1080 1077 1091 1105
018SUVA    2003 13  1138 1176 1215 1204 1132 1092 1107 1121 1132
018SUVA    2003 21  1141 1132 1124 1141 1158 1177 1169 1146 1149 1140 1127
018SUVA    2003 22  1126 1132 1134 1130 1117 1116 1124 1126 1144 1167 1160
018SUVA    2003 23  1135 1128 1144 1134 1119 1133
018SUVA    2003 31  1153 1161 1178 1197 1221 1225 1201 1169 1145 1141 1153
018SUVA    2003 32  1208 1204 1133 1129 1135 1140 1141 1134 1143 1166 1151
018SUVA    2003 33  1121 1105 1096 1103 1110 1108 1112 1112 1122
018SUVA    2003 41  1142 1142 1129 1121 1116 1121 1145 1169 1164 1111 1081
018SUVA    2003 42  1083 1140 1193 1180 1134 1099 1089 1086 1074 1077 1080
018SUVA    2003 43  1084 1091 1107 1093 1052 1047 1049 1039
018SUVA    2003 51  1039 1046 1054 1056 1048 1062 1074 1051 1031 1032 1052
018SUVA    2003 52  1075 1084 1098 1114 1087 1065 1068 1066 1053 1049 1036
018SUVA    2003 53  1041 1050 1031 1010 1020 1037 1037 1003  945
018SUVA    2003 61   922  947  969  961  968 1007 1030 1038 1062 1075 1043
018SUVA    2003 62  1001  966  947  959  988  996  997 1007  991  989  995
018SUVA    2003 63  1001 1018 1026 1012  998 1007 1028 1046
018SUVA    2003 71  1040 1017 1030 1078 1112 1083 1015  997 1024 1054 1086
018SUVA    2003 72  1060 1000  974 1004 1042 1087 1111 1072 1026 1010 1026
018SUVA    2003 73  1054 1044 1017 1001  999 1006 1015 1012 1026
018SUVA    2003 81  1066 1088 1062 1024 1009 1007 1015 1022 1013 1008 1019
018SUVA    2003 82  1055 1069 1035 1004 1004 1014 1034 1075 1093 1069 1034
018SUVA    2003 83  1026 1054 1045 1027 1025 1037 1045 1033 1017
018SUVA    2003 91  1014 1044 1058 1048 1040 1009 1005 1025 1047 1044 1028
018SUVA    2003 92  1021 1023 1046 1065 1058 1037 1024 1037 1053 1071 1056
018SUVA    2003 93  1019 1013 1033 1058 1068 1079 1100 1090
018SUVA    2003101  1077 1062 1060 1082 1103 1092 1059 1064 1105 1114 1100
018SUVA    2003102  1095 1129 1129 1071 1045 1042 1058 1093 1172 1207 1182
018SUVA    2003103  1150 1124 1122 1111 1089 1085 1084 1070 1071
018SUVA    2003111  1069 1082 1094 1096 1085 1073 1075 1069 1082 1082 1075
018SUVA    2003112  1077 1082 1087 1076 1047 1054 1076 1075 1070 1067 1065
018SUVA    2003113  1080 1105 1098 1085 1093 1092 1087 1068
018SUVA    2003121  1069 1079 1089 1090 1092 1095 1086 1082 1079 1078 1078
018SUVA    2003122  1074 1076 1080 1104 1147 1161 1146 1146 1155 1156 1148
018SUVA    2003123  1130 1125 1135 1147 1148 1146 1158 1179 1174
018SUVA    2004 11  1178 1167 1158 1167 1171 1152 1114 1084 1073 1084 1108
018SUVA    2004 12  1116 1107 1098 1107 1118 1115 1107 1106 1108 1104 1096
018SUVA    2004 13  1092 1098 1101 1110 1117 1112 1110 1115 1117
018SUVA    2004 21  1123 1125 1125 1131 1134 1127 1130 1128 1139 1142 1137
018SUVA    2004 22  1144 1179 1231 1243 1183 1149 1152 1160 1167 1174 1169
018SUVA    2004 23  1161 1171 1168 1161 1153 1157 1159
018SUVA    2004 31  1145 1148 1179 1182 1175 1189 1189 1182 1169 1165 1161
018SUVA    2004 32  1160 1156 1158 1156 1166 1176 1176 1190 1204 1199 1204
018SUVA    2004 33  1219 1229 1222 1193 1183 1199 1209 1179 1132
018SUVA    2004 41  1102 1119 1134 1145 1157 1176 1203 1203 1159 1107 1090
018SUVA    2004 42  1084 1097 1113 1132 1175 1185 1155 1111 1080 1066 1062
018SUVA    2004 43  1060 1048 1042 1059 1087 1092 1098 1110
018SUVA    2004 51  1108 1115 1122 1135 1133 1123 1130 1140 1126 1115 1136
018SUVA    2004 52  1169 1176 1176 1170 1148 1143 1147 1139 1118 1107 1104
018SUVA    2004 53  1100 1090 1073 1084 1102 1113 1114 1111 1090
018SUVA    2004 61  1043 1018 1043 1077 1106 1119 1099 1079 1080 1090 1093
018SUVA    2004 62  1084 1051 1026 1012 1038 1063 1077 1076 1053 1037 1037
018SUVA    2004 63  1046 1063 1072 1071 1070 1132 1199 1145
018SUVA    2004 71  1045 1014 1046 1080 1070 1062 1084 1103 1124 1146 1144
018SUVA    2004 72  1101 1069 1070 1080 1088 1111 1130 1121 1124 1148 1163
018SUVA    2004 73  1157 1163 1130 1089 1078 1077 1111 1117 1121
018SUVA    2004 81  1153 1176 1151 1114 1115 1151 1153 1115 1101 1101 1099
018SUVA    2004 82  1097 1120 1089 1090 1119 1112 1094 1081 1101 1115 1075
018SUVA    2004 83  1067 1092 1104 1073 1057 1086 1119 1101 1052
018SUVA    2004 91  1044 1076 1117 1108 1079 1075 1096 1139 1153 1118 1096
018SUVA    2004 92  1106 1122 1142 1146 1159 1166 1131 1063 1047 1059 1079
018SUVA    2004 93  1080 1113 1158 1150 1099 1098 1108 1094
018SUVA    2004101  1090 1097 1103 1104 1102 1103 1112 1115 1113 1116 1102
018SUVA    2004102  1110 1113 1100 1109 1137 1167 1155 1116 1083 1080 1096
018SUVA    2004103  1108 1125 1135 1160 1190 1193 1177 1160 1163
018SUVA    2004111  1171 1175 1152 1131 1143 1168 1171 1169 1156 1146 1155
018SUVA    2004112  1167 1160 1145 1121 1116 1131 1143 1144 1139 1126 1130
018SUVA    2004113  1148 1160 1148 1106 1071 1062 1072 1092
018SUVA    2004121  1094 1096 1121 1142 1142 1136 1129 1125 1118 1090 1078
018SUVA    2004122  1086 1101 1111 1095 1093 1096 1096 1097 1092 1093 1103
018SUVA    2004123  1091 1077 1068 1062 1071 1066 1063 1085 1108
018SUVA    2005 11  1111 1122 1115 1110 1134 1155 1151 1147 1155 1145 1133
018SUVA    2005 12  1137 1142 1166 1197 1176 1142 1138 1139 1135 1142 1161
018SUVA    2005 13  1174 1180 1197 1215 1223 1239 1267 1292 1268
018SUVA    2005 21  1227 1209 1223 1244 1235 1222 1208 1205 1203 1205 1199
018SUVA    2005 22  1195 1190 1199 1214 1217 1215 1198 1190 1194 1180 1163
018SUVA    2005 23  1165 1181 1186 1183 1173 1183
018SUVA    2005 31  1207 1221 1226 1209 1166 1133 1135 1135 1141 1151 1159
018SUVA    2005 32  1188 1188 1150 1124 1116 1121 1114 1105 1110 1110 1110
018SUVA    2005 33  1106 1109 1110 1105 1108 1116 1121 1121 1116
018SUVA    2005 41  1122 1128 1130 1135 1150 1148 1159 1184 1198 1211 1200
018SUVA    2005 42  1177 1161 1166 1173 1166 1177 1179 1162 1131 1090 1081
018SUVA    2005 43  1066 1081 1092 1023  967  961  997 1040
018SUVA    2005 51  1077 1078 1072 1070 1077 1087 1083 1070 1066 1094 1079
018SUVA    2005 52  1027  994 1009 1045 1060 1050 1048 1052 1057 1067 1082
018SUVA    2005 53  1090 1107 1110 1081 1073 1060 1050 1072 1073
018SUVA    2005 61  1050 1048 1047 1046 1024  996  992 1024 1056 1073 1102
018SUVA    2005 62  1147 1128 1052 1028 1037 1053 1059 1052 1045 1028 1025
018SUVA    2005 63  1018 1025 1051 1060 1040 1022 1011 1017
018SUVA    2005 71  1011  984  967 1003 1056 1072 1074 1058 1048 1068 1083
018SUVA    2005 72  1082 1055 1051 1073 1090 1094 1082 1078 1068 1046 1037
018SUVA    2005 73  1072 1104 1124 1123 1101 1103 1111 1093 1060
018SUVA    2005 81  1049 1057 1059 1045 1036 1053 1066 1044 1019 1010 1005
018SUVA    2005 82  1027 1036 1045 1050 1035 1027 1055 1088 1105 1092 1075
018SUVA    2005 83  1065 1077 1086 1080 1061 1048 1036 1030 1031
018SUVA    2005 91  1033 1058 1078 1074 1066 1070 1093 1102 1099 1098 1092
018SUVA    2005 92  1094 1106 1101 1088 1078 1067 1076 1098 1098 1077 1062
018SUVA    2005 93  1055 1060 1068 1065 1064 1101 1140 1150
018SUVA    2005101  1145 1142 1155 1134 1107 1098 1083 1082 1089 1090 1103
018SUVA    2005102  1126 1148 1171 1165 1148 1144 1140 1149 1169 1168 1155
018SUVA    2005103  1133 1126 1147 1164 1176 1173 1165 1172 1176
018SUVA    2005111  1150 1102 1080 1083 1101 1117 1117 1130 1142 1170 1175
018SUVA    2005112  1155 1131 1133 1133 1105 1109 1135 1154 1149 1127 1108
018SUVA    2005113  1106 1128 1150 1161 1155 1120 1113 1118
018SUVA    2005121  1105 1079 1059 1062 1086 1098 1091 1100 1136 1150 1140
018SUVA    2005122  1124 1126 1144 1155 1149 1139 1128 1119 1118 1118 1114
018SUVA    2005123  1121 1139 1131 1120 1117 1137 1160 1160 1149
018SUVA    2006 11  1152 1139 1136 1140 1157 1182 1177 1159 1151 1139 1144
018SUVA    2006 12  1160 1159 1140 1116 1099 1105 1129 1141 1144 1145 1158
018SUVA    2006 13  1175 1172 1181 1204 1215 1217 1216 1214 1231
018SUVA    2006 21  1269 1266 1230 1197 1188 1186 1168 1157 1144 1133 1143
018SUVA    2006 22  1158 1139 1122 1115 1108 1105 1104 1085 1068 1071 1089
018SUVA    2006 23  1141 1164 1125 1104 1105 1121
018SUVA    2006 31  1126 1126 1133 1114 1086 1071 1090 1112 1106 1083 1081
018SUVA    2006 32  1124 1155 1136 1136 1144 1121 1118 1130 1125 1124 1142
018SUVA    2006 33  1142 1124 1106 1107 1122 1150 1147 1123 1112
018SUVA    2006 41  1088 1078 1076 1073 1083 1093 1089 1095 1098 1115 1123
018SUVA    2006 42  1141 1161 1164 1162 1139 1104 1105 1130 1166 1184 1171
018SUVA    2006 43  1157 1157 1148 1134 1129 1133 1124 1105
018SUVA    2006 51  1106 1110 1131 1153 1132 1115 1126 1145 1142 1121 1106
018SUVA    2006 52  1119 1106 1092 1079 1070 1059 1042 1044 1079 1108 1093
018SUVA    2006 53  1079 1086 1089 1117 1121 1106 1107 1130 1182
018SUVA    2006 61  1192 1148 1127 1138 1161 1164 1159 1152 1153 1155 1139
018SUVA    2006 62  1151 1189 1177 1159 1156 1205 1231 1169 1142 1150 1174
018SUVA    2006 63  1170 1118 1088 1106 1154 1199 1218 1204
018SUVA    2006 71  1164 1127 1125 1165 1187 1152 1110 1099 1106 1129 1131
018SUVA    2006 72  1130 1158 1199 1200 1171 1148 1129 1140 1151 1144 1129
018SUVA    2006 73  1120 1108 1093 1085 1098 1099 1097 1117 1127
018SUVA    2006 81  1138 1153 1163 1158 1150 1159 1202 1236 1192 1164 1165
018SUVA    2006 82  1158 1161 1169 1176 1178 1139 1065 1052 1107 1153 1120
018SUVA    2006 83  1080 1054 1057 1092 1111 1112 1098 1077 1062
018SUVA    2006 91  1063 1074 1104 1099 1109 1138 1137 1128 1122 1124 1122
018SUVA    2006 92  1123 1114 1099 1089 1058 1055 1080 1116 1124 1105 1104
018SUVA    2006 93  1135 1141 1138 1133 1133 1149 1175 1179
018SUVA    2006101  1182 1187 1177 1193 1216 1187 1133 1093 1100 1139 1118
018SUVA    2006102  1050 1039 1068 1091 1101 1120 1114 1090 1096 1119 1154
018SUVA    2006103  1184 1169 1163 1160 1150 1152 1155 1156 1156
018SUVA    2006111  1173 1178 1176 1158 1138 1126 1124 1153 1170 1164 1145
018SUVA    2006112  1138 1158 1162 1159 1169 1176 1170 1177 1194 1207 1196
018SUVA    2006113  1187 1179 1188 1187 1204 1218 1211 1221
018SUVA    2006121  1248 1232 1205 1186 1179 1180 1177 1174 1194 1199 1155
018SUVA    2006122  1126 1161 1197 1200 1184 1168 1197 1225 1219 1204 1190
018SUVA    2006123  1181 1172 1167 1180 1192 1194 1199 1211 1205
018SUVA    2007 11  1207 1220 1226 1215 1207 1233 1261 1264 1249 1250 1282
018SUVA    2007 12  1306 1295 1267 1247 1235 1229 1214 1203 1206 1209 1215
018SUVA    2007 13  1214 1230 1247 1245 1225 1214 1208 1211 1220
018SUVA    2007 21  1230 1252 1293 1319 1295 1245 1234 1260 1291 1267 1232
018SUVA    2007 22  1213 1214 1192 1174 1193 1208 1194 1157 1147 1167 1195
018SUVA    2007 23  1217 1214 1206 1206 1206 1211
018SUVA    2007 31  1202 1194 1206 1210 1224 1250 1261 1266 1278 1263 1225
018SUVA    2007 32  1194 1190 1192 1198 1198 1195 1193 1199 1207 1211 1208
018SUVA    2007 33  1187 1200 1230 1255 1244 1226 1223 1222 1207
018SUVA    2007 41  1190 1192 1205 1202 1185 1156 1125 1104 1104 1135 1178
018SUVA    2007 42  1182 1170 1160 1165 1180 1198 1210 1186 1168 1165 1168
018SUVA    2007 43  1164 1149 1125 1118 1118 1121 1127 1117
018SUVA    2007 51  1123 1157 1184 1155 1141 1153 1171 1197 1205 1200 1204
018SUVA    2007 52  1205 1147 1090 1097 1117 1120 1107 1064 1037 1051 1072
018SUVA    2007 53  1080 1082 1092 1081 1046 1027 1024 1038 1047
018SUVA    2007 61  1056 1069 1054 1032 1030 1037 1040 1039 1042 1060 1084
018SUVA    2007 62  1095 1082 1072 1075 1104 1126 1117 1098 1106 1116 1111
018SUVA    2007 63  1098 1088 1109 1109 1077 1035 1048 1110
018SUVA    2007 71  1137 1163 1199 1185 1148 1151 1161 1159 1158 1196 1223
018SUVA    2007 72  1194 1146 1128 1135 1149 1155 1151 1133 1127 1150 1177
018SUVA    2007 73  1186 1173 1148 1153 1200 1216 1204 1203 1222
018SUVA    2007 81  1209 1171 1152 1162 1191 1203 1196 1151 1118 1139 1178
018SUVA    2007 82  1196 1181 1172 1174 1187 1201 1181 1170 1177 1171 1157
018SUVA    2007 83  1149 1136 1151 1200 1226 1202 1148 1138 1149
018SUVA    2007 91  1145 1149 1155 1150 1139 1148 1176 1201 1215 1196 1174
018SUVA    2007 92  1153 1157 1176 1208 1224 1201 1181 1210 1236 1223 1209
018SUVA    2007 93  1235 1275 1290 1271 1259 1236 1202 1175
018SUVA    2007101  1169 1180 1187 1176 1192 1208 1214 1223 1240 1253 1243
018SUVA    2007102  1217 1207 1224 1232 1218 1212 1231 1243 1211 1153 1158
018SUVA    2007103  1217 1276 1277 1252 1248 1225 1186 1176 1200
018SUVA    2007111  1244 1246 1219 1207 1198 1196 1200 1188 1184 1209 1240
018SUVA    2007112  1261 1268 1238 1223 1271 1314 1269 1218 1188 1198 1257
018SUVA    2007113  1295 1258 1240 1253 1278 1275 1229 1198
018SUVA    2007121  1190 1197 1191 1187 1180 1200 1247 1274 1287 1271 1241
018SUVA    2007122  1227 1206 1194 1204 1212 1210 1227 1237 1221 1239 1261
018SUVA    2007123  1267 1265 1235 1236 1254 1268 1280 1280 1286
018SUVA    2008 11  1291 1284 1273 1260 1239 1225 1229 1248 1266 1275 1275
018SUVA    2008 12  1257 1258 1267 1268 1248 1220 1256 1338 1291 1179 1147
018SUVA    2008 13  1176 1218 1230 1185 1176 1124 1065 1153 1183
018SUVA    2008 21  1159 1164 1180 1217 1232 1221 1202 1185 1174 1176 1189
018SUVA    2008 22  1198 1195 1197 1193 1193 1205 1218 1234 1256 1265 1278
018SUVA    2008 23  1313 1330 1296 1248 1234 1240 1243
018SUVA    2008 31  1235 1234 1248 1270 1262 9999 9999 9999 9999 9999 9999
018SUVA    2008 32  9999 9999 9999 1265 1268 1285 1302 1320 1329 1320 1315
018SUVA    2008 33  1305 1298 1306 1307 1307 1305 1298 1255 1234
018SUVA    2008 41  1248 1268 1286 1294 1289 1275 1284 1279 1249 1221 1211
018SUVA    2008 42  1228 1255 1252 1233 1235 1240 1234 1230 1225 1200 1157
018SUVA    2008 43  1139 1144 1155 1149 1157 1185 1203 1223
018SUVA    2008 51  1236 1217 1193 1188 1215 1233 1241 1239 1225 1208 1197
018SUVA    2008 52  1179 1173 1175 1182 1159 1140 1138 1165 1237 1232 1158
018SUVA    2008 53  1112 1116 1120 1105 1112 1137 1144 1135 1121
018SUVA    2008 61  1128 1149 1158 1138 1123 1131 1160 1171 1152 1129 1134
018SUVA    2008 62  1162 1207 1239 1195 1139 1142 1170 1166 1146 1137 1148
018SUVA    2008 63  1154 1150 1143 1140 1172 1207 1199 1142
018SUVA    2008 71  1099 1103 1141 1179 1184 1160 1119 1094 1093 1099 1120
018SUVA    2008 72  1143 1162 1159 1129 1128 1160 1169 1170 1182 1185 1182
018SUVA    2008 73  1211 1239 1247 1252 1227 1205 1216 1232 1237
018SUVA    2008 81  1243 1239 1259 1269 1257 1216 1186 1201 1223 1224 1202
018SUVA    2008 82  1210 1245 1242 1227 1237 1263 1265 1219 1189 1178 1175
018SUVA    2008 83  1194 1236 1276 1269 1232 1216 1215 1229 1249
018SUVA    2008 91  1284 1300 1280 1254 1234 1244 1265 1270 1262 1248 1254
018SUVA    2008 92  1284 1300 1312 1304 1277 1262 1258 1270 1271 1226 1190
018SUVA    2008 93  1199 1234 1240 1246 1297 1323 1301 1280
018SUVA    2008101  1261 1213 1178 1193 1219 1233 1236 1250 1266 1279 1284
018SUVA    2008102  1260 1274 1310 1304 1280 1278 1291 1311 1307 1289 1262
018SUVA    2008103  1272 1299 1305 1283 1273 1282 1283 1285 1278
018SUVA    2008111  1269 1271 1260 1256 1254 1255 1265 1294 1307 1312 1298
018SUVA    2008112  1270 1254 1258 1272 1283 1280 1266 1247 1252 1266 1275
018SUVA    2008113  1258 1221 1236 1270 1288 1303 1290 1249
018SUVA    2008121  1243 1261 1287 1283 1277 1294 1314 1324 1315 1288 1271
018SUVA    2008122  1282 1310 1313 1310 1301 1280 1269 1276 1277 1269 1264
018SUVA    2008123  1263 1264 1256 1259 1271 1281 1275 1280 1280
018SUVA    2009 11  1259 1263 1301 1326 1330 1329 1345 1400 1444 1435 1398
018SUVA    2009 12  1361 1359 1386 1347 1271 1229 1228 1257 1265 1243 1224
018SUVA    2009 13  1239 1273 1280 1277 1286 1296 1286 1298 1323
018SUVA    2009 21  1307 1294 1291 1303 1309 1311 1304 1307 1315 1320 1325
018SUVA    2009 22  1319 1319 1323 1318 1311 1306 1292 1296 1306 1316 1324
018SUVA    2009 23  1325 1314 1301 1317 1323 1305
018SUVA    2009 31  1298 1312 1331 1311 1296 1300 1312 1328 1331 1324 1320
018SUVA    2009 32  1317 1308 1299 1309 1329 1323 1304 1313 1322 1333 1345
018SUVA    2009 33  1327 1289 1271 1303 1342 1335 1324 1340 1370
018SUVA    2009 41  1355 1284 1260 1257 1284 1278 1253 1252 1260 1237 1201
018SUVA    2009 42  1204 1213 1205 1186 1204 1257 1284 1268 1254 1250 1258
018SUVA    2009 43  1267 1275 1289 1274 1256 1238 1222 1214
018SUVA    2009 51  1207 1221 1224 1218 1212 1203 1205 1189 1183 1195 1192
018SUVA    2009 52  1160 1143 1149 1173 1185 1228 1273 1228 1199 1180 1175
018SUVA    2009 53  1201 1218 1201 1196 1188 1187 1200 1236 1254
018SUVA    2009 61  1211 1138 1136 1191 1220 1187 1162 1159 1169 1170 1167
018SUVA    2009 62  1181 1201 1196 1184 1200 1223 1201 1169 1172 1222 1186
018SUVA    2009 63  1130 1116 1146 1182 1236 1274 1279 1255
018SUVA    2009 71  1227 1218 1235 1234 1214 1191 1187 1210 1227 1260 1303
018SUVA    2009 72  1306 1244 1195 1196 1227 1232 1211 1204 1207 1178 1164
018SUVA    2009 73  1194 1247 1284 1258 1220 1205 1219 1228 1216
018SUVA    2009 81  1225 1235 1234 1245 1250 1251 1281 1292 1264 1247 1240
018SUVA    2009 82  1230 1242 1281 1277 1238 1222 1243 1285 1303 1281 1263
018SUVA    2009 83  1268 1259 1226 1191 1180 1205 1241 1253 1243
018SUVA    2009 91  1245 1277 1311 1291 1250 1240 1243 1229 1198 1189 1212
018SUVA    2009 92  1262 1277 1252 1237 1245 1256 1270 1262 1248 1247 1250
018SUVA    2009 93  1241 1242 1253 1282 1273 1258 1267 1280
018SUVA    2009101  1259 1213 1198 1220 1255 1238 1183 1167 1197 1216 1187
018SUVA    2009102  1184 1188 1194 1206 1196 1193 1196 1195 1183 1163 1152
018SUVA    2009103  1160 1168 1165 1169 1182 1185 1177 1179 1174
018SUVA    2009111  1159 1136 1135 1130 1138 1145 1155 1166 1174 1194 1199
018SUVA    2009112  1198 1186 1178 1188 1190 1184 1187 1196 1189 1182 1178
018SUVA    2009113  1190 1221 1226 1212 1206 1198 1195 1191
018SUVA    2009121  1178 1173 1182 1189 1184 1178 1167 1176 1200 1196 1187
018SUVA    2009122  1184 1237 1285 1218 1168 1139 1105 1118 1131 1143 1150
018SUVA    2009123  1155 1166 1174 1172 1154 1151 1159 1181 1183
018SUVA    2010 11  1169 1187 1193 1207 1233 1247 1251 1237 1227 1232 1256
018SUVA    2010 12  1268 1250 1240 1237 1242 1239 1237 1238 1239 1251 1269
018SUVA    2010 13  1272 1261 1268 1284 1276 1274 1274 1272 1290
018SUVA    2010 21  1316 1321 1301 1258 1229 1208 1195 1193 1182 1183 1174
018SUVA    2010 22  1167 1184 1221 1240 1242 1229 1214 1205 1191 1187 1199
018SUVA    2010 23  1193 1181 1177 1192 1219 1242
018SUVA    2010 31  1261 1283 1280 1251 1218 1210 1199 1188 1187 1178 1177
018SUVA    2010 32  1190 1198 1219 1279 1268 1189 1088 1058 1122 1158 1152
018SUVA    2010 33  1135 1120 1113 1120 1127 1152 1166 1174 1192
018SUVA    2010 41  1191 1201 1222 1210 1179 1170 1176 1183 1190 1197 1204
018SUVA    2010 42  1202 1189 1191 1200 1196 1183 1181 1206 1204 1177 1170
018SUVA    2010 43  1187 1230 1268 1252 1213 1197 1186 1176
018SUVA    2010 51  1164 1147 1135 1132 1124 1120 1141 1165 1187 1195 1198
018SUVA    2010 52  1202 1187 1166 1173 1200 1171 1140 1119 1113 1125 1147
018SUVA    2010 53  1170 1206 1192 1150 1130 1141 1149 1120 1107
018SUVA    2010 61  1129 1152 1150 1139 1147 1167 1185 1176 1148 1123 1116
018SUVA    2010 62  1109 1104 1103 1107 1094 1108 1166 1172 1143 1134 1150
018SUVA    2010 63  1181 1178 1149 1137 1140 1151 1153 1128
018SUVA    2010 71  1103 1081 1080 1113 1161 1157 1122 1102 1108 1138 1179
018SUVA    2010 72  1170 1151 1142 1132 1117 1106 1104 1099 1105 1119 1128
018SUVA    2010 73  1131 1133 1127 1109 1083 1073 1089 1107 1123
018SUVA    2010 81  1123 1129 1133 1124 1107 1099 1112 1119 1099 1068 1064
018SUVA    2010 82  1084 1111 1126 1125 1093 1075 1092 1105 1089 1092 1110
018SUVA    2010 83  1122 1112 1099 1104 1100 1110 1111 1115 1101
018SUVA    2010 91  1064 1027 1032 1030 1011 1030 1088 1127 1143 1137 1117
018SUVA    2010 92  1117 1133 1131 1115 1096 1095 1084 1084 1090 1088 1103
018SUVA    2010 93  1107 1106 1119 1118 1126 1146 1164 1165
018SUVA    2010101  1167 1178 1184 1188 1197 1200 1194 1172 1159 1163 1181
018SUVA    2010102  1173 1160 1153 1151 1157 1164 1162 1149 1147 1151 1133
018SUVA    2010103  1120 1118 1131 1136 1146 1158 1144 1144 1154
018SUVA    2010111  1160 1171 1156 1139 1152 1167 1179 1169 1135 1106 1102
018SUVA    2010112  1113 1123 1152 1179 1175 1185 1190 1181 1171 1181 1186
018SUVA    2010113  1180 1176 1160 1166 1196 1231 1277 1258
018SUVA    2010121  1209 1190 1182 1176 1162 1149 1150 1156 1161 1178 1190
018SUVA    2010122  1177 1181 1177 1180 1172 1172 1183 1181 1172 1152 1144
018SUVA    2010123  1155 1157 1172 1181 1188 1192 1202 1181 1171
018SUVA    2011 11  1174 1169 1188 1198 1210 1207 1209 1231 1235 1233 1215
018SUVA    2011 12  1200 1222 1228 1207 1183 1178 1185 1215 1246 1258 1254
018SUVA    2011 13  1244 1258 1278 1246 1201 1163 1137 1153 1165
018SUVA    2011 21  1139 1129 1155 1163 1165 1188 1199 1196 1197 1199 1195
018SUVA    2011 22  1198 1212 1226 1231 1240 1244 1251 1271 1274 1276 1298
018SUVA    2011 23  1294 1264 1254 1234 1211 1226
018SUVA    2011 31  1216 1198 1215 1237 1242 1251 1258 1246 1253 1262 1234
018SUVA    2011 32  1208 1216 1250 1263 1249 1247 1242 1243 1253 1270 1278
018SUVA    2011 33  1289 1311 1318 1294 1256 1232 1220 1207 1201
018SUVA    2011 41  1204 1222 1237 1233 1221 1215 1210 1215 1209 1214 1230
018SUVA    2011 42  1226 1222 1246 1244 1238 1236 1253 1240 1214 1203 1199
018SUVA    2011 43  1191 1188 1199 1213 1211 1202 1212 1224
018SUVA    2011 51  1228 1227 1240 1241 1245 1268 1284 1267 1243 1221 1207
018SUVA    2011 52  1212 1226 1222 1218 1229 1250 1277 1290 1248 1207 1195
018SUVA    2011 53  1206 1227 1225 1212 1233 1230 1206 1212 1234
018SUVA    2011 61  1245 1244 1219 1211 1221 1224 1228 1243 1250 1251 1243
018SUVA    2011 62  1234 1230 1218 1207 1208 1238 1261 1264 1256 1238 1232
018SUVA    2011 63  1232 1237 1234 1222 1194 1177 1174 1188
018SUVA    2011 71  1216 1241 1293 1289 1235 1209 1205 1212 1212 1193 9999
018SUVA    2011 72  9999 1184 1181 1201 1219 1231 1259 1274 1267 1286 1326
018SUVA    2011 73  1347 1294 1228 1176 1150 1186 1243 1279 1277
018SUVA    2011 81  1287 1311 1294 1242 1199 1167 1179 1225 1265 1272 1249
018SUVA    2011 82  1252 1269 1279 1254 1240 1244 1246 1206 1182 1174 1159
018SUVA    2011 83  1150 1165 1194 1227 1245 1241 1227 1251 1266
018SUVA    2011 91  1254 1235 1242 1244 1220 1212 1242 1283 1292 1263 1251
018SUVA    2011 92  1258 1247 1209 1194 1207 1224 1209 1199 1217 1219 1236
018SUVA    2011 93  1261 1261 1247 1266 1295 1306 1295 1278
018SUVA    2011101  1268 1266 1273 1296 1304 1271 1242 1246 1268 1284 1292
018SUVA    2011102  1288 1282 1264 1255 1267 1261 1251 1254 1272 1246 1232
018SUVA    2011103  1248 1269 1277 1282 1275 1290 1326 1350 1338
018SUVA    2011111  1313 1290 1287 1294 1283 1264 1243 1225 1227 1247 1247
018SUVA    2011112  1245 1255 1267 1271 1238 1210 1212 1208 1196 1181 1181
018SUVA    2011113  1181 1188 1194 1206 1196 1188 1194 1197
018SUVA    2011121  1212 1228 1221 1221 1223 1222 1221 1219 1202 1192 1199
018SUVA    2011122  1207 1212 1222 1228 1234 1248 1276 1293 1281 1265 1267
018SUVA    2011123  1299 1312 1289 1294 1311 1318 1313 1280 1270
018SUVA    2012 11  1274 1271 1271 1282 1315 1345 1338 1323 1312 1302 1287
018SUVA    2012 12  1275 1278 1289 1299 1279 1255 1264 1271 1276 1297 1298
018SUVA    2012 13  1292 1289 1282 1278 1271 1271 1273 1272 1285
018SUVA    2012 21  1301 1312 1311 1355 1414 1363 1291 1264 1251 1271 1283
018SUVA    2012 22  1275 1252 1233 1240 9999 9999 9999 9999 9999 9999 9999
018SUVA    2012 23  9999 1232 1257 1271 9999 9999 1238
018SUVA    2012 31  1242 1242 1264 1303 1335 1341 1314 1293 1298 1314 1326
018SUVA    2012 32  1336 1325 1308 1325 1349 1357 1353 1349 1341 1334 1316
018SUVA    2012 33  1318 1328 1337 1350 1360 1356 1312 1324 1392
018SUVA    2012 41  1440 1420 1416 1381 1349 1335 1331 1347 1339 1299 1300
018SUVA    2012 42  1326 1337 1333 1314 1315 1320 1317 1306 1285 1283 1301
018SUVA    2012 43  1303 1298 1293 1280 1278 1280 1280 1300
018SUVA    2012 51  1324 1328 1299 1278 1269 1252 1244 1265 1295 1293 1254
018SUVA    2012 52  1243 1259 1270 1281 1255 1216 1216 1222 1217 1198 1168
018SUVA    2012 53  1159 1168 1202 1194 1175 1192 1222 1241 1198
018SUVA    2012 61  1147 1156 1164 1164 1183 1217 1240 1247 1220 1170 1187
018SUVA    2012 62  1246 1292 1294 1243 1176 1155 1178 1211 1221 1202 1179
018SUVA    2012 63  1185 1198 1210 1189 1187 1221 1255 1257
018SUVA    2012 71  1257 1274 1275 1265 1270 1279 1264 1247 1234 1220 1223
018SUVA    2012 72  1225 1211 1203 1200 1210 1235 1249 1256 1270 1294 1308
018SUVA    2012 73  1306 1288 1250 1271 1285 1282 1272 1252 1234
018SUVA    2012 81  1240 1265 1298 1285 1244 1216 1205 1225 1260 1252 1224
018SUVA    2012 82  1211 1218 1247 1260 1233 1213 1211 1235 1263 1271 1262
018SUVA    2012 83  1252 1254 1247 1249 1248 1252 1278 1302 1288
018SUVA    2012 91  1250 1239 1272 1297 1283 1257 1224 1244 1274 1267 1255
018SUVA    2012 92  1279 1309 1276 1256 1271 1289 1295 1295 1309 1317 1312
018SUVA    2012 93  1301 1299 1319 1342 1337 1319 1297 1289
018SUVA    2012101  1282 1290 1279 1259 1242 1238 1246 1264 1280 1264 1241
018SUVA    2012102  1244 1256 1271 1271 1275 1270 1264 1283 1280 1269 1272
018SUVA    2012103  1277 1311 1359 1346 1297 1266 1258 1252 1244
018SUVA    2012111  1244 1244 1243 1237 1231 1269 1337 1284 1201 1192 1220
018SUVA    2012112  1246 1232 1196 1184 1198 1218 1245 1259 1264 1285 1327
018SUVA    2012113  1347 1297 1249 1216 1216 1236 1254 1249
018SUVA    2012121  1240 1235 1248 1264 1290 1297 1280 1297 1332 1338 1308
018SUVA    2012122  1289 1319 1338 1333 1362 1296 1272 1313 1273 1256 1237
018SUVA    2012123  1233 1249 1246 1239 1229 1242 1260 1266 1269
018SUVA    2013 11  1272 1278 1312 1361 1350 1310 1299 1298 1314 1321 1327
018SUVA    2013 12  1336 1349 1366 1364 1345 1325 1326 1326 1319 1283 1257
018SUVA    2013 13  1264 1281 1301 1324 1351 1374 1383 1364 1310
018SUVA    2013 21  1292 1299 1296 1281 1259 1244 1241 1248 1240 1250 1257
018SUVA    2013 22  1239 1223 1218 1218 1226 1223 1216 1231 1254 1269 1269
018SUVA    2013 23  1279 1306 1313 1309 1289 1256
018SUVA    2013 31  1238 1227 1239 1284 1326 1353 1315 1251 1235 1230 1238
018SUVA    2013 32  1233 1230 1231 1227 1221 1215 1201 1189 1177 1168 1172
018SUVA    2013 33  1185 1198 1201 1198 1197 1211 1224 1231 1204
018SUVA    2013 41  1174 1170 1171 1187 1197 1186 1188 1189 1213 1230 1221
018SUVA    2013 42  1204 1194 1196 1207 1208 1209 1218 1223 1219 1204 1218
018SUVA    2013 43  1233 1230 1226 1213 1221 1249 1284 1324
018SUVA    2013 51  1293 1221 1185 1183 1196 1192 1162 1133 1137 1165 1170
018SUVA    2013 52  1166 1186 1211 1210 1196 1181 1183 1186 1199 1211 1227
018SUVA    2013 53  1218 1194 1195 1224 1253 1221 1126 1113 1194
018SUVA    2013 61  1312 1309 1222 1194 1208 1206 1190 1170 1167 1168 1162
018SUVA    2013 62  1170 1170 1142 1135 1171 1201 1215 1234 1227 1185 1149
018SUVA    2013 63  1119 1117 1133 1166 1209 1212 1191 1179
018SUVA    2013 71  1156 1136 1142 1187 1205 1169 1128 1130 1136 1125 1126
018SUVA    2013 72  1153 1149 1133 1104 1074 1074 1103 1159 1207 1203 1172
018SUVA    2013 73  1164 1148 1142 1144 1145 1142 1152 1178 1183
018SUVA    2013 81  1174 1163 1162 1150 1132 1118 1133 1162 1193 1213 1181
018SUVA    2013 82  1166 1155 1143 1129 1148 1165 1161 1171 1176 1187 1204
018SUVA    2013 83  1198 1172 1140 1115 1100 1110 1130 1158 1161
018SUVA    2013 91  1134 1125 1147 1164 1162 1135 1092 1082 1111 1142 1152
018SUVA    2013 92  1173 1195 1190 1193 1214 1239 1227 1217 1239 1275 1281
018SUVA    2013 93  1282 1282 1246 1204 1188 1214 1236 1232
018SUVA    2013101  1214 1218 1228 1250 1261 1253 1249 1245 1240 1226 1174
018SUVA    2013102  1159 1166 1174 1194 1213 1181 1162 1170 1174 1185 1195
018SUVA    2013103  1186 1184 1185 1205 1231 1228 1200 1188 1201
018SUVA    2013111  1228 1242 1241 1233 1230 1249 1271 1284 1279 1270 1260
018SUVA    2013112  1254 1254 1246 1247 1233 1216 1223 1232 1267 1309 1283
018SUVA    2013113  1235 1230 1267 1316 1330 1300 1268 1256
018SUVA    2013121  1273 1291 1285 1272 1260 1257 1270 1281 1287 1296 1331
018SUVA    2013122  1340 1292 1259 1249 1246 1231 1231 1272 1316 1279 1230
018SUVA    2013123  1215 1232 1264 1269 1262 1287 1309 1311 1308
018SUVA    2014 11  1308 1317 1327 1338 1345 1354 1341 1319 1299 1283 1273
018SUVA    2014 12  1259 1240 1226 1230 1246 1269 1291 1284 1277 1277 1280
018SUVA    2014 13  1311 1331 1324 1313 1323 1345 1377 1410 1353
018SUVA    2014 21  1298 1277 1261 1257 1260 1258 1254 1244 1265 1279 1272
018SUVA    2014 22  1260 1260 1272 1289 1298 1310 1315 1305 1297 1302 1316
018SUVA    2014 23  1322 1305 1298 1320 1323 1341
018SUVA    2014 31  1327 1283 1258 1250 1246 1240 1228 1223 1236 1242 1239
018SUVA    2014 32  1253 1283 1292 1265 1248 1240 1239 1244 1238 1225 1219
018SUVA    2014 33  1217 1228 1227 1220 1224 1213 1204 1205 1203
018SUVA    2014 41  1216 1231 1240 1240 1252 1247 1231 1241 1256 1258 1258
018SUVA    2014 42  1254 1267 1281 1282 1268 1263 1259 1245 1231 1228 1221
018SUVA    2014 43  1226 1222 1219 1229 1239 1251 1263 1295
018SUVA    2014 51  1308 1258 1213 1188 1185 1179 1167 1174 1192 1205 1197
018SUVA    2014 52  1172 1179 1202 1232 1258 1266 1224 1207 1193 1173 1153
018SUVA    2014 53  1138 1133 1162 1195 1178 1121 1106 1140 1176
018SUVA    2014 61  1180 1166 1169 1178 1198 1207 1213 1204 1189 1220 1266
018SUVA    2014 62  1275 1243 1189 1165 1183 1215 1221 1216 1174 1152 1179
018SUVA    2014 63  1212 1221 1207 1185 1199 1207 1196 1202
018SUVA    2014 71  1223 1236 1224 1208 1197 1216 1236 1260 1274 1234 1219
018SUVA    2014 72  1244 1269 1274 1254 1214 1214 1232 1231 1223 1208 1197
018SUVA    2014 73  1183 1151 1125 1125 1134 1148 1145 1123 1127
018SUVA    2014 81  1138 1151 1179 1191 1172 1151 1145 1145 1147 1142 1137
018SUVA    2014 82  1141 1143 1133 1121 1121 1122 1110 1118 1130 1133 1116
018SUVA    2014 83  1081 1074 1097 1115 1124 1123 1128 1138 1160
018SUVA    2014 91  1168 1168 1160 1162 1182 1197 1182 1151 1156 1183 1205
018SUVA    2014 92  1197 1176 1152 1136 1131 1131 1126 1151 1170 1163 1148
018SUVA    2014 93  1129 1142 1161 1186 1198 1222 1228 1197
018SUVA    2014101  1168 1155 1164 1170 1156 1150 1159 1175 1206 1220 1221
018SUVA    2014102  1196 1185 1186 1184 1159 1162 1183 1205 1203 1184 1182
018SUVA    2014103  1197 1200 1177 1154 1147 1156 1157 1156 1155
018SUVA    2014111  1174 1194 1203 1194 1182 1171 1194 1232 1239 1222 1177
018SUVA    2014112  1135 1138 1133 1111 1106 1109 1130 1153 1144 1122 1122
018SUVA    2014113  1139 1160 1170 1170 1168 1179 1181 1187
018SUVA    2014121  1187 1182 1161 1135 1146 1170 1169 1163 1152 1164 1178
018SUVA    2014122  1191 1204 1220 1239 1254 1245 1240 1241 1244 1246 1245
018SUVA    2014123  1232 1245 1260 1261 1266 1274 1270 1264 1270
018SUVA    2015 11  1262 1261 1262 1254 1254 1274 1299 1301 1291 1291 1289
018SUVA    2015 12  1290 1280 1265 1283 1292 1275 1271 1269 1268 1266 1270
018SUVA    2015 13  1279 1300 1316 1320 1312 1311 1301 1290 1283
018SUVA    2015 21  1277 1278 1287 1260 1240 1255 1291 1311 1319 1318 1306
018SUVA    2015 22  1293 1291 1286 1276 1270 1271 1282 1296 1307 1316 1302
018SUVA    2015 23  1267 1258 1258 1262 1246 1226
018SUVA    2015 31  1222 1222 1221 1239 1254 1260 1263 1277 1285 1280 1281
018SUVA    2015 32  1296 1329 1355 1354 1313 1271 1247 1255 1298 1288 1237
018SUVA    2015 33  1207 1206 1215 1204 1177 1163 1179 1194 1195
018SUVA    2015 41  1177 1166 1174 1188 1196 1188 1178 1178 1183 1199 1206
018SUVA    2015 42  1218 1248 1260 1230 1177 1165 1190 1218 1207 1187 1185
018SUVA    2015 43  1187 1202 1193 1177 1170 1177 1172 1147
018SUVA    2015 51  1122 1130 1156 1168 1169 1165 1165 1191 1216 1227 1204
018SUVA    2015 52  1171 1168 1178 1185 1191 1152 1095 1091 1102 1096 1092
018SUVA    2015 53  1109 1132 1111 1077 1083 1118 1143 1135 1127
018SUVA    2015 61  1129 1129 1143 1153 1142 1129 1148 1188 1172 1125 1114
018SUVA    2015 62  1140 1151 1124 1124 1137 1104 1041 1038 1091 1160 1193
018SUVA    2015 63  1179 1114 1064 1052 1068 1076 1062 1054
018SUVA    2015 71  9999 9999 1136 1143 1120 1092 1104 1141 1164 1116 1074
018SUVA    2015 72  1073 1071 1074 1084 1086 1091 1097 1108 1094 1085 1063
018SUVA    2015 73  1058 1078 1105 1112 1118 1128 1141 1145 1145
018SUVA    2015 81  1142 1129 1107 1119 1154 1200 1227 1200 1178 1151 1115
018SUVA    2015 82  1093 1094 1115 1137 1140 1122 1106 1115 1119 1124 1138
018SUVA    2015 83  1172 1170 1131 1122 1131 1128 1124 1137 1147
018SUVA    2015 91  1154 1154 1146 1138 1152 1158 1147 1132 1131 1166 1193
018SUVA    2015 92  1165 1146 1152 1165 1171 1163 1189 1229 1266 1261 1214
018SUVA    2015 93  1189 1206 1240 1238 1209 1195 1194 1186
018SUVA    2015101  1183 1176 1181 1178 1164 1139 1122 1154 1198 1199 1180
018SUVA    2015102  1169 1175 1193 1197 1172 1161 1181 1205 1192 1168 1168
018SUVA    2015103  1174 1175 1172 1187 1193 1198 1219 1226 1202
018SUVA    2015111  1183 1181 1189 1208 1235 1249 1232 1217 1224 1239 1249
018SUVA    2015112  1244 1235 1217 1200 1218 1255 1275 1283 1290 1272 1270
018SUVA    2015113  1279 1277 1278 1294 1313 1321 1307 1287
018SUVA    2015121  1281 1284 1271 1256 1243 1239 1246 1258 1260 1253 1258
018SUVA    2015122  1269 1275 1284 1297 1310 1335 1343 1310 1263 1253 1281
018SUVA    2015123  1293 1278 1273 1280 1300 1286 1274 1307 1345
018SUVA    2016 11  1307 1318 1313 1273 1262 1244 1201 1165 1142 1152 1167
018SUVA    2016 12  1171 1187 1197 1187 1204 1223 1214 1202 1198 1212 1232
018SUVA    2016 13  1233 1215 1195 1199 1210 1214 1203 1188 1197
018SUVA    2016 21  1225 1237 1239 1239 1238 1244 1259 1291 1319 1332 1343
018SUVA    2016 22  1343 1340 1372 1432 1382 1308 1283 1356 1357 1196 1194
018SUVA    2016 23  1226 1247 1233 1181 1149 1154 1165
018SUVA    2016 31  1179 1185 1178 1174 1170 1171 1178 1172 1169 1174 1200
018SUVA    2016 32  9999 9999 9999 9999 9999 9999 9999 9999 9999 9999 9999
018SUVA    2016 33  9999 9999 9999 9999 9999 9999 9999 9999 9999
018SUVA    2016 41  9999 9999 1200 1278 1293 1295 1254 1170 1150 1147 1151
018SUVA    2016 42  1163 1165 1159 1187 1210 1186 1164 1148 1143 1154 1128
018SUVA    2016 43  1108 1101 1099 1107 1101 1081 1074 1085
018SUVA    2016 51  1087 1085 1090 1105 1101 1089 1066 1056 1043 1044 1049
018SUVA    2016 52  1051 1046 1053 1069 1080 1063 1040 1034 1049 1085 1092
018SUVA    2016 53  1032 1005 1031 1066 1059 1040 1045 1069 1087
018SUVA    2016 61  1088 1089 1095 1106 1102 1086 1089 1130 1191 1195 1160
018SUVA    2016 62  1141 1124 1127 1128 1129 1122 1123 1120 1096 1095 1106
018SUVA    2016 63  1133 1157 1154 1161 1173 1173 1183 1203
018SUVA    2016 71  1188 1145 1119 1126 1141 1158 1179 1187 1204 1204 1195
018SUVA    2016 72  1169 1142 1119 1112 1105 1102 1114 1113 1116 1126 1133
018SUVA    2016 73  1135 1145 1153 1152 1149 1164 1186 1188 1191
018SUVA    2016 81  1190 1173 1144 1152 1203 1227 1188 1175 1187 1180 1160
018SUVA    2016 82  1140 1157 1188 1201 1221 1235 1233 1219 1207 1186 1169
018SUVA    2016 83  1167 1150 1145 1155 1157 1163 1194 1199 1182
018SUVA    2016 91  1159 1145 1149 1165 1189 1199 1195 1200 1193 1181 1165
018SUVA    2016 92  1164 1174 1185 1194 1195 1212 1230 1236 1239 1255 1253
018SUVA    2016 93  1240 1239 1244 1259 1272 1263 1251 1243
018SUVA    2016101  1218 1213 1222 1222 1217 1208 1195 1191 1229 1285 1268
018SUVA    2016102  1245 1227 1227 1246 1233 1218 1243 1273 1275 1238 1215
018SUVA    2016103  1206 1212 1213 1207 1210 1209 1211 1213 1238
018SUVA    2016111  1235 1212 1217 1235 1240 1238 1223 1215 1207 1211 1236
018SUVA    2016112  1247 1224 1196 1194 1215 1233 1231 1186 1168 1184 1192
018SUVA    2016113  1200 1226 1241 1244 1247 1243 1236 1240
018SUVA    2016121  1255 1277 1273 1234 1235 1244 1225 1216 1210 1219 1217
018SUVA    2016122  1198 1185 1187 1198 1229 1218 1230 1282 1302 1303 1259
018SUVA    2016123  1214 1203 1196 1177 1169 1187 1214 1230 1228
018SUVA    2017 11  1210 1190 1195 1222 1222 1239 1249 1239 1228 1225 1230
018SUVA    2017 12  1253 1267 1258 1260 1249 1264 1283 1291 1269 1242 1241
018SUVA    2017 13  1238 1239 1240 1241 1231 1225 1224 1230 1242
018SUVA    2017 21  1250 1269 1283 1303 1293 1276 1306 1348 1329 1328 1363
018SUVA    2017 22  1313 1235 1209 1224 1260 1283 1275 1250 1250 1236 1194
018SUVA    2017 23  1151 1140 1170 1176 1150 1128
018SUVA    2017 31  1148 1160 1172 1212 1208 1193 1196 1202 1196 1169 1148
018SUVA    2017 32  1151 1160 1155 1158 1168 1170 1169 1163 1143 1127 1123
018SUVA    2017 33  1124 1131 1149 1166 1179 1199 1196 1183 1188
018SUVA    2017 41  1195 1203 1199 1203 1210 1198 1182 1181 1188 1212 1220
018SUVA    2017 42  1205 1198 1183 1160 1157 1152 1133 1127 1140 1151 1174
018SUVA    2017 43  1196 1208 1222 1224 1204 1181 1170 1193
018SUVA    2017 51  1224 1207 1167 1173 1200 1207 1174 1145 1149 1177 1201
018SUVA    2017 52  1227 1222 1181 1156 1159 1166 1188 1204 1220 1237 1277
018SUVA    2017 53  1260 1222 1213 1207 1220 1205 1202 1202 1206
018SUVA    2017 61  1219 1242 1259 1253 1237 1219 1195 1200 1229 1242 1199
018SUVA    2017 62  1127 1107 1138 1160 1150 1154 1168 1195 1211 1215 1223
018SUVA    2017 63  1236 1212 1187 1173 1162 1155 1146 1128
018SUVA    2017 71  1127 1158 1162 1142 1127 1140 1179 1167 1141 1141 1132
018SUVA    2017 72  1148 1161 1136 1099 1108 1143 1187 1206 1222 1242 1246
018SUVA    2017 73  1246 1224 1206 1201 1188 1190 1197 1230 1239
018SUVA    2017 81  1203 1191 1220 1227 1204 1175 1158 1176 1221 1245 1240
018SUVA    2017 82  1214 1228 1280 1315 1300 1243 1235 1277 1309 1287 1241
018SUVA    2017 83  1240 1258 1259 1253 1255 1252 1257 1290 1299
018SUVA    2017 91  1292 1269 1250 1226 1211 1225 1251 1268 1275 1284 1286
018SUVA    2017 92  1262 1240 1212 1214 1227 1225 1241 1261 1256 1264 1261
018SUVA    2017 93  1241 1222 1210 1221 1258 1283 1257 1244
018SUVA    2017101  1235 1224 1215 1236 1265 1271 1252 1260 1285 1295 1291
018SUVA    2017102  1276 1279 1295 1299 1275 1268 1288 1299 1273 1236 1211
018SUVA    2017103  1226 1252 1272 1274 1279 1291 1308 1345 1369
018SUVA    2017111  1338 1301 1285 1276 1267 1258 1244 1245 1274 1306 1288
018SUVA    2017112  1266 1272 1284 1297 1303 1321 1320 1294 1285 1277 1279
018SUVA    2017113  1274 1266 1262 1262 1274 1289 1284 1287
018SUVA    2017121  1283 1299 1342 1341 1307 1289 1300 1320 1306 1274 1254
018SUVA    2017122  1250 1250 1252 1247 1236 1232 1230 1231 1229 1207 1213
018SUVA    2017123  1276 1329 1294 1235 1205 1210 1227 1223 1196
018SUVA    2018 11  1209 1227 1231 1229 1236 1241 1237 1228 1227 1223 1220
018SUVA    2018 12  1227 1244 1248 1244 1233 1226 1240 1253 1257 1251 1255
018SUVA    2018 13  1275 1299 1309 1315 1333 1349 1361 1364 1348
018SUVA    2018 21  1344 1370 1386 1357 1338 1350 1362 1384 1370 1308 1292
018SUVA    2018 22  1324 1380 1352 1279 1243 1241 1247 1236 1229 1225 1222
018SUVA    2018 23  1217 1230 1234 1229 1243 1269
018SUVA    2018 31  1279 1273 1262 1253 1276 1306 1305 1303 1292 1280 1278
018SUVA    2018 32  1253 1226 1242 1258 1273 1286 1291 1301 1301 1303 1296
018SUVA    2018 33  1281 1271 1264 1264 1278 1268 1241 1254 1296
018SUVA    2018 41  1353 1359 1320 1293 1270 1241 1208 1191 1221 1319 1300
018SUVA    2018 42  1162 1113 1118 1147 1161 1143 1149 1190 1232 1237 1219
018SUVA    2018 43  1186 1181 1203 1223 1236 1250 1259 1262
018SUVA    2018 51  1262 1266 1230 1187 1148 1145 1167 1171 1157 1151 1162
018SUVA    2018 52  1187 1195 1207 1205 1207 1216 1208 1196 1209 1217 1216
018SUVA    2018 53  1212 1214 1214 1207 1202 1220 1225 1198 1173
018SUVA    2018 61  1177 1204 1225 1230 1210 1194 1191 1179 1203 1227 1206
018SUVA    2018 62  1182 1173 1176 1177 1171 1174 1182 1209 1237 1237 1205
018SUVA    2018 63  1178 1173 1188 1177 1131 1110 1120 1114
018SUVA    2018 71  1107 1141 1210 1234 1205 1181 1179 1199 1225 1242 1232
018SUVA    2018 72  1216 1225 1249 1266 1262 1251 1255 1249 1233 1221 1228
018SUVA    2018 73  1254 1253 1197 1169 1165 1168 1189 1199 1215
018SUVA    2018 81  1214 1209 1224 1235 1226 1223 1229 1226 1224 1216 1236
018SUVA    2018 82  1258 1243 1221 1202 1200 1217 1228 1203 1184 1193 1206
018SUVA    2018 83  1223 1212 1179 1182 1201 1203 1235 1274 1273
018SUVA    2018 91  1247 1256 1279 1297 1294 1311 1314 1281 1263 1257 1270
018SUVA    2018 92  1244 1221 1222 1257 1273 1285 1295 1296 1287 1290 1298
018SUVA    2018 93  1273 1235 1233 1231 1244 1223 1203 1190
018SUVA    2018101  1168 1214 1269 1293 1271 1260 1261 1274 1272 1261 1256
018SUVA    2018102  1263 1255 1222 1187 1185 1214 1243 1251 1246 1247 1267
018SUVA    2018103  1268 1267 1288 1308 1305 1305 1293 1262 1229
018SUVA    2018111  1205 1201 1203 1222 1239 1260 1277 1291 1301 1287 1269
018SUVA    2018112  1264 1283 1307 1325 1311 1295 1301 1306 1274 1240 1229
018SUVA    2018113  1234 1248 1256 1255 1261 1269 1268 1267
018SUVA    2018121  1278 1287 1279 1257 1254 1273 1304 1322 1276 1251 1267
018SUVA    2018122  1289 1308 1314 1316 1322 1313 1296 1271 1259 1269 1280
018SUVA    2018123  1283 1282 1283 1295 1325 1330 1335 1340 1351
018SUVA    2019 11  1348 1321 1310 1295 1286 1287 1271 1263 1259 1262 1282
018SUVA    2019 12  1295 1304 1304 1301 1302 1316 1314 1292 1281 1295 1296
018SUVA    2019 13  1285 1283 1286 1285 1287 1295 1302 1297 1272
018SUVA    2019 21  1266 1277 1289 1293 1301 1333 1351 1340 1343 1358 1354
018SUVA    2019 22  1346 1345 1331 1299 1275 1269 1281 1295 1296 1288 1254
018SUVA    2019 23  1242 1261 1293 1332 1343 1307
018SUVA    2019 31  1272 1247 1235 1227 1232 1241 1240 1254 1240 1249 1267
018SUVA    2019 32  1267 1263 1270 1267 1259 1259 1256 1262 1261 1256 1248
018SUVA    2019 33  1229 1225 1228 1244 1262 1264 1271 1264 1256
018SUVA    2019 41  1246 1240 1230 1242 1261 1257 1270 1279 1258 1242 1246
018SUVA    2019 42  1277 1305 1335 1316 1271 1256 1261 1252 1232 1227 1246
018SUVA    2019 43  1284 1277 1264 1274 1259 1282 1293 1229
018SUVA    2019 51  1205 1192 1198 1215 1208 1191 1172 1178 1202 1206 1204
018SUVA    2019 52  1208 1217 1218 1201 1177 1181 1188 1183 1185 1203 1216
018SUVA    2019 53  1228 1211 1197 1189 1188 1187 1179 1168 1187
018SUVA    2019 61  1200 1180 1156 1150 1183 1222 1203 1171 1158 1202 1258
018SUVA    2019 62  1253 1220 1186 1191 1205 1214 1208 1212 1204 1205 1219
018SUVA    2019 63  1230 1234 1220 1216 1234 1249 1268 1314
018SUVA    2019 71  1306 1267 1247 1229 1224 1232 1243 1254 1253 1247 1238
018SUVA    2019 72  1232 1216 1219 1254 1263 1239 1219 1234 1248 1231 1202
018SUVA    2019 73  1189 1185 1177 1192 1207 1214 1220 1216 1202
018SUVA    2019 81  1185 1173 1174 1172 1161 1150 1177 1209 1233 1212 1190
018SUVA    2019 82  1196 1191 1175 1184 1208 1208 1219 1234 1228 1220 1216
018SUVA    2019 83  1225 1211 1161 1156 1201 1243 1229 1184 1177
018SUVA    2019 91  1202 1251 1309 1345 1300 1216 1184 1218 1276 1280 1239
018SUVA    2019 92  1212 1214 1249 1269 1238 1201 1224 1240 1226 1201 1148
018SUVA    2019 93  1140 1177 1190 1189 1187 1203 1239 1265
018SUVA    2019101  1254 1229 1211 1208 1216 1238 1244 1249 1251 1236 1212
018SUVA    2019102  1206 1224 1250 1275 1253 1211 1193 1199 1216 1225 1230
018SUVA    2019103  1232 1243 1258 1256 1261 1263 1281 1272 1225
018SUVA    2019111  1205 1208 1220 1230 1247 1263 1290 1298 1297 1313 1322
018SUVA    2019112  1298 1261 1245 1251 1243 1248 1273 1304 1325 1334 1320
018SUVA    2019113  1306 1310 1304 1288 1288 1295 1298 1301
018SUVA    2019121  1297 1291 1298 1306 1311 1313 1305 1308 1317 1335 1333
018SUVA    2019122  1319 1304 1294 1297 1327 1344 1325 1311 1322 1356 1367
018SUVA    2019123  1356 1330 1310 1310 1365 1520 1449 1301 1250
018SUVA    2020 11  1241 1256 1259 1244 1248 1258 1256 1243 1243 1265 1282
018SUVA    2020 12  1294 1329 1368 1388 1417 1444 1389 1318 1270 1255 1275
018SUVA    2020 13  1278 1291 1288 1292 1293 1289 1284 1273 1265
018SUVA    2020 21  1259 1254 1270 1277 1275 1267 1263 1282 1294 1290 1312
018SUVA    2020 22  1342 1337 1289 1265 1278 1283 1269 1259 1248 1228 1213
018SUVA    2020 23  1226 1243 1252 1247 1237 1233 1244
018SUVA    2020 31  1258 1255 1244 1236 1229 1236 1252 1257 1259 1270 1283
018SUVA    2020 32  1293 1297 1301 1298 1293 1291 1257 1251 1272 1273 1287
018SUVA    2020 33  1289 1294 1304 1297 1297 1297 1300 1297 1275
018SUVA    2020 41  1261 1278 1301 1308 1306 1303 1363 1470 1344 1228 1206
018SUVA    2020 42  1197 1207 1197 1175 1178 1180 1196 1206 1210 1237 1258
018SUVA    2020 43  1243 1226 1220 1229 1230 1221 1200 1196
018SUVA    2020 51  1198 1203 1213 1227 1241 1226 1200 1220 1234 1229 1207
018SUVA    2020 52  1199 1218 1240 1227 1210 1204 1207 1210 1212 1207 1197
018SUVA    2020 53  1196 1189 1182 1169 1167 1179 1194 1214 1225
018SUVA    2020 61  1229 1225 1217 1231 1257 1268 1235 1203 1201 1211 1191
018SUVA    2020 62  1173 1179 1176 1180 1185 1204 1236 1242 1250 1249 1215
018SUVA    2020 63  1206 1208 1223 1240 1248 1245 1257 1265
018SUVA    2020 71  1240 1201 1173 1188 1230 1254 1234 1221 1219 1211 1221
018SUVA    2020 72  1225 1234 1243 1258 1288 1290 1290 1317 1313 1267 1225
018SUVA    2020 73  1206 1240 1272 1270 1260 1242 1218 1241 1284
018SUVA    2020 81  1292 1299 1293 1271 1259 1260 1262 1250 1228 1222 1243
018SUVA    2020 82  1275 1282 1250 1214 1223 1255 1309 1335 1290 1269 1273
018SUVA    2020 83  1280 1282 1277 1259 1246 1241 1264 1321 1332
018SUVA    2020 91  1309 1297 1275 1233 1223 1241 1276 1284 1305 1335 1313
018SUVA    2020 92  1265 1225 1241 1269 1275 1267 1291 1307 1286 1279 1288
018SUVA    2020 93  1280 1274 1261 1251 1261 1286 1324 1340
018SUVA    2020101  1317 1296 1314 1334 1322 1313 1324 1335 1329 1304 1278
018SUVA    2020102  1278 1305 1333 1358 1376 1378 1321 1286 1286 1299 1308
018SUVA    2020103  1301 1296 1313 1343 1326 1288 1274 1275 1282
018SUVA    2020111  1286 1283 1279 1284 1303 1304 1284 1298 1331 1335 1326
018SUVA    2020112  1329 1335 1328 1306 1304 1306 1289 1257 1238 1253 1281
018SUVA    2020113  1284 1283 1277 1294 1329 1329 1274 1236
018SUVA    2020121  1239 1246 1255 1265 1268 1283 1274 1278 1304 1300 1297
018SUVA    2020122  1304 1325 1337 1332 1331 1345 1351 1344 1305 1281 1286
018SUVA    2020123  1284 1282 1270 1267 1268 1252 1257 1264 1269
018SUVA    2021 11  1278 1315 1334 1340 1332 1317 1306 1286 1281 1285 1309
018SUVA    2021 12  1329 1321 1307 1308 1317 1320 1313 1303 1321 1349 1339
018SUVA    2021 13  1325 1328 1352 1370 1367 1356 1359 1412 1372
018SUVA    2021 21  1323 1295 1247 1231 1241 1252 1250 1282 1276 1215 1173
018SUVA    2021 22  1175 1205 1218 1212 1192 1182 1180 1203 1218 1219 1215
018SUVA    2021 23  1213 1232 1253 1255 1265 1298
018SUVA    2021 31  1328 1351 1318 1299 1322 1324 1307 1288 1264 1259 1278
018SUVA    2021 32  1301 1299 1297 1314 1318 1315 1309 1313 1328 1331 1328
018SUVA    2021 33  1345 1363 1348 1344 1358 1365 1375 1383 1385
018SUVA    2021 41  1380 1360 1359 1367 1349 1336 1344 1358 1368 1383 1373
018SUVA    2021 42  1354 1352 1359 1359 1338 1315 1305 1307 1335 1351 1349
018SUVA    2021 43  1350 1359 1377 1401 1420 1395 1347 1305
018SUVA    2021 51  1285 1281 1290 1310 1351 1351 1311 1264 1268 1310 9999
018SUVA    2021 52  9999 9999 9999 9999 9999 9999 9999 1334 1367 1392 1420
018SUVA    2021 53  1378 1338 1346 1355 1334 1310 1300 1311 1303
018SUVA    2021 61  1320 1296 1291 1307 1320 1360 1353 1305 1278 1257 1250
018SUVA    2021 62  1253 1260 1290 1314 1327 1336 1346 1352 1350 1341 1323
018SUVA    2021 63  1313 1288 1268 1268 1272 1300 1354 1363
