023RAROTONG      LAT=21 12.4S  LONG=159 46.5W
023RAROTONG1993 21  9999 9999 9999 9999 9999 9999 9999 9999 9999 9999 9999
023RAROTONG1993 22  9999 9999 9999 9999 9999 9999 9999 9999  643  642  640
023RAROTONG1993 23   653  661  650  634  627  628
023RAROTONG1993 31   643  643  653  665  651  640  614  594  593  595  591
023RAROTONG1993 32   586  563  541  557  566  547  540  546  561  521  476
023RAROTONG1993 33   467  466  465  465  466  457  435  421  427
023RAROTONG1993 41   448  464  473  476  481  487  488  482  467  459  463
023RAROTONG1993 42   474  487  480  467  473  526  568  545  537  547  537
023RAROTONG1993 43   544  575  591  565  542  539  537  537
023RAROTONG1993 51   537  554  570  572  584  598  610  635  658  643  612
023RAROTONG1993 52   590  566  561  569  564  554  564  578  594  585  568
023RAROTONG1993 53   553  549  554  554  553  568  562  547  533
023RAROTONG1993 61   522  525  520  498  474  456  439  438  459  477  477
023RAROTONG1993 62   466  456  464  480  487  483  466  445  443  470  496
023RAROTONG1993 63   481  457  453  449  458  454  445  456
023RAROTONG1993 71   458  436  415  406  412  446  520  550  529  520  509
023RAROTONG1993 72   502  488  449  428  443  470  492  461  431  441  459
023RAROTONG1993 73   479  491  509  520  500  493  494  491  496
023RAROTONG1993 81   516  527  535  549  548  517  491  499  518  530  552
023RAROTONG1993 82   555  521  494  506  530  554  550  535  510  477  465
023RAROTONG1993 83   464  473  488  482  486  530  462  411  416
023RAROTONG1993 91   426  433  416  406  403  398  394  401  408  412  391
023RAROTONG1993 92   379  390  409  423  411  404  408  420  457  483  456
023RAROTONG1993 93   432  429  429  425  416  432  456  455
023RAROTONG1993101   491  502  469  451  470  519  535  516  492  506  528
023RAROTONG1993102   521  507  514  544  557  551  535  534  555  573  577
023RAROTONG1993103   580  585  581  581  587  589  596  581  560
023RAROTONG1993111   554  553  552  559  569  576  584  609  620  608  597
023RAROTONG1993112   589  600  617  619  599  588  580  580  581  582  597
023RAROTONG1993113   629  649  644  630  615  601  598  601
023RAROTONG1993121   601  595  611  649  680  681  657  647  658  670  667
023RAROTONG1993122   665  682  683  667  679  694  705  714  710  697  684
023RAROTONG1993123   693  709  711  714  720  733  724  707  696
023RAROTONG1994 11   705  715  725  730  739  745  744  783  810  760  721
023RAROTONG1994 12   677  650  656  672  683  685  679  680  689  682  681
023RAROTONG1994 13   688  675  665  670  682  693  695  687  682
023RAROTONG1994 21   677  666  647  645  651  640  635  642  650  647  632
023RAROTONG1994 22   625  616  599  610  628  635  635  626  633  644  647
023RAROTONG1994 23   636  627  654  665  657  646
023RAROTONG1994 31   636  632  626  614  612  615  620  629  639  637  638
023RAROTONG1994 32   648  640  607  588  594  632  648  608  573  541  509
023RAROTONG1994 33   509  527  543  573  592  560  543  562  563
023RAROTONG1994 41   552  535  534  557  583  589  591  606  613  589  576
023RAROTONG1994 42   595  645  668  625  573  564  575  585  591  599  606
023RAROTONG1994 43   611  613  604  606  608  593  566  548
023RAROTONG1994 51   547  562  583  590  604  613  613  614  611  623  633
023RAROTONG1994 52   643  657  650  605  567  556  568  571  558  576  605
023RAROTONG1994 53   585  550  564  579  538  515  522  542  579
023RAROTONG1994 61   596  572  556  560  560  570  576  553  517  483  478
023RAROTONG1994 62   505  529  555  556  532  515  503  493  471  450  462
023RAROTONG1994 63   489  474  451  452  457  449  448  453
023RAROTONG1994 71   451  452  464  465  462  488  517  520  527  541  533
023RAROTONG1994 72   553  580  562  529  537  594  593  569  570  589  615
023RAROTONG1994 73   607  576  570  567  571  601  619  618  654
023RAROTONG1994 81   674  643  572  491  452  473  507  529  534  531  526
023RAROTONG1994 82   528  537  537  534  532  532  539  535  548  569  528
023RAROTONG1994 83   494  504  524  528  533  576  595  548  513
023RAROTONG1994 91   502  491  514  560  568  573  563  552  562  580  576
023RAROTONG1994 92   569  573  571  580  580  556  532  548  539  491  463
023RAROTONG1994 93   460  477  453  425  405  392  394  413
023RAROTONG1994101   431  436  456  480  479  468  472  499  494  475  479
023RAROTONG1994102   489  494  506  515  525  507  487  501  522  522  506
023RAROTONG1994103   486  465  462  472  472  474  488  496  476
023RAROTONG1994111   445  428  437  433  405  373  354  356  349  347  357
023RAROTONG1994112   370  388  399  398  403  405  413  446  472  450  424
023RAROTONG1994113   431  459  482  503  521  514  502  511
023RAROTONG1994121   539  536  527  548  574  588  574  549  552  569  582
023RAROTONG1994122   583  579  570  572  589  597  592  570  564  561  549
023RAROTONG1994123   536  534  538  555  571  573  565 9999 9999
023RAROTONG1995 11   619  645  572  527  522  512  517  499  497  499  496
023RAROTONG1995 12   504  509  508  510  517  515  508  516  545  570  595
023RAROTONG1995 13   605  596  585  566  540  520  514  525  529
023RAROTONG1995 21   536  538  547  553  550  536  518  508  506  485  466
023RAROTONG1995 22   445  441  450  452  447  435  414  404  402  403  405
023RAROTONG1995 23   407  399  386  392  415  432
023RAROTONG1995 31   440  438  443  443  440  455  466  460  441  431  434
023RAROTONG1995 32   438  444  459  476  484  492  501  501  488  485  502
023RAROTONG1995 33   505  493  489  504  506  493  474  465 9999
023RAROTONG1995 41  9999 9999  436  439  451  448  459  494  544  499  428
023RAROTONG1995 42   424  444  465  478  499  511  500  479  469  475  487
023RAROTONG1995 43   502  520  539  540  536  548  559  559
023RAROTONG1995 51   565  564  564  567  558  549  558  565  577  581  592
023RAROTONG1995 52   618  613  588  578  599  619  605  580  567  567  560
023RAROTONG1995 53   555  546  542  583  614  582  560  559  563
023RAROTONG1995 61   557  534  513  518  533  533  525  528  543  554  535
023RAROTONG1995 62   510  508  528  554  571  580  582  580  578  581  569
023RAROTONG1995 63   566  579  589  596  581  553  554 9999
023RAROTONG1995 71  9999 9999 9999 9999 9999 9999  540  547  548  540  529
023RAROTONG1995 72   517  512  514  527  532  552  555  528  501  493  503
023RAROTONG1995 73   505  501  500  512  524  523  522  532  533
023RAROTONG1995 81   519  520  534  536  539  562  565  529  485  484  508
023RAROTONG1995 82   509  516  528  531  512  470  464  491  512  527  523
023RAROTONG1995 83   521  534  526  519  520  515  520  536  544
023RAROTONG1995 91   531  516  522  535  526  506  496  499  518  531  539
023RAROTONG1995 92   544  516  472  457  455  469  494  511  518  523  526
023RAROTONG1995 93   529  532  546  551  523  486  454  418
023RAROTONG1995101   405  419  449  493  509  502  490  469  459  450  442
023RAROTONG1995102   443  434  445  466  472  454  452  464  474  483  469
023RAROTONG1995103   456  462  466  472  472  466  458  451  449
023RAROTONG1995111   445  442  447  446  437  430  443  459  463  446  442
023RAROTONG1995112   458  469  481  486  501  504  487  473  472  491  517
023RAROTONG1995113   504  477  486  508  531  565  593  581
023RAROTONG1995121   567  574  579  568  551  558  596  622  616  622  638
023RAROTONG1995122   639  636  648  702  737  717  696  683  660  638  628
023RAROTONG1995123   626  629  626  635  655  669  670  655  646
023RAROTONG1996 11   643  644  661  677  688  672  644  637  647  680  702
023RAROTONG1996 12   683  670  666  628  614  638  671  683  684  681  668
023RAROTONG1996 13   665  684  679  670  657  634  620  622 9999
023RAROTONG1996 21  9999 9999 9999 9999 9999  640  653  670  677  674  678
023RAROTONG1996 22   679  684  707  731  720  694  661  635  610  610  618
023RAROTONG1996 23   617  623  620  585  545  541  557
023RAROTONG1996 31   548  540  556  569  564  553  542  545  556  558  544
023RAROTONG1996 32   540  564  581  567  528  499  510  531  546  543  525
023RAROTONG1996 33   522  537  545  554  554  547  542  543  536
023RAROTONG1996 41   521  521  526  523  511  495  491  508  529  535  512
023RAROTONG1996 42   494  503  519  521  514  505  501  508  520  527  538
023RAROTONG1996 43   555  557  559 9999 9999  589  605  602
023RAROTONG1996 51   598  587  573  587  596  593  591  575  565  555  560
023RAROTONG1996 52   573  587  581  566  559  576  623  623  608  618  597
023RAROTONG1996 53   557  556  567  576  600  597  588  574  572
023RAROTONG1996 61   582  609  626  626  644  650  629  600  588  579  584
023RAROTONG1996 62   586  585  583  565  550  567  566  538  526  514  497
023RAROTONG1996 63   509  541  543  518  495  495  504  512
023RAROTONG1996 71   515  510  506  513  522  525  532  569  583  568  544
023RAROTONG1996 72   520  517  513  500  497  497  498  511  538  560  537
023RAROTONG1996 73   533  557  551  559  617  624  566  538  511
023RAROTONG1996 81   479  476  505  519  506  505  561  612  603  575  540
023RAROTONG1996 82   525  528  554  569  568  574  572  580  593  583  567
023RAROTONG1996 83   553  547  558  562  558  565  586  605  608
023RAROTONG1996 91   591  594  629  635  617  602  610  617  608  597  590
023RAROTONG1996 92   587  589  604  629  652  668  672  669  658  668  704
023RAROTONG1996 93   720  710  679  653  648  643  624  626
023RAROTONG1996101   639  622  584  574  582  590  616  647  612  562  538
023RAROTONG1996102   534  538  529  519  536  568  583  574  559  561  577
023RAROTONG1996103  9999 9999  561  583  598  588  570  562  569
023RAROTONG1996111   579  585  585  576  570  588  592  577  572  570  562
023RAROTONG1996112   539  527  527  517  513  532  533  511  501  505  517
023RAROTONG1996113   530  542  544  529  520  527  538  540
023RAROTONG1996121   537  543  554  569  588  590  588  588  586  591  582
023RAROTONG1996122   565  559  552  551  576  608  642  666  665  667  684
023RAROTONG1996123   684  669  655  656  674  675  661  658  660
023RAROTONG1997 11   678  680  685  699  703  706  694  676  664  667  679
023RAROTONG1997 12   688  695  688  660  650  644  627  606  584  560  562
023RAROTONG1997 13   589  606  596  583  581  584  584  585  597
023RAROTONG1997 21   607  604  587  578  593  611  625  632  634  627  624
023RAROTONG1997 22   633  651  657  660  661  660  669  674  667  683  722
023RAROTONG1997 23   733  715  709  717  718  706
023RAROTONG1997 31   691  683  693  698  696  696  691  687  706  738  742
023RAROTONG1997 32   728  702  684  673  669  679  674  657  647  665  708
023RAROTONG1997 33   718  703  680  681  689  683  678  689  698
023RAROTONG1997 41   700  708  705  700  691  662  649  661  662  665  671
023RAROTONG1997 42   664  652  640  641  646  639  643  677  662  605  590
023RAROTONG1997 43   598  602  591  565  566  582  611  624
023RAROTONG1997 51   607  596  594  578  578  590  588  564  535  540  558
023RAROTONG1997 52   529  514  521  535  561  585  600  631  632  605  590
023RAROTONG1997 53   566  555  538  522  534  577  634  654  633
023RAROTONG1997 61   584  556  557  568  569  562  558  571  581  561  537
023RAROTONG1997 62   531  546  618  705  669  599  569  595  635  651  627
023RAROTONG1997 63   612  621  644  652  640  615  599  599
023RAROTONG1997 71   598  605  607  597  600  604  585  566  571  592  615
023RAROTONG1997 72   622  591  564  561  582  611  622  635  649  651  621
023RAROTONG1997 73   592  578  576  580  565  549  557  542  518
023RAROTONG1997 81   530  567  596  599  590  569  558  589  640  642  614
023RAROTONG1997 82   590  585  604  627  630  637  701  712  647  619  634
023RAROTONG1997 83   678  668  648  633  608  592  594  598  594
023RAROTONG1997 91   594  594  575  566  579  596  606  603  610  662  685
023RAROTONG1997 92   655  641  651  650  611  571  575  617  660  657  608
023RAROTONG1997 93   557  535  533  533  530  525  513  489
023RAROTONG1997101   473  471  469  456  458  475  497  487  455  450  476
023RAROTONG1997102   500  522  550  567  570  561  534  506  484  467  469
023RAROTONG1997103   473  480  487  493  496  490  479  482  489
023RAROTONG1997111   498  543  563  541  497  491  504  528  541  537  544
023RAROTONG1997112   562  590  610  616  613  618  607  598  600  601  615
023RAROTONG1997113   624  623  625  625  604  580  562  552
023RAROTONG1997121   546  548  555  556  566  593  636  843  805  522  472
023RAROTONG1997122   430  399  403  419  417  412  422  440  463  472  486
023RAROTONG1997123   493  480  474  490  506  517  528  537  557
023RAROTONG1998 11   574  600  610  585  571  571  568  559  570  587  575
023RAROTONG1998 12   543  530  536  529  525  525  522  519  526  548  562
023RAROTONG1998 13   561  565  569  584  599  594  590  596  594
023RAROTONG1998 21   585  577  566  549  514  484  495  502  503  507  509
023RAROTONG1998 22   508  514  541  535  516  518  522  526  498  486  497
023RAROTONG1998 23   498  508  522  528  531  540
023RAROTONG1998 31   537  530  519  506  492  479  460  455  467  478  468
023RAROTONG1998 32   428  416  436  461  472  473  489  498  501  506  512
023RAROTONG1998 33   504  473  445  455  486  503  500  494  479
023RAROTONG1998 41   466  473  472  442  414  405  414  425  428  414  412
023RAROTONG1998 42   412  412  433  453  462  457  441  425  436  465  500
023RAROTONG1998 43   510  504  511  523  523  530  522  507
023RAROTONG1998 51   511  508  506  509  493  473  455  454  481  503  505
023RAROTONG1998 52   502  496  502  519  520  500  499  520  524  506  487
023RAROTONG1998 53   496  514  520  507  486  480  479  482  503
023RAROTONG1998 61   505  493  488  497  498  482  466  465  487  502  504
023RAROTONG1998 62   497  495  482  474  475  463  440  440  457  478  498
023RAROTONG1998 63   510  523  516  483  453  457  488  502
023RAROTONG1998 71   462  437  440  458  459  458  495  545  553  525  511
023RAROTONG1998 72   512  496  452  423  440  473  491  506  526  527  527
023RAROTONG1998 73   526  508  490  477  472  486  502  511  475
023RAROTONG1998 81   448  453  467  484  493  498  490  481  473  443  408
023RAROTONG1998 82   408  421  415  416  431  453  476  487  488  494  493
023RAROTONG1998 83   485  497  499  498  498  511  534  544  522
023RAROTONG1998 91   473  447  458  460  450  452  445  427  421  431  459
023RAROTONG1998 92   481  486  469  452  463  466  476  487  472  454  453
023RAROTONG1998 93   455  434  420  422  435  452  459  458
023RAROTONG1998101   465  488  500  493  481  492  524  520  478  451  446
023RAROTONG1998102   445  449  455  443  440  454  460  450  447  476  483
023RAROTONG1998103  9999 9999 9999 9999 9999 9999 9999 9999 9999
023RAROTONG1998111  9999 9999 9999 9999 9999 9999 9999 9999 9999 9999 9999
023RAROTONG1998112  9999  529  521  532  548  546  542  553  553  540  520
023RAROTONG1998113   507  501  511  524  531  528  528  525
023RAROTONG1998121   519  527  524  525  522  520  513  496  488  478  461
023RAROTONG1998122   457  458  443  428  427  434  448  450  453  481  495
023RAROTONG1998123   472  443  444  484  537  549  541  537  545
023RAROTONG1999 11   558  562  561  556  568  558  527  539  549  543  544
023RAROTONG1999 12   566  577  582  585  593  612  623  614  604  611  634
023RAROTONG1999 13   650  654  649  640  625  621  623  630  642
023RAROTONG1999 21   652  649  643  660  663  654  679  710  713  693  663
023RAROTONG1999 22   642  649  660  658  662  678  689  698  698  707  719
023RAROTONG1999 23   719  714  722  698  648  632
023RAROTONG1999 31   627  628  627  630  649  667  660  636  629  632  649
023RAROTONG1999 32   684  669  641  643  666  686  669  643  630  636  627
023RAROTONG1999 33   612  603  598  599  625  640  603  567  565
023RAROTONG1999 41   568  564  554  550  545  534  526  528  523  503  488
023RAROTONG1999 42   508  528  533  536  538  548  549  537  531  539  569
023RAROTONG1999 43   592  579  563  564  563  557  555  565
023RAROTONG1999 51   559  549  560  574  579  570  560  562  543  531  555
023RAROTONG1999 52   572  581  576  561  580  607  607  610  620  606  589
023RAROTONG1999 53   599  604  595  588  588  578  576  599  610
023RAROTONG1999 61   600  583  593  605  591  584  610  639  634  626  624
023RAROTONG1999 62   631  619  604  605  592  572  600  633  654  672  673
023RAROTONG1999 63   655  645  637  646  663  669  624  583
023RAROTONG1999 71   609  638  621  583  585  606  605  615  638  668  689
023RAROTONG1999 72   694  692  673  657  641  622  629  660  683  688  695
023RAROTONG1999 73   705  729  737  708  678  671  689  704  695
023RAROTONG1999 81   676  657  642  655  698  707  685  677  686  703  693
023RAROTONG1999 82   684  711  721  691  663  663  665  668  691  716  711
023RAROTONG1999 83   699  691  697  717  710  688  687  706  718
023RAROTONG1999 91   710  660  626  620  621  648  676  687  696  710  698
023RAROTONG1999 92   661  620  604  618  649  660  648  629  617  619  618
023RAROTONG1999 93   611  608  610  618  622  650  682  654
023RAROTONG1999101   623  617  617  610  598  605  617  617  623  639  638
023RAROTONG1999102   633  630  624  627  637  640  632  638  656  650  618
023RAROTONG1999103   602  603  613  625  628  622  621  609  593
023RAROTONG1999111   589  594  599  611  591  554  535  529  526  528  525
023RAROTONG1999112   511  509  516  513  519  529  534  550  552  542  545
023RAROTONG1999113   563  566  553  551  561  578  598  612
023RAROTONG1999121   621  616  623  650  664  658  653  656  647  633  624
023RAROTONG1999122   614  614  625  636  644  660  687  716  715  703  698
023RAROTONG1999123   704  713  680  646  633  633  638  647  650
023RAROTONG2000 11   652  649  634  624  630  637  651  659  674  677  677
023RAROTONG2000 12   679  690  694  670  639  637  635  625  625  612  599
023RAROTONG2000 13   602  612  607  598  601  606  608  594  565
023RAROTONG2000 21   549  549  554  557  569  575  570  550  554  588  614
023RAROTONG2000 22   601  580  569  567  573  584  583  572  570  578  576
023RAROTONG2000 23   575  581  591  599  598  597  579
023RAROTONG2000 31   561  558  562  577  610  569  531  541  556  552  529
023RAROTONG2000 32   538  570  592  597  606  610  623  637  645  655  671
023RAROTONG2000 33   669  652  646  645  644  642  633  636  653
023RAROTONG2000 41   672  689  711  729  720  693  684  686  683  682  672
023RAROTONG2000 42   652  641  644  664  685  688  673  655  638  626  628
023RAROTONG2000 43   641  635  628  638  650  644  637  641
023RAROTONG2000 51   663  700  716  687  654  639  633  622  602  584  562
023RAROTONG2000 52   543  556  578  580  574  574  580  581  570  557  559
023RAROTONG2000 53   567  575  579  597  616  646  675  664  621
023RAROTONG2000 61   589  564  547  550  570  584  589  602  607  586  559
023RAROTONG2000 62   549  567  590  570  529  503  506  514  502  480  492
023RAROTONG2000 63   535  548  530  488  460  476  506  542
023RAROTONG2000 71   585  571  542  525  517  512  519  540  571  604  591
023RAROTONG2000 72   565  555  538  517  524  541  524  502  504  523  542
023RAROTONG2000 73   539  507  483  478  474  461  453  476  507
023RAROTONG2000 81   510  499  496  518  544  542  516  504  526  532  520
023RAROTONG2000 82   514  506  481  475  490  497  482  486  514  523  507
023RAROTONG2000 83   499  493  484  484  499  517  527  528  526
023RAROTONG2000 91   530  540  538  534  541  536  506  484  497  525  557
023RAROTONG2000 92   574  573  575  591  569  551  559  548  532  544  566
023RAROTONG2000 93   588  602  593  592  600  587  534  501
023RAROTONG2000101   494  497  514  527  539  548  550  545  531  531  542
023RAROTONG2000102   555  580  587  557  525  509  507  519  558  594  594
023RAROTONG2000103   558  542  533  522  498  474  452  455  469
023RAROTONG2000111   456  431  420  412  424  455  466  448  421  424  442
023RAROTONG2000112   453  457  447  423  417  414  434  462  452  434  421
023RAROTONG2000113   416  425  429  428  415  393  378  384
023RAROTONG2000121   397  404  414  432  459  477  483  491  504  521  536
023RAROTONG2000122   547  573  602  594  574  567  579  576  564  573  627
023RAROTONG2000123   627  562  541  550  569  578  592  593  555
023RAROTONG2001 11   550  573  607  625  647  653  661  676  665  636  612
023RAROTONG2001 12   591  589  601  623  636  638  620  604  608  613  601
023RAROTONG2001 13   588  593  595  583  583  594  599  603  614
023RAROTONG2001 21   630  619  594  598  621  634  623  610  614  625  632
023RAROTONG2001 22   633  626  624  617  620  624  602  593  676  706  667
023RAROTONG2001 23   649  637  624  640  678  697
023RAROTONG2001 31   721  754  727  668  644  630  621  627  645  667  649
023RAROTONG2001 32   612  614  632  634  622  614  620  627  633  642  642
023RAROTONG2001 33   651  662  651  643  657  660  653  660  670
023RAROTONG2001 41   651  637  639  640  645  637  636  652  661  662  650
023RAROTONG2001 42   621  579  565  579  594  594  582  555  546  567  580
023RAROTONG2001 43   590  591  576  562  542  536  539  538
023RAROTONG2001 51   545  547  541  522  505  496  504  529  529  508  480
023RAROTONG2001 52   465  484  521  537  541  538  540  537  534  525  506
023RAROTONG2001 53   505  504  511  522  531  527  514  516  528
023RAROTONG2001 61   532  533  532  546  570  587  583  563  541  517  507
023RAROTONG2001 62   527  553  564  571  592  612  612  595  576  554  551
023RAROTONG2001 63   565  578  584  609  626  621  622  627
023RAROTONG2001 71   622  622  592  550  546  587  620  607  597  595  587
023RAROTONG2001 72   615  604  568  541  536  566  587  564  530  523  522
023RAROTONG2001 73   524  548  576  561  536  515  497  500  513
023RAROTONG2001 81   522  521  516  503  495  512  522  519  524  533  550
023RAROTONG2001 82   544  537  554  571  596  617  625  588  564  577  592
023RAROTONG2001 83   593  584  572  568  584  599  589  578  593
023RAROTONG2001 91   633  650  628  622  617  584  554  547  578  610  612
023RAROTONG2001 92   613  613  579  545  526  523  529  532  524  516  518
023RAROTONG2001 93   546  578  588  561  521  519  536  551
023RAROTONG2001101   543  535  537  541  537  537  555  569  561  544  540
023RAROTONG2001102   548  558  553  551  548  543  555  561  534  495  478
023RAROTONG2001103   481  498  511  464  416  392  377  384  389
023RAROTONG2001111   389  385  394  395  376  377  401  411  408  419  445
023RAROTONG2001112   464  486  495  495  485  462  460  478  492  489  485
023RAROTONG2001113   484  487  496  515  533  542  570  568
023RAROTONG2001121   567  561  520  485  455  454  466  472  471  456  443
023RAROTONG2001122   455  471  476  474  466  474  487  485  477  457  441
023RAROTONG2001123   447  459  466  478  488  474  455  447  457
023RAROTONG2002 11   459  452  454  452  454  463  470  479  466  455  455
023RAROTONG2002 12   450  454  459  449  438  441  450  462  471  465  461
023RAROTONG2002 13   477  495  488  468  449  448  482  508  517
023RAROTONG2002 21   518  500  489  489  483  475  470  472  484  511  544
023RAROTONG2002 22   561  552  524  510  509  512  531  539  523  526  524
023RAROTONG2002 23   532  548  552  541  545  572
023RAROTONG2002 31   590  583  576  580  587  584  577  596  599  583  577
023RAROTONG2002 32   581  613  660  640  594  589  576  544  536  546  548
023RAROTONG2002 33   546  548  555  556  566  587  604  604  589
023RAROTONG2002 41   573  571  579  583  575  569  561  556  558  557  575
023RAROTONG2002 42   591  617  651  655  636  637  652  655  640  617  613
023RAROTONG2002 43   621  613  614  623  633  639  633  630
023RAROTONG2002 51   641  655  649  637  659  648  598  603  602  583  559
023RAROTONG2002 52   565  585  588  572  555  547  553  576  592  566  524
023RAROTONG2002 53   512  526  546  552  531  507  504  511  512
023RAROTONG2002 61   528  565  577  548  526  519  517  509  489  482  486
023RAROTONG2002 62   490  483  473  481  500  516  514  522  526  524  530
023RAROTONG2002 63   538  539  536  531  520  522  548  568
023RAROTONG2002 71   568  559  561  565  564  575  566  560  562  555  546
023RAROTONG2002 72   564  608  625  606  586  573  553  535  513  495  484
023RAROTONG2002 73   480  492  506  537  569  571  580  584  568
023RAROTONG2002 81   539  507  500  518  509  484  482  496  522  549  550
023RAROTONG2002 82   537  542  567  572  579  598  577  542  515  502  503
023RAROTONG2002 83   491  450  428  448  486  504  494  475  455
023RAROTONG2002 91   446  446  461  494  501  484  485  482  442  417  426
023RAROTONG2002 92   434  450  469  453  418  434  485  531  550  540  523
023RAROTONG2002 93   510  520  551  566  526  506  525  544
023RAROTONG2002101   556  586  610  608  619  645  660  645  626  617  594
023RAROTONG2002102   577  576  578  565  545  549  576  599  597  588  610
023RAROTONG2002103   642  639  609  598  605  601  591  588  605
023RAROTONG2002111   607  599  614  631  615  607  619  637  644  629  610
023RAROTONG2002112   613  640  661  640  618  623  623  624  630  640  623
023RAROTONG2002113   587  574  564  590  605  602  615  637
023RAROTONG2002121   632  594  576  587  615  650  658  619  582  564  558
023RAROTONG2002122   549  523  518  541  549  533  512  501  506  517  520
023RAROTONG2002123   514  513  530  558  587  604  597  590  593
023RAROTONG2003 11   584  579  587  596  589  576  585  611  619  613  603
023RAROTONG2003 12   595  597  596  601  595  578  569  558  562  571  587
023RAROTONG2003 13   606  611  603  606  616  627  642  653  677
023RAROTONG2003 21   690  657  648  650  643  635  631  633  641  652  652
023RAROTONG2003 22   650  640  611  588  572  546  538  550  564  569  558
023RAROTONG2003 23   550  546  538  532  530  533
023RAROTONG2003 31   541  547  569  590  593  584  575  568  558  542  537
023RAROTONG2003 32   546  544  545  524  507  514  536  553  566  563  547
023RAROTONG2003 33   530  532  525  503  488  492  518  541  567
023RAROTONG2003 41   591  601  607  623  627  599  562  536  530  547  550
023RAROTONG2003 42   536  552  568  546  546  570  578  565  544  522  524
023RAROTONG2003 43   543  552  552  553  544  552  533  495
023RAROTONG2003 51   485  508  511  498  496  500  499  478  454  448  480
023RAROTONG2003 52   510  522  524  552  587  567  509  464  455  472  493
023RAROTONG2003 53   521  533  532  555  565  554  545  528  507
023RAROTONG2003 61   471  459  483  500  504  518  530  536  544  541  556
023RAROTONG2003 62   575  571  534  504  501  495  485  488  528  592  603
023RAROTONG2003 63   585  567  557  555  545  536  529  507
023RAROTONG2003 71   493  489  491  500  517  531  537  556  573  566  559
023RAROTONG2003 72   581  610  573  521  514  538  563  550  533  528  528
023RAROTONG2003 73   534  551  579  590  567  539  514  501  509
023RAROTONG2003 81   527  547  582  590  571  574  561  524  516  538  556
023RAROTONG2003 82   581  629  649  617  594  571  550  542  540  546  553
023RAROTONG2003 83   575  627  618  576  557  558  585  615  603
023RAROTONG2003 91   587  576  565  560  566  583  582  563  561  576  568
023RAROTONG2003 92   561  555  548  534  529  527  522  518  507  504  513
023RAROTONG2003 93   527  549  566  564  565  564  557  555
023RAROTONG2003101   552  531  494  485  496  525  551  551  554  583  583
023RAROTONG2003102   557  520  502  515  539  543  529  518  538  558  567
023RAROTONG2003103   574  599  619  606  581  560  543  544  537
023RAROTONG2003111   530  536  529  526  532  544  559  569  579  584  603
023RAROTONG2003112   613  581  539  532  555  594  601  588  589  588  579
023RAROTONG2003113   571  571  561  564  575  572  572  577
023RAROTONG2003121   587  594  598  599  594  575  557  574  590  582  563
023RAROTONG2003122   543  541  554  560  570  576  580  595  607  619  653
023RAROTONG2003123   662  636  626  618  607  610  623  631  626
023RAROTONG2004 11   625  631  628  635  640  660  676  641  642  648  634
023RAROTONG2004 12   627  629  620  601  589  577  561  570  583  583  579
023RAROTONG2004 13   580  577  569  572  583  589  590  582  570
023RAROTONG2004 21   579  573  557  545  549  557  566  573  580  574  567
023RAROTONG2004 22   572  578  590  581  560  563  585  612  636  637  629
023RAROTONG2004 23   623  621  619  617  593  577  589
023RAROTONG2004 31   603  610  615  618  631  624  595  581  586  606  620
023RAROTONG2004 32   611  579  565  577  592  599  594  588  591  594  596
023RAROTONG2004 33   609  633  646  627  601  604  616  614  607
023RAROTONG2004 41   614  624  620  612  612  615  613  611  596  574  559
023RAROTONG2004 42   550  548  553  560  577  589  587  577  566  562  551
023RAROTONG2004 43   542  535  538  552  548  537  547  573
023RAROTONG2004 51   598  596  575  556  549  547  555  564  570  586  608
023RAROTONG2004 52   602  593  596  601  594  576  564  577  578  571  564
023RAROTONG2004 53   559  568  576  575  579  592  598  595  582
023RAROTONG2004 61   554  544  546  552  551  556  577  588  577  565  543
023RAROTONG2004 62   533  549  561  536  501  477  459  447  450  443  447
023RAROTONG2004 63   469  477  475  473  461  446  443  447
023RAROTONG2004 71   471  501  504  513  541  494  439  432  440  461  496
023RAROTONG2004 72   534  539  494  465  460  470  489  505  514  510  503
023RAROTONG2004 73   504  511  523  523  497  467  466  477  496
023RAROTONG2004 81   525  545  563  554  537  532  559  578  560  534  528
023RAROTONG2004 82   525  517  554  583  588  601  593  568  549  537  530
023RAROTONG2004 83   519  512  530  557  569  565  574  604  611
023RAROTONG2004 91   594  570  557  567  577  570  551  538  539  585  637
023RAROTONG2004 92   616  593  584  553  551  545  548  554  542  530  530
023RAROTONG2004 93   531  529  536  548  550  538  545  548
023RAROTONG2004101   532  529  530  523  532  534  523  531  542  568  608
023RAROTONG2004102   632  622  598  567  548  547  541  542  560  568  539
023RAROTONG2004103   528  540  551  556  555  559  556  551  547
023RAROTONG2004111   534  522  521  509  502  508  505  498  503  520  540
023RAROTONG2004112   534  510  491  489  497  509  522  535  542  527  510
023RAROTONG2004113   493  472  448  440  461  490  501  504
023RAROTONG2004121   504  497  501  501  505  507  522  538  547  540  502
023RAROTONG2004122   479  474  485  498  504  512  532  546  542  538  532
023RAROTONG2004123   519  522  533  525  504  498  519  542  537
023RAROTONG2005 11   525  540  539  532  546  568  564  541  530  534  545
023RAROTONG2005 12   550  562  583  592  586  568  568  572  576  576  564
023RAROTONG2005 13   553  560  567  585  600  622  640  637  626
023RAROTONG2005 21   630  653  667  669  684  785  677  587  567  547  550
023RAROTONG2005 22   565  589  617  721  663  632  746  672  617  597  581
023RAROTONG2005 23   558  543  532  542  557  576
023RAROTONG2005 31   576  590  662  621  534  533  549  554  559  555  577
023RAROTONG2005 32   590  599  612  596  576  575  580  592  615  620  620
023RAROTONG2005 33   629  643  645  638  616  597  602  610  617
023RAROTONG2005 41   629  636  635  637  660  679  692  698  692  672  655
023RAROTONG2005 42   649  657  670  689  719  726  720  708  690  659  680
023RAROTONG2005 43   679  643  637  640  637  601  569  546
023RAROTONG2005 51   550  568  580  577  571  560  543  532  532  540  536
023RAROTONG2005 52   528  527  519  521  520  512  513  514  508  490  468
023RAROTONG2005 53   457  450  434  417  421  433  444  462  486
023RAROTONG2005 61   499  490  475  468  452  430  411  395  385  380  395
023RAROTONG2005 62   436  469  484  508  527  514  488  461  442  445  464
023RAROTONG2005 63   470  470  462  478  516  521  509  518
023RAROTONG2005 71   528  514  527  539  523  503  506  527  529  501  471
023RAROTONG2005 72   469  478  493  509  523  544  569  593  600  602  611
023RAROTONG2005 73   598  591  620  660  668  659  641  614  592
023RAROTONG2005 81   564  542  536  549 9999 9999  558  569  576  562  532
023RAROTONG2005 82   511  498  499  515  523  508  495  505  518  549  588
023RAROTONG2005 83   589  573  556  537  517  520  558  594  568
023RAROTONG2005 91   536  531  546  568  587  588  592  601  595  583  579
023RAROTONG2005 92   577  563  542  538  563  560  547  552  557  560  562
023RAROTONG2005 93   568  565  548  521  499  507  545  570
023RAROTONG2005101   567  547  530  530  527  509  480  477  490  491  497
023RAROTONG2005102   524  549  577  606  608  596  594  602  609  608  584
023RAROTONG2005103   555  570  613  637  638  643  652  653  659
023RAROTONG2005111   671  649  622  629  635  642  638  616  607  607  605
023RAROTONG2005112   606  628  646  635  617  612  621  618  606  599  591
023RAROTONG2005113   600  612  616  618  632  642  667  685
023RAROTONG2005121   655  602  574  570  573  572  566  577  602  609  594
023RAROTONG2005122   579  578  583  586  561  511  488  480  484  492  490
023RAROTONG2005123   491  508  520  513  497  495  512  532  547
023RAROTONG2006 11   545  546  542  532  543  561  561  567  575  593  605
023RAROTONG2006 12   598  579  556  553  572  585  580  586  608  637  659
023RAROTONG2006 13   685  707  698  686  689  702  728  766  784
023RAROTONG2006 21   747  726  730  739  738  732  735  746  741  730  734
023RAROTONG2006 22   731  725  720  725  743  754  759  763  762  748  717
023RAROTONG2006 23   692  676  670  680  702  713
023RAROTONG2006 31   727  734  734  716  695  680  674  669  662  647  653
023RAROTONG2006 32   668  662  656  660  666  664  664  666  662  655  650
023RAROTONG2006 33   652  650  652  672  692  691  680  669  662
023RAROTONG2006 41   659  666  662  654  657  661  661  666  665  667  682
023RAROTONG2006 42   702  716  735  758  769  743  695  677  676  674  675
023RAROTONG2006 43   689  698  688  680  676  673  665  655
023RAROTONG2006 51   658  671  681  683  684  684  694  717  737  719  691
023RAROTONG2006 52   686  705  727  706  704  704  692  678  666  673  684
023RAROTONG2006 53   693  697  677  659  645  646  653  660  658
023RAROTONG2006 61   651  668  686  675  666  657  638  629  632  634  642
023RAROTONG2006 62   671  649  610  604  618  646  682  699  710  693  651
023RAROTONG2006 63   642  669  686  674  652  632  648  684
023RAROTONG2006 71   685  675  674  665  644  652  681  671  646  623  636
023RAROTONG2006 72   684  690  674  665  684  717  708  662  623  615  611
023RAROTONG2006 73   593  581  574  591  645  683  689  706  724
023RAROTONG2006 81   711  654  608  603  612  613  604  595  599  620  634
023RAROTONG2006 82   625  609  599  596  601  649  685  617  571  601  639
023RAROTONG2006 83   644  626  597  577  596  627  639  638  652
023RAROTONG2006 91   677  647  598  595  610  611  623  640  652  653  642
023RAROTONG2006 92   633  623  605  611  656  670  639  623  632  659  673
023RAROTONG2006 93   656  647  653  658  664  660  642  630
023RAROTONG2006101   622  616  624  651  672  685  667  624  610  608  596
023RAROTONG2006102   569  533  510  515  545  573  589  595  574  536  526
023RAROTONG2006103   521  503  503  524  535  520  507  508  523
023RAROTONG2006111   535  543  536  517  523  538  537  529  530  526  523
023RAROTONG2006112   531  564  609  601  574  573  582  595  588  571  574
023RAROTONG2006113   598  621  636  647  676  703  694  681
023RAROTONG2006121   696  715  729  732  715  705  711  725  723  723  736
023RAROTONG2006122   722  704  715  726  721  698  686  695  718  739  744
023RAROTONG2006123   726  722  749  776  776  751  739  736  729
023RAROTONG2007 11   735  745  750  751  757  761  759  762  766  783  816
023RAROTONG2007 12   841  851  841  811  766  747  745  724  711  740  767
023RAROTONG2007 13   773  779  786  774  747  728  721  716  707
023RAROTONG2007 21   694  693  701  708  723  744  742  732  733  734  703
023RAROTONG2007 22   663  638  626  632  656  679  686  684  679  678  676
023RAROTONG2007 23   665  666  675  687  685  672
023RAROTONG2007 31   667  668  675  682  694  701  706  700  717  714  672
023RAROTONG2007 32   643  647  642  624  614  620  632  648  658  654  633
023RAROTONG2007 33   621  635  644  650  664  672  660  635  628
023RAROTONG2007 41   642  649  629  614  604  593  593  591  587  592  590
023RAROTONG2007 42   578  581  591  603  617  634  659  681  658  628  613
023RAROTONG2007 43   602  609  625  616  598  594  611  616
023RAROTONG2007 51   608  603  608  624  657  680  675  670  675  680  676
023RAROTONG2007 52   668  671  660  635  625  633  654  654  620  610  622
023RAROTONG2007 53   643  660  652  643  641  631  603  583  576
023RAROTONG2007 61   591  614  624  624  606  586  591  612  627  623  613
023RAROTONG2007 62   609  602  605  618  615  607  607  590  561  546  538
023RAROTONG2007 63   535  547  579  610  608  572  543  535
023RAROTONG2007 71   530  512  518  547  575  562  551  552  546  537  536
023RAROTONG2007 72   541  543  520  487  475  493  529  542  534  519  520
023RAROTONG2007 73   528  529  532  528  549  585  595  596  608
023RAROTONG2007 81   611  605  618  635  637  619  617  644  654  624  601
023RAROTONG2007 82   620  651  661  648  618  611  623  630  637  631  621
023RAROTONG2007 83   634  624  600  589  590  608  624  634  654
023RAROTONG2007 91   652  625  626  631  624  629  627  605  594  614  637
023RAROTONG2007 92   631  601  598  611  607  596  602  628  650  661  654
023RAROTONG2007 93   638  630  630  657  670  643  611  612
023RAROTONG2007101   622  620  618  613  607  607  607  597  600  608  603
023RAROTONG2007102   592  594  605  598  587  590  599  608  620  625  622
023RAROTONG2007103   616  630  663  681  687  673  630  618  638
023RAROTONG2007111   651  651  657  651  626  610  613  627  640  652  649
023RAROTONG2007112   639  651  663  683  720  749  753  762  771  752  719
023RAROTONG2007113   702  692  697  733  760  752  748  745
023RAROTONG2007121   782  767  705  686  675  661  664  678  676  664  676
023RAROTONG2007122   703  742  735  662  626  598  598  607  606  610  611
023RAROTONG2007123   622  642  652  652  647  646  655  659  666
023RAROTONG2008 11   665  649  622  601  599  603  607  615  621  635  648
023RAROTONG2008 12   638  628  631  655  676  690  666  611  603  623  682
023RAROTONG2008 13   719  643  588  567  553  553  561  558  547
023RAROTONG2008 21   554  570  584  595  591  595  600  597  602  618  640
023RAROTONG2008 22   639  632  634  640  644  632  632  636  638  639  650
023RAROTONG2008 23   660  651  652  657  646  622  619
023RAROTONG2008 31   637  635  628  626  625  632  636  633  637  642  643
023RAROTONG2008 32   647  637  616  610  618  622  630  633  636  647  656
023RAROTONG2008 33   662  672  664  649  633  632  649  660  659
023RAROTONG2008 41   646  639  658  665  660  661  674  684  691  685  666
023RAROTONG2008 42   655  651  658  679  701  683  649  628  627  621  609
023RAROTONG2008 43   609  614  623  627  628  637  654  654
023RAROTONG2008 51   657  668  668  665  667  668  669  674  682  690  687
023RAROTONG2008 52   673  660  659  676  683  672  686  687  672  680  667
023RAROTONG2008 53   633  634  654  663  662  690  737  719  685
023RAROTONG2008 61   670  663  663  662  657  642  655  666  672  682  673
023RAROTONG2008 62   651  641  649  642  615  611  628  634  641  641  620
023RAROTONG2008 63   591  584  597  610  624  627  629  627
023RAROTONG2008 71   618  592  573  581  596  613  640  651  623  604  601
023RAROTONG2008 72   612  595  568  570  574  550  523  518  546  586  620
023RAROTONG2008 73   628  613  608  611  609  597  568  539  543
023RAROTONG2008 81   573  592  584  577  594  618  613  587  567  572  564
023RAROTONG2008 82   531  496  501  534  540  533  503  481  502  554  589
023RAROTONG2008 83   593  571  571  577  585  612  624  605  570
023RAROTONG2008 91   544  562  590  597  590  583  588  599  607  609  614
023RAROTONG2008 92   625  623  636  672  685  659  631  629  635  632  627
023RAROTONG2008 93   622  624  638  653  673  693  689  662
023RAROTONG2008101   655  666  662  635  625  638  647  644  634  632  651
023RAROTONG2008102   671  681  680  678  685  682  669  658  649  655  656
023RAROTONG2008103   662  656  647  641  643  646  652  648  642
023RAROTONG2008111   642  637  628  622  617  619  628  637  649  665  665
023RAROTONG2008112   656  655  672  669  649  641  650  650  647  656  658
023RAROTONG2008113   633  617  628  638  631  617  610  612
023RAROTONG2008121   630  672  689  671  659  679  693  671  646  628  641
023RAROTONG2008122   651  641  636  656  676  682  665  664  668  660  639
023RAROTONG2008123   621  625  636  629  619  619  618  610  608
023RAROTONG2009 11   628  642  644  645  642  642  653  675  693  698  711
023RAROTONG2009 12   727  718  686  664  651  646  657  672  670  663  669
023RAROTONG2009 13   678  695  687  666  665  662  642  641  648
023RAROTONG2009 21   649  652  647  643  652  674  692  700  702  699  696
023RAROTONG2009 22   690  683  683  685  684  673  671  696  711  700  698
023RAROTONG2009 23   689  686  704  721  727  730
023RAROTONG2009 31   740  745  725  705  706  719  724  724  731  745  752
023RAROTONG2009 32   723  697  703  713  718  735  751  729  712  700  687
023RAROTONG2009 33   681  687  695  697  689  682  680  670  663
023RAROTONG2009 41   678  684  666  649  646  651  655  658  642  621  598
023RAROTONG2009 42   591  604  622  638  622  593  590  584  579  571  560
023RAROTONG2009 43   559  560  551  569  595  606  604  582
023RAROTONG2009 51   558  528  512  501  507  518  521  537  562  562  542
023RAROTONG2009 52   536  544  571  589  561  536  541  573  602  611  586
023RAROTONG2009 53   549  535  530  531  538  552  557  560  579
023RAROTONG2009 61   597  591  576  578  593  617  592  572  560  540  530
023RAROTONG2009 62   530  536  564  594  592  605  636  624  597  606  634
023RAROTONG2009 63   606  553  515  500  518  549  576  600
023RAROTONG2009 71   623  636  621  594  578  591  612  608  598  604  606
023RAROTONG2009 72   612  629  630  593  563  553  567  594  609  648  659
023RAROTONG2009 73   608  585  616  675  703  679  632  596  591
023RAROTONG2009 81   593  588  586  596  594  594  611  638  656  619  584
023RAROTONG2009 82   568  551  539  546  571  606  630  620  611  631  659
023RAROTONG2009 83   670  673  658  630  601  589  574  552  555
023RAROTONG2009 91   569  579  598  628  671  683  647  623  607  606  602
023RAROTONG2009 92   579  554  553  555  571  602  628  648  647  632  632
023RAROTONG2009 93   646  657  661  673  698  688  649  619
023RAROTONG2009101   604  606  623  632  625  626  642  642  612  612  620
023RAROTONG2009102   592  581  594  597  597  612  613  600  592  588  586
023RAROTONG2009103   581  590  600  620  630  628  644  645  619
023RAROTONG2009111   609  601  576  570  574  563  566  603  633  623  581
023RAROTONG2009112   544  525  518  511  506  506  498  493  491  490  509
023RAROTONG2009113   545  568  561  546  533  526  524  525
023RAROTONG2009121   523  532  551  559  564  580  596  608  607  606  619
023RAROTONG2009122   642  664  653  635  634  655  674  672  677  684  689
023RAROTONG2009123   682  692  704  713  717  727  729  714  695
023RAROTONG2010 11   682  686  704  727  760  767  746  717  701  699  693
023RAROTONG2010 12   690  689  672  654  648  639  646  672  684  683  676
023RAROTONG2010 13   668  667  668  663  664  686  728  726  709
023RAROTONG2010 21   704  708  713  701  683  653  628  621  626  633  614
023RAROTONG2010 22   606  616  625  633  632  635  630  623  623  621  608
023RAROTONG2010 23   608  627  644  661  669  655
023RAROTONG2010 31   638  633  635  632  630  626  616  607  596  576  566
023RAROTONG2010 32   564  557  555  547  536  535  544  562  565  552  545
023RAROTONG2010 33   549  537  531  543  554  554  568  600  609
023RAROTONG2010 41   606  616  617  605  592  590  596  594  595  614  625
023RAROTONG2010 42   633  645  643  637  629  620  624  644  673  661  631
023RAROTONG2010 43   630  643  638  614  593  593  596  577
023RAROTONG2010 51   551  516  473  459  477  510  511  489  478  473  467
023RAROTONG2010 52   468  458  441  436  431  411  401  404  413  421  450
023RAROTONG2010 53   479  480  477  477  474  463  463  480  507
023RAROTONG2010 61   524 9999 9999 9999 9999 9999 9999 9999 9999 9999 9999
023RAROTONG2010 62  9999 9999 9999 9999 9999 9999 9999 9999 9999 9999 9999
023RAROTONG2010 63  9999 9999 9999 9999 9999 9999 9999 9999
023RAROTONG2010 71  9999 9999 9999 9999 9999 9999 9999 9999 9999 9999 9999
023RAROTONG2010 72  9999 9999 9999 9999 9999 9999 9999 9999 9999 9999 9999
023RAROTONG2010 73  9999 9999 9999 9999 9999 9999 9999 9999 9999
023RAROTONG2010 81  9999 9999 9999 9999 9999 9999 9999 9999 9999 9999 9999
023RAROTONG2010 82  9999 9999 9999 9999 9999 9999 9999 9999 9999 9999 9999
023RAROTONG2010 83  9999 9999 9999 9999 9999 9999 9999 9999 9999
023RAROTONG2010 91  9999 9999 9999 9999 9999 9999 9999 9999 9999 9999 9999
023RAROTONG2010 92  9999 9999 9999 9999 9999 9999 9999 9999 9999 9999 9999
023RAROTONG2010 93  9999 9999 9999 9999 9999  588  593  589
023RAROTONG2010101   584  589  605  637  653  636  622  604  585  585  571
023RAROTONG2010102   543  533  532  526  532  548  546  524  513  528  542
023RAROTONG2010103   533  520  521  528  548  569  585  569  541
023RAROTONG2010111   527  523  515  514  535  544  547  564  571  563  546
023RAROTONG2010112   532  531  557  605  636  638  627  627  630  629  619
023RAROTONG2010113   619  618  629  643  661  672  682  697
023RAROTONG2010121   692  685  672  659  648  637  634  645  657  657  661
023RAROTONG2010122   664  670  677  660  640  634  625  611  598  601  603
023RAROTONG2010123   602  597  610  623  622  620  615  621  648
023RAROTONG2011 11   670  633  591  582  580  584  593  603  609  614  615
023RAROTONG2011 12   622  631  633  619  613  631  651  666  691  725  730
023RAROTONG2011 13   713  702  694  683  669  656  646  642  637
023RAROTONG2011 21   646  674  660  647  645  624  619  628  637  612  597
023RAROTONG2011 22   602  604  608  605  595  585  577  580  591  602  609
023RAROTONG2011 23   611  625  631  605  575  578
023RAROTONG2011 31   588  602  608  614  636  660  661  638  620  621  632
023RAROTONG2011 32   648  649  645  647  650  663  668  657  643  641  644
023RAROTONG2011 33   648  665  672  657  641  628  622  625  637
023RAROTONG2011 41   651  660  662  660  658  650  639  641  646  644  648
023RAROTONG2011 42   664  694  704  683  676  691  708  713  698  685  679
023RAROTONG2011 43   684  697  696  676  656  651  667  693
023RAROTONG2011 51   696  674  658  658  670  668  651  645  658  663  664
023RAROTONG2011 52   625  603  596  598  607  609  610  620  626  640  656
023RAROTONG2011 53   638  626  620  591  582  589  567  548  559
023RAROTONG2011 61   576  579  560  526  521  544  556  562  595  629  617
023RAROTONG2011 62   583  571  590  618  621  603  596  595  599  603  607
023RAROTONG2011 63   613  628  646  658  682  694  681  676
023RAROTONG2011 71   689  680  647  624  622  648  668  667  659  648  633
023RAROTONG2011 72   618  626  647  670  696  707  701  712  740  762  760
023RAROTONG2011 73   750  741  735  737  722  689  691  719  732
023RAROTONG2011 81   736  738  742  769  796  793  747  709  698  694  715
023RAROTONG2011 82   737  738  731  704  694  717  742  734  714  706  692
023RAROTONG2011 83   688  682  664  669  681  686  690  689  670
023RAROTONG2011 91   658  662  670  688  694  660  644  655  664  665  653
023RAROTONG2011 92   642  649  645  618  601  607  621  628  647  668  693
023RAROTONG2011 93   718  712  692  673  664  655  653  658
023RAROTONG2011101   656  662  677  661  629  620  650  684  690  669  648
023RAROTONG2011102   638  623  595  579  588  597  604  615  641  670  674
023RAROTONG2011103   674  684  692  689  692  702  726  746  751
023RAROTONG2011111   759  766  757  745  736  741  744  729  725  745  754
023RAROTONG2011112   752  750  752  774  786  774  761  760  733  699  697
023RAROTONG2011113   693  697  719  718  683  665  674  690
023RAROTONG2011121   711  731  729  723  705  673  649  650  658  661  650
023RAROTONG2011122   623  613  619  624  634  645  646  648  653  664  679
023RAROTONG2011123   695  695  694  711  742  790  790  745  695
023RAROTONG2012 11   677  679  678  678  682  696  704  708  708  719  728
023RAROTONG2012 12   725  721  717  705  680  669  681  694  684  669  683
023RAROTONG2012 13   708  735  739  726  725  746  770  773  771
023RAROTONG2012 21   784  798  785  768  774  761  727  710  700  708  727
023RAROTONG2012 22   741  747  723  695  689  693  700  698  698  691  689
023RAROTONG2012 23   691  692  694  692  687  680  686
023RAROTONG2012 31   694  696  697  691  692  684  670  677  683  683  678
023RAROTONG2012 32   677  677  674  671  667  654  644  644  645  640  641
023RAROTONG2012 33   651  650  644  644  641  627  626  639  642
023RAROTONG2012 41   635  634  632  632  644  656  662  658  633  625  629
023RAROTONG2012 42   622  601  581  573  589  618  641  642  641  651  655
023RAROTONG2012 43   653  644  647  653  644  644  654  666
023RAROTONG2012 51   670  679  698  722  748  729  678  656  651  664  690
023RAROTONG2012 52   705  701  690  692  719  748  735  729  742  738  737
023RAROTONG2012 53   718  693  702  727  741  738  738  749  766
023RAROTONG2012 61   752  712  683  667  650  627  618  628  648  673  666
023RAROTONG2012 62   653  661  662  653  649  635  623  624  640  638  629
023RAROTONG2012 63   648  654  637  622  608  603  609  624
023RAROTONG2012 71   636  633  615  611  627  632  626  630  631  618  600
023RAROTONG2012 72   599  613  629  639  634  619  613  616  622  630  605
023RAROTONG2012 73   576  579  588  601  612  624  636  646  647
023RAROTONG2012 81   626 9999 9999 9999 9999 9999 9999 9999 9999 9999 9999
023RAROTONG2012 82  9999 9999 9999 9999 9999 9999 9999 9999 9999 9999 9999
023RAROTONG2012 83  9999 9999 9999 9999 9999 9999 9999 9999 9999
023RAROTONG2012 91  9999 9999 9999 9999 9999 9999 9999 9999 9999 9999 9999
023RAROTONG2012 92  9999 9999 9999 9999 9999 9999 9999 9999 9999 9999 9999
023RAROTONG2012 93  9999 9999 9999 9999 9999 9999 9999 9999
023RAROTONG2012101  9999 9999 9999 9999 9999 9999 9999 9999 9999 9999 9999
023RAROTONG2012102  9999 9999 9999 9999 9999 9999 9999 9999  662  659  636
023RAROTONG2012103   636  676  692  678  658  645  649  654  660
023RAROTONG2012111   670  664  647  629  638  656  673  680  677  682  688
023RAROTONG2012112   678  658  645  656  666  654  634  634  643  658  683
023RAROTONG2012113   695  698  704  699  682  677  674  674
023RAROTONG2012121   674  657  659  674  691  712  720  729  769  817  818
023RAROTONG2012122   816  816  795  759  734  722  727  734  731  704  672
023RAROTONG2012123   652  644  640  625  609  588  592  599  583
023RAROTONG2013 11   539  519  524  536  542  544  550  536  507  503  500
023RAROTONG2013 12   496  503  513  525  568  614  612  582  555  527  514
023RAROTONG2013 13   519  535  571  623  571  515  517  531  545
023RAROTONG2013 21   525  510  510  535  579  617  606  582  559  547  554
023RAROTONG2013 22   557  551  556  558  565  578  587  589  585  592  599
023RAROTONG2013 23   611  630  630  615  604  602
023RAROTONG2013 31   609  625  639  637  621  608  595  593  604  610  618
023RAROTONG2013 32   626  631  636  632  618  610  618  610  589  587  596
023RAROTONG2013 33   607  617  625  626  621  634  652  660  667
023RAROTONG2013 41   659  634  611  608  608  617  624  623  624  626  632
023RAROTONG2013 42   643  656  635  597  588  600  624  633  626  598  570
023RAROTONG2013 43   564  566  585  607  601  584  573  574
023RAROTONG2013 51   588  611  625  616  587  565  541  521  513  522  531
023RAROTONG2013 52   523  526  547  565  555  537  535  535  535  545  554
023RAROTONG2013 53   573  591  583  566  575  593  594  589  590
023RAROTONG2013 61   602  596  596  607  609  609  627  640  624  590  577
023RAROTONG2013 62   588  601  596  583  576  574  573  572  597  624  641
023RAROTONG2013 63   643  627  598  585  602  617  616  620
023RAROTONG2013 71   625  598  559  555  544  533  532  547  572  576  563
023RAROTONG2013 72   566  586  592  594  593  573  531  513  531  565  588
023RAROTONG2013 73   579  556  550  553  547  539  556  587  592
023RAROTONG2013 81   563  556  601  628  608  580  560  546  554  564  575
023RAROTONG2013 82   583  586  589  595  595  590  601  620  623  620  606
023RAROTONG2013 83   583  571  565  567  560  563  568  559  577
023RAROTONG2013 91   589  578  575  594  625  636  617  588  585  600  600
023RAROTONG2013 92   596  605  621  643  657  655  663  680  689  679  665
023RAROTONG2013 93   659  658  657  656  661  660  650  647
023RAROTONG2013101   660  676  677  689  698  687  676  674  669  671  664
023RAROTONG2013102   646  635  633  626  626  654  666  643  629  632  635
023RAROTONG2013103   621  608  598  588  583  584  595  602  601
023RAROTONG2013111   601  614  632  646  649  636  616  626  644  633  613
023RAROTONG2013112   607  607  613  611  599  590  598  606  599  569  532
023RAROTONG2013113   517  532  558  563  544  522  519  524
023RAROTONG2013121   519  511  522  529  516  504  510  512  497  486  502
023RAROTONG2013122   525  539  538  538  532  524  529  538  544  551  564
023RAROTONG2013123   581  598  613  618  617  623  623  615  608
023RAROTONG2014 11   608  609  615  627  647  675  683  668  656  648  644
023RAROTONG2014 12   625  607  607  618  631  647  654  658  667  668  670
023RAROTONG2014 13   683  689  683  681  679  677  677  680  687
023RAROTONG2014 21   688  681  687  698  694  677  666  680  688  663  639
023RAROTONG2014 22   639  651  644  628  607  608  633  660  668  670  664
023RAROTONG2014 23   626  587  574  588  592  598
023RAROTONG2014 31   612  631  641  632  627  631  628  629  652  670  671
023RAROTONG2014 32   684  690  678  671  682  706  743  757  700  632  614
023RAROTONG2014 33   612  604  600  602  597  577  564  578  608
023RAROTONG2014 41   641  640  625  608  603  601  585  568  576  591  614
023RAROTONG2014 42   643  659  663  652  644  636  611  596  599  592  575
023RAROTONG2014 43   578  614  611  574  563  557  554  563
023RAROTONG2014 51   577  598  615  630  640  630  582  548  521  510  519
023RAROTONG2014 52   526  538  563  576  565  558  562  570  569  585  606
023RAROTONG2014 53   598  559  529  524  534  555  553  546  550
023RAROTONG2014 61   557  564  578  582  586  594  592  578  555  549  557
023RAROTONG2014 62   580  599  594  586  572  559  559  581  596  588  574
023RAROTONG2014 63   575  617  657  628  599  584  589  591
023RAROTONG2014 71   588  601  634  649  624  591  586  605  653  716  703
023RAROTONG2014 72   660  654  671  694  694  674  657  645  648  655  672
023RAROTONG2014 73   697  700  704  710  677  634  624  619  626
023RAROTONG2014 81   614  594  591  581  564  560  572  593  604  596  583
023RAROTONG2014 82   582  595  628  643  645  632  613  602  595  606  614
023RAROTONG2014 83   604  595  599  598  587  574  575  571  571
023RAROTONG2014 91   580  591  582  573  583  602  630  640  612  603  607
023RAROTONG2014 92   590  567  563  580  588  591  594  588  591  623  655
023RAROTONG2014 93   652  637  632  632  631  626  632  628
023RAROTONG2014101   631  642  646  651  658  663  676  683  661  642  659
023RAROTONG2014102   674  673  662  665  699  712  684  655  636  626  621
023RAROTONG2014103   626  633  628  619  597  583  574  563  565
023RAROTONG2014111   580  581  561  543  536  549  560  561  571  569  561
023RAROTONG2014112   554  539  535  527  519  513  504  514  535  543  556
023RAROTONG2014113   576  599  623  633  627  629  628  630
023RAROTONG2014121   644  662  667  651  632  632  649  645  636  624  607
023RAROTONG2014122   599  615  640  651  639  629  638  644  659  680  676
023RAROTONG2014123   650  651  681  694  674  642  641  662  662
023RAROTONG2015 11   637  623  623  619  602  583  588  617  635  607  578
023RAROTONG2015 12   568  554  527  513  522  541  546  555  571  584  602
023RAROTONG2015 13   606  601  580  565  579  584  563  571  593
023RAROTONG2015 21   586  561  547  546  561  571  592  603  594  596  606
023RAROTONG2015 22   613  608  597  580  577  593  632  650  646  645  644
023RAROTONG2015 23   645  659  680  686  669  656
023RAROTONG2015 31   663  686  711  715  712  719  735  733  720  707  702
023RAROTONG2015 32   702  709  705  691  688  694  681  671  682  711  712
023RAROTONG2015 33   713  705  663  636  649  680  706  673  652
023RAROTONG2015 41   676  699  690  678  675  681  713  702  663  646  639
023RAROTONG2015 42   643  650  653  654  642  640  658  672  697  705  702
023RAROTONG2015 43   692  667  653  655  652  638  617  610
023RAROTONG2015 51   618  641  662  655  636  621  621  622  623  627  638
023RAROTONG2015 52   659  660  642  635  654  694  658  611  611  623  610
023RAROTONG2015 53   585  578  585  575  573  585  614  645  644
023RAROTONG2015 61   641  642  624  606  603  596  593  611  655  670  635
023RAROTONG2015 62   617  624  628  642  646  640  637  617  583  577  595
023RAROTONG2015 63   607  621  638  615  594  582  572  566
023RAROTONG2015 71   557  543  528  520  528  553  570  566  566  547  503
023RAROTONG2015 72   475  477  478  463  443  438  464  501  513  507  487
023RAROTONG2015 73   468  466  468  472  478  476  477  486  498
023RAROTONG2015 81   504  513  523  525  528  535  538  539  546  552  574
023RAROTONG2015 82   590  575  564  561  570  580  567  548  546  563  589
023RAROTONG2015 83   608  623  652  657  647  665  668  644  607
023RAROTONG2015 91   578  571  578  581  569  563  574  599  574  552  578
023RAROTONG2015 92   616  616  589  565  541  508  494  510  535  549  561
023RAROTONG2015 93   556  532  542  564  576  567  556  554
023RAROTONG2015101   572  604  617  607  598  594  608  627  644  661  663
023RAROTONG2015102   645  637  637  624  601  592  588  595  600  598  592
023RAROTONG2015103   594  606  623  643  659  656  636  616  605
023RAROTONG2015111   584  563  569  573  564  562  561  560  569  581  574
023RAROTONG2015112   549  529  517  509  514  534  550  563  575  577  579
023RAROTONG2015113   574  571  563  559  586  599  605  636
023RAROTONG2015121   695  711  636  561  513  492  490  498  531  550  540
023RAROTONG2015122   535  542  547  566  591  592  576  570  591  617  620
023RAROTONG2015123   610  612  623  638  638  625  636  649  646
023RAROTONG2016 11   628  628  644  655  665  667  651  634  626  633  641
023RAROTONG2016 12   646  663  683  706  742  766  773  743  707  684  669
023RAROTONG2016 13   661  646  639  648  656  660  659  672  694
023RAROTONG2016 21   699  693  694  698  702  711  718  729  729  716  703
023RAROTONG2016 22   690  690  704  706  679  655  650  651  628  615  636
023RAROTONG2016 23   664  697  716  701  699  714  726
023RAROTONG2016 31   752  768  762  740  704  680  682  691  692  692  700
023RAROTONG2016 32   717  727  729  721  716  718  722  700  667  668  706
023RAROTONG2016 33   726  703  645  615  613  597  583  584  592
023RAROTONG2016 41   589  573  561  553  557  576  595  586  541  515  507
023RAROTONG2016 42   522  522  505  494  491  502  523  529  540  550  557
023RAROTONG2016 43   576  587  577  584  579  547  535  564
023RAROTONG2016 51   589  598  603  620  630  627  624  616  615  630  643
023RAROTONG2016 52   627  615  623  636  655  672  670  645  626  624  629
023RAROTONG2016 53   619  605  608  608  581  554  550  557  549
023RAROTONG2016 61   531  516  512  528  568  560  508  500  519  527  523
023RAROTONG2016 62   513  522  539  546  545  542  547  567  612  611  553
023RAROTONG2016 63   518  526  532  546  558  546  538  547
023RAROTONG2016 71   570  592  593  586  598  603  583  572  584  597  617
023RAROTONG2016 72   667  705  681  655  649  642  624  607  606  591  570
023RAROTONG2016 73   569  574  581  589  590  597  618  637  653
023RAROTONG2016 81   681  700  669  628  642  670  672  659  661  653  651
023RAROTONG2016 82   664  690  707  701  696  697  705  717  730  751  756
023RAROTONG2016 83   750  720  668  646  652  661  668  669  667
023RAROTONG2016 91   674  677  672  672  649  619  606  605  596  592  589
023RAROTONG2016 92   566  542  537  556  566  564  566  591  624  659  675
023RAROTONG2016 93   667  649  631  636  667  688  691  704
023RAROTONG2016101   712  698  677  668  653  652  660  653  649  663  679
023RAROTONG2016102   696  714  717  717  722  716  697  688  696  711  720
023RAROTONG2016103   727  733  747  733  703  684  674  667  667
023RAROTONG2016111   654  621  604  607  600  593  587  588  618  638  617
023RAROTONG2016112   590  575  577  573  563  553  548  542  527  530  533
023RAROTONG2016113   528  536  556  586  590  568  561  574
023RAROTONG2016121   589  614  626  606  603  614  624  636  642  659  662
023RAROTONG2016122   651  639  640  656  665  677  695  700  683  689  711
023RAROTONG2016123   725  738  738  748  763  766  762  748  721
023RAROTONG2017 11   692  690  704  726  724  713  698  681  676  671  675
023RAROTONG2017 12   679  685  694  705  722  755  768  734  694  685  694
023RAROTONG2017 13   686  683  677  667  668  669  665  666  669
023RAROTONG2017 21   667  676  687  671  650  645  657  676  689  700  685
023RAROTONG2017 22   663  666  681  685  699  710  694  669  682  710  688
023RAROTONG2017 23   674  660  648  638  631  641
023RAROTONG2017 31   663  673  662  649  644  642  633  624  623  628  621
023RAROTONG2017 32   601  580  577  590  598  587  584  582  563  539  530
023RAROTONG2017 33   532  539  552  552  549  557  567  571  587
023RAROTONG2017 41   616  633  610  595  600  610  622  633  648  675  696
023RAROTONG2017 42   730  769  762  738  699  642  613  625  633  619  616
023RAROTONG2017 43   643  679  691  687  693  706  721  705
023RAROTONG2017 51   684  681  682  683  695  704  699  682  651  618  597
023RAROTONG2017 52   596  610  617  608  595  588  601  618  635  633  617
023RAROTONG2017 53   612  636  629  582  550  541  557  573  585
023RAROTONG2017 61   592  592  601  630  638  613  601  617  630  626  626
023RAROTONG2017 62   576  543  560  591  581  568  565  551  557  566  573
023RAROTONG2017 63   569  575  595  610  616  623  633  632
023RAROTONG2017 71   613  594  576  579  592  610  627  644  660  687  676
023RAROTONG2017 72   635  629  670  700  691  660  636  634  641  645  657
023RAROTONG2017 73   675  690  694  698  686  676  685  707  724
023RAROTONG2017 81   721  693  702  736  742  732  717  682  641  643  684
023RAROTONG2017 82   708  693  668  668  680  682  680  673  672  687  702
023RAROTONG2017 83   706  682  667  670  669  657  644  638  633
023RAROTONG2017 91   641  657  676  685  688  675  653  645  650  659  667
023RAROTONG2017 92   652  626  623  631  624  627  646  688  732  712  672
023RAROTONG2017 93   640  615  577  546  524  505  499  509
023RAROTONG2017101   516  519  520  529  548  549  543  545  547  536  524
023RAROTONG2017102   545  583  597  589  574  591  647  657  616  590  565
023RAROTONG2017103   545  543  555  558  559  572  595  611  607
023RAROTONG2017111   602  601  603  602  578  555  549  538  524  532  544
023RAROTONG2017112   563  576  584  585  576  580  587  596  615  630  650
023RAROTONG2017113   656  639  639  627  607  604  606  607
023RAROTONG2017121   602  619  643  654  671  680  678  678  664  645  649
023RAROTONG2017122   658  668  683  697  697  680  680  666  653  660  674
023RAROTONG2017123   673  665  657  665  669  654  635  625  617
023RAROTONG2018 11   615  610  617  642  644  619  598  597  606  592  584
023RAROTONG2018 12   586  587  584  586  594  603  601  598  604  609  613
023RAROTONG2018 13   616  616  617  622  632  640  646  646  636
023RAROTONG2018 21   643  666  657  634  645  670  671  678  688  670  661
023RAROTONG2018 22   676  649  600  592  604  610  634  648  638  618  596
023RAROTONG2018 23   582  568  555  561  587  611
023RAROTONG2018 31   603  592  609  636  648  654  663  652  632  614  603
023RAROTONG2018 32   604  613  630  633  625  618  619  626  640  648  649
023RAROTONG2018 33   645  628  594  596  613  609  608  617  620
023RAROTONG2018 41   616  605  592  589  591  592  593  598  611  590  534
023RAROTONG2018 42   523  561  563  548  559  563  552  539  530  521  526
023RAROTONG2018 43   539  548  564  587  574  553  544  548
023RAROTONG2018 51   551  547  546  544  531  525  544  542  517  508  518
023RAROTONG2018 52   517  497  496  506  513  512  510  508  521  536  543
023RAROTONG2018 53   551  563  577  594  611  626  649  647  624
023RAROTONG2018 61   601  593  602  621  624  611  606  613  613  612  613
023RAROTONG2018 62   622  636  651  663  668  659  623  607  616  643  666
023RAROTONG2018 63   656  636  630  646  648  618  603  591
023RAROTONG2018 71   583  584  591  602  608  613  614  588  567  565  566
023RAROTONG2018 72   563  563  561  551  545  563  584  579  567  576  567
023RAROTONG2018 73   539  533  528  502  486  498  504  518  525
023RAROTONG2018 81   509  528  545  583  611  594  593  580  551  522  505
023RAROTONG2018 82   534  547  522  522  514  509  530  555  521  485  478
023RAROTONG2018 83   502  526  551  568  575  566  548  540  545
023RAROTONG2018 91   547  548  547  562  582  606  625  622  610  602  590
023RAROTONG2018 92   587  584  594  605  609  613  622  635  647  657  657
023RAROTONG2018 93   644  630  634  650  647  624  622  631
023RAROTONG2018101   611  595  607  634  659  681  702  711  704  692  675
023RAROTONG2018102   649  642  652  642  615  612  625  621  609  593  598
023RAROTONG2018103   616  627  639  643  648  647  608  572  551
023RAROTONG2018111   555  572  589  569  566  593  612  622  636  640  643
023RAROTONG2018112   657  677  692  692  699  715  694  667  664  685  696
023RAROTONG2018113   685  674  672  677  686  701  720  721
023RAROTONG2018121   704  688  689  698  709  718  723  727  745  728  709
023RAROTONG2018122   688  667  673  683  662  628  612  609  611  621  621
023RAROTONG2018123   618  621  642  663  665  666  667  674  680
023RAROTONG2019 11   692  700  710  708  683  671  672  673  674  678  704
023RAROTONG2019 12   723  739  741  734  723  713  692  676  673  685  702
023RAROTONG2019 13   715  720  742  764  784  816  810  791  749
023RAROTONG2019 21   737  750  741  709  691  690  687  665  648  656  663
023RAROTONG2019 22   668  666  676  699  703  688  689  695  694  692  689
023RAROTONG2019 23   691  680  658  642  641  636
023RAROTONG2019 31   635  644  659  666  673  673  661  657  668  689  706
023RAROTONG2019 32   713  709  697  703  723  741  723  717  724  735  739
023RAROTONG2019 33   738  737  727  719  722  732  720  691  699
023RAROTONG2019 41   741  727  684  655  651  660  666  665  658  672  685
023RAROTONG2019 42   687  683  665  663  682  684  682  661  630  619  618
023RAROTONG2019 43   613  609  615  627  638  648  646  653
023RAROTONG2019 51   665  686  705  688  668  680  698  712  713  699  685
023RAROTONG2019 52   671  664  658  668  680  676  650  643  642  643  658
023RAROTONG2019 53   665  679  677  651  634  627  622  634  651
023RAROTONG2019 61   646  648  663  649  634  643  666  675  653  636  645
023RAROTONG2019 62   654  662  669  680  678  670  664  674  684  662  624
023RAROTONG2019 63   602  608  632  660  662  639  620  624
023RAROTONG2019 71   624  607  591  584  591  613  632  649  653  655  664
023RAROTONG2019 72   670  671  664  649  650  651  641  637  643  673  716
023RAROTONG2019 73   704  667  629  604  599  604  609  612  617
023RAROTONG2019 81   617  622  627  629  617  591  576  576  579  584  581
023RAROTONG2019 82   583  587  588  582  594  627  632  648  649  621  599
023RAROTONG2019 83   600  622  636  619  614  654  669  644  627
023RAROTONG2019 91   627  632  644  658  650  645  664  683  683  703  714
023RAROTONG2019 92   703  671  640  648  684  701  685  666  672  691  672
023RAROTONG2019 93   609  569  568  579  571  562  562  573
023RAROTONG2019101   586  607  625  629  592  560  556  574  591  590  581
023RAROTONG2019102   585  608  624  616  609  611  624  618  608  614  629
023RAROTONG2019103   645  662  683  711  710  691  692  730  754
023RAROTONG2019111   738  735  735  720  720  724  716  702  688  684  667
023RAROTONG2019112   649  664  670  659  661  664  657  652  649  648  657
023RAROTONG2019113   677  686  685  689  680  667  663  663
023RAROTONG2019121   661  668  674  673  657  631  623  641  662  659  637
023RAROTONG2019122   623  607  591  592  607  630  641  655  679  686  658
023RAROTONG2019123   658  636  607  594  593  616  645  658  669
023RAROTONG2020 11   750  702  645  647  643  636  619  608  614  634  647
023RAROTONG2020 12   645  657  677  692  692  673  655  652  662  668  653
023RAROTONG2020 13   624  612  614  625  634  639  651  660  669
023RAROTONG2020 21   685  693  680  657  660  693  715  705  706  711  726
023RAROTONG2020 22   745  748  748  740  731  741  764  744  703  673  661
023RAROTONG2020 23   658  661  663  669  672  683  707
023RAROTONG2020 31   720  705  678  663  653  660  676  698  705  700  703
023RAROTONG2020 32   706  696  699  713  724  738  745  740  731  729  732
023RAROTONG2020 33   748  760  768  745  730  731  723  721  727
023RAROTONG2020 41   746  758  760  775  782  763  752  756  767  752  709
023RAROTONG2020 42   676  662  647  644  652  650  630  607  601  610  615
023RAROTONG2020 43   617  619  629  633  639  639  624  607
023RAROTONG2020 51   600  619  638  638  627  613  584  566  566  584  613
023RAROTONG2020 52   616  605  623  647  646  638  624  607  590  592  616
023RAROTONG2020 53   651  659  630  597  593  608  614  599  590
023RAROTONG2020 61   590  606  642  653  645  637  626  620  629  659  686
023RAROTONG2020 62   681  667  652  646  659  669  675  666  643  620  619
023RAROTONG2020 63   642  664  669  658  643  632  650  687
023RAROTONG2020 71   708  713  705  675  651  636  618  614  629  649  660
023RAROTONG2020 72   667  654  637  629  618  602  597  609  616  620  615
023RAROTONG2020 73   605  593  595  610  623  641  656  626  610
023RAROTONG2020 81   596  576  570  573  571  575  596  605  604  572  545
023RAROTONG2020 82   539  551  578  608  606  580  567  570  566  556  544
023RAROTONG2020 83   545  573  604  608  590  571  568  584  611
023RAROTONG2020 91   642  652  663  682  678  655  642  640  647  678  687
023RAROTONG2020 92   673  648  630  635  636  627  635  651  657  656  660
023RAROTONG2020 93   663  640  608  585  577  584  597  614
023RAROTONG2020101   627  632  624  614  612  627  653  668  652  648  660
023RAROTONG2020102   660  653  661  670  674  678  680  687  674  648  638
023RAROTONG2020103   637  633  625  624  632  616  585  552  534
023RAROTONG2020111   522  518  530  540  566  571  555  575  597  595  588
023RAROTONG2020112   584  580  585  585  575  570  572  555  548  564  573
023RAROTONG2020113   568  564  554  543  545  544  540  529
023RAROTONG2020121   512  511  534  543  536  539  546  562  576  585  587
023RAROTONG2020122   580  579  584  589  589  578  592  610  591  581  596
023RAROTONG2020123   618  635  629  608  592  590  611  614  604
023RAROTONG2021 11   600  603  605  606  610  604  603  602  610  616  618
023RAROTONG2021 12   607  595  599  618  632  628  634  653  668  666  657
023RAROTONG2021 13   657  654  649  645  637  656  684  700  696
023RAROTONG2021 21   692  695  697  704  712  710  693  671  663  668  675
023RAROTONG2021 22   695  715  727  732  719  709  714  739  760  748  716
023RAROTONG2021 23   709  749  754  741  743  739
023RAROTONG2021 31   719  702  698  714  715  720  739  768  759  734  729
023RAROTONG2021 32   720  708  700  699  703  713  708  707  710  709  703
023RAROTONG2021 33   692  689  692  705  731  754  763  768  772
023RAROTONG2021 41   768  755  752  756  743  723  733  756  768  767  767
023RAROTONG2021 42   776  781  779  769  748  722  707  701  698  698  700
023RAROTONG2021 43   708  723  731  721  707  708  712  717
023RAROTONG2021 51   710  725  717  697  684  688  700  682  681  712  740
023RAROTONG2021 52   767  756  695  659  654  667  693  718  731  733  752
023RAROTONG2021 53   803  818  797  784  787  782  758  752  750
023RAROTONG2021 61   735  713  716  759  804  780  740  733  750  762  738
023RAROTONG2021 62   702  683  690  700  701  715  753  770  753  742  744
023RAROTONG2021 63   738  757  768  709  648  645  677  687
