072BLUFF         LAT=46 36.0S  LONG=168 20.0E
072BLUFF   1984 91  9999 9999 9999 9999 9999 9999 9999 9999 9999 9999 9999
072BLUFF   1984 92  9999 9999 9999 9999 9999 9999 9999 9999 9999 9999 9999
072BLUFF   1984 93  9999 9999 9999 9999 9999 9999 9999 9999
072BLUFF   1984101  1619 1567 1502 1559 1679 1740 1690 1664 1852 2020 1937
072BLUFF   1984102  1792 1752 1693 1713 1817 1888 1895 1814 1782 1740 1554
072BLUFF   1984103  1486 1502 1583 1638 1602 1687 1691 1555 1523
072BLUFF   1984111  1531 1550 1665 1705 1671 1663 1524 1511 1599 1682 1735
072BLUFF   1984112  1688 1688 1855 1863 1799 1887 1762 1638 1707 1808 1899
072BLUFF   1984113  1889 1751 9999 9999 9999 9999 9999 9999
072BLUFF   1984121  9999 9999 9999 9999 9999 9999 1748 1673 1530 1513 1711
072BLUFF   1984122  1847 1905 1865 9999 9999 1865 1852 1883 1900 1872 1851
072BLUFF   1984123  1765 1731 1681 1628 1582 1544 1526 1525 1550
072BLUFF   1985 11  1630 1797 1967 1944 1901 1855 1800 1737 1774 1943 2000
072BLUFF   1985 12  1915 1725 1660 1697 1627 1715 1781 1786 1863 1884 1942
072BLUFF   1985 13  1961 1906 1790 1662 1687 1755 1684 1660 1780
072BLUFF   1985 21  1909 1772 1624 1651 1709 1790 1791 1714 1733 1800 1752
072BLUFF   1985 22  9999 9999 9999 9999 9999 9999 9999 9999 9999 9999 9999
072BLUFF   1985 23  9999 9999 9999 9999 9999 9999
072BLUFF   1985 31  1806 1755 1813 1922 1978 1920 1666 1571 1574 1562 1623
072BLUFF   1985 32  1764 1650 1569 1619 1740 1686 1594 1520 1490 1645 1717
072BLUFF   1985 33  1619 1647 1677 1667 1709 1737 1818 1709 1655
072BLUFF   1985 41  1834 1868 1810 1734 1590 1537 1601 1676 1751 1822 1845
072BLUFF   1985 42  1806 1732 1693 1741 1860 1939 1976 2028 2116 1982 1739
072BLUFF   1985 43  1735 1721 1651 1637 1615 1538 1505 1516
072BLUFF   1985 51  1545 1556 1612 1763 1929 1973 1872 1869 1959 1894 1797
072BLUFF   1985 52  1757 1690 1574 1576 1623 1691 1749 1788 1841 1785 1772
072BLUFF   1985 53  1847 1746 1609 1554 1536 1484 1472 1513 1570
072BLUFF   1985 61  1618 1748 1878 1908 1925 1853 1871 1795 1758 1765 1730
072BLUFF   1985 62  1656 1650 1730 1817 1812 1771 1781 1834 1860 1758 1608
072BLUFF   1985 63  1574 1628 1696 1720 1741 1784 1730 1750
072BLUFF   1985 71  1830 1774 1761 1724 1750 1917 1911 1787 1639 1485 1517
072BLUFF   1985 72  1553 1709 1814 1772 1830 1861 1715 1547 1535 1600 1708
072BLUFF   1985 73  1628 1564 1610 1632 1593 1669 1808 1929 1912
072BLUFF   1985 81  1789 1614 1488 1405 1398 1503 1614 1730 1877 1903 1728
072BLUFF   1985 82  1559 1516 1575 1606 1584 1609 1853 1992 1913 1656 1517
072BLUFF   1985 83  1546 1704 1792 1678 1542 1516 1599 1580 1552
072BLUFF   1985 91  1584 1721 1904 1937 1794 1675 1796 1869 1906 1664 1616
072BLUFF   1985 92  1600 1562 1499 1527 1652 1708 1696 1666 1627 1599 1633
072BLUFF   1985 93  1760 1818 1909 2120 2136 2027 1837 9999
072BLUFF   1985101  9999 9999 9999 9999 9999 9999 1665 1728 1828 1649 1662
072BLUFF   1985102  1749 9999 9999 9999 1491 1551 1687 1792 1765 1738 1821
072BLUFF   1985103  1812 1743 9999 9999 9999 9999 9999 9999 9999
072BLUFF   1985111  9999 9999 9999 9999 9999 9999 9999 9999 9999 9999 9999
072BLUFF   1985112  9999 9999 9999 9999 9999 9999 9999 9999 9999 9999 9999
072BLUFF   1985113  9999 9999 9999 9999 9999 9999 9999 9999
072BLUFF   1985121  1690 1650 1701 1618 1515 1509 1617 1632 1613 1628 1662
072BLUFF   1985122  1712 1790 1831 1693 1563 1610 1668 1818 1954 1940 1925
072BLUFF   1985123  1835 1645 1712 1848 1933 1893 1773 1792 1878
072BLUFF   1986 11  1888 1866 1922 1829 1666 1644 1662 1780 1809 1737 1743
072BLUFF   1986 12  1779 1843 1799 1675 1735 1760 1646 1690 1796 1845 1800
072BLUFF   1986 13  1744 1793 1963 2003 1909 1670 1612 1677 1690
072BLUFF   1986 21  1709 1764 1790 1707 1695 1792 1769 1734 1715 1746 1773
072BLUFF   1986 22  1696 1594 1509 1493 1536 1616 1714 1913 1989 1874 1826
072BLUFF   1986 23  1743 1655 1623 1625 1568 1546
072BLUFF   1986 31  1637 9999 9999 9999 9999 9999 9999 9999 9999 1791 1674
072BLUFF   1986 32  1547 1611 1740 1851 1947 1835 1683 1575 1545 1578 1588
072BLUFF   1986 33  1691 1754 1626 1646 1809 1724 1557 1529 1596
072BLUFF   1986 41  1802 1829 1870 1865 1943 1899 1783 1737 1836 1772 1800
072BLUFF   1986 42  1881 1729 1592 1600 1615 1586 1571 1645 1815 1772 1687
072BLUFF   1986 43  1689 1743 1886 2004 1968 1899 1919 1972
072BLUFF   1986 51  1846 1770 1908 1859 1761 1711 1591 1516 1602 1689 1719
072BLUFF   1986 52  1629 1573 1623 1660 1701 1734 1662 1752 1864 1843 1722
072BLUFF   1986 53  1655 1700 1762 1760 1684 1774 1915 2038 1937
072BLUFF   1986 61  1663 1637 1846 1974 1889 1766 1696 1806 1913 1950 1982
072BLUFF   1986 62  1768 1640 1637 1582 1544 1486 1589 1774 1927 2042 2026
072BLUFF   1986 63  1989 1891 1806 1834 1934 1983 1938 1810
072BLUFF   1986 71  1596 1464 1520 9999 9999 9999 9999 1797 1849 1939 1879
072BLUFF   1986 72  1762 1633 1552 1524 1564 1630 1711 1774 1703 1601 1621
072BLUFF   1986 73  1807 2076 2053 1961 1956 1943 1920 1830 1984
072BLUFF   1986 81  1902 1698 1718 1684 1645 1618 1508 1512 1611 1576 1498
072BLUFF   1986 82  1580 1599 1564 1555 1567 1575 1707 1792 1694 1601 1513
072BLUFF   1986 83  1438 1486 1613 1689 1700 1564 1519 1618 1737
072BLUFF   1986 91  1777 1784 1731 1646 1607 9999 9999 1608 1631 1722 1767
072BLUFF   1986 92  1694 1670 1608 1492 1494 1513 1568 1655 1674 1657 1641
072BLUFF   1986 93  1648 1617 1686 1793 1697 1647 1701 1669
072BLUFF   1986101  1674 1713 1657 1598 1515 1478 1531 1570 1606 1693 1682
072BLUFF   1986102  1615 1585 1614 1710 1742 1706 1597 1614 1793 1886 1792
072BLUFF   1986103  1754 1785 1811 1774 1626 1603 1555 1533 1604
072BLUFF   1986111  1738 1802 1728 1674 1615 1637 1710 1697 1647 1659 1744
072BLUFF   1986112  1852 1766 1558 1498 1561 1590 1599 1625 1624 1589 1687
072BLUFF   1986113  1852 1827 1640 1594 1677 1696 1637 1580
072BLUFF   1986121  1542 1517 1509 1555 1581 1538 1538 1558 1524 1504 1549
072BLUFF   1986122  1618 1751 1848 1725 1630 1706 1830 1816 1780 1809 1851
072BLUFF   1986123  1875 1864 1800 1662 1632 1745 1803 1717 1650
072BLUFF   1987 11  1628 1588 1537 1500 1521 1554 1618 1646 1672 1746 1811
072BLUFF   1987 12  1848 1867 1913 1934 1846 1928 1892 1925 1920 1925 2011
072BLUFF   1987 13  2006 1891 1729 1705 1841 1898 1835 1804 1819
072BLUFF   1987 21  1881 1876 1962 1972 1812 1690 1614 1646 1637 1670 1826
072BLUFF   1987 22  1827 1707 1608 1556 1589 1665 1704 1677 1647 1708 1854
072BLUFF   1987 23  1811 1621 1620 1684 1663 1683
072BLUFF   1987 31  1679 1620 1503 1450 1466 1583 1728 1867 1877 1714 1629
072BLUFF   1987 32  1723 1731 1666 1590 1524 1497 1505 1579 1659 1744 1774
072BLUFF   1987 33  1749 1778 1714 1704 1629 1628 1801 1861 1858
072BLUFF   1987 41  1851 1727 1530 1502 1576 1643 1723 1810 1653 1533 1538
072BLUFF   1987 42  1557 1645 1745 1638 1482 1471 1476 1543 1731 1862 1856
072BLUFF   1987 43  1648 1566 1671 1692 1805 1865 1720 1686
072BLUFF   1987 51  1529 1431 1592 1716 1656 1614 1604 1541 1428 1410 1518
072BLUFF   1987 52  1633 1611 1602 1738 1670 1629 1619 1647 1668 1556 1519
072BLUFF   1987 53  1577 1700 1782 1769 1858 1985 1970 1893 1838
072BLUFF   1987 61  1810 1834 1925 1837 1625 1530 1543 1577 1597 1584 1606
072BLUFF   1987 62  1673 1732 1814 1669 1602 1610 1646 1644 1562 1467 1506
072BLUFF   1987 63  1596 1666 1668 1680 1777 1901 1914 1829
072BLUFF   1987 71  1768 1670 1625 1540 1509 1612 1733 1824 1743 1760 1737
072BLUFF   1987 72  1598 1614 1690 1750 1794 1759 1757 1803 1702 1620 1580
072BLUFF   1987 73  1500 1512 1608 1711 1756 1682 1522 1455 1656
072BLUFF   1987 81  1826 1767 1692 1769 1857 1858 1825 1739 1786 1800 1634
072BLUFF   1987 82  1548 1498 1497 1611 1772 1773 1665 1641 1743 1755 1699
072BLUFF   1987 83  1673 1695 1721 1672 1638 1626 9999 9999 9999
072BLUFF   1987 91  1747 1947 2026 1970 9999 9999 1648 1809 1793 1735 1789
072BLUFF   1987 92  1825 1846 9999 9999 9999 9999 1627 1564 1555 1651 1756
072BLUFF   1987 93  1850 1682 1612 1594 1828 9999 9999 9999
072BLUFF   1987101  1974 1901 1735 1724 1806 1900 1943 1809 1718 1698 1720
072BLUFF   1987102  1692 1761 1707 1633 1615 1568 1549 1555 1590 1662 1747
072BLUFF   1987103  1856 1803 1642 1584 1714 1891 1746 1578 1610
072BLUFF   1987111  1670 1744 1938 1938 1766 1597 1578 1650 1732 1757 1754
072BLUFF   1987112  1828 1902 1846 1637 1361 1304 1419 1588 1685 1773 1756
072BLUFF   1987113  1696 1815 1909 1956 1919 1826 1743 9999
072BLUFF   1987121  9999 9999 9999 9999 9999 9999 9999 9999 9999 9999 9999
072BLUFF   1987122  9999 9999 9999 9999 9999 9999 9999 9999 9999 9999 9999
072BLUFF   1987123  9999 9999 9999 9999 9999 9999 9999 9999 9999
072BLUFF   1988 11  1557 1586 1608 1671 1722 1771 1827 1825 1652 1635 1641
072BLUFF   1988 12  1648 1777 1735 1653 1644 1727 1751 1764 1644 1561 1578
072BLUFF   1988 13  1572 1586 1637 1673 1651 1581 1572 1628 1642
072BLUFF   1988 21  1698 1650 1638 1511 1443 1490 1564 1634 1638 1654 1691
072BLUFF   1988 22  1673 1598 1569 1593 1610 1607 1612 1736 1860 1878 1920
072BLUFF   1988 23  1892 1804 1772 1800 1831 1846 1657
072BLUFF   1988 31  1540 1483 1551 1621 1566 1507 1420 1473 1628 1716 1853
072BLUFF   1988 32  1937 1881 1821 1859 1908 1761 1581 1432 1410 1526 1541
072BLUFF   1988 33  1539 1574 1599 1638 1716 1785 1726 1687 1826
072BLUFF   1988 41  1852 1778 1657 1663 1767 1763 1658 1731 1608 1434 1376
072BLUFF   1988 42  1393 1572 1661 1736 1813 1730 1667 1617 1513 1477 1437
072BLUFF   1988 43  1432 1460 1510 1539 1488 1398 1359 1423
072BLUFF   1988 51  1518 1641 1714 1890 1864 1761 1727 1719 1689 1762 1875
072BLUFF   1988 52  1829 1761 1875 1871 1769 1753 1783 1812 1767 1816 1809
072BLUFF   1988 53  1742 1624 1538 1546 1582 1658 1645 1647 9999
072BLUFF   1988 61  9999 9999 9999 9999 9999 9999 9999 9999 9999 9999 9999
072BLUFF   1988 62  9999 9999 9999 9999 9999 9999 9999 9999 9999 9999 9999
072BLUFF   1988 63  9999 9999 9999 9999 9999 9999 9999 9999
072BLUFF   1988 71  1760 1813 1686 1635 1598 1401 1374 1436 1639 1833 1962
072BLUFF   1988 72  1819 1573 1499 1581 1619 1526 1544 1687 1691 1639 1685
072BLUFF   1988 73  1828 1922 1968 1994 1915 1841 1753 1739 9999
072BLUFF   1988 81  9999 9999 9999 9999 9999 9999 9999 9999 9999 9999 9999
072BLUFF   1988 82  9999 9999 9999 9999 9999 9999 9999 9999 9999 9999 9999
072BLUFF   1988 83  9999 9999 9999 9999 9999 9999 9999 9999 9999
072BLUFF   1988 91  1519 1545 1678 1799 1808 1938 1802 1626 1605 1615 1683
072BLUFF   1988 92  1788 1708 1679 1659 1508 1515 1630 1759 1782 1803 1784
072BLUFF   1988 93  1610 1564 1628 1705 1703 1689 1807 1974
072BLUFF   1988101  1978 1971 1975 2007 1950 1939 1880 1737 1792 1883 1860
072BLUFF   1988102  1811 1880 1914 2081 1974 1868 1884 1849 1682 1632 1768
072BLUFF   1988103  1794 1896 1919 1884 1890 1778 1841 2003 1942
072BLUFF   1988111  1789 1886 1944 1837 1691 1591 1544 1579 1659 1758 1745
072BLUFF   1988112  1713 1714 1705 1694 1587 1571 1687 1657 1569 1571 1539
072BLUFF   1988113  1543 1623 1720 1806 1868 1894 1819 1798
072BLUFF   1988121  1722 1579 1530 1592 1772 1938 1916 1807 1662 1729 1956
072BLUFF   1988122  1947 1773 1580 1473 1539 1680 1684 1701 1760 1880 1739
072BLUFF   1988123  1616 1617 1679 1825 1845 1774 1909 1923 9999
072BLUFF   1989 11  9999 9999 9999 9999 9999 9999 9999 9999 9999 9999 9999
072BLUFF   1989 12  9999 9999 9999 9999 9999 9999 9999 9999 9999 9999 9999
072BLUFF   1989 13  9999 9999 9999 9999 9999 9999 9999 9999 9999
072BLUFF   1989 21  9999 9999 9999 9999 9999 9999 9999 9999 9999 9999 9999
072BLUFF   1989 22  9999 9999 9999 9999 9999 9999 9999 9999 9999 9999 9999
072BLUFF   1989 23  9999 9999 9999 9999 9999 9999
072BLUFF   1989 31  9999 9999 9999 9999 9999 9999 9999 9999 9999 9999 9999
072BLUFF   1989 32  9999 9999 9999 9999 9999 9999 9999 9999 9999 9999 9999
072BLUFF   1989 33  9999 9999 9999 9999 9999 9999 9999 9999 9999
072BLUFF   1989 41  9999 9999 9999 9999 9999 9999 9999 9999 9999 9999 9999
072BLUFF   1989 42  9999 9999 9999 9999 9999 9999 9999 9999 9999 9999 9999
072BLUFF   1989 43  9999 9999 9999 9999 9999 9999 9999 9999
072BLUFF   1989 51  9999 9999 9999 9999 9999 9999 9999 9999 9999 9999 9999
072BLUFF   1989 52  9999 9999 9999 9999 9999 9999 9999 9999 9999 9999 9999
072BLUFF   1989 53  9999 9999 9999 9999 9999 9999 9999 9999 9999
072BLUFF   1989 61  9999 9999 9999 9999 9999 9999 9999 9999 9999 9999 9999
072BLUFF   1989 62  9999 9999 9999 9999 9999 9999 9999 9999 9999 9999 9999
072BLUFF   1989 63  9999 9999 9999 9999 9999 9999 9999 9999
072BLUFF   1989 71  9999 9999 9999 9999 9999 9999 9999 9999 9999 9999 9999
072BLUFF   1989 72  9999 9999 9999 9999 9999 9999 9999 9999 9999 9999 9999
072BLUFF   1989 73  9999 9999 9999 9999 9999 9999 9999 9999 9999
072BLUFF   1989 81  9999 9999 9999 9999 9999 9999 9999 9999 9999 9999 9999
072BLUFF   1989 82  9999 9999 9999 9999 9999 9999 9999 9999 9999 9999 9999
072BLUFF   1989 83  9999 9999 9999 9999 9999 9999 9999 9999 9999
072BLUFF   1989 91  9999 9999 9999 9999 9999 9999 9999 9999 9999 9999 9999
072BLUFF   1989 92  9999 9999 9999 9999 9999 9999 9999 9999 9999 9999 9999
072BLUFF   1989 93  9999 9999 9999 9999 9999 9999 9999 9999
072BLUFF   1989101  9999 9999 9999 9999 9999 9999 9999 9999 9999 9999 9999
072BLUFF   1989102  9999 9999 9999 9999 9999 9999 9999 9999 9999 9999 9999
072BLUFF   1989103  9999 9999 9999 9999 9999 9999 9999 9999 9999
072BLUFF   1989111  9999 9999 9999 9999 9999 9999 9999 9999 9999 9999 9999
072BLUFF   1989112  9999 9999 9999 9999 9999 9999 9999 9999 9999 9999 9999
072BLUFF   1989113  9999 9999 9999 9999 9999 9999 9999 9999
072BLUFF   1989121  9999 9999 9999 9999 9999 9999 9999 9999 9999 9999 9999
072BLUFF   1989122  9999 9999 9999 9999 9999 9999 9999 9999 9999 9999 9999
072BLUFF   1989123  9999 9999 9999 9999 9999 9999 9999 9999 9999
072BLUFF   1990 11  9999 9999 9999 9999 9999 9999 9999 9999 9999 9999 9999
072BLUFF   1990 12  9999 9999 9999 9999 9999 9999 9999 9999 9999 9999 9999
072BLUFF   1990 13  9999 9999 9999 9999 9999 9999 9999 9999 9999
072BLUFF   1990 21  9999 9999 9999 9999 9999 9999 9999 9999 9999 9999 9999
072BLUFF   1990 22  9999 9999 9999 9999 9999 9999 9999 9999 9999 9999 9999
072BLUFF   1990 23  9999 9999 9999 9999 9999 9999
072BLUFF   1990 31  9999 9999 9999 9999 9999 9999 9999 9999 9999 9999 9999
072BLUFF   1990 32  9999 9999 9999 9999 9999 9999 9999 9999 9999 9999 9999
072BLUFF   1990 33  9999 9999 9999 9999 9999 9999 9999 9999 9999
072BLUFF   1990 41  9999 9999 9999 9999 9999 9999 9999 9999 9999 9999 9999
072BLUFF   1990 42  9999 9999 9999 9999 9999 9999 9999 9999 9999 9999 9999
072BLUFF   1990 43  9999 9999 9999 9999 9999 9999 9999 9999
072BLUFF   1990 51  9999 9999 9999 9999 9999 9999 9999 9999 9999 9999 9999
072BLUFF   1990 52  9999 9999 9999 9999 9999 9999 9999 9999 9999 9999 9999
072BLUFF   1990 53  9999 9999 9999 9999 9999 9999 9999 9999 9999
072BLUFF   1990 61  9999 9999 9999 9999 9999 9999 9999 9999 9999 9999 9999
072BLUFF   1990 62  9999 9999 9999 9999 9999 9999 9999 9999 9999 9999 9999
072BLUFF   1990 63  9999 9999 9999 9999 9999 9999 9999 9999
072BLUFF   1990 71  9999 9999 9999 9999 9999 9999 9999 9999 9999 9999 9999
072BLUFF   1990 72  9999 9999 9999 9999 9999 9999 9999 9999 9999 9999 9999
072BLUFF   1990 73  9999 9999 9999 9999 9999 9999 9999 9999 9999
072BLUFF   1990 81  9999 9999 9999 9999 9999 9999 9999 9999 9999 9999 9999
072BLUFF   1990 82  9999 9999 9999 9999 9999 9999 9999 9999 9999 9999 9999
072BLUFF   1990 83  9999 9999 9999 9999 9999 9999 9999 9999 9999
072BLUFF   1990 91  9999 9999 9999 9999 9999 9999 9999 9999 9999 9999 9999
072BLUFF   1990 92  9999 9999 9999 9999 9999 9999 9999 9999 9999 9999 9999
072BLUFF   1990 93  9999 9999 9999 9999 9999 9999 9999 9999
072BLUFF   1990101  9999 9999 9999 9999 9999 9999 9999 9999 9999 9999 9999
072BLUFF   1990102  9999 9999 9999 9999 9999 9999 9999 9999 9999 9999 9999
072BLUFF   1990103  9999 9999 9999 9999 9999 9999 9999 9999 9999
072BLUFF   1990111  9999 9999 9999 9999 9999 9999 9999 9999 9999 9999 9999
072BLUFF   1990112  9999 9999 9999 9999 9999 9999 9999 9999 9999 9999 9999
072BLUFF   1990113  9999 9999 9999 9999 9999 9999 9999 9999
072BLUFF   1990121  9999 9999 9999 9999 9999 9999 9999 9999 9999 9999 9999
072BLUFF   1990122  9999 9999 9999 9999 9999 9999 9999 9999 9999 9999 9999
072BLUFF   1990123  9999 9999 9999 9999 9999 9999 9999 9999 9999
072BLUFF   1991 11  9999 9999 9999 9999 9999 9999 9999 9999 9999 9999 9999
072BLUFF   1991 12  9999 9999 9999 9999 9999 9999 9999 9999 9999 9999 9999
072BLUFF   1991 13  9999 9999 9999 9999 9999 9999 9999 9999 9999
072BLUFF   1991 21  9999 9999 9999 9999 9999 9999 9999 9999 9999 9999 9999
072BLUFF   1991 22  9999 9999 9999 9999 9999 9999 9999 9999 9999 9999 9999
072BLUFF   1991 23  9999 9999 9999 9999 9999 9999
072BLUFF   1991 31  9999 9999 9999 9999 9999 9999 9999 9999 9999 9999 9999
072BLUFF   1991 32  9999 9999 9999 9999 9999 9999 9999 9999 9999 9999 9999
072BLUFF   1991 33  9999 9999 9999 9999 9999 9999 9999 9999 9999
072BLUFF   1991 41  9999 9999 9999 9999 9999 9999 9999 9999 9999 9999 9999
072BLUFF   1991 42  9999 9999 9999 9999 9999 9999 9999 9999 9999 9999 9999
072BLUFF   1991 43  9999 9999 9999 9999 9999 9999 9999 9999
072BLUFF   1991 51  9999 9999 9999 9999 9999 9999 9999 9999 9999 9999 9999
072BLUFF   1991 52  9999 9999 9999 9999 9999 9999 9999 9999 9999 9999 9999
072BLUFF   1991 53  9999 9999 9999 9999 9999 9999 9999 9999 9999
072BLUFF   1991 61  9999 9999 9999 9999 9999 9999 9999 9999 9999 9999 9999
072BLUFF   1991 62  9999 9999 9999 9999 9999 9999 9999 9999 9999 9999 9999
072BLUFF   1991 63  9999 9999 9999 9999 9999 9999 9999 9999
072BLUFF   1991 71  9999 9999 9999 9999 9999 9999 9999 9999 9999 9999 9999
072BLUFF   1991 72  9999 9999 9999 9999 9999 9999 9999 9999 9999 9999 9999
072BLUFF   1991 73  9999 9999 9999 9999 9999 9999 9999 9999 9999
072BLUFF   1991 81  9999 9999 9999 9999 9999 9999 9999 9999 9999 9999 9999
072BLUFF   1991 82  9999 9999 9999 9999 9999 9999 9999 9999 9999 9999 9999
072BLUFF   1991 83  9999 9999 9999 9999 9999 9999 9999 9999 9999
072BLUFF   1991 91  9999 9999 9999 9999 9999 9999 9999 9999 9999 9999 9999
072BLUFF   1991 92  9999 9999 9999 9999 9999 9999 9999 9999 9999 9999 9999
072BLUFF   1991 93  9999 9999 9999 9999 9999 9999 9999 9999
072BLUFF   1991101  9999 9999 9999 9999 9999 9999 9999 9999 9999 9999 9999
072BLUFF   1991102  9999 9999 9999 9999 9999 9999 9999 9999 9999 9999 9999
072BLUFF   1991103  9999 9999 9999 9999 9999 9999 9999 9999 9999
072BLUFF   1991111  9999 9999 9999 9999 9999 9999 9999 9999 9999 9999 9999
072BLUFF   1991112  9999 9999 9999 9999 9999 9999 9999 9999 9999 9999 9999
072BLUFF   1991113  9999 9999 9999 9999 9999 9999 9999 9999
072BLUFF   1991121  9999 9999 9999 9999 9999 9999 9999 9999 9999 9999 9999
072BLUFF   1991122  9999 9999 9999 9999 9999 9999 9999 9999 9999 9999 9999
072BLUFF   1991123  9999 9999 9999 9999 9999 9999 9999 9999 9999
072BLUFF   1992 11  9999 9999 9999 9999 9999 9999 9999 9999 9999 9999 9999
072BLUFF   1992 12  9999 9999 9999 9999 9999 9999 9999 9999 9999 9999 9999
072BLUFF   1992 13  9999 9999 9999 9999 9999 9999 9999 9999 9999
072BLUFF   1992 21  9999 9999 9999 9999 9999 9999 9999 9999 9999 9999 9999
072BLUFF   1992 22  9999 9999 9999 9999 9999 9999 9999 9999 9999 9999 9999
072BLUFF   1992 23  9999 9999 9999 9999 9999 9999 9999
072BLUFF   1992 31  9999 9999 9999 9999 9999 9999 9999 9999 9999 9999 9999
072BLUFF   1992 32  9999 9999 9999 9999 9999 9999 9999 9999 9999 9999 9999
072BLUFF   1992 33  9999 9999 9999 9999 9999 9999 9999 9999 9999
072BLUFF   1992 41  9999 9999 9999 9999 9999 9999 9999 9999 9999 9999 9999
072BLUFF   1992 42  9999 9999 9999 9999 9999 9999 9999 9999 9999 9999 9999
072BLUFF   1992 43  9999 9999 9999 9999 9999 9999 9999 9999
072BLUFF   1992 51  9999 9999 9999 9999 9999 9999 9999 9999 9999 9999 9999
072BLUFF   1992 52  9999 9999 9999 9999 9999 9999 9999 9999 9999 9999 9999
072BLUFF   1992 53  9999 9999 9999 9999 9999 9999 9999 9999 9999
072BLUFF   1992 61  9999 9999 9999 9999 9999 9999 9999 9999 9999 9999 9999
072BLUFF   1992 62  9999 9999 9999 9999 9999 9999 9999 9999 9999 9999 9999
072BLUFF   1992 63  9999 9999 9999 9999 9999 9999 9999 9999
072BLUFF   1992 71  9999 9999 9999 9999 9999 9999 9999 9999 9999 9999 9999
072BLUFF   1992 72  9999 9999 9999 9999 9999 9999 9999 9999 9999 9999 9999
072BLUFF   1992 73  9999 9999 9999 9999 9999 9999 9999 9999 9999
072BLUFF   1992 81  9999 9999 9999 9999 9999 9999 9999 9999 9999 9999 9999
072BLUFF   1992 82  9999 9999 9999 9999 9999 9999 9999 9999 9999 9999 9999
072BLUFF   1992 83  9999 9999 9999 9999 9999 9999 9999 9999 9999
072BLUFF   1992 91  9999 9999 9999 9999 9999 9999 9999 9999 9999 9999 9999
072BLUFF   1992 92  9999 9999 9999 9999 9999 9999 9999 9999 9999 9999 9999
072BLUFF   1992 93  9999 9999 9999 9999 9999 9999 9999 9999
072BLUFF   1992101  9999 9999 9999 9999 9999 9999 9999 9999 9999 9999 9999
072BLUFF   1992102  9999 9999 9999 9999 9999 9999 9999 9999 9999 9999 9999
072BLUFF   1992103  9999 9999 9999 9999 9999 9999 9999 9999 9999
072BLUFF   1992111  9999 9999 9999 9999 9999 9999 9999 9999 9999 9999 9999
072BLUFF   1992112  9999 9999 9999 9999 9999 9999 9999 9999 9999 9999 9999
072BLUFF   1992113  9999 9999 9999 9999 9999 9999 9999 9999
072BLUFF   1992121  9999 9999 9999 9999 9999 9999 9999 9999 9999 9999 9999
072BLUFF   1992122  9999 9999 9999 9999 9999 9999 9999 9999 9999 9999 9999
072BLUFF   1992123  9999 9999 9999 9999 9999 9999 9999 9999 9999
072BLUFF   1993 11  9999 9999 9999 9999 9999 9999 9999 9999 9999 9999 9999
072BLUFF   1993 12  9999 9999 9999 9999 9999 9999 9999 9999 9999 9999 9999
072BLUFF   1993 13  9999 9999 9999 9999 9999 9999 9999 9999 9999
072BLUFF   1993 21  9999 9999 9999 9999 9999 9999 9999 9999 9999 9999 9999
072BLUFF   1993 22  9999 9999 9999 9999 9999 9999 9999 9999 9999 9999 9999
072BLUFF   1993 23  9999 9999 9999 9999 9999 9999
072BLUFF   1993 31  9999 9999 9999 9999 9999 9999 9999 9999 9999 9999 9999
072BLUFF   1993 32  9999 9999 9999 9999 9999 9999 9999 9999 9999 9999 9999
072BLUFF   1993 33  9999 9999 9999 9999 9999 9999 9999 9999 9999
072BLUFF   1993 41  9999 9999 9999 9999 9999 9999 9999 9999 9999 9999 9999
072BLUFF   1993 42  9999 9999 9999 9999 9999 9999 9999 9999 9999 9999 9999
072BLUFF   1993 43  9999 9999 9999 9999 9999 9999 9999 9999
072BLUFF   1993 51  9999 9999 9999 9999 9999 9999 9999 9999 9999 9999 9999
072BLUFF   1993 52  9999 9999 9999 9999 9999 9999 9999 9999 9999 9999 9999
072BLUFF   1993 53  9999 9999 9999 9999 9999 9999 9999 9999 9999
072BLUFF   1993 61  9999 9999 9999 9999 9999 9999 9999 9999 9999 9999 9999
072BLUFF   1993 62  9999 9999 9999 9999 9999 9999 9999 9999 9999 9999 9999
072BLUFF   1993 63  9999 9999 9999 9999 9999 9999 9999 9999
072BLUFF   1993 71  9999 9999 9999 9999 9999 9999 9999 9999 9999 9999 9999
072BLUFF   1993 72  9999 9999 9999 9999 9999 9999 9999 9999 9999 9999 9999
072BLUFF   1993 73  9999 9999 9999 9999 9999 9999 9999 9999 9999
072BLUFF   1993 81  9999 9999 9999 9999 9999 9999 9999 9999 9999 9999 9999
072BLUFF   1993 82  9999 9999 9999 9999 9999 9999 9999 9999 9999 9999 9999
072BLUFF   1993 83  9999 9999 9999 9999 9999 9999 9999 9999 9999
072BLUFF   1993 91  9999 9999 9999 9999 9999 9999 9999 9999 9999 9999 9999
072BLUFF   1993 92  9999 9999 9999 9999 9999 9999 9999 9999 9999 9999 9999
072BLUFF   1993 93  9999 9999 9999 9999 9999 9999 9999 9999
072BLUFF   1993101  9999 9999 9999 9999 9999 9999 9999 9999 9999 9999 9999
072BLUFF   1993102  9999 9999 9999 9999 9999 9999 9999 9999 9999 9999 9999
072BLUFF   1993103  9999 9999 9999 9999 9999 9999 9999 9999 9999
072BLUFF   1993111  9999 9999 9999 9999 9999 9999 9999 9999 9999 9999 9999
072BLUFF   1993112  9999 9999 9999 9999 9999 9999 9999 9999 9999 9999 9999
072BLUFF   1993113  9999 9999 9999 9999 9999 9999 9999 9999
072BLUFF   1993121  9999 9999 9999 9999 9999 9999 9999 9999 9999 9999 9999
072BLUFF   1993122  9999 9999 9999 9999 9999 9999 9999 9999 9999 9999 9999
072BLUFF   1993123  9999 9999 9999 9999 9999 9999 9999 9999 9999
072BLUFF   1994 11  9999 9999 9999 9999 9999 9999 9999 9999 9999 9999 9999
072BLUFF   1994 12  9999 9999 9999 9999 9999 9999 9999 9999 9999 9999 9999
072BLUFF   1994 13  9999 9999 9999 9999 9999 9999 9999 9999 9999
072BLUFF   1994 21  9999 9999 9999 9999 9999 9999 9999 9999 9999 9999 9999
072BLUFF   1994 22  9999 9999 9999 9999 9999 9999 9999 9999 9999 9999 9999
072BLUFF   1994 23  9999 9999 9999 9999 9999 9999
072BLUFF   1994 31  9999 9999 9999 9999 9999 9999 9999 9999 9999 9999 9999
072BLUFF   1994 32  9999 9999 9999 9999 9999 9999 9999 9999 9999 9999 9999
072BLUFF   1994 33  9999 9999 9999 9999 9999 9999 9999 9999 9999
072BLUFF   1994 41  9999 9999 9999 9999 9999 9999 9999 9999 9999 9999 9999
072BLUFF   1994 42  9999 9999 9999 9999 9999 9999 9999 9999 9999 9999 9999
072BLUFF   1994 43  9999 9999 9999 9999 9999 9999 9999 9999
072BLUFF   1994 51  9999 9999 9999 9999 9999 9999 9999 9999 9999 9999 9999
072BLUFF   1994 52  9999 9999 9999 9999 9999 9999 9999 9999 9999 9999 9999
072BLUFF   1994 53  9999 9999 9999 9999 9999 9999 9999 9999 9999
072BLUFF   1994 61  9999 9999 9999 9999 9999 9999 9999 9999 9999 9999 9999
072BLUFF   1994 62  9999 9999 9999 9999 9999 9999 9999 9999 9999 9999 9999
072BLUFF   1994 63  9999 9999 9999 9999 9999 9999 9999 9999
072BLUFF   1994 71  9999 9999 9999 9999 9999 9999 9999 9999 9999 9999 9999
072BLUFF   1994 72  9999 9999 9999 9999 9999 9999 9999 9999 9999 9999 9999
072BLUFF   1994 73  9999 9999 9999 9999 9999 9999 9999 9999 9999
072BLUFF   1994 81  9999 9999 9999 9999 9999 9999 9999 9999 9999 9999 9999
072BLUFF   1994 82  9999 9999 9999 9999 9999 9999 9999 9999 9999 9999 9999
072BLUFF   1994 83  9999 9999 9999 9999 9999 9999 9999 9999 9999
072BLUFF   1994 91  9999 9999 9999 9999 9999 9999 9999 9999 9999 9999 9999
072BLUFF   1994 92  9999 9999 9999 9999 9999 9999 9999 9999 9999 9999 9999
072BLUFF   1994 93  9999 9999 9999 9999 9999 9999 9999 9999
072BLUFF   1994101  9999 9999 9999 9999 9999 9999 9999 9999 9999 9999 9999
072BLUFF   1994102  9999 9999 9999 9999 9999 9999 9999 9999 9999 9999 9999
072BLUFF   1994103  9999 9999 9999 9999 9999 9999 9999 9999 9999
072BLUFF   1994111  9999 9999 9999 9999 9999 9999 9999 9999 9999 9999 9999
072BLUFF   1994112  9999 9999 9999 9999 9999 9999 9999 9999 9999 9999 9999
072BLUFF   1994113  9999 9999 9999 9999 9999 9999 9999 9999
072BLUFF   1994121  9999 9999 9999 9999 9999 9999 9999 9999 9999 9999 9999
072BLUFF   1994122  9999 9999 9999 9999 9999 9999 9999 9999 9999 9999 9999
072BLUFF   1994123  9999 9999 9999 9999 9999 9999 9999 9999 9999
072BLUFF   1995 11  9999 9999 9999 9999 9999 9999 9999 9999 9999 9999 9999
072BLUFF   1995 12  9999 9999 9999 9999 9999 9999 9999 9999 9999 9999 9999
072BLUFF   1995 13  9999 9999 9999 9999 9999 9999 9999 9999 9999
072BLUFF   1995 21  9999 9999 9999 9999 9999 9999 9999 9999 9999 9999 9999
072BLUFF   1995 22  9999 9999 9999 9999 9999 9999 9999 9999 9999 9999 9999
072BLUFF   1995 23  9999 9999 9999 9999 9999 9999
072BLUFF   1995 31  9999 9999 9999 9999 9999 9999 9999 9999 9999 9999 9999
072BLUFF   1995 32  9999 9999 9999 9999 9999 9999 9999 9999 9999 9999 9999
072BLUFF   1995 33  9999 9999 9999 9999 9999 9999 9999 9999 9999
072BLUFF   1995 41  9999 9999 9999 9999 9999 9999 9999 9999 9999 9999 9999
072BLUFF   1995 42  9999 9999 9999 9999 9999 9999 9999 9999 9999 9999 9999
072BLUFF   1995 43  9999 9999 9999 9999 9999 9999 9999 9999
072BLUFF   1995 51  9999 9999 9999 9999 9999 9999 9999 9999 9999 9999 9999
072BLUFF   1995 52  9999 9999 9999 9999 9999 9999 9999 9999 9999 9999 9999
072BLUFF   1995 53  9999 9999 9999 9999 9999 9999 9999 9999 9999
072BLUFF   1995 61  9999 9999 9999 9999 9999 9999 9999 9999 9999 9999 9999
072BLUFF   1995 62  9999 9999 9999 9999 9999 9999 9999 9999 9999 9999 9999
072BLUFF   1995 63  9999 9999 9999 9999 9999 9999 9999 9999
072BLUFF   1995 71  9999 9999 9999 9999 9999 9999 9999 9999 9999 9999 9999
072BLUFF   1995 72  9999 9999 9999 9999 9999 9999 9999 9999 9999 9999 9999
072BLUFF   1995 73  9999 9999 9999 9999 9999 9999 9999 9999 9999
072BLUFF   1995 81  9999 9999 9999 9999 9999 9999 9999 9999 9999 9999 9999
072BLUFF   1995 82  9999 9999 9999 9999 9999 9999 9999 9999 9999 9999 9999
072BLUFF   1995 83  9999 9999 9999 9999 9999 9999 9999 9999 9999
072BLUFF   1995 91  9999 9999 9999 9999 9999 9999 9999 9999 9999 9999 9999
072BLUFF   1995 92  9999 9999 9999 9999 9999 9999 9999 9999 9999 9999 9999
072BLUFF   1995 93  9999 9999 9999 9999 9999 9999 9999 9999
072BLUFF   1995101  9999 9999 9999 9999 9999 9999 9999 9999 9999 9999 9999
072BLUFF   1995102  9999 9999 9999 9999 9999 9999 9999 9999 9999 9999 9999
072BLUFF   1995103  9999 9999 9999 9999 9999 9999 9999 9999 9999
072BLUFF   1995111  9999 9999 9999 9999 9999 9999 9999 9999 9999 9999 9999
072BLUFF   1995112  9999 9999 9999 9999 9999 9999 9999 9999 9999 9999 9999
072BLUFF   1995113  9999 9999 9999 9999 9999 9999 9999 9999
072BLUFF   1995121  9999 9999 9999 9999 9999 9999 9999 9999 9999 9999 9999
072BLUFF   1995122  9999 9999 9999 9999 9999 9999 9999 9999 9999 9999 9999
072BLUFF   1995123  9999 9999 9999 9999 9999 9999 9999 9999 9999
072BLUFF   1996 11  9999 9999 9999 9999 9999 9999 9999 9999 9999 9999 9999
072BLUFF   1996 12  9999 9999 9999 9999 9999 9999 9999 9999 9999 9999 9999
072BLUFF   1996 13  9999 9999 9999 9999 9999 9999 9999 9999 9999
072BLUFF   1996 21  9999 9999 9999 9999 9999 9999 9999 9999 9999 9999 9999
072BLUFF   1996 22  9999 9999 9999 9999 9999 9999 9999 9999 9999 9999 9999
072BLUFF   1996 23  9999 9999 9999 9999 9999 9999 9999
072BLUFF   1996 31  9999 9999 9999 9999 9999 9999 9999 9999 9999 9999 9999
072BLUFF   1996 32  9999 9999 9999 9999 9999 9999 9999 9999 9999 9999 9999
072BLUFF   1996 33  9999 9999 9999 9999 9999 9999 9999 9999 9999
072BLUFF   1996 41  9999 9999 9999 9999 9999 9999 9999 9999 9999 9999 9999
072BLUFF   1996 42  9999 9999 9999 9999 9999 9999 9999 9999 9999 9999 9999
072BLUFF   1996 43  9999 9999 9999 9999 9999 9999 9999 9999
072BLUFF   1996 51  9999 9999 9999 9999 9999 9999 9999 9999 9999 9999 9999
072BLUFF   1996 52  9999 9999 9999 9999 9999 9999 9999 9999 9999 9999 9999
072BLUFF   1996 53  9999 9999 9999 9999 9999 9999 9999 9999 9999
072BLUFF   1996 61  9999 9999 9999 9999 9999 9999 9999 9999 9999 9999 9999
072BLUFF   1996 62  9999 9999 9999 9999 9999 9999 9999 9999 9999 9999 9999
072BLUFF   1996 63  9999 9999 9999 9999 9999 9999 9999 9999
072BLUFF   1996 71  9999 9999 9999 9999 9999 9999 9999 9999 9999 9999 9999
072BLUFF   1996 72  9999 9999 9999 9999 9999 9999 9999 9999 9999 9999 9999
072BLUFF   1996 73  9999 9999 9999 9999 9999 9999 9999 9999 9999
072BLUFF   1996 81  9999 9999 9999 9999 9999 9999 9999 9999 9999 9999 9999
072BLUFF   1996 82  9999 9999 9999 9999 9999 9999 9999 9999 9999 9999 9999
072BLUFF   1996 83  9999 9999 9999 9999 9999 9999 9999 9999 9999
072BLUFF   1996 91  9999 9999 9999 9999 9999 9999 9999 9999 9999 9999 9999
072BLUFF   1996 92  9999 9999 9999 9999 9999 9999 9999 9999 9999 9999 9999
072BLUFF   1996 93  9999 9999 9999 9999 9999 9999 9999 9999
072BLUFF   1996101  9999 9999 9999 9999 9999 9999 9999 9999 9999 9999 9999
072BLUFF   1996102  9999 9999 9999 9999 9999 9999 9999 9999 9999 9999 9999
072BLUFF   1996103  9999 9999 9999 9999 9999 9999 9999 9999 9999
072BLUFF   1996111  9999 9999 9999 9999 9999 9999 9999 9999 9999 9999 9999
072BLUFF   1996112  9999 9999 9999 9999 9999 9999 9999 9999 9999 9999 9999
072BLUFF   1996113  9999 9999 9999 9999 9999 9999 9999 9999
072BLUFF   1996121  9999 9999 9999 9999 9999 9999 9999 9999 9999 9999 9999
072BLUFF   1996122  9999 9999 9999 9999 9999 9999 9999 9999 9999 9999 9999
072BLUFF   1996123  9999 9999 9999 9999 9999 9999 9999 9999 9999
072BLUFF   1997 11  9999 9999 9999 9999 9999 9999 9999 9999 9999 9999 9999
072BLUFF   1997 12  9999 9999 9999 9999 9999 9999 9999 9999 9999 9999 9999
072BLUFF   1997 13  9999 9999 9999 9999 9999 9999 9999 9999 9999
072BLUFF   1997 21  9999 9999 9999 9999 9999 9999 9999 9999 9999 9999 9999
072BLUFF   1997 22  9999 9999 9999 9999 9999 9999 9999 9999 9999 9999 9999
072BLUFF   1997 23  9999 9999 9999 9999 9999 9999
072BLUFF   1997 31  9999 9999 9999 9999 9999 9999 9999 9999 9999 9999 9999
072BLUFF   1997 32  9999 9999 9999 9999 9999 9999 9999 9999 9999 9999 9999
072BLUFF   1997 33  9999 9999 9999 9999 9999 9999 9999 9999 9999
072BLUFF   1997 41  9999 9999 9999 9999 9999 9999 9999 9999 9999 9999 9999
072BLUFF   1997 42  9999 9999 9999 9999 9999 9999 9999 9999 9999 9999 9999
072BLUFF   1997 43  9999 9999 9999 9999 9999 9999 9999 9999
072BLUFF   1997 51  9999 9999 9999 9999 9999 9999 9999 9999 9999 9999 9999
072BLUFF   1997 52  9999 9999 9999 9999 9999 9999 9999 9999 9999 9999 9999
072BLUFF   1997 53  9999 9999 9999 9999 9999 9999 9999 9999 9999
072BLUFF   1997 61  9999 9999 9999 9999 9999 9999 9999 9999 9999 9999 9999
072BLUFF   1997 62  9999 9999 9999 9999 9999 9999 9999 9999 9999 9999 9999
072BLUFF   1997 63  9999 9999 9999 9999 9999 9999 9999 9999
072BLUFF   1997 71  9999 9999 9999 9999 9999 9999 9999 9999 9999 9999 9999
072BLUFF   1997 72  9999 9999 9999 9999 9999 9999 9999 9999 9999 9999 9999
072BLUFF   1997 73  9999 9999 9999 9999 9999 9999 9999 9999 9999
072BLUFF   1997 81  9999 9999 9999 9999 9999 9999 9999 9999 9999 9999 9999
072BLUFF   1997 82  9999 9999 9999 9999 9999 9999 9999 9999 9999 9999 9999
072BLUFF   1997 83  9999 9999 9999 9999 9999 9999 9999 9999 9999
072BLUFF   1997 91  9999 9999 9999 9999 9999 9999 9999 9999 9999 9999 9999
072BLUFF   1997 92  9999 9999 9999 9999 9999 9999 9999 9999 9999 9999 9999
072BLUFF   1997 93  9999 9999 9999 9999 9999 9999 9999 9999
072BLUFF   1997101  9999 9999 9999 9999 9999 9999 9999 9999 9999 9999 9999
072BLUFF   1997102  9999 9999 9999 9999 9999 9999 9999 9999 9999 9999 9999
072BLUFF   1997103  9999 9999 9999 9999 9999 9999 9999 9999 9999
072BLUFF   1997111  9999 9999 9999 9999 9999 9999 9999 9999 9999 9999 9999
072BLUFF   1997112  9999 9999 9999 9999 9999 9999 9999 9999 9999 9999 9999
072BLUFF   1997113  9999 9999 9999 9999 9999 9999 1773 1853
072BLUFF   1997121  1804 1891 1790 1716 1720 1579 1533 1582 1644 1623 1681
072BLUFF   1997122  1695 1603 1734 1864 1811 1849 1836 1663 1576 1574 1748
072BLUFF   1997123  1833 1838 1770 1755 1822 1773 1676 1621 1597
072BLUFF   1998 11  1643 1727 1732 1653 1663 1712 1793 1783 1586 1614 1695
072BLUFF   1998 12  1645 1611 1755 1837 1718 1713 1784 1634 1501 1472 1526
072BLUFF   1998 13  1609 1598 1577 1632 1771 1816 1832 1811 1661
072BLUFF   1998 21  1548 1561 1609 1606 1625 1641 1651 1870 1887 1644 1554
072BLUFF   1998 22  1654 1817 1779 1663 1728 1878 1849 1793 1855 1910 1916
072BLUFF   1998 23  1826 1712 1630 1637 1758 1765
072BLUFF   1998 31  1706 1657 1596 1709 1851 1754 1611 1650 1760 1811 1710
072BLUFF   1998 32  1644 1803 2017 1882 1708 1714 1862 1990 1983 1866 1681
072BLUFF   1998 33  1804 1841 1690 1565 1556 1765 2018 1936 1890
072BLUFF   1998 41  1924 1942 1919 1767 1799 1712 1573 1672 1824 1701 1558
072BLUFF   1998 42  1596 1845 1920 1798 1693 1736 1750 1579 1477 1544 1707
072BLUFF   1998 43  1831 1693 1612 1656 1766 1754 1658 1719
072BLUFF   1998 51  1754 1787 1707 1562 1516 1568 1798 1883 1862 1814 1798
072BLUFF   1998 52  1836 1677 1592 1715 1693 1592 1531 1529 1597 1750 1926
072BLUFF   1998 53  1967 1897 1824 1733 1753 1886 1912 1903 1764
072BLUFF   1998 61  1844 1793 1646 1552 1472 1567 1664 1736 1704 1586 1575
072BLUFF   1998 62  1710 1906 1825 1738 1757 1794 1864 1750 1649 1752 1737
072BLUFF   1998 63  1637 1754 1967 1910 1832 1714 1696 1828
072BLUFF   1998 71  1904 1870 1779 1559 1523 1736 1812 1828 1815 1743 1779
072BLUFF   1998 72  1748 1701 1678 1697 1768 1761 1633 1567 1625 1783 2022
072BLUFF   1998 73  2000 1741 1588 1509 1597 1869 2095 2045 2001
072BLUFF   1998 81  1991 1745 1581 1594 1739 1714 1571 1552 1623 1780 1894
072BLUFF   1998 82  1772 1637 1697 1782 1732 1579 1542 1702 1741 1673 1709
072BLUFF   1998 83  1834 1731 1553 1545 1614 1826 1817 1676 1701
072BLUFF   1998 91  1781 1846 1683 1700 1854 1908 1888 1722 1662 1673 1545
072BLUFF   1998 92  1542 1637 1832 1933 1842 1728 1692 1646 1705 1654 1559
072BLUFF   1998 93  1720 1771 1586 1656 1685 1690 1801 1866
072BLUFF   1998101  1857 1818 1813 1848 1746 1753 1852 1770 1685 1604 1607
072BLUFF   1998102  1806 1944 1846 1735 1712 1736 1873 1945 1922 1904 1805
072BLUFF   1998103  1647 1686 1783 1751 1666 1675 1714 1573 1520
072BLUFF   1998111  1485 1514 1608 1686 1723 1676 1588 1691 1775 1715 1715
072BLUFF   1998112  1634 1498 1511 1612 1706 1734 1740 1668 1660 1685 1742
072BLUFF   1998113  1808 1772 1650 1511 1507 1591 1682 1763
072BLUFF   1998121  1716 1604 1658 1781 1825 1883 1901 1773 1786 1642 1586
072BLUFF   1998122  1748 9999 9999 9999 9999 9999 9999 9999 9999 9999 9999
072BLUFF   1998123  9999 9999 9999 9999 9999 9999 9999 9999 9999
072BLUFF   1999 11  9999 9999 9999 9999 9999 9999 9999 9999 9999 1590 1707
072BLUFF   1999 12  1745 1786 1763 1676 1722 1708 1689 1726 1730 1614 1547
072BLUFF   1999 13  1599 1646 1686 1713 1630 1613 1736 1903 1777
072BLUFF   1999 21  1598 1541 1533 9999 9999 9999 9999 9999 9999 9999 9999
072BLUFF   1999 22  9999 9999 9999 1798 1925 1925 1999 2060 1865 1736 1660
072BLUFF   1999 23  1629 1711 1807 1916 9999 9999
072BLUFF   1999 31  9999 9999 9999 9999 9999 9999 9999 9999 9999 9999 9999
072BLUFF   1999 32  9999 9999 9999 9999 9999 9999 9999 9999 9999 9999 9999
072BLUFF   1999 33  9999 9999 9999 9999 9999 9999 9999 9999 9999
072BLUFF   1999 41  9999 9999 9999 9999 9999 9999 9999 9999 9999 9999 9999
072BLUFF   1999 42  9999 9999 9999 9999 9999 9999 9999 9999 9999 9999 9999
072BLUFF   1999 43  9999 9999 9999 9999 9999 9999 9999 9999
072BLUFF   1999 51  9999 9999 9999 9999 9999 9999 9999 9999 9999 9999 9999
072BLUFF   1999 52  9999 9999 9999 9999 9999 9999 9999 9999 9999 9999 9999
072BLUFF   1999 53  9999 9999 9999 9999 9999 9999 9999 9999 9999
072BLUFF   1999 61  9999 9999 9999 9999 9999 9999 9999 9999 9999 9999 9999
072BLUFF   1999 62  9999 9999 9999 9999 9999 9999 9999 9999 9999 9999 9999
072BLUFF   1999 63  9999 9999 9999 9999 9999 9999 9999 9999
072BLUFF   1999 71  9999 9999 9999 9999 9999 9999 9999 9999 9999 9999 9999
072BLUFF   1999 72  9999 9999 9999 9999 9999 9999 9999 9999 9999 9999 9999
072BLUFF   1999 73  9999 9999 9999 9999 9999 9999 9999 9999 9999
072BLUFF   1999 81  9999 9999 9999 9999 9999 9999 9999 1652 1653 1704 1778
072BLUFF   1999 82  1769 1753 1800 1877 1787 1661 1667 1885 1994 1959 1845
072BLUFF   1999 83  1733 1715 1535 1481 1518 1529 1589 1606 1540
072BLUFF   1999 91  1650 1623 1615 1695 1826 1828 1652 1635 1690 1722 1650
072BLUFF   1999 92  1680 1806 1838 1756 1684 1757 1899 1929 1759 1615 1547
072BLUFF   1999 93  1507 1644 1727 1719 1613 1642 1686 1613
072BLUFF   1999101  1632 1679 1744 1752 1566 1505 1600 1758 1866 1808 1858
072BLUFF   1999102  1876 1726 1597 1554 1561 1573 1670 9999 9999 9999 9999
072BLUFF   1999103  9999 1583 1545 1711 1839 1786 1716 1660 1839
072BLUFF   1999111  1834 1639 1587 1587 1643 1759 1828 1856 1842 1853 1873
072BLUFF   1999112  1857 1757 1787 1881 1870 1744 1677 1664 1620 1635 1727
072BLUFF   1999113  1878 1847 1779 1809 1699 1705 1696 1733
072BLUFF   1999121  1759 1786 1768 1797 1741 1660 1614 1634 1778 1888 1893
072BLUFF   1999122  1923 1832 1705 1619 1644 1816 1914 1886 1853 1801 1735
072BLUFF   1999123  1753 1640 1609 1588 1561 1604 1619 1665 1730
072BLUFF   2000 11  1771 1730 1665 1651 1670 1668 1659 1639 1603 1535 1523
072BLUFF   2000 12  1525 1552 1579 1661 1790 1784 1752 1825 1906 1956 1942
072BLUFF   2000 13  1847 1707 1595 1599 1639 1739 1941 1995 1847
072BLUFF   2000 21  1675 1564 1682 1717 1808 1825 1759 1730 1682 1627 1747
072BLUFF   2000 22  1847 1710 1556 1659 1734 1677 1642 1731 1848 1765 1628
072BLUFF   2000 23  1675 1756 1692 1787 1906 1779 1670
072BLUFF   2000 31  1706 1729 1760 1705 1716 1707 1615 1618 1563 1559 1725
072BLUFF   2000 32  1729 1564 1695 1688 1616 1661 1855 1806 1797 1697 1596
072BLUFF   2000 33  1610 1587 1600 1683 1715 1812 1949 1867 1840
072BLUFF   2000 41  1803 1648 1755 1930 1844 1758 1686 1602 1681 1764 1813
072BLUFF   2000 42  1769 1698 1695 1787 1847 1874 1799 1769 1763 1807 1832
072BLUFF   2000 43  1875 1821 1765 1711 1650 1597 1638 1715
072BLUFF   2000 51  1727 1688 1695 1741 1730 1854 1754 1698 1703 1610 1643
072BLUFF   2000 52  1737 1713 1827 1927 1844 1783 1795 1846 1895 1872 1847
072BLUFF   2000 53  1750 1701 1692 1705 1775 1906 1996 2033 2073
072BLUFF   2000 61  2081 1973 1908 1864 1808 1742 1710 1776 1908 2040 1912
072BLUFF   2000 62  1598 1619 1678 1760 1858 1948 1893 1736 1620 1647 1781
072BLUFF   2000 63  1802 1758 1708 1582 1600 1770 1905 1797
072BLUFF   2000 71  1734 1703 1618 1599 1614 1631 1646 1664 1735 1802 1836
072BLUFF   2000 72  1823 1811 1857 1830 1744 1674 1693 1810 1957 1988 1992
072BLUFF   2000 73  1914 1834 1854 1957 2062 1934 1852 1830 1706
072BLUFF   2000 81  1610 1597 1721 1794 1721 1635 1658 1770 1941 2131 2085
072BLUFF   2000 82  1958 1776 1600 1705 1791 1762 1613 1715 1828 1768 1710
072BLUFF   2000 83  1656 1636 1663 1781 1884 1812 1744 1823 1914
072BLUFF   2000 91  1899 1798 1755 1784 1856 1962 2004 1964 1865 1752 1717
072BLUFF   2000 92  1730 1685 1681 1692 1658 1781 1970 1986 1827 1761 1872
072BLUFF   2000 93  1867 1671 1615 1603 1563 1703 1900 1928
072BLUFF   2000101  1966 1964 1964 1957 1891 1700 1694 1888 1835 1819 1786
072BLUFF   2000102  1581 1610 1804 2016 1950 1697 1548 1572 1611 1589 1601
072BLUFF   2000103  1665 1679 1629 1659 1783 1807 1834 1867 1801
072BLUFF   2000111  1647 1512 1566 1669 1776 1773 1657 1584 1534 1520 1573
072BLUFF   2000112  1651 1793 1850 1796 1798 1803 1804 1763 1848 1850 1847
072BLUFF   2000113  1845 1801 1678 1752 1800 1729 1703 1707
072BLUFF   2000121  1748 1745 1665 1631 1679 1808 1794 1707 1710 1756 1818
072BLUFF   2000122  1866 1859 1770 1689 1696 1688 1730 1803 1950 1871 1802
072BLUFF   2000123  1976 2084 2032 1903 1907 1906 1924 1909 1812
072BLUFF   2001 11  1689 1568 1557 1608 1628 1622 1663 1700 1650 1642 1731
072BLUFF   2001 12  1804 1705 1616 1869 1973 1774 1656 1658 1742 1866 1819
072BLUFF   2001 13  1818 1838 1896 1845 1674 1627 1617 1672 1704
072BLUFF   2001 21  1675 1667 1770 1818 1784 1689 1721 1715 1788 1808 1693
072BLUFF   2001 22  1647 1750 1836 1810 1813 1789 1668 1600 1559 1660 1694
072BLUFF   2001 23  1708 1742 1657 1625 1672 1756
072BLUFF   2001 31  1779 1644 1607 1604 1589 1595 1671 9999 9999 9999 9999
072BLUFF   2001 32  9999 9999 9999 9999 9999 9999 9999 1585 1656 1776 1749
072BLUFF   2001 33  1729 1837 1902 1985 2112 2172 1949 1715 1605
072BLUFF   2001 41  1642 1866 1932 1903 1921 1771 1588 1636 1823 1863 1826
072BLUFF   2001 42  1880 1838 1759 1728 1690 1679 1654 1775 1784 1725 1735
072BLUFF   2001 43  1621 1554 1641 1703 1742 1779 1771 1682
072BLUFF   2001 51  1678 1726 1756 1779 1802 1784 1715 1667 1722 1810 1894
072BLUFF   2001 52  1952 1989 9999 9999 9999 9999 9999 9999 9999 9999 9999
072BLUFF   2001 53  9999 9999 9999 9999 9999 9999 1585 1689 1767
072BLUFF   2001 61  1731 1627 1597 1621 1674 1754 1722 1893 1934 1693 1654
072BLUFF   2001 62  1666 1864 1871 1753 1844 1820 1744 1766 1793 1903 1992
072BLUFF   2001 63  1989 1848 1876 1849 1727 1762 1689 1561
072BLUFF   2001 71  1520 1556 1598 1620 9999 9999 9999 9999 9999 9999 9999
072BLUFF   2001 72  9999 9999 9999 9999 9999 9999 9999 9999 9999 9999 9999
072BLUFF   2001 73  9999 9999 9999 9999 9999 9999 9999 9999 9999
072BLUFF   2001 81  9999 9999 9999 9999 9999 9999 9999 9999 1820 1794 1703
072BLUFF   2001 82  1725 1656 1497 1565 1759 2008 2072 2038 1952 9999 9999
072BLUFF   2001 83  9999 1866 1784 1668 1623 1633 1653 1659 1680
072BLUFF   2001 91  1662 1637 1644 1731 1814 1758 1642 1560 1522 1520 1557
072BLUFF   2001 92  1609 1634 1733 1809 1829 1827 1756 1706 1750 1786 1687
072BLUFF   2001 93  1602 1585 1749 1773 1679 1669 1773 1717
072BLUFF   2001101  1748 1693 1667 1703 1815 1884 1767 1664 1677 1662 1611
072BLUFF   2001102  1634 1784 1853 1856 1812 1806 1865 1915 1808 1725 1758
072BLUFF   2001103  1739 1734 1798 1791 1773 1784 1841 1923 1970
072BLUFF   2001111  1993 1881 9999 9999 9999 9999 9999 9999 9999 9999 1712
072BLUFF   2001112  1714 1818 1796 1810 1775 1717 1865 1772 1661 1648 1673
072BLUFF   2001113  1700 1616 1639 1754 1856 1795 1727 1819
072BLUFF   2001121  1899 1837 1789 1715 1747 1874 1894 1737 1700 1891 2031
072BLUFF   2001122  1939 1812 1839 1880 1844 1763 1692 1642 1657 9999 9999
072BLUFF   2001123  9999 9999 1867 1928 1962 1988 1957 1872 1828
072BLUFF   2002 11  1901 1977 2031 1961 1794 1704 1721 1810 1814 1745 1703
072BLUFF   2002 12  1702 1793 1868 1871 1832 1782 1708 1626 1616 1631 1613
072BLUFF   2002 13  1696 1663 1587 1602 1618 1663 1701 1733 1707
072BLUFF   2002 21  1563 1622 1778 1843 1728 1620 1587 1643 1728 1820 1880
072BLUFF   2002 22  1769 1622 1591 1631 1700 1765 1812 1759 1686 1818 1968
072BLUFF   2002 23  1995 1871 1715 1688 1839 1873
072BLUFF   2002 31  1957 2057 2015 1805 1622 1638 1758 1758 1673 1592 1584
072BLUFF   2002 32  1708 1837 1889 1981 2020 1984 1971 1924 1810 1826 1763
072BLUFF   2002 33  1741 1685 1608 1671 1882 2005 2013 1980 1814
072BLUFF   2002 41  1618 1598 1684 1794 1821 1926 1802 1583 1516 1547 1546
072BLUFF   2002 42  1558 1676 1664 1598 1618 1629 1591 1555 1626 1641 1555
072BLUFF   2002 43  1646 1799 1818 9999 9999 9999 9999 9999
072BLUFF   2002 51  1931 1909 1915 1787 1687 1796 1815 1808 1791 9999 9999
072BLUFF   2002 52  9999 9999 9999 9999 9999 9999 9999 9999 9999 9999 9999
072BLUFF   2002 53  9999 9999 1919 1907 1971 1837 1680 1590 1592
072BLUFF   2002 61  1746 1838 1751 1776 1792 1629 1653 1743 1863 1954 1982
072BLUFF   2002 62  9999 9999 9999 1694 1649 1671 1681 1584 1608 1779 1905
072BLUFF   2002 63  1871 1799 1776 9999 9999 9999 9999 9999
072BLUFF   2002 71  9999 9999 9999 9999 1872 1939 1929 1815 1760 1688 1561
072BLUFF   2002 72  1540 1553 1525 1491 1490 1545 1682 1817 1892 1750 1640
072BLUFF   2002 73  1680 9999 9999 9999 9999 9999 9999 9999 9999
072BLUFF   2002 81  9999 1604 1757 1693 1603 1717 1881 9999 9999 9999 9999
072BLUFF   2002 82  9999 9999 9999 9999 9999 9999 9999 9999 9999 9999 9999
072BLUFF   2002 83  1699 1793 1792 1594 1419 1445 1554 1586 1637
072BLUFF   2002 91  1674 1643 1764 1837 1767 1738 1827 1870 1934 1862 1714
072BLUFF   2002 92  1727 1610 1591 1616 1733 1861 1942 2020 1890 1822 1763
072BLUFF   2002 93  9999 9999 9999 9999 9999 1817 1781 1761
072BLUFF   2002101  1741 1727 1618 1615 1518 1449 1516 1603 1630 1628 1732
072BLUFF   2002102  1733 1608 1580 1669 1806 1898 1875 1868 2005 1968 1801
072BLUFF   2002103  1723 1836 1950 1901 9999 9999 9999 9999 9999
072BLUFF   2002111  9999 9999 9999 9999 9999 9999 9999 1893 2028 2059 1751
072BLUFF   2002112  1548 1601 1707 1764 1648 1600 1577 1562 1641 1636 1607
072BLUFF   2002113  1597 1614 1711 1806 1749 1619 1597 1635
072BLUFF   2002121  1640 1650 1673 1758 1891 1940 1857 1740 1740 1821 1868
072BLUFF   2002122  1943 2024 1818 1680 1599 1553 1554 1573 1624 1638 1795
072BLUFF   2002123  1817 1841 1945 1831 1657 9999 9999 9999 9999
072BLUFF   2003 11  1646 1648 1706 1786 1801 1703 1602 1629 1660 1616 1567
072BLUFF   2003 12  1548 1541 1562 1648 1656 1634 1746 1895 1828 1860 1906
072BLUFF   2003 13  1817 1726 1672 1805 1831 1764 1696 1820 1946
072BLUFF   2003 21  1809 1741 1697 1578 1602 1609 1645 1716 1702 1746 1717
072BLUFF   2003 22  1726 1837 1760 1718 1754 1873 1951 1926 1809 1631 1634
072BLUFF   2003 23  1622 1580 1623 1624 1643 1706
072BLUFF   2003 31  1819 2003 2116 1898 1704 1576 1552 1542 1532 1552 1588
072BLUFF   2003 32  1688 1775 1787 1669 1587 1521 1522 1516 1545 1609 1678
072BLUFF   2003 33  1696 1661 1649 1638 1636 1641 1633 1778 1737
072BLUFF   2003 41  1626 1684 1718 1714 1725 1565 1602 1773 1740 1613 1517
072BLUFF   2003 42  1462 1525 1679 1827 1784 1598 1588 1664 1742 1744 1785
072BLUFF   2003 43  1878 1659 1600 1631 1566 1537 1616 1789
072BLUFF   2003 51  1876 1933 1992 1819 1693 1682 1698 1796 1867 1919 1791
072BLUFF   2003 52  1731 1678 1589 1564 1626 1633 1700 1942 2025 1877 1733
072BLUFF   2003 53  1659 1681 1647 1662 1767 1840 1962 1956 1871
072BLUFF   2003 61  1818 1706 1737 1797 1807 1871 1859 1735 1657 1641 1604
072BLUFF   2003 62  1607 1768 1965 2092 2056 1885 1954 1976 1874 1756 1777
072BLUFF   2003 63  1923 1916 1691 1552 1597 1889 2102 2017
072BLUFF   2003 71  1994 1985 9999 9999 9999 1742 1744 1687 1753 1683 1554
072BLUFF   2003 72  1585 1713 1784 1884 1834 1806 1799 1668 1595 1566 1528
072BLUFF   2003 73  1569 1679 1762 1809 1811 1780 1755 1742 1730
072BLUFF   2003 81  1685 1727 1703 1661 1716 1848 1831 1787 1798 1700 1590
072BLUFF   2003 82  1543 1592 1842 2058 1970 1761 1699 1638 1647 1659 1547
072BLUFF   2003 83  1554 1660 1770 1845 1818 1683 1612 1678 1838
072BLUFF   2003 91  1891 1984 1969 1793 1803 1772 1734 1637 1564 1562 1610
072BLUFF   2003 92  1743 1909 1917 1915 2040 2198 2138 1881 1802 1740 1754
072BLUFF   2003 93  1808 1920 1995 1939 1717 1639 1773 1810
072BLUFF   2003101  1808 1846 1879 1806 1605 1537 1592 1734 1720 1632 1597
072BLUFF   2003102  1627 1630 1612 1640 1687 1672 1634 1647 1743 1792 1804
072BLUFF   2003103  1724 1562 1479 1558 1717 1821 1850 1895 1933
072BLUFF   2003111  2064 2081 1911 1725 1657 1756 1816 1621 1632 1776 1872
072BLUFF   2003112  1868 1765 1830 1861 1786 1505 1482 1615 1791 1797 1825
072BLUFF   2003113  1848 1722 1668 1706 1738 1733 1696 1689
072BLUFF   2003121  1742 1617 1554 1729 1935 1869 1678 1613 1614 1671 1721
072BLUFF   2003122  1746 1863 1920 1749 1565 1588 1583 1708 1903 1853 1798
072BLUFF   2003123  1986 2024 2001 1953 1848 1756 1687 1704 1749
072BLUFF   2004 11  1753 1739 1737 1784 1884 1825 1874 2030 1972 1834 1822
072BLUFF   2004 12  1727 1697 1834 1841 1719 1840 1951 1753 1637 1673 1789
072BLUFF   2004 13  1806 1740 1658 1590 1579 1626 1675 1664 1692
072BLUFF   2004 21  1778 1847 1923 1843 1742 1800 1720 1659 1806 1850 1879
072BLUFF   2004 22  1786 1829 1798 1745 1845 1900 1954 2004 2019 1969 1780
072BLUFF   2004 23  1807 1758 1568 1499 1593 1801 1835
072BLUFF   2004 31  1734 1583 1531 1618 1739 1661 1628 1708 1891 1958 1783
072BLUFF   2004 32  1675 1686 1671 1723 1761 1736 1771 1812 1837 1838 1878
072BLUFF   2004 33  1837 1748 1767 1870 1843 1642 1567 1534 1616
072BLUFF   2004 41  1861 1932 1779 1694 1625 1572 1620 1680 1794 1892 1788
072BLUFF   2004 42  1588 1506 1608 1708 1686 1674 1626 1669 1748 1699 1599
072BLUFF   2004 43  1594 1633 1673 1694 1651 1575 1616 1715
072BLUFF   2004 51  1863 1950 1991 2044 2061 2025 1857 1683 1562 1598 1691
072BLUFF   2004 52  1654 1719 1767 1738 1690 1657 1674 1779 1927 1910 1739
072BLUFF   2004 53  1693 1605 1624 1708 1844 2007 2094 2050 1908
072BLUFF   2004 61  1803 1767 1918 1959 1896 1744 1582 1542 1572 1548 1498
072BLUFF   2004 62  1510 1665 1851 1902 1735 1694 1931 2051 2090 1962 1709
072BLUFF   2004 63  1675 1648 1623 1724 1888 1926 1872 1830
072BLUFF   2004 71  1874 1896 1785 1734 1861 1907 1774 1639 1582 1585 1620
072BLUFF   2004 72  1582 1717 1915 1824 1695 1665 1624 1676 1773 1758 1619
072BLUFF   2004 73  1546 1537 1671 1898 1894 1829 1727 1690 1638
072BLUFF   2004 81  1551 1602 1734 1881 1924 1929 1947 1903 1905 1932 2029
072BLUFF   2004 82  1940 1853 1897 1771 1637 1550 1533 1605 1690 1907 1900
072BLUFF   2004 83  1633 1516 1512 1568 1533 1501 1520 1623 1905
072BLUFF   2004 91  1978 1731 1689 1725 1574 1514 1499 1592 1738 1780 1773
072BLUFF   2004 92  1821 1858 1780 1823 1824 1892 1832 1645 1652 1771 1740
072BLUFF   2004 93  1715 1652 1650 1679 1609 1557 1696 1754
072BLUFF   2004101  1620 1505 1606 1871 1896 1692 1581 1629 1702 1747 1763
072BLUFF   2004102  1790 1876 1874 1790 1638 1533 1556 1566 1591 1566 1535
072BLUFF   2004103  1614 1606 1609 1622 1660 1725 1736 1656 1561
072BLUFF   2004111  1530 1617 1702 1717 1571 1613 1627 1635 1677 1594 1574
072BLUFF   2004112  1638 1778 1957 2002 1879 1739 1684 1803 1784 1710 1733
072BLUFF   2004113  1708 1744 1776 1686 1694 1818 1918 1853
072BLUFF   2004121  1865 1963 1777 1589 1550 1596 1563 1670 1830 1840 1780
072BLUFF   2004122  1780 1797 1745 1781 1852 1814 1663 1620 1700 1785 1813
072BLUFF   2004123  1742 1640 1688 1738 1687 1786 1774 1710 1700
072BLUFF   2005 11  1668 1628 1689 1765 1736 1737 1750 1684 1569 1517 1527
072BLUFF   2005 12  1659 1725 1715 1691 1773 1857 1735 1668 1746 1754 1773
072BLUFF   2005 13  1677 1639 1543 1521 1559 1583 1640 1693 1699
072BLUFF   2005 21  1697 1672 1646 1668 1711 1785 1854 1892 1918 1875 1844
072BLUFF   2005 22  1822 1736 1677 1821 1908 1906 1819 1869 1748 1645 1662
072BLUFF   2005 23  1719 1731 1728 1869 1885 1689
072BLUFF   2005 31  1726 1879 1833 1824 1948 2013 1953 1912 1940 1897 1760
072BLUFF   2005 32  1683 1640 1634 1681 1742 1745 1694 1716 1746 1675 1669
072BLUFF   2005 33  1721 1815 1819 1729 1804 1768 1580 1513 1597
072BLUFF   2005 41  1810 1805 1939 1894 1727 1708 1597 1536 1584 1701 1794
072BLUFF   2005 42  1747 1623 1610 1626 1734 1664 1648 1854 1909 1753 1749
072BLUFF   2005 43  1693 1533 1632 1715 1683 1723 1878 1879
072BLUFF   2005 51  1857 1671 1590 1589 1667 1808 1825 1815 1918 1985 2014
072BLUFF   2005 52  1959 1962 1900 1743 1610 1615 1690 1707 1688 1708 1818
072BLUFF   2005 53  1906 1872 1913 1964 2052 2084 2007 1856 1898
072BLUFF   2005 61  1925 1870 1740 1652 1599 1612 1613 1532 1550 1548 1522
072BLUFF   2005 62  1492 1476 1494 1570 1676 1805 1874 1851 1967 2047 1894
072BLUFF   2005 63  1776 1708 1638 1640 1751 1853 1751 1623
072BLUFF   2005 71  1544 1685 1751 1644 1587 1618 1778 1844 1777 1786 1898
072BLUFF   2005 72  1896 1842 1746 1680 1632 1680 1709 1727 1675 1608 1672
072BLUFF   2005 73  1758 1751 1782 1829 1773 1677 1686 1744 1782
072BLUFF   2005 81  1754 1714 1661 1703 1737 1724 1775 1780 1691 1725 1849
072BLUFF   2005 82  1944 1923 1773 1776 1829 1679 1633 1741 1743 1773 1793
072BLUFF   2005 83  1821 1833 1806 1701 1645 1666 1626 1627 1724
072BLUFF   2005 91  1782 1638 1695 1776 1723 1778 1706 1626 1629 1748 1852
072BLUFF   2005 92  1819 1834 1918 1980 1967 1862 1871 1762 1695 1676 1667
072BLUFF   2005 93  1687 1726 1659 1677 1731 1603 1628 1833
072BLUFF   2005101  1770 1699 1784 1801 1776 1881 1876 1738 1657 1589 1644
072BLUFF   2005102  1661 1552 1606 1652 1634 1588 1525 1544 1597 1624 1632
072BLUFF   2005103  1611 1585 1582 1630 1747 1718 1578 1554 1659
072BLUFF   2005111  1704 1728 1728 1837 1755 1598 1567 1558 1691 1856 1928
072BLUFF   2005112  1847 1739 1710 1763 1773 1759 1786 1825 1856 1719 1655
072BLUFF   2005113  1606 1541 1532 1564 1585 1559 1554 1566
072BLUFF   2005121  1619 1729 1829 1873 1857 1799 1831 1875 1810 1719 1622
072BLUFF   2005122  1565 1612 1712 1772 1774 1776 1811 1891 1950 1935 1892
072BLUFF   2005123  1754 1765 1813 1790 1701 1668 1781 1891 1851
072BLUFF   2006 11  9999 9999 9999 1886 1772 1744 1840 1730 1561 1695 1762
072BLUFF   2006 12  1739 1831 1915 1850 1755 1816 1756 1628 1579 1645 1719
072BLUFF   2006 13  1767 1828 1710 1644 1649 1629 1673 1817 1786
072BLUFF   2006 21  1666 1694 1695 1690 1621 1699 1772 1683 1679 1707 1801
072BLUFF   2006 22  1821 1810 1835 1756 1677 1588 1617 1718 1778 1845 1798
072BLUFF   2006 23  1686 1712 1722 1759 1702 1734
072BLUFF   2006 31  1800 1767 1643 1684 1831 1962 2014 1891 1835 1850 1741
072BLUFF   2006 32  9999 9999 9999 9999 9999 9999 9999 9999 9999 9999 9999
072BLUFF   2006 33  9999 9999 9999 9999 1752 1662 1613 1703 1809
072BLUFF   2006 41  1848 1944 2046 1981 1863 1931 2097 2091 2001 1845 1706
072BLUFF   2006 42  1699 1621 1593 1679 1778 1832 1817 1799 1837 1818 1907
072BLUFF   2006 43  1889 1772 1743 1625 1576 1652 1746 1792
072BLUFF   2006 51  1762 1745 1842 1877 1806 1696 1620 1730 1902 1970 1809
072BLUFF   2006 52  1779 1884 1757 1694 1675 1668 1604 1525 1648 1647 1581
072BLUFF   2006 53  1559 1578 1683 1858 1988 1915 1726 1600 1573
072BLUFF   2006 61  1590 1679 1841 1806 1761 1705 1649 1726 1810 1889 1931
072BLUFF   2006 62  1883 1833 1867 1940 1895 1744 1540 1512 1628 1572 1525
072BLUFF   2006 63  1528 1559 1563 1573 1635 1691 1629 1629
072BLUFF   2006 71  1726 1816 1774 1569 1584 1804 2047 2019 1835 1775 1900
072BLUFF   2006 72  1988 1763 1536 1498 1521 1609 1665 1629 1694 1720 1801
072BLUFF   2006 73  1819 1720 1532 1461 1461 1555 1725 1914 1890
072BLUFF   2006 81  1714 1713 1690 1619 1601 1704 1697 1628 1699 1778 1868
072BLUFF   2006 82  1935 1760 1573 1585 1687 1763 1830 1841 1820 1733 1627
072BLUFF   2006 83  1637 1733 1760 1692 1668 1771 1744 1751 1770
072BLUFF   2006 91  1894 1836 1734 1762 1709 1692 1670 1614 1615 1603 1635
072BLUFF   2006 92  1652 1634 1700 1785 1853 1756 1761 1765 1818 1815 1754
072BLUFF   2006 93  1745 1739 1763 1602 1557 1674 1760 1735
072BLUFF   2006101  1653 1694 1626 1549 1593 1746 1864 1921 1912 1803 1823
072BLUFF   2006102  1860 1885 1867 1792 1601 1549 1757 1863 1750 1706 1657
072BLUFF   2006103  1623 1565 1654 1714 1828 1895 1849 9999 9999
072BLUFF   2006111  9999 9999 9999 9999 9999 9999 9999 9999 1839 1859 1854
072BLUFF   2006112  1725 1823 1838 1848 1768 1679 1712 1693 1691 1697 1814
072BLUFF   2006113  2004 1955 1889 1814 1809 1893 1869 1724
072BLUFF   2006121  1647 1744 1777 1722 1668 1722 1765 1677 1583 1606 1707
072BLUFF   2006122  1772 1682 1623 1665 1664 1646 1706 1764 1673 1574 1554
072BLUFF   2006123  1656 1695 1707 1779 1835 1791 1665 1573 1566
072BLUFF   2007 11  1562 1529 1553 1646 1798 1735 1716 1791 1693 1634 1629
072BLUFF   2007 12  1667 1743 1792 1751 1634 1572 1609 1653 1752 1805 1817
072BLUFF   2007 13  1708 1759 1738 1741 1847 1961 1935 1875 1926
072BLUFF   2007 21  1851 1718 1666 1603 1603 1635 1648 1690 1646 1586 1583
072BLUFF   2007 22  1614 1660 1667 1643 1560 1572 1586 1584 1612 1637 1646
072BLUFF   2007 23  1577 1683 1851 1822 1625 1575
072BLUFF   2007 31  1634 1603 1626 1719 1802 1779 1740 1741 1696 1709 1867
072BLUFF   2007 32  2050 2052 1955 1832 1789 1810 1807 1725 1716 1735 1631
072BLUFF   2007 33  1642 1737 1688 1596 1623 1687 1793 1920 1937
072BLUFF   2007 41  1789 9999 9999 9999 9999 9999 9999 9999 9999 9999 9999
072BLUFF   2007 42  9999 9999 9999 9999 9999 1626 1565 1604 1624 1582 1578
072BLUFF   2007 43  1595 1577 1591 1597 1626 1643 1671 1749
072BLUFF   2007 51  1779 1729 1719 1839 1899 1872 1722 1672 1819 1889 1866
072BLUFF   2007 52  1738 1725 1760 1898 1987 1855 1701 1730 1948 1850 1751
072BLUFF   2007 53  1893 1885 1875 1882 1697 1625 1634 1721 1833
072BLUFF   2007 61  1829 1720 1741 1926 2033 2087 1956 1779 1617 1645 1757
072BLUFF   2007 62  1728 1670 1590 1546 1567 1659 1721 1739 1857 2073 2176
072BLUFF   2007 63  2019 1768 1507 1478 1483 1503 1727 1904
072BLUFF   2007 71  1919 1863 1796 1771 1688 1555 1547 1569 1514 1497 1529
072BLUFF   2007 72  1608 1657 1592 1585 1655 1672 1598 1549 1577 1575 1663
072BLUFF   2007 73  1710 1777 1800 1734 1707 1634 1577 1704 1793
072BLUFF   2007 81  1752 1709 1701 1790 1887 1852 1771 1796 1894 2009 1949
072BLUFF   2007 82  1700 1469 1366 1425 1584 1723 1710 1613 1671 1674 1610
072BLUFF   2007 83  1602 1667 1715 1654 1717 1752 1733 1685 1721
072BLUFF   2007 91  1719 1741 1709 1468 1379 1492 1641 1638 1647 1722 1670
072BLUFF   2007 92  1625 1701 1685 1808 1863 1710 1645 1649 1664 1712 1712
072BLUFF   2007 93  1632 1627 1570 1520 1581 1715 1866 1955
072BLUFF   2007101  2009 1848 1760 1909 1889 1781 1713 1686 1618 1577 1638
072BLUFF   2007102  1807 1936 1892 1902 1932 1649 1550 1746 1886 1812 1805
072BLUFF   2007103  1879 1858 1806 1591 1452 1564 1720 1750 1705
072BLUFF   2007111  1654 1689 1783 1831 1733 1631 1634 1627 1584 1549 1661
072BLUFF   2007112  1854 1819 1699 1661 1617 1639 1597 1563 1632 1687 1726
072BLUFF   2007113  1819 1877 1840 1772 1669 1694 1690 1673
072BLUFF   2007121  1662 1648 1630 1658 1672 1554 1607 1666 1687 1732 1731
072BLUFF   2007122  1632 1485 1596 1766 1838 1753 1674 1666 1595 1573 1680
072BLUFF   2007123  1869 1939 1868 1816 1766 1635 1690 1626 1553
072BLUFF   2008 11  1713 1836 1720 1608 1657 1781 1849 1816 1720 1586 1699
072BLUFF   2008 12  1764 1828 1840 1769 1842 1819 1647 1620 1714 1865 1881
072BLUFF   2008 13  1714 1624 1603 1633 1712 1747 1683 1649 1744
072BLUFF   2008 21  1673 1650 1671 1580 1609 1682 1811 1860 1817 1877 1848
072BLUFF   2008 22  1807 1911 1962 1883 1803 1711 1599 1608 1663 1682 1815
072BLUFF   2008 23  2055 2142 2005 1810 1727 1803 1865
072BLUFF   2008 31  1895 1719 1637 1739 1734 1781 1816 1853 1764 1866 1923
072BLUFF   2008 32  1746 1688 1772 1790 1683 1710 1765 1773 1821 1812 1697
072BLUFF   2008 33  1702 1701 1744 1829 1852 1917 1927 1876 1916
072BLUFF   2008 41  1833 1736 1890 1942 1846 1735 1655 1645 1663 1694 1666
072BLUFF   2008 42  1685 1772 1876 1826 1837 1968 1816 1595 1724 1912 1899
072BLUFF   2008 43  1740 1614 1571 1635 1782 1882 1930 1861
072BLUFF   2008 51  1827 1697 1577 1609 1708 1804 1880 1896 1862 1876 1754
072BLUFF   2008 52  1775 1809 1697 1593 1572 1667 1751 1811 1895 1884 1755
072BLUFF   2008 53  1714 1655 1600 1619 1689 1730 1753 1732 1758
072BLUFF   2008 61  1717 1770 1780 1680 1831 2058 1916 1812 1631 1500 1615
072BLUFF   2008 62  1751 1771 1743 1710 1704 1634 1674 1690 1755 1962 2040
072BLUFF   2008 63  2089 2007 1955 1916 1879 1720 1622 1676
072BLUFF   2008 71  1866 2027 1996 1879 1690 1604 1502 1470 1488 1666 1923
072BLUFF   2008 72  1881 1732 1634 1614 1621 1657 1754 1890 1886 1812 1830
072BLUFF   2008 73  1611 1471 1525 1691 1790 1694 1573 1592 1775
072BLUFF   2008 81  1917 1967 1889 1722 1658 1606 1624 1555 1564 1655 1687
072BLUFF   2008 82  1813 1946 1961 1950 1801 1673 1597 1560 1565 1642 1644
072BLUFF   2008 83  1542 1545 1577 1638 1644 1538 1425 1437 1565
072BLUFF   2008 91  1701 1672 1550 1444 1485 1532 1624 1728 1752 1807 1749
072BLUFF   2008 92  1658 1641 1685 1750 1809 1746 1655 1626 1745 1840 1900
072BLUFF   2008 93  1905 1733 1689 1788 1717 1810 1931 1908
072BLUFF   2008101  1790 1758 1825 1794 1704 1815 1965 1892 1718 1672 1516
072BLUFF   2008102  1493 1592 1667 1729 1720 1730 1639 1687 1733 1697 1596
072BLUFF   2008103  1592 1742 1697 1677 1765 1823 1753 1722 1807
072BLUFF   2008111  1766 1677 1769 1914 1885 1688 1506 1551 1683 1647 1600
072BLUFF   2008112  1622 1609 1717 1842 1900 1883 1795 1670 1596 1762 1813
072BLUFF   2008113  1856 1991 1934 1825 1697 1770 1782 1832
072BLUFF   2008121  1905 1886 1857 1820 1760 1719 1829 1824 1788 1825 1799
072BLUFF   2008122  1728 1724 1777 1912 1946 1881 1792 1717 1705 1683 1627
072BLUFF   2008123  1676 1672 1632 1690 1745 1844 1889 1947 2012
072BLUFF   2009 11  1953 1886 1796 1733 1809 1935 1876 1887 1825 1685 1671
072BLUFF   2009 12  1696 1696 1764 1863 1924 1909 1896 1821 1739 1766 1793
072BLUFF   2009 13  1842 1880 1805 1769 1690 1708 1698 1751 1831
072BLUFF   2009 21  1746 1695 1712 1664 1752 1806 1839 1957 1892 1790 1731
072BLUFF   2009 22  1712 1583 1573 1656 1654 1644 1626 1702 1728 1748 1743
072BLUFF   2009 23  1636 1566 1615 1634 1617 1744
072BLUFF   2009 31  1849 1686 1614 1769 1898 1997 2035 1941 1884 1845 1736
072BLUFF   2009 32  1717 1581 1530 1553 1641 1772 1900 1891 1724 1578 1549
072BLUFF   2009 33  1598 1650 1693 1812 1877 1861 1822 1640 1523
072BLUFF   2009 41  1551 1616 1738 1869 1898 1933 1949 1826 1726 1719 1692
072BLUFF   2009 42  1751 1765 1719 1925 1965 1798 1768 1756 1661 1643 1635
072BLUFF   2009 43  1673 1773 1981 2146 2168 2010 1830 1703
072BLUFF   2009 51  1677 1727 1762 1886 1914 1915 1942 1898 1932 1836 1805
072BLUFF   2009 52  1877 1944 2014 2072 2069 1983 1920 1725 1556 1533 1471
072BLUFF   2009 53  1478 1476 1537 1647 1748 1786 1757 1728 1637
072BLUFF   2009 61  1594 1563 1587 1730 1781 1641 1621 1766 1890 1905 1844
072BLUFF   2009 62  1831 1897 1966 1828 1633 1607 1601 1528 1489 1497 1547
072BLUFF   2009 63  1621 1662 1737 1748 1719 1668 1695 1757
072BLUFF   2009 71  1773 1841 1862 1806 1815 1825 1723 1615 1570 1584 1605
072BLUFF   2009 72  1652 1790 1846 1774 1766 1905 2030 1872 1795 1912 1958
072BLUFF   2009 73  1860 1656 1618 1617 1716 1849 1950 1989 1959
072BLUFF   2009 81  1889 1886 1849 1812 1661 1583 1613 1632 1619 1673 1722
072BLUFF   2009 82  1629 1603 1731 1823 1806 1815 1727 1619 1580 1615 1731
072BLUFF   2009 83  1733 1806 2011 2063 2012 1877 1815 2060 2096
072BLUFF   2009 91  1967 1641 1415 1446 1513 1615 1668 1651 1631 1755 1820
072BLUFF   2009 92  1779 1821 1839 1725 1685 1754 1721 1652 1770 1897 1883
072BLUFF   2009 93  1716 1623 1760 1851 1815 1802 1826 1798
072BLUFF   2009101  1888 1943 1766 1544 1556 1567 1616 1625 1597 1659 1726
072BLUFF   2009102  1758 1765 1797 1769 1735 1697 1711 1688 1677 1723 1589
072BLUFF   2009103  1574 1652 1672 1626 1695 1678 1528 1479 1555
072BLUFF   2009111  1722 1758 1846 1836 1745 1686 1613 1589 1602 1683 1661
072BLUFF   2009112  1702 1703 1860 1885 1784 1696 1698 1743 1840 1736 1680
072BLUFF   2009113  1765 1780 1818 1762 1787 1747 1629 1571
072BLUFF   2009121  1584 1524 1512 1601 1713 1750 1726 1723 1696 1691 1812
072BLUFF   2009122  1885 1835 1700 1675 1654 1788 1859 1859 1717 1578 1604
072BLUFF   2009123  1625 1700 1771 1688 1626 1720 1868 1769 1784
072BLUFF   2010 11  1888 1812 1872 1757 1690 1756 1761 1685 1781 1809 1690
072BLUFF   2010 12  1670 1705 1612 1511 1536 1637 1663 1693 1791 1805 1700
072BLUFF   2010 13  1694 1660 1612 1605 1616 1619 1661 1568 1507
072BLUFF   2010 21  1545 1513 1483 1519 1577 1584 1513 1578 1657 1634 1662
072BLUFF   2010 22  1752 1738 1661 1573 1579 1655 1717 1706 1634 1641 1721
072BLUFF   2010 23  1804 1872 1772 1680 1690 1750
072BLUFF   2010 31  1876 1908 1878 1739 1600 1606 1647 1631 1706 1796 1737
072BLUFF   2010 32  1697 1687 1680 1712 1623 1573 1646 1684 1733 1832 1894
072BLUFF   2010 33  1912 1906 1837 1768 1537 1447 1603 1708 1729
072BLUFF   2010 41  1720 1816 1824 1735 1733 1648 1571 1582 1601 1690 1828
072BLUFF   2010 42  1925 2042 2089 1932 1773 1693 1742 1750 1721 1733 1760
072BLUFF   2010 43  1724 1768 1789 1646 1853 1997 2016 1896
072BLUFF   2010 51  1712 1781 1812 1630 1652 1823 1902 1880 1798 1701 1735
072BLUFF   2010 52  1880 1917 1940 1942 1856 1802 1759 1702 1646 1652 1705
072BLUFF   2010 53  1695 1735 1783 1700 1619 1639 1640 1627 1664
072BLUFF   2010 61  1718 1727 1700 1671 1758 1880 1782 1714 1784 1959 2062
072BLUFF   2010 62  1963 1844 1687 1552 1520 1638 1807 1821 1882 1826 1656
072BLUFF   2010 63  1451 1492 1602 1688 1739 1752 1730 1750
072BLUFF   2010 71  1739 1705 1702 1664 1643 1636 1668 1610 1521 1522 1589
072BLUFF   2010 72  1710 1699 1741 1795 1760 1732 1757 1792 1689 1669 1659
072BLUFF   2010 73  1679 1752 1782 1855 1774 1640 1540 1596 1859
072BLUFF   2010 81  1936 1737 1698 1722 1762 1789 1693 1647 1637 1636 1706
072BLUFF   2010 82  1845 1808 1749 1760 1871 1937 1816 1712 1740 1812 1832
072BLUFF   2010 83  1758 1690 1772 1877 1886 1831 1718 1632 1661
072BLUFF   2010 91  1860 1986 1825 1773 1838 1675 1556 1519 1621 9999 9999
072BLUFF   2010 92  9999 9999 1817 1881 2063 2072 1918 1849 1904 1846 1841
072BLUFF   2010 93  1765 1773 1724 1655 1619 9999 9999 9999
072BLUFF   2010101  9999 9999 9999 9999 9999 9999 9999 9999 9999 9999 9999
072BLUFF   2010102  9999 9999 9999 9999 9999 9999 9999 9999 9999 9999 9999
072BLUFF   2010103  9999 9999 9999 9999 9999 9999 9999 9999 9999
072BLUFF   2010111  9999 9999 9999 9999 9999 9999 9999 9999 9999 9999 9999
072BLUFF   2010112  9999 9999 9999 9999 9999 9999 9999 9999 9999 9999 9999
072BLUFF   2010113  9999 9999 9999 9999 9999 9999 9999 9999
072BLUFF   2010121  9999 9999 9999 9999 9999 9999 9999 9999 9999 9999 9999
072BLUFF   2010122  9999 9999 9999 9999 9999 9999 9999 9999 9999 9999 9999
072BLUFF   2010123  9999 9999 9999 9999 9999 9999 9999 9999 9999
072BLUFF   2011 11  9999 9999 9999 9999 9999 9999 9999 9999 9999 9999 9999
072BLUFF   2011 12  9999 9999 9999 9999 9999 9999 9999 9999 9999 9999 9999
072BLUFF   2011 13  9999 9999 9999 9999 9999 9999 9999 9999 9999
072BLUFF   2011 21  9999 9999 9999 9999 9999 9999 9999 9999 9999 9999 9999
072BLUFF   2011 22  9999 9999 9999 9999 9999 9999 9999 9999 9999 9999 9999
072BLUFF   2011 23  9999 9999 9999 9999 9999 9999
072BLUFF   2011 31  9999 9999 9999 9999 9999 9999 9999 9999 9999 9999 9999
072BLUFF   2011 32  9999 9999 9999 9999 9999 9999 9999 9999 9999 9999 9999
072BLUFF   2011 33  9999 9999 9999 9999 9999 9999 9999 9999 9999
072BLUFF   2011 41  9999 9999 9999 9999 9999 9999 9999 9999 9999 9999 9999
072BLUFF   2011 42  9999 9999 9999 9999 9999 9999 9999 9999 9999 9999 9999
072BLUFF   2011 43  9999 9999 9999 9999 9999 9999 9999 9999
072BLUFF   2011 51  9999 9999 9999 9999 9999 9999 9999 9999 9999 9999 9999
072BLUFF   2011 52  9999 9999 9999 9999 9999 9999 9999 9999 9999 9999 9999
072BLUFF   2011 53  9999 9999 9999 9999 9999 9999 9999 9999 9999
072BLUFF   2011 61  9999 9999 9999 9999 9999 9999 9999 9999 9999 9999 9999
072BLUFF   2011 62  9999 9999 9999 9999 9999 9999 9999 9999 9999 9999 9999
072BLUFF   2011 63  9999 1903 1800 1770 1794 1627 1540 1528
072BLUFF   2011 71  1531 1658 1809 1958 2165 2207 2160 2143 2191 2188 2144
072BLUFF   2011 72  2097 1996 1803 1668 1582 1512 1498 1534 1518 1502 1614
072BLUFF   2011 73  1837 1781 1727 1839 1863 1863 1752 1627 1643
072BLUFF   2011 81  1637 1608 1602 1606 1741 1900 1847 1738 1699 1713 1666
072BLUFF   2011 82  1719 1814 1764 1552 1416 1413 1448 1501 1539 1526 1558
072BLUFF   2011 83  1662 1688 1726 1764 1696 1672 1749 1802 1843
072BLUFF   2011 91  1727 1678 1613 1585 1575 1598 1726 1796 1827 1881 2013
072BLUFF   2011 92  2000 1846 1783 1800 1753 1705 1734 1649 1601 1646 1623
072BLUFF   2011 93  1717 1729 1652 1680 1704 1647 1649 1736
072BLUFF   2011101  1814 1775 1669 1574 1573 1663 1649 1564 1584 1764 1865
072BLUFF   2011102  1843 1767 1646 1616 1710 1748 1608 1626 1701 1604 1574
072BLUFF   2011103  1645 1794 1761 1591 1491 1566 1668 1703 1755
072BLUFF   2011111  1784 1900 1938 1851 1747 1705 1718 1665 1573 1663 1716
072BLUFF   2011112  1678 1640 1650 1722 1762 1790 1636 1666 1716 1707 1772
072BLUFF   2011113  1787 1851 1849 1730 1786 1678 1523 1572
072BLUFF   2011121  1614 1688 1810 1740 1615 1611 1670 1595 1490 1535 1712
072BLUFF   2011122  1761 1748 1802 1716 1643 1582 1552 1583 1579 1548 1559
072BLUFF   2011123  1614 1660 1658 1687 1755 1797 1759 1640 1687
072BLUFF   2012 11  1709 1598 1631 1766 1770 1730 1685 1677 1765 1805 1793
072BLUFF   2012 12  1865 1941 1864 1710 1550 1592 1751 1855 1797 1781 1671
072BLUFF   2012 13  1583 1612 1774 1848 1833 1824 1658 1812 1934
072BLUFF   2012 21  1709 1616 1674 1693 1677 1670 1683 1744 1755 1680 1612
072BLUFF   2012 22  1585 9999 9999 9999 9999 9999 9999 9999 9999 9999 9999
072BLUFF   2012 23  9999 9999 9999 9999 9999 9999 9999
072BLUFF   2012 31  9999 9999 9999 9999 9999 9999 9999 9999 9999 1829 1849
072BLUFF   2012 32  1701 1584 1680 1616 1645 1775 1703 1554 1575 1716 1827
072BLUFF   2012 33  1924 2002 1880 1834 1692 1517 1498 1516 1575
072BLUFF   2012 41  1609 1618 1615 1620 1610 1632 1746 1818 1878 1791 1733
072BLUFF   2012 42  1840 1757 1602 1594 1542 1469 1439 1452 1537 1607 1695
072BLUFF   2012 43  1768 1788 1813 1917 1934 1916 1972 1732
072BLUFF   2012 51  1518 1491 1500 1515 1532 1637 1848 1856 1765 1778 1840
072BLUFF   2012 52  1909 1943 2011 1974 1900 1859 1648 1623 1666 1658 1683
072BLUFF   2012 53  1766 1784 1698 1891 2019 1865 1810 1761 1644
072BLUFF   2012 61  1670 1746 1740 1873 1894 1870 2012 1960 1825 1829 1664
072BLUFF   2012 62  1558 1558 1575 1596 1639 1747 1879 1926 1843 1801 1942
072BLUFF   2012 63  1956 1889 1975 1960 1861 1641 1473 1499
072BLUFF   2012 71  1568 1652 1723 1728 1700 1714 1672 1589 1614 1619 1666
072BLUFF   2012 72  1808 1773 1818 1943 1929 1815 1711 1669 1670 1616 1601
072BLUFF   2012 73  1619 1595 1582 1643 1700 1810 1899 1773 1605
072BLUFF   2012 81  1596 1655 1730 1822 1883 1859 1762 1728 1781 1705 1651
072BLUFF   2012 82  1655 1678 1687 1748 1738 1674 1613 1658 1708 1615 1556
072BLUFF   2012 83  1592 1733 1821 1847 1789 1689 1607 1622 1684
072BLUFF   2012 91  1712 1752 1863 1957 1938 1933 1988 2076 2037 1902 1538
072BLUFF   2012 92  1496 1672 1726 1638 1697 1680 1658 1572 1476 1500 1528
072BLUFF   2012 93  1568 1694 1805 1732 1647 1739 1891 1947
072BLUFF   2012101  1883 1892 1869 1908 2068 1827 1658 1566 1646 1729 1662
072BLUFF   2012102  1741 1761 1811 1782 1802 1909 1831 1732 1829 1806 1674
072BLUFF   2012103  1662 1794 1741 1767 1785 1725 1702 1730 1727
072BLUFF   2012111  1838 1883 1753 1638 1430 1387 1474 1576 1670 1755 1644
072BLUFF   2012112  1576 1675 1735 1750 1810 1777 1681 1616 1588 1609 1677
072BLUFF   2012113  1684 1711 1749 1757 1764 1751 1675 1704
072BLUFF   2012121  1860 1837 1783 1885 1904 1823 1672 1627 1625 1580 1539
072BLUFF   2012122  1548 1703 1738 1668 1793 1829 1792 1745 1787 1777 1704
072BLUFF   2012123  1632 1662 1740 1663 1612 1683 1850 1904 1922
072BLUFF   2013 11  1929 1868 1771 1763 1781 1796 1880 1895 1983 1900 1842
072BLUFF   2013 12  1925 1969 1855 1782 1805 1757 1839 1919 1827 1706 1713
072BLUFF   2013 13  1689 1573 1610 1625 1596 1600 1640 1706 1733
072BLUFF   2013 21  1760 1758 1792 1748 1609 1567 1597 1725 1818 1819 1766
072BLUFF   2013 22  1798 1828 1782 1739 1666 1591 1613 1663 1699 1589 1550
072BLUFF   2013 23  1551 1576 1633 1655 1726 1782
072BLUFF   2013 31  1722 1747 1814 1770 1771 1689 1704 1642 1630 1663 1603
072BLUFF   2013 32  1645 1761 1802 1731 1800 1867 1769 1650 1547 1519 1638
072BLUFF   2013 33  1769 1826 1783 1684 1704 1797 1876 1918 1987
072BLUFF   2013 41  1898 1925 1885 1735 1587 1545 1639 1661 1586 1721 1838
072BLUFF   2013 42  1735 1746 1853 1845 1817 1798 1731 1600 1595 1781 1894
072BLUFF   2013 43  1905 1920 1988 2061 2030 2001 1848 1714
072BLUFF   2013 51  1728 1711 1793 1912 1767 1678 1658 1744 1792 1634 1595
072BLUFF   2013 52  1642 1739 1784 1755 1836 1867 1860 1840 1798 1815 1843
072BLUFF   2013 53  1760 1794 2041 2116 1908 1688 1613 1631 1716
072BLUFF   2013 61  1900 1946 1865 1780 1692 1643 1792 1886 1803 1778 1775
072BLUFF   2013 62  1783 1723 1683 1657 1645 1788 1925 1874 1725 1634 1678
072BLUFF   2013 63  1745 1717 1638 1538 1543 1631 1754 1838
072BLUFF   2013 71  1947 1938 1874 1917 2042 2108 1932 1708 1572 1472 1454
072BLUFF   2013 72  1567 1685 1596 1562 1628 1695 1656 1678 1766 1795 1838
072BLUFF   2013 73  1890 1987 1926 1748 1669 1650 1621 1672 1640
072BLUFF   2013 81  1599 1698 1810 1818 1857 1882 1888 1777 1724 1868 1915
072BLUFF   2013 82  1873 1979 1924 1779 1632 1629 1693 1716 1784 1864 1892
072BLUFF   2013 83  1881 1890 1905 1877 1855 1790 1610 1544 1546
072BLUFF   2013 91  1541 1606 1665 1555 1603 1742 1863 1914 1947 2074 1998
072BLUFF   2013 92  1908 1865 1770 1701 1643 1553 1620 1768 1878 1869 1804
072BLUFF   2013 93  1673 1671 1774 1807 1880 1834 1748 1757
072BLUFF   2013101  1870 1844 1770 1707 1792 1901 1807 1709 1786 1902 1911
072BLUFF   2013102  1864 1918 1910 1808 1827 1855 1781 1714 1756 1772 1676
072BLUFF   2013103  1738 1956 1999 1938 1762 1665 1664 1731 1774
072BLUFF   2013111  1746 1700 1714 1749 1664 1658 1673 1618 1725 1708 1517
072BLUFF   2013112  1438 1511 1642 1768 1726 1647 1611 1652 1738 1681 1609
072BLUFF   2013113  1670 1744 1665 1580 1644 1818 1972 1881
072BLUFF   2013121  1663 1583 1601 1655 1752 1849 1845 1727 1631 1645 1715
072BLUFF   2013122  1748 1723 1709 1724 1710 1707 1692 1648 1788 1742 1650
072BLUFF   2013123  1715 1850 1690 1538 1562 1659 1800 9999 9999
072BLUFF   2014 11  9999 9999 9999 1977 1944 1814 1815 1700 1656 1653 1789
072BLUFF   2014 12  1899 1808 1682 1779 1821 1695 1760 1776 1698 1759 1868
072BLUFF   2014 13  1757 1665 1795 1745 1663 1694 1709 1640 9999
072BLUFF   2014 21  9999 9999 9999 9999 9999 9999 9999 9999 9999 9999 9999
072BLUFF   2014 22  9999 9999 9999 9999 9999 9999 9999 9999 9999 9999 9999
072BLUFF   2014 23  9999 9999 9999 9999 9999 9999
072BLUFF   2014 31  9999 9999 9999 9999 9999 9999 1661 1661 1588 1558 1599
072BLUFF   2014 32  1699 1704 1627 1683 1833 1797 1724 1711 1615 1572 1616
072BLUFF   2014 33  1736 1782 1698 1663 1650 1680 1711 1666 1644
072BLUFF   2014 41  1689 1709 1715 1675 1641 1662 1599 1633 1661 1697 1729
072BLUFF   2014 42  1557 1607 1875 1914 1755 1722 1991 2211 2060 1780 1740
072BLUFF   2014 43  1768 1836 1857 1761 1813 1713 1644 1674
072BLUFF   2014 51  1737 1846 1833 1892 2056 1986 1777 1697 1745 1718 1732
072BLUFF   2014 52  1689 1655 1685 1681 1734 1801 1784 1782 1805 1814 1924
072BLUFF   2014 53  2004 2102 1967 1618 1726 1955 1830 1721 1665
072BLUFF   2014 61  1613 1586 1585 1705 1764 1753 1730 1643 1586 1583 1666
072BLUFF   2014 62  1759 1799 1842 1862 2020 2047 2031 1896 1866 1762 1569
072BLUFF   2014 63  1664 1947 2082 2020 1950 1848 1957 2087
072BLUFF   2014 71  2031 1884 1849 1937 1702 1513 1519 1645 1761 1850 1974
072BLUFF   2014 72  2053 1906 1796 1699 1651 1734 1793 1823 1879 1797 1755
072BLUFF   2014 73  1787 1814 1721 1633 1632 1796 1950 2027 1985
072BLUFF   2014 81  1953 1802 1689 1796 1859 1966 1964 1665 1635 1792 1855
072BLUFF   2014 82  1823 1898 1772 1629 1578 1595 1632 1695 1716 1575 1478
072BLUFF   2014 83  1442 1472 1514 1543 1533 1497 1497 1557 1642
072BLUFF   2014 91  1706 1753 1728 1708 1714 1702 1675 1581 1648 1773 1832
072BLUFF   2014 92  1808 1782 1781 1835 1768 1720 1887 1960 1878 1814 1724
072BLUFF   2014 93  1754 1717 1772 1811 1694 1618 1696 1747
072BLUFF   2014101  1870 2019 1982 1843 1856 1750 1813 1809 1656 1653 1679
072BLUFF   2014102  1730 1752 1628 1645 1806 1734 1628 1762 1733 1599 1676
072BLUFF   2014103  1749 1636 1743 1751 1762 1960 1986 1881 1797
072BLUFF   2014111  1907 2017 1829 1593 1537 1582 1643 1700 1750 1865 1931
072BLUFF   2014112  1835 1759 1918 1922 1797 1857 1900 1821 1799 1760 1670
072BLUFF   2014113  1692 1716 1875 1956 1816 1747 1806 1673
072BLUFF   2014121  1524 1545 1697 1645 1641 1761 1653 1723 1770 1654 1692
072BLUFF   2014122  1671 1592 1602 1622 1684 1779 1762 1778 1804 1747 1678
072BLUFF   2014123  1634 1640 1668 1783 1774 1654 1696 1928 1989
072BLUFF   2015 11  1859 1737 1727 1833 1767 1692 1592 1609 1714 1803 1793
072BLUFF   2015 12  1724 1684 1679 1877 2014 2039 2010 1845 1668 1576 1611
072BLUFF   2015 13  1673 1686 1762 1794 1728 1699 1667 1674 1796
072BLUFF   2015 21  1888 1924 1974 2012 1843 1690 1704 1766 1656 1523 1547
072BLUFF   2015 22  1642 1553 1501 1544 1616 1687 1716 1704 1752 1748 1678
072BLUFF   2015 23  1691 1746 1688 1745 1782 1761
072BLUFF   2015 31  1838 1841 1806 1889 2070 2088 1920 1827 1764 1692 1691
072BLUFF   2015 32  1784 1758 1774 1829 1799 1749 1651 1626 1753 1750 1672
072BLUFF   2015 33  1786 1872 1857 1791 1791 1906 1947 1861 1752
072BLUFF   2015 41  1751 1797 1848 1800 1758 1948 1939 1798 1756 1802 1990
072BLUFF   2015 42  2058 1836 1720 1629 1692 1716 1754 1803 1698 1646 1648
072BLUFF   2015 43  1666 1817 2019 2075 2013 2021 1925 1677
072BLUFF   2015 51  1630 1621 1651 1733 1917 2048 2056 2059 1999 1966 2018
072BLUFF   2015 52  2016 2036 1880 1783 1764 1833 1776 1713 1883 1923 1894
072BLUFF   2015 53  1936 1908 1733 1597 1555 1602 1736 1809 1858
072BLUFF   2015 61  1871 1890 1895 1830 1735 1742 1811 1984 2039 1919 1970
072BLUFF   2015 62  2002 1894 1757 1665 1698 1805 1728 1807 1899 1738 1500
072BLUFF   2015 63  1520 1636 1798 1832 1844 1957 1911 1833
072BLUFF   2015 71  1750 1863 1851 1922 1947 1810 1671 1576 1544 1566 1584
072BLUFF   2015 72  1597 1703 1935 1960 1830 1868 1857 1800 1677 1554 1596
072BLUFF   2015 73  1653 1635 1834 1949 1986 1879 1683 1709 1783
072BLUFF   2015 81  1791 1863 1939 1859 1874 1976 1925 1748 1611 1587 1633
072BLUFF   2015 82  1715 1800 1837 1697 1644 1769 1836 1788 1633 1551 1627
072BLUFF   2015 83  1754 1777 1714 1544 1508 1612 1716 1656 1587
072BLUFF   2015 91  1741 1844 1851 1849 1818 1684 1583 1606 1735 1772 1688
072BLUFF   2015 92  1668 1541 1641 1778 1786 1810 1671 1512 1511 1630 1694
072BLUFF   2015 93  1590 1571 1531 1529 1634 1613 1607 1734
072BLUFF   2015101  1854 1879 1947 1948 1801 1855 1792 1618 1654 1717 1791
072BLUFF   2015102  1782 1703 1659 1699 1688 1721 1813 1714 1771 1827 1737
072BLUFF   2015103  1721 1699 1689 1683 1616 1696 1704 1706 1641
072BLUFF   2015111  1693 1815 1688 1602 1639 1738 1842 1817 1808 1833 1688
072BLUFF   2015112  1560 1708 1837 1810 1892 1758 1623 1843 1974 1956 1937
072BLUFF   2015113  1930 1877 1860 2028 2020 1851 1653 1622
072BLUFF   2015121  1707 1830 1838 1827 1771 1751 1768 1682 1758 1829 1821
072BLUFF   2015122  1922 1864 1795 1730 1643 1630 1643 1639 1778 1867 1737
072BLUFF   2015123  1692 1711 1661 1642 1681 1716 1719 1639 1588
072BLUFF   2016 11  1621 1698 1601 1544 1564 1693 1920 2031 1959 1746 1728
072BLUFF   2016 12  1742 1662 1813 1768 1658 1596 1637 1734 1805 1813 1857
072BLUFF   2016 13  1864 1851 1765 1642 1586 1634 1649 1612 1635
072BLUFF   2016 21  1711 1761 1861 1923 1851 1707 1679 1775 1815 1795 1753
072BLUFF   2016 22  1705 1723 1798 1825 1935 2040 2064 2028 1906 1718 1665
072BLUFF   2016 23  1754 1850 1863 1938 1891 1868 1714
072BLUFF   2016 31  1640 1683 1779 1812 1852 1820 1837 1784 1882 1832 1600
072BLUFF   2016 32  1632 1721 1797 1656 1585 1679 1866 1975 1939 1881 1892
072BLUFF   2016 33  1993 1897 1786 1821 1863 1875 1787 1679 1719
072BLUFF   2016 41  1813 1937 1933 1784 1766 1884 1908 1818 1803 1948 2014
072BLUFF   2016 42  1851 1781 1734 1741 1842 1810 1757 1762 1674 1699 1848
072BLUFF   2016 43  1928 1935 1849 1743 1706 1719 1651 1664
072BLUFF   2016 51  1805 1922 1891 1874 1784 1799 1791 1800 1816 2033 2211
072BLUFF   2016 52  2244 2152 2044 2006 1890 1914 2089 2039 2003 1978 1947
072BLUFF   2016 53  1826 1883 1945 1877 1800 1824 1836 1775 1626
072BLUFF   2016 61  1605 1673 1683 1644 1581 1541 1656 1884 2109 2144 1996
072BLUFF   2016 62  1832 1792 1820 1817 1789 1790 1749 1647 1703 1861 2044
072BLUFF   2016 63  2001 1853 1835 1868 1864 1783 1723 1656
072BLUFF   2016 71  1734 1851 1940 1888 1786 1713 1640 1631 1686 1684 1755
072BLUFF   2016 72  1994 2203 2251 2083 1917 1770 1836 1979 1893 1745 1910
072BLUFF   2016 73  2144 2047 1834 1816 1934 1984 1948 9999 9999
072BLUFF   2016 81  9999 9999 9999 1648 1595 1603 1643 1586 1586 1677 1826
072BLUFF   2016 82  1804 1768 1796 1733 1681 1630 1595 1635 1728 1831 1780
072BLUFF   2016 83  1705 1768 1857 1880 1830 1827 1786 1684 1708
072BLUFF   2016 91  1849 1845 1796 1910 1846 1856 1675 1456 1504 1616 1748
072BLUFF   2016 92  1755 1730 1723 1774 1868 1792 1719 1637 1622 1627 1632
072BLUFF   2016 93  1659 1672 1716 1774 1775 1761 1736 1716
072BLUFF   2016101  1761 1807 1843 1940 1980 1898 1878 1796 1712 1872 1881
072BLUFF   2016102  1828 1760 1720 1805 1898 1899 1869 1797 1647 1639 1673
072BLUFF   2016103  1673 1759 1808 1786 1813 1721 1595 1603 1748
072BLUFF   2016111  1852 1894 1862 1809 1874 1908 1859 1843 1757 1760 1773
072BLUFF   2016112  1748 1714 1778 1910 1917 1771 1831 1832 1752 1717 1755
072BLUFF   2016113  1649 1705 2047 2184 2040 1891 1738 1604
072BLUFF   2016121  1593 1663 1691 1624 1687 1729 1687 1712 1891 1915 1783
072BLUFF   2016122  1707 1804 1969 1938 1768 1770 1904 1794 1723 1868 1863
072BLUFF   2016123  1795 1730 1643 1769 1820 1711 1661 1716 1940
072BLUFF   2017 11  1866 1709 1789 1693 1710 1727 1771 1833 1794 1814 1962
072BLUFF   2017 12  1953 1873 2000 2029 1935 1897 1958 1862 1731 1763 1818
072BLUFF   2017 13  1801 1889 1912 1863 1733 1715 1714 1808 1887
072BLUFF   2017 21  1775 1804 1838 1808 1864 1850 1644 1531 1670 1795 1962
072BLUFF   2017 22  2065 1974 1838 1706 1643 1659 1657 1620 1637 1746 1736
072BLUFF   2017 23  1638 1677 1694 1620 1542 1551
072BLUFF   2017 31  1646 1745 1821 1849 1844 1760 1617 1601 1659 1723 1784
072BLUFF   2017 32  1780 1701 1600 1606 1719 1737 1676 1855 1894 1824 1781
072BLUFF   2017 33  1757 1747 1715 1755 1762 1802 1818 1837 1845
072BLUFF   2017 41  1953 1849 1656 1610 1688 1745 1686 1628 1678 1794 1794
072BLUFF   2017 42  1672 1798 2003 1905 1752 1689 1696 1689 1636 1611 1633
072BLUFF   2017 43  1670 1651 1749 1900 2015 2063 1996 1812
072BLUFF   2017 51  1764 1878 1899 1790 1654 1601 1655 1722 1727 1781 1827
072BLUFF   2017 52  1758 1734 1716 1716 1764 1861 2005 1930 1629 1529 1698
072BLUFF   2017 53  1783 1718 1768 1844 1781 1758 1820 1861 1797
072BLUFF   2017 61  1730 1746 1769 1701 1718 1777 1774 1806 1902 1876 1912
072BLUFF   2017 62  1961 1937 1757 1708 1642 1675 1742 1705 1760 1812 1748
072BLUFF   2017 63  1938 2046 1927 1860 1760 1699 1775 1847
072BLUFF   2017 71  1836 1868 1901 1797 1725 1788 1871 1885 1841 1844 1715
072BLUFF   2017 72  1568 1562 1618 1739 1775 1729 1790 1947 2025 1954 1881
072BLUFF   2017 73  1950 1985 1951 1882 1738 1643 1621 1735 1800
072BLUFF   2017 81  1652 1603 1649 1715 1842 1922 1839 1842 1924 1993 2019
072BLUFF   2017 82  1984 1758 1701 1784 1963 2050 1972 1847 1748 1709 1695
072BLUFF   2017 83  1701 1714 1741 1762 1830 1860 1791 1715 1594
072BLUFF   2017 91  1602 1685 1758 1841 1966 2030 2029 2048 2008 1841 1775
072BLUFF   2017 92  1755 1773 1832 1919 1905 1824 1658 1677 1703 1706 1749
072BLUFF   2017 93  1805 1984 2011 1853 1745 1859 1892 1904
072BLUFF   2017101  1978 1861 1788 1691 1587 1602 1554 1597 1755 1835 1728
072BLUFF   2017102  1752 1822 1813 1797 1679 1574 1540 1615 1753 1868 1825
072BLUFF   2017103  1785 1780 1765 1703 1586 1588 1638 1635 1596
072BLUFF   2017111  1624 1781 1895 1940 1864 1835 1914 1894 1842 1668 1604
072BLUFF   2017112  1555 1523 1551 1621 1675 1614 1603 1638 1641 1616 1625
072BLUFF   2017113  1649 1646 1617 1614 1601 1593 1612 1631
072BLUFF   2017121  1684 1760 1794 1837 1785 1741 1784 1869 1950 1950 1883
072BLUFF   2017122  1799 1726 1804 1842 1838 1835 1906 1897 1871 1850 1768
072BLUFF   2017123  1801 1928 1925 1764 1661 1668 1800 1973 1944
072BLUFF   2018 11  1879 1866 1858 1878 1849 1779 1789 1772 1752 1687 1636
072BLUFF   2018 12  1704 1832 1855 1874 1908 1946 1939 1943 1843 1799 1863
072BLUFF   2018 13  1899 1838 1744 1722 1733 1713 1754 1880 2054
072BLUFF   2018 21  2033 1883 1838 1974 2027 1821 1647 1665 1752 1830 1927
072BLUFF   2018 22  1955 1898 1868 1936 1986 1966 1960 1836 1721 1736 1790
072BLUFF   2018 23  1771 1919 1949 1707 1696 1810
072BLUFF   2018 31  1904 1913 1943 1980 1915 1808 1762 1730 1668 1749 1926
072BLUFF   2018 32  2095 2038 1961 2032 1830 1699 1817 1942 1915 1724 1624
072BLUFF   2018 33  1703 1820 1918 2069 2105 1923 1863 1966 1932
072BLUFF   2018 41  1880 1997 2062 1992 1929 1862 1833 1860 1788 1715 1752
072BLUFF   2018 42  1825 1717 1746 1958 2135 2064 1931 1975 1985 1839 1729
072BLUFF   2018 43  1752 1749 1774 1803 1761 1674 1736 1836
072BLUFF   2018 51  1806 1724 1678 1746 1914 1997 1971 1906 1742 1738 1746
072BLUFF   2018 52  1691 1681 1715 1853 1914 1940 1911 1999 2041 2025 2027
072BLUFF   2018 53  1949 1918 1756 1749 1589 1503 1557 1646 1661
072BLUFF   2018 61  1604 1627 1718 1841 1813 1682 1613 1702 1797 1660 1596
072BLUFF   2018 62  1712 1799 1824 1866 1891 1870 1773 1656 1615 1662 1739
072BLUFF   2018 63  1900 2010 1901 1748 1661 1606 1597 1727
072BLUFF   2018 71  1817 1703 1674 1636 1725 1933 2052 2083 1976 1865 1752
072BLUFF   2018 72  1647 1705 1682 1817 1966 1914 1848 1818 1895 2075 1953
072BLUFF   2018 73  1702 1710 1850 1975 2019 1930 1760 1805 1904
072BLUFF   2018 81  1832 1738 1660 1662 1685 1789 1936 1934 1825 1699 1731
072BLUFF   2018 82  1864 1940 1946 1970 1923 1775 1754 1841 1972 2001 1877
072BLUFF   2018 83  1741 1751 1770 1764 1679 1614 1748 1774 1804
072BLUFF   2018 91  1932 1853 1611 1505 1519 1573 1657 1740 1786 1737 1686
072BLUFF   2018 92  1757 1799 1753 1813 1851 1764 1758 1817 1841 1790 1818
072BLUFF   2018 93  1795 1802 1870 1707 1599 1679 1748 1707
072BLUFF   2018101  1707 1671 1748 1743 1669 1663 1650 1743 1844 1761 1727
072BLUFF   2018102  1672 1628 1527 1572 1739 1706 1615 1701 1718 1671 1673
072BLUFF   2018103  1737 1773 1717 1783 1890 1908 1872 1792 1764
072BLUFF   2018111  1700 1917 2108 1994 1822 1812 1956 1882 1736 1691 1678
072BLUFF   2018112  1673 1666 1707 1732 1682 1794 1830 1656 1619 1701 1760
072BLUFF   2018113  1774 1769 1734 1743 1761 1731 1705 1723
072BLUFF   2018121  1781 1878 1993 1995 1804 1654 1703 1780 1720 1664 1677
072BLUFF   2018122  1657 1671 1652 1599 1630 1802 1808 1719 1786 1822 1736
072BLUFF   2018123  1691 1736 1784 1724 1660 1703 1839 1819 1733
072BLUFF   2019 11  1855 1943 1888 1856 1912 1853 1780 1743 1864 1857 1669
072BLUFF   2019 12  1685 1756 1680 1683 1749 1747 1842 2023 2002 1923 1939
072BLUFF   2019 13  1834 1684 1748 1890 1843 1753 1697 1729 1859
072BLUFF   2019 21  1815 1679 1718 1848 1766 1555 1600 1800 1949 1988 1970
072BLUFF   2019 22  1929 1951 1919 1832 1780 1823 1895 1953 1880 1892 1878
072BLUFF   2019 23  1752 1658 1731 1865 1811 1701
072BLUFF   2019 31  1629 1591 1685 1795 1817 1878 1845 1747 1683 1700 1840
072BLUFF   2019 32  1909 1829 1715 1731 1669 1658 1678 1693 1708 1727 1737
072BLUFF   2019 33  1791 1904 2032 2070 1886 1691 1662 1770 2089
072BLUFF   2019 41  2060 1752 1726 1672 1617 1676 1750 1853 1982 1984 1888
072BLUFF   2019 42  1774 1745 1671 1624 1599 1602 1657 1793 1845 1765 1764
072BLUFF   2019 43  1816 1869 1980 2039 2072 2045 1856 1732
072BLUFF   2019 51  1736 1733 1816 1880 1736 1696 1775 1898 1934 1879 1927
072BLUFF   2019 52  1973 1923 2040 2057 1798 1786 1894 1831 1764 1769 1774
072BLUFF   2019 53  1734 1806 1891 1903 1936 2055 2093 2056 1971
072BLUFF   2019 61  1836 1776 1816 1840 1980 2024 1946 1832 1801 1762 1816
072BLUFF   2019 62  1772 1823 1851 1905 1918 1753 1661 1698 1853 1900 1804
072BLUFF   2019 63  1775 1698 1681 1683 1661 1701 1742 1781
072BLUFF   2019 71  1841 1936 1927 1738 1663 1751 1924 1916 1886 1856 1899
072BLUFF   2019 72  2000 2090 2084 2051 2068 2030 1944 1862 1804 1759 1708
072BLUFF   2019 73  1688 1725 1745 1767 1759 1788 1914 1936 1845
072BLUFF   2019 81  1928 1933 1881 1850 1787 1739 1768 1871 1820 1788 1898
072BLUFF   2019 82  2010 1920 1726 1778 1794 1607 1607 1831 2013 2078 2005
072BLUFF   2019 83  1870 1924 1903 1819 1831 1877 1831 1765 1755
072BLUFF   2019 91  1736 1702 1734 1836 1889 1821 1755 1704 1782 1862 1931
072BLUFF   2019 92  1955 1731 1718 1876 1967 1803 1658 1536 1487 1563 1752
072BLUFF   2019 93  1916 1929 1913 1830 1784 1791 1830 1799
072BLUFF   2019101  1801 1687 1672 1771 1665 1684 1793 1778 1712 1614 1583
072BLUFF   2019102  1590 1634 1701 1765 1777 1707 1745 1845 1881 1865 1784
072BLUFF   2019103  1819 1774 1700 1834 1861 1794 1817 1846 1766
072BLUFF   2019111  1673 1712 1750 1789 1758 1762 1869 1918 1925 1882 1837
072BLUFF   2019112  1863 1934 1943 1946 1879 1850 1896 1894 1802 1843 1862
072BLUFF   2019113  1833 1818 1789 1903 1924 1854 1750 1865
072BLUFF   2019121  1992 2026 2095 2065 2012 1984 1994 1920 1782 1783 1773
072BLUFF   2019122  1902 2018 1979 1889 1833 1843 1930 1969 1811 1836 1893
072BLUFF   2019123  1800 1742 1701 1806 1914 1869 1864 1806 9999
072BLUFF   2020 11  1859 1892 1886 1886 2056 1909 1707 1717 1737 1833 1987
072BLUFF   2020 12  1879 1660 1591 1594 1642 1691 1711 1693 1696 1762 1815
072BLUFF   2020 13  1809 1842 1783 1797 1811 1830 1917 2006 1898
072BLUFF   2020 21  1940 1969 1948 1861 1821 1728 1733 1736 1700 1674 1693
072BLUFF   2020 22  1761 1681 1630 1807 1920 1921 1909 1872 1981 2040 1866
072BLUFF   2020 23  1755 1719 1766 1902 1989 1971 1836
072BLUFF   2020 31  1786 1975 2028 1759 1645 1759 1886 1964 1975 1846 1750
072BLUFF   2020 32  1694 1739 1844 1915 1770 1715 1894 1997 1864 1903 1963
072BLUFF   2020 33  1985 1892 1822 1720 1640 1586 1592 1687 1750
072BLUFF   2020 41  1739 1712 1719 1782 1889 1994 1990 1930 1862 1839 1943
072BLUFF   2020 42  2184 2107 1861 1819 1848 1905 1984 1937 1796 1761 1818
072BLUFF   2020 43  1908 1951 1903 1932 1929 1779 1754 1811
072BLUFF   2020 51  1909 2075 2101 1982 1814 1836 1828 1719 1744 1820 1846
072BLUFF   2020 52  1773 1791 1798 1705 1673 1679 1650 1673 1811 2006 1910
072BLUFF   2020 53  1810 1827 1785 1727 1707 1748 1764 1696 1709
072BLUFF   2020 61  1831 1956 1966 1862 1922 1942 1910 1852 1801 1884 1882
072BLUFF   2020 62  1628 1539 1720 1920 1934 1798 1599 1644 1666 1688 1717
072BLUFF   2020 63  1725 1688 1706 1805 1882 1859 1792 1746
072BLUFF   2020 71  1713 1700 1772 1908 1989 2049 2003 1807 1688 1726 1867
072BLUFF   2020 72  1795 1666 1606 1596 1653 1712 1734 1816 1989 2064 2056
072BLUFF   2020 73  1894 1730 1670 1598 1553 1565 1682 1791 1825
072BLUFF   2020 81  1858 1844 1849 1824 1804 1915 1895 1907 1934 1877 1847
072BLUFF   2020 82  1785 1638 1573 1608 1610 1660 1880 2078 2132 1991 1825
072BLUFF   2020 83  1872 1956 1904 1844 1778 1886 1949 1978 1929
072BLUFF   2020 91  1735 1699 1748 1854 1851 1738 1657 1762 1799 1687 1654
072BLUFF   2020 92  1751 1848 1997 2004 1969 1914 1806 1651 1658 1808 1976
072BLUFF   2020 93  1981 1911 1856 2048 2163 2030 1789 1625
072BLUFF   2020101  1650 1828 1882 1820 1916 1864 1695 1570 1597 1789 1902
072BLUFF   2020102  1823 1833 1655 1722 1813 1787 1879 1923 1818 1781 1780
072BLUFF   2020103  1839 1975 1911 1704 1597 1610 1729 1903 1943
072BLUFF   2020111  1799 1641 1687 1859 1880 1858 1792 1682 1610 1630 1711
072BLUFF   2020112  1791 1855 1904 1925 2002 2040 1797 1722 1852 1837 1685
072BLUFF   2020113  1699 1733 1826 1908 1838 1865 1889 1797
072BLUFF   2020121  1826 2008 1991 1952 1873 1951 2020 1968 1906 1881 1875
072BLUFF   2020122  1769 1631 1655 1803 1756 1721 1873 1845 1698 1731 1823
072BLUFF   2020123  1931 1919 1789 1652 1644 1750 1781 1738 1747
072BLUFF   2021 11  1732 1742 1759 1711 1732 1828 1824 1787 1831 1834 1751
072BLUFF   2021 12  1746 1775 1799 1836 1985 2087 2106 2207 2086 1875 1869
072BLUFF   2021 13  1945 1959 1923 1975 1985 1790 1638 1636 1694
072BLUFF   2021 21  1721 1746 1645 1571 1652 1730 1837 1970 2008 2035 1904
072BLUFF   2021 22  1770 1784 1775 1688 1581 1552 1618 1752 1800 1779 1849
072BLUFF   2021 23  2052 1981 1797 1776 1788 1826
072BLUFF   2021 31  1905 2015 2071 2109 2131 2085 1996 1875 1892 1826 1699
072BLUFF   2021 32  1655 1739 1912 2000 1869 1639 1557 1599 1658 1668 1685
072BLUFF   2021 33  1741 1756 1798 1888 1983 1984 1909 1853 1839
072BLUFF   2021 41  1888 1843 1999 2150 2016 1877 1820 1843 1946 2075 2007
072BLUFF   2021 42  1990 1994 2018 2085 1972 1933 1957 1877 1891 1896 1949
072BLUFF   2021 43  1959 1946 2004 1937 1803 1820 1803 1676
072BLUFF   2021 51  1655 1694 1800 1914 1832 1652 1670 1897 1971 2007 1851
072BLUFF   2021 52  1663 1808 2111 2109 2060 2139 2061 1889 1835 1759 1735
072BLUFF   2021 53  1658 1575 1658 1866 2066 2046 1907 1881 9999
