087QUEPOS        LAT=09 24.0N  LONG=084 10.0W
087QUEPOS  2009101  9999 9999 9999 9999 9999 9999 9999 9999 1011  961  946
087QUEPOS  2009102   960 1012 1050 1058 1036 1002  978  975 1009  997  968
087QUEPOS  2009103   953  970  999 1002 1001 1000 1013 1034 1026
087QUEPOS  2009111  1000 1015 1044 1040 1016 1027 1048 1053 1043 1062 1097
087QUEPOS  2009112  1088 1071 1046 1023 1030 1049 1069 1080 1069 1065 1087
087QUEPOS  2009113  1121 1145 1187 1196 1161 1147 1114 1097
087QUEPOS  2009121  1124 1139 1140 1141 1114 9999 9999 9999 9999 9999 9999
087QUEPOS  2009122  9999 1237 1262 1259 1266 1257 1235 1217 1212 1207 1208
087QUEPOS  2009123  1206 1201 1198 1178 1148 1127 1119 1127 1155
087QUEPOS  2010 11  1186 1213 1233 1190 1164 1164 1166 1150 1113 1111 1104
087QUEPOS  2010 12  1089 1080 1082 1111 1092 1068 1054 1063 1064 1059 1031
087QUEPOS  2010 13   999  994  987 1030 1131 1175 1172 1151 1139
087QUEPOS  2010 21  1145 1153 1138 1087 1043 1021  996  972  975  999 1007
087QUEPOS  2010 22   976  945  937  975  999  997 1011 1009  995  985  962
087QUEPOS  2010 23   943  917  900  911  926  942
087QUEPOS  2010 31   971  986  971  964  996 1017 1004 1009 1028 1035 1026
087QUEPOS  2010 32  1027 1020 1011 1012 1014 1011 1055 1139 1161 1094 1066
087QUEPOS  2010 33  1076 1080 1032 1021 1043 1065 1074 1024  968
087QUEPOS  2010 41   952  940  970  979  963  949  954  958  938  937  969
087QUEPOS  2010 42   999  987  932  911  925  957  960  951  956  984 1009
087QUEPOS  2010 43  1008  993 1015 1053 1047  991  993 1051
087QUEPOS  2010 51  1080 1069 1053 1066 1089 1072 1033 1028 1042 1056 1053
087QUEPOS  2010 52  1029 1042 1044 1011  996  982  983  994  987 1020 1077
087QUEPOS  2010 53  1071 1048 1020 1004  964  952  973  959  945
087QUEPOS  2010 61   976 1002  966  932  927  960  940  942  975  968  953
087QUEPOS  2010 62   932  956  992 1017  994  986  989  990  998  986  955
087QUEPOS  2010 63   943  971 1004  996  977  972  965  951
087QUEPOS  2010 71   972  985  981  989 1003 1007  984  961  952  950  966
087QUEPOS  2010 72   987  986  987  990  987  974  952  957  939  903  888
087QUEPOS  2010 73   895  934  969  964  949  923  894  923  963
087QUEPOS  2010 81   998 1003  982  968  941  930  943  948  942  940  935
087QUEPOS  2010 82   957  967  942  919  918  931  944  981 1020 1021  974
087QUEPOS  2010 83   981 1022 1026 1006  990 1009 1021 1015 1023
087QUEPOS  2010 91  1016  978  941  944  970  990 1008 1025 1012  999 1000
087QUEPOS  2010 92   985  968  949  935  926  913  915  904  875  893  912
087QUEPOS  2010 93   943  936  912  901  887  917  933  913
087QUEPOS  2010101   886  871  882  899  911  935  961  969 1004 1037 1016
087QUEPOS  2010102  1002 1002 1010 1017 1004  969  963 1000 1007 1000 1013
087QUEPOS  2010103  1006  980  988  980  979 1015 1016  969  951
087QUEPOS  2010111   942  964  995  972  913  918  944  958  976  995 1012
087QUEPOS  2010112  1025 1021  995  979  985  982  983  997  992  958  983
087QUEPOS  2010113  1025 1044 1030 1013 1020 1031 1033 1032
087QUEPOS  2010121   998  980  954  920  934  961  982  987  998 1006 1018
087QUEPOS  2010122  1021 1025 1016  983  966  950  951  963  957  964  957
087QUEPOS  2010123   957  958  959  963  964  980  964  932  915
087QUEPOS  2011 11   895  896  912  908  899  908  910  922  921  921  943
087QUEPOS  2011 12   934  903  910  950  949  938  954  959  975 1020 1062
087QUEPOS  2011 13  1070 1060 1045 1023  997  968  944  908  922
087QUEPOS  2011 21   936  943  953  952  951  920  896  898  921  942  914
087QUEPOS  2011 22   876  883  899  902  910  914  937  964  961  953  942
087QUEPOS  2011 23   920  903  904  894  881  859
087QUEPOS  2011 31   862  876  884  896  903  914  950 1001  972  944  930
087QUEPOS  2011 32   933  950  975  988  984  988 1013 1001  961  928  931
087QUEPOS  2011 33   970  988  969  939  914  904  900  913  932
087QUEPOS  2011 41   938  925  919  935  938  942  953  957  975  999 1033
087QUEPOS  2011 42  1066 1088 1126 1169 1157 1136 1132 1125 1112 1108 9999
087QUEPOS  2011 43  9999 9999 9999 9999 9999 9999 9999 9999
087QUEPOS  2011 51  9999 9999 9999 9999 9999 9999 9999 9999 9999 9999 9999
087QUEPOS  2011 52  9999 9999 9999 9999 9999 9999 9999 1123 1056 1053 1053
087QUEPOS  2011 53  1052 1059 1063 1047 1035 1053 1111 1178 9999
087QUEPOS  2011 61  9999 9999 9999 9999 9999 9999 1084 1070 1058 1074 1116
087QUEPOS  2011 62  1119 1095 1091 1103 1071 1037 1030 1031 1052 1083 1059
087QUEPOS  2011 63  1028 1045 1052 1040 1052 1084 1085 1068
087QUEPOS  2011 71  1074 1070 1069 1055 1029 1034 1081 1113 1103 1108 1134
087QUEPOS  2011 72  9999 9999 9999 9999 9999 9999 9999 1049 1067 1074 9999
087QUEPOS  2011 73  9999 9999 9999 9999 9999 9999 9999 9999 9999
087QUEPOS  2011 81  9999 9999 9999 9999 9999  956  951  970 1014 1024  997
087QUEPOS  2011 82   988 1012 1029 1026 1007 1016 1037 1067 1079 1077 1072
087QUEPOS  2011 83  1076 1096 1090 1060 1028 1016 1016 1018 1012
087QUEPOS  2011 91   988  955  930  928  932  917  897  903  937  935  944
087QUEPOS  2011 92   946  963  975  960  939  956  988  986  973  984 1009
087QUEPOS  2011 93  1041 1052 1035 1004 1028 1061 1089 1106
087QUEPOS  2011101  1106 1083 1054 1051 1053 1023 1000 1004 1030 1056 1009
087QUEPOS  2011102   933  886  846  825  827  821  811  817  829  871  889
087QUEPOS  2011103   907  926  927  946  953  933  922  926  930
087QUEPOS  2011111   913  894  891  897  911  919  948  949  922  913  922
087QUEPOS  2011112   943  970  978  952  953  963  950  951  945  938  962
087QUEPOS  2011113   955  942  933  933  952  958  964  974
087QUEPOS  2011121   967  960  976  990  995  995  979  961  992 1015  990
087QUEPOS  2011122   949  936  974  998  981  956  953  962 1003 1033 1018
087QUEPOS  2011123  1012  997  985  973  970  966  994 1045 1056
087QUEPOS  2012 11  1000  959  950  959  950  964  987  987  962  960  984
087QUEPOS  2012 12   998  971  955  928  916  909  891  886  896  900  911
087QUEPOS  2012 13   915  898  882  875  876  871  862  847  845
087QUEPOS  2012 21   850  868  882  858  827  819  827  834  831  822  820
087QUEPOS  2012 22   837  840  826  807  817  858  883  884  873  882  909
087QUEPOS  2012 23   917  905  887  891  891  863  840
087QUEPOS  2012 31   857  897  923  912  897  899  919  920  901  909  933
087QUEPOS  2012 32   934  937  934  937  915  908  901  900  917  929  914
087QUEPOS  2012 33   886  876  852  839  842  875  900  887  865
087QUEPOS  2012 41   862  881  899  905  913  919  906  905  920  924  884
087QUEPOS  2012 42   885  924  968  986 1005 1028 1035 1048 1046 1019 1010
087QUEPOS  2012 43  1024 1029 1041 1034 1022 1025 1043 1055
087QUEPOS  2012 51  1068 1060 1055 1025 1007 1004  998 1032 1056 1057 1032
087QUEPOS  2012 52  1022 1026 1042 1032 1028 1065 1095 1109 1091 1089 1080
087QUEPOS  2012 53  1094 1132 1144 1140 1120 1111 9999 9999 9999
087QUEPOS  2012 61  9999 9999 9999 9999 9999 9999 9999 9999 9999 9999 9999
087QUEPOS  2012 62  9999 9999 9999 9999 9999 9999 9999 9999 9999 9999 9999
087QUEPOS  2012 63  9999 9999 9999 9999 9999 9999 9999 9999
087QUEPOS  2012 71  9999 9999 9999 9999 9999 9999 9999 9999 9999 9999 9999
087QUEPOS  2012 72  9999 9999 9999 9999 9999 9999 9999 9999 9999 9999 9999
087QUEPOS  2012 73  9999 9999 9999 9999 9999 9999 9999 9999 9999
087QUEPOS  2012 81  9999 9999 9999 9999 9999 9999 9999 9999 9999 9999 9999
087QUEPOS  2012 82  9999 9999 9999 9999 9999 9999 9999 9999 9999 9999 9999
087QUEPOS  2012 83  9999 9999 9999 9999 9999 9999 1034 1025  998
087QUEPOS  2012 91  1017 1020 1018  994  968  970  986  987  998  984  982
087QUEPOS  2012 92  1018 1033 1076 1097 1079 1063 1044 1022 1043 1058 1049
087QUEPOS  2012 93  1041 1033 1025 1029 1027 1042 1048 1035
087QUEPOS  2012101   996  956  966  993  998  988 1008 1036  995  970  946
087QUEPOS  2012102   917  942  957  977  964  934  898  841  852  899  915
087QUEPOS  2012103   914  890  898  907  933  934  933  940  947
087QUEPOS  2012111   956  965  968  990  990  983  986  988 1001 1002 1010
087QUEPOS  2012112  1039 1048 1032 1034 1013  979  953  985 1023 1006  982
087QUEPOS  2012113   985  981  971  987 1018  998  956  957
087QUEPOS  2012121   989  994  979 1006 1061 1098 1075 1007  981 1007 1028
087QUEPOS  2012122  1001  975  982  987 1007 1008 1023 1037 1012  993 1015
087QUEPOS  2012123  1052 1016  984 1018 1061 1040 1000  995  988
087QUEPOS  2013 11   972  979  996  998 1021 1040 1034 1021 1005 1002 1002
087QUEPOS  2013 12  1006 1004 1021 1031 1014  975  962  965  955  945  942
087QUEPOS  2013 13   923  911  923  943  942  907  874  877  899
087QUEPOS  2013 21   890  854  830  840  837  833  824  815  814  814  826
087QUEPOS  2013 22   834  829  829  828  830  818  818  826  841  851  836
087QUEPOS  2013 23   834  825  846  866  862  867
087QUEPOS  2013 31   874  862  842  826  828  840  864  884  885  878  901
087QUEPOS  2013 32   931  939  925  929  929  915  898  901  910  890  869
087QUEPOS  2013 33   860  883  922  933  909  884  865  861  879
087QUEPOS  2013 41   858  839  839  853  870  879  881  874  862  860  856
087QUEPOS  2013 42   849  833  828  848  835  850  861  839  843  876  896
087QUEPOS  2013 43   924  943  951  951  946  969  980  966
087QUEPOS  2013 51   956  975  994  994  966  967  994  986  955  943  960
087QUEPOS  2013 52   992  979  943  950  964  966  950  960  979  995 9999
087QUEPOS  2013 53  9999 9999  914  916  930  981 1006  985  946
087QUEPOS  2013 61   918  923  961  998  995  982  945  912  906  919  943
087QUEPOS  2013 62   942  936  945  963  976  993  996  997 1019 1013 1006
087QUEPOS  2013 63   999  986  992 1008 1029 1045 1023  991
087QUEPOS  2013 71   971  974  969  954  940  960  950  916  915  924  898
087QUEPOS  2013 72   869  914  965  988  978  965  959  966  978  976  994
087QUEPOS  2013 73  1035 1052 1021 1017 1027 1009  971  952  969
087QUEPOS  2013 81   968  967  960  957  992 1024 1017 1012 1047 1063 1049
087QUEPOS  2013 82  1036 1046 1046 1045 1025 1015 1001  998 1021 1010 1025
087QUEPOS  2013 83  1047 1023 1003  995  958  932  930  930  919
087QUEPOS  2013 91   916  918  925  933  961  971  958  944  933  939  967
087QUEPOS  2013 92   958  939  938  951  982  992  971  965  970  962  983
087QUEPOS  2013 93   971  958  977 1001 1038 1017  990  991
087QUEPOS  2013101  1038 1085 1085 1032 1023 1045 1042 1060 1067 1031  998
087QUEPOS  2013102   997  994  997 1014 1020 1023 1027  998  959  941  971
087QUEPOS  2013103   984  960  953  950  966  965  955  951  961
087QUEPOS  2013111   975  965  922  910  930  976  976  992 1014 1024 1016
087QUEPOS  2013112  1014 1015 1000  983  989 1017 1028 1029 1015  997 1005
087QUEPOS  2013113  1073 1080 1058 1061 1074 1070 1060 1054
087QUEPOS  2013121  1050 1034 1025 1028 1046 1047 1016 1028 1033 1021 1024
087QUEPOS  2013122  1049 1084 1083 1046 1046 1048 1019 1029 1052 1076 1090
087QUEPOS  2013123  1089 1086 1114 1129 1112 1134 1173 1154 1100
087QUEPOS  2014 11  1072 1035 1013 1014 1048 1069 1042 1010 1005 1016 1017
087QUEPOS  2014 12  1005  997 1011 1008 1017 1015 1003 1001  995  993  989
087QUEPOS  2014 13   965  965  977  982  987  970  962  964  963
087QUEPOS  2014 21   937  924  918  911  902  897  888  873  856  857  865
087QUEPOS  2014 22   879  880  859  861  875  878  880  910  913  881  871
087QUEPOS  2014 23   867  869  888  899  900  870
087QUEPOS  2014 31   868  885  911  916  902  902  894  880  898  918  912
087QUEPOS  2014 32   897  890  896  893  908  930  927  931  953  947  925
087QUEPOS  2014 33   935  955  970  955  955  977  988  990  992
087QUEPOS  2014 41   988  961  942  940  950  945  923  909  925  961  995
087QUEPOS  2014 42  1019 1033 1031 1022 1039 1071 1055 1043 1065 1101 1146
087QUEPOS  2014 43  1142 1135 1160 1170 1177 1219 1257 1244
087QUEPOS  2014 51  1211 1169 1137 1118 1125 1132 1122 1095 1062 1067 1075
087QUEPOS  2014 52  1097 1117 1113 1077 1028 1010 1026 1037 1050 1053 1051
087QUEPOS  2014 53  1079 1111 1105 1077 1045 1028 1025 1027 1037
087QUEPOS  2014 61  1089 1106 1090 1101 9999 9999 9999 9999 9999 9999 9999
087QUEPOS  2014 62  9999 9999 9999 9999 9999 9999 1093 1071 1094 1095 1077
087QUEPOS  2014 63  1050 1034 1018  991  975  971  980  995
087QUEPOS  2014 71  1008 1021 1046 1030 1019 1026  997  992  998 1022 1077
087QUEPOS  2014 72  1094 1093 1098 1071 1066 1035 1007 1039 1054 1069 1088
087QUEPOS  2014 73  1093 1086 1062 1022 1019 1032 1045 1045 1037
087QUEPOS  2014 81  1056 1045 1029 1007  975  952  973 1009 1002  994  995
087QUEPOS  2014 82  1008 1027 1034 1025 1014 1028 1038 1018 1001  986  974
087QUEPOS  2014 83   977  979  984  987 1007 1028 1028 1018 1013
087QUEPOS  2014 91  1014 1003 1007  979  955  978 1017 1032 1041 1049 1050
087QUEPOS  2014 92  1047 1058 1045 1002 1019 1037 1032 1028 1048 1072 1077
087QUEPOS  2014 93  1066 1059 1067 1054 1041 1000  981 1005
087QUEPOS  2014101  1015  975  961 1011 1049 1055 1049 1054 1060 1059 1048
087QUEPOS  2014102  1054 1056 1022  980  986 1013 1027 1051 1090 1092 1069
087QUEPOS  2014103  1055 1061 1049 1029  998  989  996 1010 1036
087QUEPOS  2014111  1044 1036 1069 1088 1086 1064 1057 1066 1079 1064 1044
087QUEPOS  2014112  1029 1024 1060 1084 1067 1036 1015 1004  996  974  973
087QUEPOS  2014113  1018 1042 1045 1035 1037 1075 1120 1157
087QUEPOS  2014121  1177 1172 1153 1125 9999 9999 9999 9999 9999 9999 9999
087QUEPOS  2014122  9999 9999 9999 9999 9999 9999 9999 9999 9999 9999 9999
087QUEPOS  2014123  9999 9999 9999 9999 9999 9999 9999 9999 9999
087QUEPOS  2015 11  9999 9999 9999 9999 9999 9999 9999 9999 9999 9999 9999
087QUEPOS  2015 12  9999 9999 9999 9999 9999 9999 9999 9999 9999 9999 9999
087QUEPOS  2015 13  9999 9999 9999 9999 9999 9999 9999 9999 9999
087QUEPOS  2015 21  9999 9999 9999 9999 9999 9999 9999 9999 9999 9999 9999
087QUEPOS  2015 22  9999 9999 9999 9999 9999 9999 9999 9999 9999 9999 9999
087QUEPOS  2015 23  9999 9999 9999 9999 9999 9999
087QUEPOS  2015 31  9999 9999 9999 9999 9999 9999 9999 9999 9999 9999 9999
087QUEPOS  2015 32  9999 9999 9999 9999 9999 9999 9999 9999 9999 9999 9999
087QUEPOS  2015 33  9999 9999 9999 9999 9999 9999 9999 9999 9999
087QUEPOS  2015 41  9999 9999 9999 9999 9999 9999 9999 9999 9999 9999 9999
087QUEPOS  2015 42  9999 9999 9999 9999 9999 9999 9999 9999 9999 9999 9999
087QUEPOS  2015 43  9999 9999 9999 9999 9999 9999 9999 9999
087QUEPOS  2015 51  9999 9999 9999 9999 9999 9999 9999 9999 9999 9999 9999
087QUEPOS  2015 52  9999 9999 9999 9999 9999 9999 9999 9999 9999 9999 9999
087QUEPOS  2015 53  1151 1136 1135 1128 1127 1143 1151 1146 1146
087QUEPOS  2015 61  1165 1205 1203 1149 1122 1150 1182 1193 1198 1191 1225
087QUEPOS  2015 62  1241 1230 1210 1194 1186 1195 1206 1231 1232 1189 1200
087QUEPOS  2015 63  1255 1288 1287 1247 1225 1237 1236 1224
087QUEPOS  2015 71  1236 1297 1348 1335 1295 1239 1198 1178 1188 1197 1173
087QUEPOS  2015 72  1161 1179 1171 1168 1167 1172 1146 1092 1080 1095 1122
087QUEPOS  2015 73  1111 1093 1147 1165 1147 1130 1100 1092 1108
087QUEPOS  2015 81  1123 1142 1147 1146 1167 1195 1204 1183 1152 1165 1161
087QUEPOS  2015 82  1142 1140 1160 1192 1173 1158 1167 1178 1200 1189 1197
087QUEPOS  2015 83  1280 1303 1252 1211 1192 1214 1224 1208 1198
087QUEPOS  2015 91  1176 1128 1100 1092 1092 1092 1085 1084 1107 1113 1122
087QUEPOS  2015 92  1170 1189 1175 1145 1134 1171 1200 1208 1172 1184 1218
087QUEPOS  2015 93  1271 1359 1412 1377 1315 1287 1278 1271
087QUEPOS  2015101  1290 1313 1312 1273 1234 1203 1196 1211 1232 1222 1185
087QUEPOS  2015102  1172 1181 1189 1185 1168 1155 1153 1160 1180 1162 1150
087QUEPOS  2015103  1160 1170 1188 1208 1209 1194 1197 1212 1214
087QUEPOS  2015111  1203 1215 1236 1246 1212 1184 1194 1208 1218 1193 1200
087QUEPOS  2015112  1202 1217 1259 1276 1306 1347 1334 1294 1294 1318 1312
087QUEPOS  2015113  1285 1269 1277 1317 1323 1325 1341 1348
087QUEPOS  2015121  1323 1321 1360 1348 1344 1315 1265 1230 1212 1227 1227
087QUEPOS  2015122  1216 1208 1231 1277 1291 1271 1268 1278 1297 1294 1280
087QUEPOS  2015123  1272 1262 1249 1266 1276 1274 1242 1232 1243
087QUEPOS  2016 11  1222 1179 1190 1226 1222 1207 1198 1190 1176 1142 1108
087QUEPOS  2016 12  1122 1122 1127 1156 1147 1124 1094 1063 1055 1062 1056
087QUEPOS  2016 13  1061 1076 1058 1034 1032 1027 1000  951  944
087QUEPOS  2016 21   984 1010 1047 1040 1019 1040 1050 1054 1071 1090 1098
087QUEPOS  2016 22  1103 1097 1113 1148 1185 1161 1180 1200 1182 1155 1126
087QUEPOS  2016 23  1089 1068 1057 1041 1028 1009 1003
087QUEPOS  2016 31   999  995  987  968  934  926  940  978  984  967  950
087QUEPOS  2016 32   973  994  989  969  966  941  925  950  970  985  996
087QUEPOS  2016 33  1018 1016 1007 1012 1002 1010 1017 1004  989
087QUEPOS  2016 41   988  994 1009  990  993 1042 1053 1038 1031 1038 1004
087QUEPOS  2016 42   965  971  982  982  962  949  952  955  967  971  956
087QUEPOS  2016 43   947  955  959  962  962  948  965  985
087QUEPOS  2016 51   978  951  932  951  959  964  946  932  928  892  901
087QUEPOS  2016 52   956 1029 1061 1048 1031 1002  983  978  973  983 1016
087QUEPOS  2016 53  1061 1054 1033 1037 1065 1055 1032 1080 1100
087QUEPOS  2016 61  1084 1079 1078 1088 1077 1066 1074 1053 1019  987  977
087QUEPOS  2016 62  1007 1034 1032  997  967  980 1003 1007 1004 1008  988
087QUEPOS  2016 63   971  987 1010 1015 1030 1079 1105 1091
087QUEPOS  2016 71  1073 1063 1052 1042 1053 1070 1086 1079 1081 1104 1109
087QUEPOS  2016 72  1106 1089 1055 1022 1042 1045 1049 1058 1036 1020 1029
087QUEPOS  2016 73  1056 1080 1096 1102 1095 1099 1094 1068 1050
087QUEPOS  2016 81  1040 1021 1051 1056 1046 1043 1040 1054 1069 1061 1029
087QUEPOS  2016 82  1019 1045 1080 1097 1107 1093 1083 1094 1097 1089 1071
087QUEPOS  2016 83  1076 1107 1141 1132 1117 1120 1124 1134 1114
087QUEPOS  2016 91  1060 1039 1042 1079 1077 1057 1052 1065 1060 1026 1004
087QUEPOS  2016 92   998  987  981  990 1001 1035 1055 1053 1060 1040 1017
087QUEPOS  2016 93  1037 1050 1040 1041 1048 1058 1081 1086
087QUEPOS  2016101  1091 1102 1127 1116 1102 1091 1070 1073 1088 1109 1100
087QUEPOS  2016102  1075 1074 1107 1147 1119 1088 1085 1100 1097 1051 1016
087QUEPOS  2016103   970  963  991 1008 1020 1029 1036 1037 1027
087QUEPOS  2016111  1038 1024  987  978  975  983  983  981 1003 1037 1058
087QUEPOS  2016112  1055 1041 1049 1048 1050 1060 1081 1118 1113 1101 1110
087QUEPOS  2016113  1111 1118 1114 1086 1076 1052 1065 1089
087QUEPOS  2016121  1066 1039 1036 1062 1058 1049 1053 1036 1037 1048 1074
087QUEPOS  2016122  1073 1043 1022  996  967  977  982  988 1017 1041 1030
087QUEPOS  2016123  1032 1057 1065 1058 1054 1060 1047 1028 1048
087QUEPOS  2017 11  1075 1079 1098 1099 1070 1051 1041 1037 1045 1063 1071
087QUEPOS  2017 12  1072 1105 1133 1133 1123 1087 1058 1046 1041 1018 1007
087QUEPOS  2017 13   988  958  950  932  948  978  987  976 1010
087QUEPOS  2017 21  1057 1056 1044 1043 9999 9999 9999 9999 9999 9999 9999
087QUEPOS  2017 22  9999 9999 9999 9999 9999 9999 9999 9999 9999 9999 9999
087QUEPOS  2017 23  9999 9999 9999 9999 9999 9999
087QUEPOS  2017 31  9999 9999  972  981 1000 1007 1009 1014 1011 1014  994
087QUEPOS  2017 32   988 1020 1042 1008  997 1002  988  959  954  951  979
087QUEPOS  2017 33   994  992  996 1003  984  986 1010  997  971
087QUEPOS  2017 41   989 1000  997  999  992 1006 1025 1025  990 1000 1038
087QUEPOS  2017 42  1067 1075 1055 1052 1048 1040 1056 1046 1033 1032 1038
087QUEPOS  2017 43  1051 1050 1038 1030 1056 1044  999  958
087QUEPOS  2017 51   954  987  992  993 1003  986 1007 1042 1046 1041 1043
087QUEPOS  2017 52  1040 1037 1027  998 1024 1072 1114 1118 1120 1117 1097
087QUEPOS  2017 53  1110 1130 1133 1104 1078 1065 1055 1061 1110
087QUEPOS  2017 61  1158 1172 1149 1126 1136 1143 1124 1095 1110 1128 1096
087QUEPOS  2017 62  1097 1105 1111 1108 1095 1085 1078 1068 1051 1064 1060
087QUEPOS  2017 63  1061 1085 1089 1096 1119 1120 1105 1099
087QUEPOS  2017 71  1078 1065 1073 1094 1091 1067 1058 1058 1078 1096 1126
087QUEPOS  2017 72  1136 1112 1102 1095 1103 1126 1134 1122 1129 1155 1174
087QUEPOS  2017 73  1162 1141 1131 1118 1134 1142 1127 1113 1120
087QUEPOS  2017 81  1107 1098 1083 1058 1062 1090 1103 1091 1068 1055 1072
087QUEPOS  2017 82  1094 1102 1097 1105 1101 1111 1122 1115 1115 1104 1109
087QUEPOS  2017 83  1103 1097 1080 1058 1048 1036 1017 1017 1011
087QUEPOS  2017 91   981  963  998 1025 9999 9999 9999 9999 9999 9999 9999
087QUEPOS  2017 92  9999 9999 9999 9999 9999 9999 9999 9999 9999 9999 9999
087QUEPOS  2017 93  9999 9999 9999 9999 9999 9999 9999 9999
087QUEPOS  2017101   123  111   82   55   39   22   52   34   38   68   68
087QUEPOS  2017102    30   35   56   68   62   66   90  107  113   95   78
087QUEPOS  2017103    92  110   85   85   88   77   80   98  113
087QUEPOS  2017111   122  129  144  114   60   32   85  134  130  120  132
087QUEPOS  2017112   147  168  157  102   45   45   80   96  113  112  102
087QUEPOS  2017113   129  118  102   79   64   81   89   97
087QUEPOS  2017121    99   77   79  104  126  147  161  171  149  125  111
087QUEPOS  2017122   103  117  125  148  156  129  114   92   88   79   63
087QUEPOS  2017123    54   67   59   43   46   50   58   72   60
087QUEPOS  2018 11    70  105  122  121  100  113  147  148  133  127  100
087QUEPOS  2018 12    69   61   64   54   45   28   23   50   49   37   61
087QUEPOS  2018 13    69   63   78   87   78   96  109  120  127
087QUEPOS  2018 21   118  119  122  115  114  130  123  103  115  119   94
087QUEPOS  2018 22    67   44   44   40   36   42   59   65   32   27   18
087QUEPOS  2018 23    -7  -52  -51  -63  -55  -46
087QUEPOS  2018 31   -52  -50  -30  -30  -44  -66  -77  -61  -47  -33  -28
087QUEPOS  2018 32   -46  -42  -54  -64  -56  -56  -35    0   19    5  -22
087QUEPOS  2018 33   -29  -11   15   38   54   69   80  100   92
087QUEPOS  2018 41    84   84   88   87 9999 9999 9999 9999 9999 9999 9999
087QUEPOS  2018 42  9999 9999 9999 9999 9999 9999 9999 9999 9999 9999 9999
087QUEPOS  2018 43  9999 9999 9999 9999 9999 9999 9999 9999
087QUEPOS  2018 51    55   76   99   98   82   47   47   89  126  140  115
087QUEPOS  2018 52   105   96   85   99   98   89   58   50   66   83   74
087QUEPOS  2018 53    57   70  125  153  117   92   84   79  114
087QUEPOS  2018 61   154  148  128  114  117  127  115  121  159  165  159
087QUEPOS  2018 62   132  115  111  117  108  123  151  132  105   87  140
087QUEPOS  2018 63   177  142  123  108  106  125  137  138
087QUEPOS  2018 71   147  160  197  216  214  211  215  213  199  176  192
087QUEPOS  2018 72   204  212  197  170  154  126  126  168  187  168  131
087QUEPOS  2018 73    95   94  123  132  105   77  120  162  175
087QUEPOS  2018 81   160  170  227  231  214  203  190  188  167  150  141
087QUEPOS  2018 82   148  148  124  102   98  102  117  121  105 9999 9999
087QUEPOS  2018 83    71   70   70  104  134  140  124  122  124
087QUEPOS  2018 91   135  158  151  114  102   97  103  129  145  156  160
087QUEPOS  2018 92   176  203  179  126  130  194  217  205  194  181  187
087QUEPOS  2018 93   206  197  168  153  148  164  175  180
087QUEPOS  2018101   164  117  116  155  160  125  107  121  138  137  132
087QUEPOS  2018102   101   76   87  103  117   91   68   57   78  103  122
087QUEPOS  2018103   136  123  138  156  179  194  206  223  233
087QUEPOS  2018111   219  224  244  235  251  284  305  292  248  224  210
087QUEPOS  2018112   216  207  210  213  211  242  280  284  291  330  356
087QUEPOS  2018113   348  310  302  308  273  244  243  227
087QUEPOS  2018121   204  203  209  181  158  159  172  187  178  191  221
087QUEPOS  2018122   225  202  179  167  198  225  213  209  230  222  197
087QUEPOS  2018123   203  230  230  199  196  230  262  254  231
087QUEPOS  2019 11   225  216  182  142  126  140  138   99   69   51   49
087QUEPOS  2019 12    42   41   73   85   45   -2   -2   33   28   15   16
087QUEPOS  2019 13    27   43   46   69   78   55   24   -2  -30
087QUEPOS  2019 21   -60  -61  -45  -55  -54  -46  -37  -27  -25  -27  -13
087QUEPOS  2019 22    -3   21   12  -16  -35  -14    2   -4  -20   -2   12
087QUEPOS  2019 23    -1   -1   -5  -24    0   29
087QUEPOS  2019 31    69   79   61   30   -8  -29  -27    5   46   47   48
087QUEPOS  2019 32    43   60   57   52   47   58   56   33   27   34   36
087QUEPOS  2019 33    35   23   20    8  -17  -30  -22   19   31
087QUEPOS  2019 41    10    0   19   46   62   59   53   63   61   48   41
087QUEPOS  2019 42    51   63   52   67   99  130  159  155  133  119   90
087QUEPOS  2019 43    70   47   28   27   48   73   84   98
087QUEPOS  2019 51   114   90   50   40   55   69   73   71   91  115  132
087QUEPOS  2019 52   139  133  123  111   83   90  124  170  159  140  113
087QUEPOS  2019 53   102  104  102   79   64   88   94   29  -23
087QUEPOS  2019 61   -36  -20    7   30   55   54   52   49   72   90   81
087QUEPOS  2019 62    95   78   87  103   96  109  125  127  117   98   99
087QUEPOS  2019 63   112  110   95  115  152  164  166  159
087QUEPOS  2019 71   167  193  226  228  218  232  255  238  206  191  195
087QUEPOS  2019 72   202  180  145  123   91   74  113  155  175  148   91
087QUEPOS  2019 73    77   81   81   79   92  107  123  119  114
087QUEPOS  2019 81   104   97  110  109  114  105   80   67   77   85   90
087QUEPOS  2019 82    81   71   85  125  151  154  153  163  211  231  203
087QUEPOS  2019 83   186  176  192  213  193  164  132  123  132
087QUEPOS  2019 91   141  135  137  119   96  102   99   71   63   80   98
087QUEPOS  2019 92   104  111  125   93   61   96  116   94   61   43   49
087QUEPOS  2019 93    32   12   -5   -2   21   38   43   64
087QUEPOS  2019101    88   95   68   52   48   66  102  132  134  143  172
087QUEPOS  2019102   157  122  104   85   93   91   68   68   84   70   74
087QUEPOS  2019103   131  154  178  176  150  129  129  151  144
087QUEPOS  2019111   116   99  100  102  138  174  202  221  198  150  144
087QUEPOS  2019112   133  100   94  107  132  144  142  132  134  164  223
087QUEPOS  2019113   252  248  255  236  193  178  190  220
087QUEPOS  2019121   217  200  195  218  222  197  192  217  219  213  215
087QUEPOS  2019122   205  218  211  187  207  246  222  188  192  231  219
087QUEPOS  2019123   179  161  187  223  197  167  177  187  175
087QUEPOS  2020 11   172  180  150  149  182  195  181  187  227  269  266
087QUEPOS  2020 12   248  267  258  224  185  171  197  195  152  105   85
087QUEPOS  2020 13    74   69   64   65   89   87   87   96  113
087QUEPOS  2020 21   101   89   92   65   62   87   88   65   87  135  143
087QUEPOS  2020 22   142  138  134  131  126  126  141  161  135   91   83
087QUEPOS  2020 23    86   82   67   50   46   48   34
087QUEPOS  2020 31    11   18   31   28   18   -1    6   52   62   34   20
087QUEPOS  2020 32    41   48   31   43   70   49   25   -4  -21    1    9
087QUEPOS  2020 33   -14  -27    4    8   -6  -19  -33  -22  -11
087QUEPOS  2020 41   -23  -53  -47  -27   -4  -11    4   60   94   81   41
087QUEPOS  2020 42   -10  -27    1    7  -11  -36  -41  -17   -9   -7   -8
087QUEPOS  2020 43   -14  -25  -15  -13  -17  -23   -2   38
087QUEPOS  2020 51    49   44   22   40   72  105   82   45   33   25   33
087QUEPOS  2020 52    29   27   48   79   92   80   60   52   67   87   98
087QUEPOS  2020 53   117  133  112   92   77   68   64  101  133
087QUEPOS  2020 61   146  139  121  122   90   46   53  101   99   82   77
087QUEPOS  2020 62    69   59   43   45   71   84   91   78   72   80   72
087QUEPOS  2020 63    65   56   50   68  101  118  129  131
087QUEPOS  2020 71   140  131  135  132  123  124  117  116  126  115   95
087QUEPOS  2020 72   121  151  121  120  156  132  117  116  118  117  104
087QUEPOS  2020 73   108  128  135  119  124  145  139  139  146
087QUEPOS  2020 81   137  139  141  143  146  138  116  110  104   94  132
087QUEPOS  2020 82   140  145  141   91   54   72  106  139  151  135  126
087QUEPOS  2020 83    91   53   36   30   29    5  -20  -11   21
087QUEPOS  2020 91    27   32   51   58   55   26   13    2   -4   -1   28
087QUEPOS  2020 92    62   48    6    2   24   51   80   76   83   91  103
087QUEPOS  2020 93   103   67   23   10   19   43   84   94
087QUEPOS  2020101    88   99   80   45   20   13    7    1  -10  -19   13
087QUEPOS  2020102    78   87   69   82  119  137  145  112  110  120   95
087QUEPOS  2020103    74   60   49   51   32   31   58   61   49
087QUEPOS  2020111    48   59   73   64   71   71   23   -9   17   45   33
087QUEPOS  2020112    16    3   -1   22   24    5  -26  -30   -6   19   69
087QUEPOS  2020113    96  101  115  121  114  112  131  119
087QUEPOS  2020121   111  120  123  108   96   87   94   93  100  127  125
087QUEPOS  2020122   109  107   88   73   76   51   41   59   76   74   60
087QUEPOS  2020123    58   77   65   50   64   68   80   97  109
087QUEPOS  2021 11   102   96   92   88   99  100  111  108   89   82   89
087QUEPOS  2021 12   126  126   97   68   59   61   62   70   85   93   69
087QUEPOS  2021 13    30   40   59   79   73   66   72  100  130
087QUEPOS  2021 21   149  174  188  158  122  100  106   91   67   59   87
087QUEPOS  2021 22    82   58   29    9    1   -7  -34  -58  -53  -31  -25
087QUEPOS  2021 23   -33  -31  -11  -15  -16   -1
087QUEPOS  2021 31    20   22    5    0   27   21  -11  -26   -8   15   17
087QUEPOS  2021 32    15   21   18   38   52   38   26   30   34   35   11
087QUEPOS  2021 33    -8   -1    7   22   34   41   56 9999 9999
087QUEPOS  2021 41  9999 9999 9999 9999 9999 9999 9999 9999 9999 9999 9999
087QUEPOS  2021 42  9999 9999 9999 9999 9999 9999 9999 9999 9999 9999 9999
087QUEPOS  2021 43  9999 9999 9999 9999 9999 9999 9999 9999
087QUEPOS  2021 51  9999 9999 9999 9999 9999 9999 9999 9999 9999 9999 9999
087QUEPOS  2021 52  9999 9999 9999 9999 9999 9999 9999 9999 9999 9999 9999
087QUEPOS  2021 53  9999 9999 9999 9999 9999 9999 9999 9999 9999
087QUEPOS  2021 61  9999 9999 9999 9999 9999 9999 9999 9999 9999 9999 9999
087QUEPOS  2021 62  9999 9999 9999 9999 9999 9999 9999 9999 9999 9999 9999
087QUEPOS  2021 63  9999 9999 9999 9999 9999 9999 9999 9999
