090SOCORRO       LAT=18 44.0N  LONG=111 01.0W
090SOCORRO 1992 51  9999 9999 9999 9999 9999 1709 1685 1698 1725 1719 1706
090SOCORRO 1992 52  1724 1736 1716 1714 1723 1711 1705 1720 1725 1716 1721
090SOCORRO 1992 53  1725 1721 1719 1718 1714 1704 1688 1680 1665
090SOCORRO 1992 61  1681 1693 1685 1691 1706 1708 1685 1679 1695 1688 1664
090SOCORRO 1992 62  1665 1686 1695 1693 1692 1700 1709 1716 1704 1702 1717
090SOCORRO 1992 63  1740 1745 1749 1759 1731 1723 1709 1719
090SOCORRO 1992 71  1738 1751 1759 1758 1784 1662 1588 1615 1632 1635 1630
090SOCORRO 1992 72  1627 1635 1641 1642 1635 1622 1589 1590 1618 1637 1651
090SOCORRO 1992 73  1652 1633 1604 1608 1621 1637 1644 1633 1636
090SOCORRO 1992 81  1630 1639 1649 1632 1624 1622 1631 1642 1648 1649 1670
090SOCORRO 1992 82  1689 1693 1683 1679 1692 1691 1681 1670 1683 1635 1596
090SOCORRO 1992 83  1625 1605 1574 1568 1608 1644 1650 1667 1695
090SOCORRO 1992 91  1709 1712 1716 1709 1691 1688 1694 1714 1733 1736 1717
090SOCORRO 1992 92  1722 1767 1788 1715 1637 1645 1649 1613 1618 1637 1642
090SOCORRO 1992 93  1639 1651 1651 1631 1619 1625 1610 1597
090SOCORRO 1992101  1614 1638 1641 1642 1625 1612 1621 1645 1656 1640 1635
090SOCORRO 1992102  1632 1619 1604 1599 1601 1597 1612 1628 1650 1656 1654
090SOCORRO 1992103  1653 1661 1666 1650 1649 1668 1665 1659 1661
090SOCORRO 1992111  1666 1675 1675 1667 1671 1663 1656 1668 1673 1651 1658
090SOCORRO 1992112  1668 1669 1673 1674 1681 1692 1710 1705 1700 1696 1694
090SOCORRO 1992113  1716 1715 1700 1672 1675 1700 1708 1695
090SOCORRO 1992121  1687 1704 1724 1752 1766 1760 1746 1729 1725 1734 1741
090SOCORRO 1992122  1756 1787 1803 1799 1780 1758 1758 1768 1758 1738 1719
090SOCORRO 1992123  1712 1727 1737 1715 1702 1710 1734 1740 1759
090SOCORRO 1993 11  1753 1725 1711 1688 1672 1661 1666 1684 1708 1724 1708
090SOCORRO 1993 12  1700 1689 1680 1690 1681 1653 1641 1624 1629 1626 1635
090SOCORRO 1993 13  1644 1648 1659 1660 1653 1674 1662 1655 1628
090SOCORRO 1993 21  1628 1645 1619 1585 1584 1581 1589 1627 1614 1580 1577
090SOCORRO 1993 22  1595 1574 1577 1551 1522 1555 1577 1575 1590 1621 1625
090SOCORRO 1993 23  1606 1605 1611 1610 1610 1612
090SOCORRO 1993 31  1604 1588 1556 1558 1580 1567 1569 1569 1587 1596 1612
090SOCORRO 1993 32  1619 1612 1588 1577 1605 1655 1670 1658 1649 1644 1618
090SOCORRO 1993 33  1584 1581 1597 1588 1585 1601 1613 9999 9999
090SOCORRO 1993 41  9999 9999 9999 9999 9999 9999 9999 9999 9999 9999 9999
090SOCORRO 1993 42  9999 9999 9999 9999 9999 9999 9999 1709 1692 1701 1721
090SOCORRO 1993 43  1733 1739 1740 1722 1711 1718 1732 1759
090SOCORRO 1993 51  1761 1756 1757 1772 1760 1749 1761 1749 1734 1708 1701
090SOCORRO 1993 52  1713 1723 1724 1712 1711 1731 1737 1747 1766 1758 1744
090SOCORRO 1993 53  1743 1742 1752 1760 1753 1734 1721 1722 1720
090SOCORRO 1993 61  1724 1729 1736 1735 1713 1683 1672 1686 1702 1690 1688
090SOCORRO 1993 62  1714 1729 1727 1727 1727 1730 1734 1744 1755 1765 1799
090SOCORRO 1993 63  1808 1804 1811 1819 1830 1832 1816 1786
090SOCORRO 1993 71  1768 1773 1773 1771 1783 1791 1783 1746 1737 1741 1752
090SOCORRO 1993 72  1754 1753 1759 1765 1746 1719 1728 1763 1798 1811 1805
090SOCORRO 1993 73  1794 1784 1791 1802 1812 1817 1792 1761 1751
090SOCORRO 1993 81  1790 1814 1818 1830 1855 1875 1880 1875 1852 1824 1828
090SOCORRO 1993 82  1879 1888 1879 1876 1866 1919 1867 1746 1741 1736 1769
090SOCORRO 1993 83  1750 1744 1748 1728 1714 1722 1736 1746 1769
090SOCORRO 1993 91  1787 1781 1754 1755 1767 1756 1741 1757 1779 1787 1770
090SOCORRO 1993 92  1752 1730 1725 1743 1743 1752 1786 1813 1820 1842 1834
090SOCORRO 1993 93  1785 1789 1815 1812 1802 1816 1837 1820
090SOCORRO 1993101  1817 1829 1790 1775 1801 1796 1796 1803 1805 1798 1784
090SOCORRO 1993102  1779 1785 1782 1772 1772 1786 1791 1775 1761 1763 1764
090SOCORRO 1993103  1746 1719 1725 1730 1730 1740 1749 1711 1623
090SOCORRO 1993111  1598 1566 1550 1565 1638 1686 1690 1685 1691 1722 1726
090SOCORRO 1993112  1723 1724 1714 1700 1698 1693 1682 1703 1723 1723 1701
090SOCORRO 1993113  1692 1708 1736 1732 1727 1711 1688 1694
090SOCORRO 1993121  1710 1732 1751 1764 1782 1789 1794 1795 1789 1784 1779
090SOCORRO 1993122  1788 1786 1770 1772 1780 1766 1756 1746 1752 1779 1780
090SOCORRO 1993123  1777 1783 1796 1797 1782 1773 1788 1804 1778
090SOCORRO 1994 11  1761 1777 1781 1776 1751 1765 1770 1774 1782 1781 1777
090SOCORRO 1994 12  1777 1786 1754 1708 1717 1747 1768 1767 1743 1697 1641
090SOCORRO 1994 13  9999 9999 9999 9999 9999 9999 9999 9999 9999
090SOCORRO 1994 21  1699 1745 1760 1765 1798 1812 1804 1805 1800 1780 1754
090SOCORRO 1994 22  1766 1813 1821 1823 1825 1844 1868 1873 1859 1846 1849
090SOCORRO 1994 23  1852 1860 1871 1884 1890 1890
090SOCORRO 1994 31  1889 1888 1873 1852 1859 1865 1868 1874 1858 1854 1840
090SOCORRO 1994 32  1828 1836 1847 1851 1851 1866 1880 1874 1864 1891 1905
090SOCORRO 1994 33  1903 1891 1888 1911 1924 1918 1896 1873 1878
090SOCORRO 1994 41  1865 1862 1872 1885 1887 1863 1862 1874 1894 1899 1895
090SOCORRO 1994 42  1886 1861 1854 1860 1859 1852 1854 1854 1851 1857 1861
090SOCORRO 1994 43  1866 1859 1844 1840 1832 1820 1811 1814
090SOCORRO 1994 51  1810 1807 1811 1819 1809 1789 1789 1788 1771 1745 1739
090SOCORRO 1994 52  1747 1759 1778 1771 1768 1762 1748 1752 1778 1770 1750
090SOCORRO 1994 53  1733 1721 1738 1760 1769 1758 1769 1788 1794
090SOCORRO 1994 61  1804 1803 1776 1742 1742 1744 1730 1719 1737 1749 1755
090SOCORRO 1994 62  1776 1785 1788 1804 1803 1788 1781 1773 1748 1756 1783
090SOCORRO 1994 63  1794 1807 1830 1838 1838 1840 1850 1847
090SOCORRO 1994 71  1855 1863 1880 1901 1888 1859 1870 1885 1871 1856 1843
090SOCORRO 1994 72  1855 1881 1881 1855 1850 1853 1854 1850 1849 1856 1872
090SOCORRO 1994 73  1877 1869 1843 1846 1868 1910 1914 1900 1902
090SOCORRO 1994 81  1916 1923 1918 1919 1934 1930 1933 1927 1905 1895 1937
090SOCORRO 1994 82  1965 1906 1896 1915 1915 1903 1908 1903 1897 1880 1873
090SOCORRO 1994 83  1886 1889 1885 1882 1874 1857 1850 1854 1843
090SOCORRO 1994 91  1831 1839 1867 1864 1818 1810 1807 1835 1849 1824 1831
090SOCORRO 1994 92  1841 1834 1830 1832 1845 1848 1853 1862 1858 1867 1879
090SOCORRO 1994 93  1878 1857 1851 1870 1869 1848 1849 1857
090SOCORRO 1994101  1858 1870 1887 1893 1906 1909 1885 1872 1875 1883 1882
090SOCORRO 1994102  1859 1852 1876 1856 1838 1840 1843 1841 1835 1849 1858
090SOCORRO 1994103  1842 1825 1820 1831 1826 1839 1857 1858 1844
090SOCORRO 1994111  1858 1872 1864 1857 1866 1870 1854 1851 1852 1847 1863
090SOCORRO 1994112  1863 1848 1852 1855 1829 1814 1812 1802 1795 1792 1789
090SOCORRO 1994113  1791 1788 1766 1758 1780 1785 1792 1804
090SOCORRO 1994121  1815 1817 1820 1829 1822 1808 1811 1816 1801 1799 1798
090SOCORRO 1994122  1779 1776 1773 1759 1736 1711 1702 1714 1710 1693 1693
090SOCORRO 1994123  1702 1700 1692 1697 1695 1694 1710 1706 1706
090SOCORRO 1995 11  1718 1715 1714 1707 1706 1729 1739 1738 1740 1744 1760
090SOCORRO 1995 12  1756 1759 1807 1817 1806 1830 1857 1873 1870 1854 1877
090SOCORRO 1995 13  1910 1919 1909 1899 1909 1927 1934 1935 1919
090SOCORRO 1995 21  1901 1896 1890 1873 1886 1901 1899 1897 1894 1909 1931
090SOCORRO 1995 22  1925 1925 1934 1929 1926 1943 1946 1935 1923 1909 1902
090SOCORRO 1995 23  1892 1870 1851 1851 1864 1893
090SOCORRO 1995 31  1935 1946 1930 1927 1919 1920 1905 1891 1873 1845 1831
090SOCORRO 1995 32  1837 1848 1848 1863 1868 1857 1844 1852 1850 1826 1813
090SOCORRO 1995 33  1824 1847 1849 1846 1852 1863 1872 1875 1847
090SOCORRO 1995 41  1832 1833 1828 1830 1841 1841 1827 1835 1850 1852 1846
090SOCORRO 1995 42  1827 1823 1846 1854 1823 1801 1819 1818 1826 1843 1853
090SOCORRO 1995 43  1858 1864 1867 1866 1861 1843 1849 1857
090SOCORRO 1995 51  1874 1873 1854 1849 1854 1864 1828 1798 1827 1869 1894
090SOCORRO 1995 52  1894 1894 1887 1893 1900 1878 1858 1848 1856 1870 1858
090SOCORRO 1995 53  1839 1852 1867 1861 1841 1834 1848 1858 1854
090SOCORRO 1995 61  1851 1850 1857 1853 1846 1842 1826 1821 1821 1819 1812
090SOCORRO 1995 62  1799 1793 1772 1771 1777 1789 1802 1809 1804 1779 1763
090SOCORRO 1995 63  1743 1748 1760 1759 1757 1755 1751 1742
090SOCORRO 1995 71  1740 1746 1748 1762 1763 1759 1761 1750 1736 1744 1764
090SOCORRO 1995 72  1779 1797 1803 1799 1801 1822 1828 1758 1733 1742 1755
090SOCORRO 1995 73  1758 1755 1787 1802 1791 1757 1737 1768 1809
090SOCORRO 1995 81  1824 1817 1813 1809 1826 1847 1850 1857 1875 1884 1858
090SOCORRO 1995 82  1842 1856 1858 1859 1857 1833 9999 9999 9999 9999 1894
090SOCORRO 1995 83  1904 1872 1858 1873 1889 1906 1925 1931 1952
090SOCORRO 1995 91  1969 1960 1948 1942 1924 1928 1946 1957 1971 1983 1983
090SOCORRO 1995 92  1984 2008 2001 1970 1959 1954 1946 1926 1929 1946 1970
090SOCORRO 1995 93  1969 1968 1978 1976 1946 1924 1945 1965
090SOCORRO 1995101  1965 1962 1950 1951 1955 1964 1970 1955 1938 1938 1946
090SOCORRO 1995102  1966 1955 1931 1918 1923 1936 1937 1926 1912 1914 1916
090SOCORRO 1995103  1907 1894 1897 1902 1918 1921 1908 1892 1886
090SOCORRO 1995111  1889 1894 1911 1917 1900 1890 1882 1879 1887 1882 1868
090SOCORRO 1995112  1870 1870 1879 1898 1876 1863 1886 1893 1879 1881 1883
090SOCORRO 1995113  1868 1871 1875 1868 1892 1900 1881 1882
090SOCORRO 1995121  1879 1854 1849 1861 1867 1855 1849 1851 1852 1849 1855
090SOCORRO 1995122  1861 1848 1835 1814 1836 1867 1864 1854 1860 1843 1832
090SOCORRO 1995123  1817 1808 1807 1808 1816 1823 1786 1773 1804
090SOCORRO 1996 11  1840 1839 1824 1827 1813 1812 1817 1797 1787 1785 1784
090SOCORRO 1996 12  1786 1774 9999 9999 9999 9999 9999 9999 9999 9999 9999
090SOCORRO 1996 13  9999 9999 9999 9999 9999 9999 9999 9999 9999
090SOCORRO 1996 21  9999 1730 1718 1712 1703 1740 1766 1764 1771 1765 1762
090SOCORRO 1996 22  1769 1777 1776 1774 1794 1793 1791 1796 1781 1775 1798
090SOCORRO 1996 23  1809 1805 1807 1822 1828 1818 1812
090SOCORRO 1996 31  1826 1838 1832 1820 1817 1842 1861 1858 1833 1812 1811
090SOCORRO 1996 32  1825 1816 1799 1808 1828 1828 1825 1822 1812 1818 1824
090SOCORRO 1996 33  1826 1827 1836 1857 1867 1870 1865 1864 1866
090SOCORRO 1996 41  1859 1854 1851 1859 1875 1880 1876 1832 1802 1813 1822
090SOCORRO 1996 42  1813 1808 1795 1787 1786 1769 1761 1757 1765 1771 1764
090SOCORRO 1996 43  1751 1745 1757 1775 1776 1783 1775 1766
090SOCORRO 1996 51  1753 1762 1781 1773 1779 1787 1779 1782 1786 1789 1797
090SOCORRO 1996 52  1797 1792 1781 1771 1792 1799 1794 1798 1816 1817 1795
090SOCORRO 1996 53  1787 1796 1799 1785 1781 1803 1804 1783 1787
090SOCORRO 1996 61  1806 1827 1843 1850 1850 1852 1861 1880 1872 1854 1871
090SOCORRO 1996 62  1890 1879 1870 1870 1864 1871 1895 1895 1892 1893 1896
090SOCORRO 1996 63  1878 1852 1862 1870 1875 1894 1878 1819
090SOCORRO 1996 71  1828 1870 1889 1886 1884 1873 1882 1890 1875 1851 1840
090SOCORRO 1996 72  1848 1853 1843 1837 1834 1854 1866 1874 1879 1853 1817
090SOCORRO 1996 73  1805 1810 1839 1846 1836 1840 1857 1872 1861
090SOCORRO 1996 81  1878 1815 1806 1827 1822 1808 1809 1797 1784 1799 1821
090SOCORRO 1996 82  1844 1810 1782 1805 1807 1813 1823 1838 1856 1859 1870
090SOCORRO 1996 83  1896 1901 1896 1886 1870 1864 1868 1879 1885
090SOCORRO 1996 91  1896 1914 1893 1889 1905 1899 1896 1902 1909 1913 1914
090SOCORRO 1996 92  1934 1936 1920 1899 1881 1874 1885 1903 1910 1897 1877
090SOCORRO 1996 93  1885 1905 1921 1934 1931 1912 1877 1868
090SOCORRO 1996101  1873 1877 1876 1875 1865 1847 1860 1867 1836 1824 1856
090SOCORRO 1996102  1870 1857 1853 1865 1877 1887 1894 1901 1903 1897 1910
090SOCORRO 1996103  1926 1929 1924 1917 1912 1904 1901 1908 1903
090SOCORRO 1996111  1883 1893 1884 1884 1922 1943 1941 1944 1945 1942 1919
090SOCORRO 1996112  1879 1874 1895 1905 1901 1890 1896 1919 1922 1912 1911
090SOCORRO 1996113  1915 1904 1897 1889 1878 1855 1832 1832
090SOCORRO 1996121  1834 1833 1829 1803 1794 1796 1795 1806 1798 1788 1799
090SOCORRO 1996122  1822 1818 1805 1805 1813 1828 1835 1827 1826 1837 1824
090SOCORRO 1996123  1816 1833 1854 1847 1836 1824 1826 1838 1836
090SOCORRO 1997 11  1845 1851 1849 1838 1839 1847 1831 1796 1778 1801 1825
090SOCORRO 1997 12  1829 1806 1781 1776 1775 1788 1787 1760 1739 1733 1734
090SOCORRO 1997 13  1729 1735 1739 1739 1745 1774 1773 1746 1745
090SOCORRO 1997 21  1752 1770 1799 1813 1813 1819 1827 1811 1793 1791 1795
090SOCORRO 1997 22  1785 1787 1799 1804 1788 1757 1743 1761 1774 1789 1804
090SOCORRO 1997 23  1800 1799 1801 1797 1774 1770
090SOCORRO 1997 31  1776 1769 1761 1765 1752 1756 1778 1790 1790 1793 1786
090SOCORRO 1997 32  1776 1782 1770 1748 1727 1721 1741 1758 1770 1755 1741
090SOCORRO 1997 33  1754 1766 1761 1757 1750 1761 1779 1781 1783
090SOCORRO 1997 41  1792 1795 1783 1786 1793 1794 1795 1808 1809 1789 1782
090SOCORRO 1997 42  1794 1801 1790 1774 1782 1800 1807 1803 1792 1799 1801
090SOCORRO 1997 43  1802 1806 1812 1808 1799 1804 1810 1825
090SOCORRO 1997 51  1833 1813 1794 1803 1819 1832 1827 1795 1777 1797 1789
090SOCORRO 1997 52  1776 1772 1772 1780 1793 1800 1804 1801 1805 1812 1805
090SOCORRO 1997 53  1794 1783 1789 1796 1795 1806 1832 1822 1804
090SOCORRO 1997 61  1830 1863 1856 1846 1855 1879 1878 1868 1874 1877 1869
090SOCORRO 1997 62  1878 1899 1894 1883 1888 1891 1875 1859 1870 1875 1881
090SOCORRO 1997 63  1908 1935 1943 1909 1868 1881 1921 1934
090SOCORRO 1997 71  1924 1921 1918 1905 1891 1874 1877 1885 1901 1904 1881
090SOCORRO 1997 72  1887 1901 1894 1877 1870 1880 1890 1882 1870 1880 1906
090SOCORRO 1997 73  1918 1926 1938 1934 1935 1919 1881 1859 1860
090SOCORRO 1997 81  1889 1869 1820 1869 1921 1929 1947 1975 1961 1950 1965
090SOCORRO 1997 82  1968 1969 1983 1975 1942 1948 1980 1990 1999 1990 1985
090SOCORRO 1997 83  1998 1995 2008 2006 1999 2008 2007 2011 2017
090SOCORRO 1997 91  2013 1985 1972 1989 2005 2008 2017 2032 2030 2017 2029
090SOCORRO 1997 92  2101 1959 1879 1896 1937 1965 1993 2002 2002 1988 9999
090SOCORRO 1997 93  9999 9999 9999 9999 9999 9999 9999 9999
