101MOMBASA       LAT=04 04.2S  LONG=039 39.4E
101MOMBASA 1986 61  9999 9999 9999 9999 9999 9999 9999 9999 9999 9999 9999
101MOMBASA 1986 62  9999 9999 9999 9999 9999 9999 2918 2900 2873 2859 2832
101MOMBASA 1986 63  2813 2828 2821 2832 2845 2850 2866 2860
101MOMBASA 1986 71  2847 2846 2822 2806 2782 2780 2791 2790 2798 2808 2809
101MOMBASA 1986 72  2803 2798 2797 2808 2803 2789 2776 2775 2783 2815 2854
101MOMBASA 1986 73  2825 2827 2844 2828 2810 2795 2792 2791 2795
101MOMBASA 1986 81  2789 2790 2786 2756 2772 2777 2766 2782 2799 2787 2793
101MOMBASA 1986 82  2842 2823 2794 2826 2797 2769 2785 2757 2752 2799 2817
101MOMBASA 1986 83  2844 2843 2832 2812 2792 2781 2774 2778 2800
101MOMBASA 1986 91  2817 2825 2821 2806 2811 2831 2850 2855 2843 2831 9999
101MOMBASA 1986 92  9999 9999 9999 9999 2858 2868 2867 2867 2855 2866 2866
101MOMBASA 1986 93  2874 2855 2840 2826 2822 2819 2804 2820
101MOMBASA 1986101  2865 2879 2869 2869 2863 2849 2865 2856 2864 2847 2824
101MOMBASA 1986102  2830 2825 2831 2828 2811 2804 2798 2790 2777 2780 2797
101MOMBASA 1986103  2823 2844 2837 2842 2861 2881 2889 2888 9999
101MOMBASA 1986111  9999 9999 9999 9999 2885 2874 2853 2851 2875 2881 2831
101MOMBASA 1986112  2825 2810 2804 2792 2739 2754 2766 2787 2752 2779 2777
101MOMBASA 1986113  2774 2800 2820 2846 2852 2834 9999 9999
101MOMBASA 1986121  9999 2785 2762 2751 2765 2773 2784 2781 2784 2774 2768
101MOMBASA 1986122  2761 2747 2706 2699 2727 2749 2763 2776 2809 9999 9999
101MOMBASA 1986123  9999 2869 2860 2856 2847 2834 2794 2775 2749
101MOMBASA 1987 11  2756 2764 2778 2786 2772 2784 2780 2771 2777 2763 2750
101MOMBASA 1987 12  2748 2747 2772 2793 2800 2780 2745 2755 2756 2747 2732
101MOMBASA 1987 13  2726 2718 2693 2698 2717 2746 2765 2783 2780
101MOMBASA 1987 21  2784 2812 2825 2859 2865 9999 9999 9999 9999 2768 2755
101MOMBASA 1987 22  2778 2796 2826 2863 2860 2873 2890 2925 2909 2854 2817
101MOMBASA 1987 23  2800 2777 2781 2802 2823 2831
101MOMBASA 1987 31  2843 2846 2858 2862 2875 2883 2864 2857 2850 2863 2879
101MOMBASA 1987 32  2871 2876 2910 2912 2903 2883 2892 2881 2878 2903 2878
101MOMBASA 1987 33  2901 2910 2920 2929 2954 2939 2917 2911 2903
101MOMBASA 1987 41  2922 2931 2907 2889 2901 2941 2931 2927 2945 2938 2951
101MOMBASA 1987 42  2962 2955 2940 2921 2918 2910 2908 2919 2925 2948 2976
101MOMBASA 1987 43  3001 3006 3013 3015 3004 2983 2939 2944
101MOMBASA 1987 51  2939 2936 2933 2946 2975 2993 3002 2998 2994 9999 9999
101MOMBASA 1987 52  9999 2988 2971 2928 2943 2967 2943 2957 2974 2959 2951
101MOMBASA 1987 53  2965 3020 2982 2964 9999 9999 9999 9999 9999
101MOMBASA 1987 61  9999 9999 9999 9999 9999 9999 9999 9999 2945 2909 2884
101MOMBASA 1987 62  2900 2904 2918 2954 2973 2969 2987 2949 2927 2904 2890
101MOMBASA 1987 63  2901 2910 2878 2859 2861 2854 2864 2879
101MOMBASA 1987 71  2917 2923 2909 2928 2902 2880 2856 2848 2851 2869 2870
101MOMBASA 1987 72  2862 2890 2892 2882 2885 2890 2931 2915 2911 2899 2866
101MOMBASA 1987 73  2853 2854 2859 2876 2884 2905 2900 2888 2904
101MOMBASA 1987 81  2890 2901 9999 9999 9999 9999 9999 9999 9999 9999 2929
101MOMBASA 1987 82  2924 2869 2862 2889 2889 2879 2861 2849 2819 2817 2826
101MOMBASA 1987 83  2821 2829 2838 2838 2852 2870 2861 2859 2832
101MOMBASA 1987 91  2799 2803 2810 2807 2831 2835 2861 2867 2864 2833 2830
101MOMBASA 1987 92  2831 2826 2830 2835 2831 2824 2820 2827 2852 2846 2843
101MOMBASA 1987 93  2863 2862 2846 2832 2845 2835 2823 2823
101MOMBASA 1987101  2841 2853 2843 2869 2920 2924 2897 2903 2920 2893 2912
101MOMBASA 1987102  2903 2882 2869 2861 2850 2881 2906 2914 2936 2925 2896
101MOMBASA 1987103  2940 2938 2916 2892 2862 2867 2884 2900 2920
101MOMBASA 1987111  2947 2934 2937 2930 2910 9999 9999 9999 9999 9999 9999
101MOMBASA 1987112  9999 9999 9999 9999 9999 9999 9999 9999 9999 9999 9999
101MOMBASA 1987113  9999 9999 9999 9999 9999 9999 9999 9999
101MOMBASA 1987121  9999 9999 9999 9999 9999 9999 9999 9999 9999 9999 9999
101MOMBASA 1987122  9999 9999 9999 9999 9999 9999 9999 9999 9999 9999 9999
101MOMBASA 1987123  9999 9999 9999 9999 9999 9999 9999 9999 9999
101MOMBASA 1988 11  9999 9999 9999 9999 9999 9999 9999 9999 9999 9999 9999
101MOMBASA 1988 12  9999 9999 9999 9999 9999 9999 9999 9999 9999 9999 9999
101MOMBASA 1988 13  9999 9999 9999 9999 9999 9999 9999 9999 9999
101MOMBASA 1988 21  9999 9999 9999 9999 9999 9999 9999 9999 9999 9999 9999
101MOMBASA 1988 22  9999 9999 9999 9999 9999 9999 9999 9999 9999 9999 9999
101MOMBASA 1988 23  9999 9999 9999 9999 9999 9999 9999
101MOMBASA 1988 31  2891 2923 2915 2877 2908 2909 2893 2915 2899 2898 2921
101MOMBASA 1988 32  2890 2897 2894 2900 2898 2901 2928 2963 2963 2915 2935
101MOMBASA 1988 33  2950 2921 2863 2838 2838 2838 2855 2912 2927
101MOMBASA 1988 41  2887 2894 9999 9999 9999 2851 2849 2816 2807 2798 2842
101MOMBASA 1988 42  2875 2873 2921 2922 2941 2955 2935 2926 2924 2912 2906
101MOMBASA 1988 43  2931 2949 2957 2960 2989 3006 3020 3010
101MOMBASA 1988 51  3003 3053 3079 3083 3036 3034 3040 3064 3068 3040 3027
101MOMBASA 1988 52  3024 3032 2973 2925 2903 2868 2849 2860 2853 2872 2872
101MOMBASA 1988 53  2866 2873 2862 2865 2867 2841 2849 9999 9999
101MOMBASA 1988 61  9999 9999 2842 2854 2884 2881 2893 2905 2912 2909 2909
101MOMBASA 1988 62  2894 2893 2872 2817 2831 2855 2866 2839 2870 2898 2907
101MOMBASA 1988 63  2926 2918 2919 2911 2893 2892 2872 2878
101MOMBASA 1988 71  2881 2900 2928 2934 2948 2936 2935 2941 2924 2904 2865
101MOMBASA 1988 72  2865 2902 2908 2933 2950 2926 2931 2910 2886 2869 2857
101MOMBASA 1988 73  2851 2836 2827 2819 2805 2822 2828 2825 2834
101MOMBASA 1988 81  2850 2874 2866 2855 2863 2869 2875 2860 2856 2849 2872
101MOMBASA 1988 82  2902 2918 2919 2929 2927 2924 2909 9999 9999 9999 9999
101MOMBASA 1988 83  9999 9999 9999 9999 9999 9999 9999 9999 2929
101MOMBASA 1988 91  9999 9999 9999 9999 9999 9999 9999 9999 2904 2880 2870
101MOMBASA 1988 92  2864 2882 2847 2835 2854 2856 2876 2879 2881 2871 2866
101MOMBASA 1988 93  2875 2886 2888 2879 2911 2908 2840 2846
101MOMBASA 1988101  2807 2812 2796 2819 2808 2813 2818 2840 2798 2797 2820
101MOMBASA 1988102  2790 2792 2801 2829 2804 2831 2842 2842 2865 2874 2892
101MOMBASA 1988103  2913 2900 2879 2869 2864 2854 2854 2841 2870
101MOMBASA 1988111  2866 2874 2877 2868 2859 2829 2793 2790 2765 2738 2729
101MOMBASA 1988112  2745 2742 2748 2772 2823 2848 2858 2866 2866 2860 2826
101MOMBASA 1988113  2832 2831 2827 2808 9999 9999 9999 9999
101MOMBASA 1988121  2883 2889 2860 2870 2879 2857 2833 2822 2835 2839 2855
101MOMBASA 1988122  2882 2907 2906 2882 2871 2851 2834 2828 2792 2748 2714
101MOMBASA 1988123  2716 2727 2719 2748 2779 2827 2853 2841 2806
101MOMBASA 1989 11  2830 2850 2839 2823 2830 2843 2870 2875 2872 2872 2881
101MOMBASA 1989 12  2846 2829 2802 2796 2814 2791 2792 2778 2775 2781 2792
101MOMBASA 1989 13  2788 2789 2773 2753 2745 2708 2710 2701 2692
101MOMBASA 1989 21  2748 2790 2780 2771 2780 2792 2814 2829 2807 2792 2784
101MOMBASA 1989 22  2766 2768 2783 2780 2779 2759 2763 2783 2793 2796 2792
101MOMBASA 1989 23  2800 2814 2813 2799 2782 2761
101MOMBASA 1989 31  2751 2750 2747 2778 2805 2818 2853 2861 2828 2809 2824
101MOMBASA 1989 32  2840 2844 2873 2918 2962 2977 2979 2967 2974 2968 2954
101MOMBASA 1989 33  2931 2920 2927 2920 2927 2914 2895 2890 2890
101MOMBASA 1989 41  2893 2897 2919 2959 2976 2965 2954 2915 2877 2879 2864
101MOMBASA 1989 42  2869 2900 9999 9999 9999 9999 2946 2983 2984 2928 2881
101MOMBASA 1989 43  2870 2864 2871 2895 2938 2943 2938 2950
101MOMBASA 1989 51  2954 9999 9999 9999 2867 2884 2895 2886 2908 2928 2943
101MOMBASA 1989 52  2957 2933 2919 2878 2886 2885 2887 2870 2859 2849 2875
101MOMBASA 1989 53  2878 2903 2913 2913 2923 2911 2920 2906 2895
101MOMBASA 1989 61  2891 2869 2823 2796 2809 2819 2817 2836 2862 2860 2846
101MOMBASA 1989 62  2853 2876 2873 2871 2858 2881 2864 2826 2818 2828 2873
101MOMBASA 1989 63  2906 2926 2898 2887 2891 2886 2857 2851
101MOMBASA 1989 71  2860 2851 2827 2802 2833 2852 2838 2841 2866 2870 2871
101MOMBASA 1989 72  2849 2818 2807 2797 2788 2790 2800 2808 2787 2782 2822
101MOMBASA 1989 73  2853 2864 2850 2817 2808 2778 2757 2789 2828
101MOMBASA 1989 81  2804 2828 2871 2844 2816 2804 2787 2778 2785 2808 2819
101MOMBASA 1989 82  2821 2805 2799 2801 2818 2842 2853 2816 2836 2870 2848
101MOMBASA 1989 83  2824 2797 2813 2837 2820 2807 2806 9999 9999
101MOMBASA 1989 91  9999 2886 2891 2877 2875 2876 2841 2833 2850 2856 2872
101MOMBASA 1989 92  2887 2917 2930 2918 2923 2905 2891 2882 2878 2882 2901
101MOMBASA 1989 93  2902 2888 2889 2882 2858 2868 2879 2875
101MOMBASA 1989101  2882 2873 2855 2837 2862 2863 2879 2892 2908 2902 2903
101MOMBASA 1989102  2901 2891 2881 2888 2908 2887 2893 2889 2890 2902 2921
101MOMBASA 1989103  2938 2939 2907 2899 2885 2835 2816 2810 2810
101MOMBASA 1989111  2825 2830 2839 2872 2877 2894 2910 2908 2916 2924 2921
101MOMBASA 1989112  2910 2869 2844 2881 2884 2856 2839 2847 2865 2866 2866
101MOMBASA 1989113  2848 2875 2883 2877 2885 2863 2853 2860
101MOMBASA 1989121  2844 2857 2858 2860 2896 2922 2931 2912 2884 2856 2824
101MOMBASA 1989122  2833 2846 2863 2867 2885 2887 2879 2877 2899 2901 2872
101MOMBASA 1989123  2826 2814 2790 2783 2790 2803 2820 2856 2833
101MOMBASA 1990 11  2817 2818 2804 2808 2794 2784 2794 2790 2808 2821 2834
101MOMBASA 1990 12  2820 2808 2838 2848 2860 9999 9999 9999 9999 9999 9999
101MOMBASA 1990 13  2816 2820 2842 2845 2840 2836 2871 2885 2871
101MOMBASA 1990 21  2844 2829 2832 2814 2817 2813 2807 2783 2779 2768 2760
101MOMBASA 1990 22  2762 2748 2747 2752 2769 2756 2747 2771 2758 2750 9999
101MOMBASA 1990 23  9999 9999 9999 9999 9999 9999
101MOMBASA 1990 31  2842 2856 2855 2849 2849 2870 2876 2869 2872 2853 2863
101MOMBASA 1990 32  2828 2865 2890 2864 2837 2819 2866 2874 2872 2884 2887
101MOMBASA 1990 33  2892 2901 2891 2887 2890 2892 2862 2819 2832
101MOMBASA 1990 41  2886 2929 2922 2927 2949 2974 2976 2959 2963 2942 2912
101MOMBASA 1990 42  2922 2936 2914 2933 2948 2965 2989 2973 2970 2979 2970
101MOMBASA 1990 43  2968 2941 2922 2923 2895 2868 2866 2869
101MOMBASA 1990 51  2881 2888 2908 2886 2880 2922 2908 2904 2917 2950 2960
101MOMBASA 1990 52  2978 2987 2981 2968 2945 2953 2966 2968 2973 2945 2912
101MOMBASA 1990 53  2875 2826 9999 9999 9999 9999 9999 9999 2885
101MOMBASA 1990 61  2878 2871 2836 2840 2863 2844 2816 2801 2848 9999 9999
101MOMBASA 1990 62  9999 9999 2944 2983 2947 2924 2857 2798 2766 2831 2839
101MOMBASA 1990 63  2834 2831 2833 2787 2857 2853 2833 2827
101MOMBASA 1990 71  2803 2827 2860 2849 2818 2825 2806 2827 2836 2850 2854
101MOMBASA 1990 72  2859 2876 2878 2864 2878 2872 9999 9999 9999 9999 9999
101MOMBASA 1990 73  9999 9999 9999 9999 9999 9999 9999 9999 9999
101MOMBASA 1990 81  9999 9999 9999 9999 9999 9999 2772 2769 2767 2771 2778
101MOMBASA 1990 82  2771 2762 9999 9999 9999 9999 9999 9999 9999 9999 9999
101MOMBASA 1990 83  9999 9999 2807 2824 2808 2801 2807 2817 2845
101MOMBASA 1990 91  2850 2840 2819 2823 2825 2851 2868 2872 2856 2865 2870
101MOMBASA 1990 92  9999 9999 9999 9999 9999 9999 9999 9999 9999 2877 2810
101MOMBASA 1990 93  2811 2806 2798 2789 2815 2865 2895 2899
101MOMBASA 1990101  2881 2879 2896 2876 2885 2884 2892 2884 2844 2845 2869
101MOMBASA 1990102  2888 2892 2934 2931 2885 9999 9999 9999 2892 2856 2837
101MOMBASA 1990103  2836 2847 2850 2859 2869 2871 2908 2922 2930
101MOMBASA 1990111  9999 9999 9999 9999 9999 2891 2858 2841 2854 2865 2866
101MOMBASA 1990112  2872 2874 2874 2871 2839 2833 2831 2853 2859 2831 2825
101MOMBASA 1990113  2821 2823 2836 2829 2851 2807 2818 2853
101MOMBASA 1990121  9999 9999 9999 9999 9999 9999 9999 9999 9999 9999 9999
101MOMBASA 1990122  9999 9999 9999 9999 9999 9999 9999 9999 9999 9999 9999
101MOMBASA 1990123  9999 9999 9999 9999 9999 9999 9999 9999 9999
101MOMBASA 1991 11  9999 9999 9999 9999 9999 9999 9999 9999 9999 9999 9999
101MOMBASA 1991 12  9999 9999 9999 9999 9999 9999 9999 9999 9999 9999 9999
101MOMBASA 1991 13  9999 9999 9999 9999 9999 9999 9999 9999 9999
101MOMBASA 1991 21  9999 9999 9999 9999 9999 9999 9999 9999 9999 9999 9999
101MOMBASA 1991 22  9999 9999 9999 9999 9999 9999 9999 9999 9999 9999 9999
101MOMBASA 1991 23  9999 9999 9999 9999 9999 9999
101MOMBASA 1991 31  9999 9999 9999 9999 9999 9999 9999 9999 9999 9999 9999
101MOMBASA 1991 32  9999 9999 9999 9999 9999 9999 9999 9999 9999 9999 9999
101MOMBASA 1991 33  9999 9999 9999 9999 9999 9999 9999 9999 9999
101MOMBASA 1991 41  9999 9999 9999 9999 9999 9999 9999 9999 9999 9999 9999
101MOMBASA 1991 42  9999 9999 9999 9999 9999 9999 9999 9999 9999 9999 9999
101MOMBASA 1991 43  9999 9999 9999 9999 9999 9999 9999 9999
101MOMBASA 1991 51  9999 9999 9999 9999 9999 9999 9999 9999 9999 9999 9999
101MOMBASA 1991 52  9999 9999 9999 9999 9999 9999 9999 9999 9999 9999 9999
101MOMBASA 1991 53  9999 9999 9999 9999 9999 9999 9999 9999 9999
101MOMBASA 1991 61  9999 9999 9999 9999 9999 9999 9999 9999 9999 9999 9999
101MOMBASA 1991 62  9999 9999 9999 9999 9999 9999 9999 9999 9999 9999 9999
101MOMBASA 1991 63  9999 9999 9999 9999 9999 9999 9999 9999
101MOMBASA 1991 71  9999 9999 9999 9999 9999 9999 9999 9999 9999 9999 9999
101MOMBASA 1991 72  9999 9999 9999 9999 9999 9999 9999 9999 9999 9999 9999
101MOMBASA 1991 73  9999 9999 9999 9999 9999 9999 9999 9999 9999
101MOMBASA 1991 81  9999 9999 9999 9999 2827 2840 2853 2849 2868 2910 2895
101MOMBASA 1991 82  2857 2847 2845 2847 2838 2804 2783 2781 2764 2765 2764
101MOMBASA 1991 83  2777 2787 2788 2805 2812 2813 2827 2820 2808
101MOMBASA 1991 91  2817 2790 2807 2852 2887 2890 2880 2884 2878 2847 2823
101MOMBASA 1991 92  2837 2837 2841 2857 2865 2848 2832 2862 2845 2827 2844
101MOMBASA 1991 93  2864 2879 2863 2854 2849 2827 2809 2810
101MOMBASA 1991101  2814 2835 2859 2880 2898 2900 2894 2870 2865 2842 2824
101MOMBASA 1991102  2819 2819 2845 2880 2885 2900 2912 2914 2912 2919 2921
101MOMBASA 1991103  2915 2927 2919 2885 2860 2843 2882 2915 2898
101MOMBASA 1991111  2891 2896 2887 2883 2888 2874 2853 2849 2834 2836 2825
101MOMBASA 1991112  2833 2836 2830 2834 2832 2837 2848 2854 2841 2821 2811
101MOMBASA 1991113  2807 2812 2826 2812 2819 2845 2886 2892
101MOMBASA 1991121  2889 2893 2889 2889 2873 2873 2865 2862 2868 2877 2871
101MOMBASA 1991122  2876 2892 2906 2927 2930 2926 2939 2914 2889 2856 2828
101MOMBASA 1991123  2820 2837 2839 2821 2828 2837 2802 2791 2772
101MOMBASA 1992 11  2750 2759 2777 2768 2754 2750 2754 2774 2781 2764 9999
101MOMBASA 1992 12  9999 9999 2752 2753 2774 2782 2786 2799 2804 2817 2836
101MOMBASA 1992 13  2850 2859 2857 2848 2827 2817 2843 2869 2870
101MOMBASA 1992 21  2880 2889 2910 2914 2900 2887 2868 2872 2888 2876 2847
101MOMBASA 1992 22  2826 2815 2806 2800 2807 2812 2825 2856 2877 2869 2856
101MOMBASA 1992 23  2848 2852 2859 2869 2855 2852 2862
101MOMBASA 1992 31  2873 2878 2877 2877 2845 2840 2823 2808 2811 2804 2810
101MOMBASA 1992 32  2825 2852 2890 2919 2956 2976 2967 2954 2935 2909 2908
101MOMBASA 1992 33  2912 2907 2899 2924 2940 2926 2912 2906 2914
101MOMBASA 1992 41  2925 2927 2926 2943 2948 2950 2953 2938 2922 2912 2901
101MOMBASA 1992 42  2900 2888 2869 2877 2900 2904 2902 2902 2875 2857 2858
101MOMBASA 1992 43  2876 2902 2912 2937 2967 2973 2975 2968
101MOMBASA 1992 51  2948 2944 2919 2933 2939 2939 2941 2961 2975 2964 2937
101MOMBASA 1992 52  2919 2925 2907 2907 2899 2877 2878 2867 2882 2906 2909
101MOMBASA 1992 53  2901 2889 2877 2881 2877 2896 2887 2885 2894
101MOMBASA 1992 61  2896 2898 2902 2902 2917 2925 2937 2969 2980 2976 2947
101MOMBASA 1992 62  2933 2916 2913 2901 2887 2896 2911 2886 2874 2892 2886
101MOMBASA 1992 63  2891 2898 2912 2880 2844 2862 2861 2843
101MOMBASA 1992 71  2862 2889 2894 2903 2930 2959 2941 2927 2915 2913 2906
101MOMBASA 1992 72  2878 2878 2865 2859 2871 2888 2897 2893 2896 2890 2885
101MOMBASA 1992 73  2876 2871 2854 2847 2841 2868 2871 2881 2892
101MOMBASA 1992 81  2881 2884 2899 2904 2904 2892 2868 2841 2831 2837 2838
101MOMBASA 1992 82  2843 2856 2882 2891 2874 2876 2864 2859 2861 2874 2896
101MOMBASA 1992 83  2895 2894 2890 2884 2875 2863 2861 2859 2855
101MOMBASA 1992 91  2848 2838 2840 2832 2838 2852 2833 2821 2840 2861 2869
101MOMBASA 1992 92  2873 2880 2864 2844 2819 2813 2810 2799 2790 2799 2823
101MOMBASA 1992 93  2825 2856 2886 2886 2868 2854 2848 2849
101MOMBASA 1992101  2848 2855 2868 2869 2868 2871 2873 2861 2864 2850 2859
101MOMBASA 1992102  2870 2837 2831 2830 2832 2829 2843 2846 2851 2871 2876
101MOMBASA 1992103  2870 2854 2853 2853 2850 2859 2874 2878 2884
101MOMBASA 1992111  2897 2906 2926 2900 2890 2887 2900 2902 2896 2887 2879
101MOMBASA 1992112  2876 2858 2857 2862 2868 2862 2852 2844 2837 2836 2810
101MOMBASA 1992113  2786 2780 2795 2809 2823 2841 2875 2878
101MOMBASA 1992121  2878 2889 2907 2918 2914 2889 2865 2868 2863 2865 2852
101MOMBASA 1992122  2845 2830 2809 2808 2833 2844 2828 2827 2831 2795 2798
101MOMBASA 1992123  2830 2821 2813 2829 2835 2826 2826 2826 2802
101MOMBASA 1993 11  2832 2853 2883 2892 2883 2875 2871 2895 2920 2906 2908
101MOMBASA 1993 12  2935 2936 2917 2893 2880 2871 2859 2816 2797 2809 2800
101MOMBASA 1993 13  2811 2830 2882 2917 2896 2864 2842 2841 2851
101MOMBASA 1993 21  2859 2880 2898 2896 2922 2935 2920 2889 2839 2829 2830
101MOMBASA 1993 22  2844 2847 2824 2808 2819 2828 2828 2839 2855 2864 2893
101MOMBASA 1993 23  2891 2876 2876 2874 2869 2839
101MOMBASA 1993 31  2818 2813 2832 2839 2836 2847 2865 2874 2895 2895 2893
101MOMBASA 1993 32  2887 2880 2888 2893 2884 2898 2917 2938 2934 2935 2943
101MOMBASA 1993 33  2918 2880 2862 2862 2853 2832 2828 2838 2851
101MOMBASA 1993 41  2876 2898 2917 2931 2940 2970 2963 2929 2925 2912 2886
101MOMBASA 1993 42  2876 2886 2895 2887 2903 2918 2919 2920 2914 2902 2899
101MOMBASA 1993 43  2903 2919 2919 2936 2939 2947 2930 2921
101MOMBASA 1993 51  2918 2904 2899 2898 2891 2883 2856 2853 2869 2900 2912
101MOMBASA 1993 52  2906 2930 2930 2933 2948 2968 2979 2962 2948 2939 2951
101MOMBASA 1993 53  2945 2925 2928 2922 2911 2934 2935 2925 9999
101MOMBASA 1993 61  9999 9999 2912 2893 2879 2882 2916 2927 2936 2963 2963
101MOMBASA 1993 62  2945 2934 2906 2891 2866 2844 2815 2794 2805 2816 2830
101MOMBASA 1993 63  2870 2900 2895 2906 2913 2911 2900 2869
101MOMBASA 1993 71  2866 2864 2873 2882 2885 2896 2887 2895 2897 2887 2880
101MOMBASA 1993 72  2874 2872 2887 2887 2878 2889 2870 2851 2855 2844 2837
101MOMBASA 1993 73  2844 2852 2857 2848 2840 2836 2828 2810 2809
101MOMBASA 1993 81  2812 2811 2823 2823 2811 2804 2797 2804 2792 2794 2801
101MOMBASA 1993 82  2798 2808 2826 2869 2911 2895 2899 2906 2896 2892 2886
101MOMBASA 1993 83  2867 2864 2898 2902 2908 2908 2883 2885 2895
101MOMBASA 1993 91  2890 2890 2901 2912 2898 2851 2853 2864 2848 2865 2884
101MOMBASA 1993 92  2860 2861 2877 2871 2869 2879 2877 2849 2840 2835 2819
101MOMBASA 1993 93  2814 2803 2801 2810 2810 2802 2818 2844
101MOMBASA 1993101  2837 2835 2825 2806 2798 2813 2803 2809 2828 2835 2845
101MOMBASA 1993102  2861 2873 2859 2864 2873 2871 2864 2858 2847 2860 2851
101MOMBASA 1993103  2849 2879 2873 2874 2885 2879 2861 9999 9999
101MOMBASA 1993111  9999 9999 9999 9999 9999 9999 9999 9999 9999 9999 9999
101MOMBASA 1993112  9999 9999 9999 9999 9999 9999 9999 9999 9999 9999 9999
101MOMBASA 1993113  9999 9999 9999 9999 9999 9999 9999 9999
101MOMBASA 1993121  9999 9999 9999 9999 9999 9999 9999 9999 9999 9999 9999
101MOMBASA 1993122  9999 9999 9999 9999 9999 9999 9999 9999 9999 9999 9999
101MOMBASA 1993123  9999 9999 9999 9999 9999 9999 9999 9999 9999
101MOMBASA 1994 11  9999 9999 9999 9999 9999 9999 9999 9999 9999 9999 9999
101MOMBASA 1994 12  9999 9999 9999 9999 9999 9999 9999 9999 9999 9999 9999
101MOMBASA 1994 13  9999 9999 9999 9999 9999 9999 9999 9999 9999
101MOMBASA 1994 21  9999 9999 9999 9999 9999 9999 9999 9999 9999 9999 9999
101MOMBASA 1994 22  9999 9999 9999 9999 2902 2897 2897 2913 2914 2903 2902
101MOMBASA 1994 23  2935 2955 2940 2945 2961 2959
101MOMBASA 1994 31  2954 2939 2904 2887 2890 2914 2931 2946 2949 2936 2918
101MOMBASA 1994 32  2894 2872 2855 2870 2884 2866 2859 2843 2830 2858 2891
101MOMBASA 1994 33  2897 2921 2936 2919 2884 2878 2862 2802 2771
101MOMBASA 1994 41  2741 2756 9999 9999 9999 9999 9999 9999 9999 9999 9999
101MOMBASA 1994 42  9999 9999 9999 9999 9999 2849 2843 2841 2857 2853 2855
101MOMBASA 1994 43  2874 2859 2855 2877 2914 9999 9999 9999
101MOMBASA 1994 51  9999 9999 9999 9999 9999 9999 9999 9999 9999 9999 2811
101MOMBASA 1994 52  2817 2819 9999 9999 9999 9999 9999 2917 2920 2905 2904
101MOMBASA 1994 53  2894 2915 2937 2933 2926 2928 2928 2919 2924
101MOMBASA 1994 61  2947 2949 2976 2986 2967 2962 2952 2947 2942 2927 2950
101MOMBASA 1994 62  2976 2977 2959 2957 2956 2939 2913 2880 2871 2885 2874
101MOMBASA 1994 63  2836 2839 2856 2861 2857 2845 2844 2830
101MOMBASA 1994 71  2850 2877 2885 2871 2891 2921 2926 2939 2938 2952 2959
101MOMBASA 1994 72  2926 2937 2952 2926 2908 2916 2894 2880 2860 2856 2884
101MOMBASA 1994 73  2905 2904 2900 2888 2886 2880 2878 2885 2875
101MOMBASA 1994 81  2886 2895 2886 2894 2868 2887 2926 2912 2932 2952 2913
101MOMBASA 1994 82  2860 2848 2851 2829 2818 2813 2820 2826 2817 2816 2806
101MOMBASA 1994 83  2813 2836 2851 2850 2854 2866 2852 2838 2850
101MOMBASA 1994 91  2853 2846 2850 2854 2854 2862 2876 2854 2810 2824 2835
101MOMBASA 1994 92  2838 2832 2825 2821 2825 2828 2822 2833 2861 2861 2823
101MOMBASA 1994 93  2814 2819 2809 2805 2831 2839 2837 2857
101MOMBASA 1994101  2864 2865 2875 2875 2881 2905 2939 2949 2961 2965 2927
101MOMBASA 1994102  2920 2939 2938 2928 2898 2902 2912 2883 2853 2834 2811
101MOMBASA 1994103  2803 2805 2802 2801 2817 2835 2843 2862 9999
101MOMBASA 1994111  9999 9999 9999 9999 9999 9999 9999 9999 9999 9999 9999
101MOMBASA 1994112  9999 9999 9999 9999 9999 9999 9999 9999 9999 9999 9999
101MOMBASA 1994113  9999 9999 9999 9999 9999 9999 9999 9999
101MOMBASA 1994121  9999 9999 9999 9999 9999 9999 9999 9999 9999 9999 9999
101MOMBASA 1994122  9999 9999 9999 9999 9999 9999 9999 9999 9999 9999 9999
101MOMBASA 1994123  9999 9999 9999 9999 9999 9999 9999 9999 9999
101MOMBASA 1995 11  9999 9999 9999 9999 9999 9999 9999 9999 9999 9999 9999
101MOMBASA 1995 12  9999 9999 9999 9999 9999 9999 9999 9999 9999 9999 9999
101MOMBASA 1995 13  9999 9999 9999 9999 9999 9999 9999 9999 9999
101MOMBASA 1995 21  9999 9999 9999 9999 9999 9999 9999 9999 9999 9999 9999
101MOMBASA 1995 22  9999 9999 9999 9999 9999 9999 9999 9999 9999 9999 9999
101MOMBASA 1995 23  9999 9999 9999 9999 9999 9999
101MOMBASA 1995 31  9999 9999 9999 9999 9999 9999 9999 9999 9999 9999 9999
101MOMBASA 1995 32  9999 9999 9999 9999 9999 9999 9999 9999 9999 9999 9999
101MOMBASA 1995 33  9999 9999 9999 9999 9999 9999 9999 9999 9999
101MOMBASA 1995 41  9999 9999 9999 9999 9999 9999 9999 9999 9999 9999 9999
101MOMBASA 1995 42  9999 9999 9999 9999 9999 9999 9999 9999 9999 9999 9999
101MOMBASA 1995 43  9999 9999 9999 9999 9999 9999 9999 9999
101MOMBASA 1995 51  9999 9999 9999 9999 9999 9999 9999 9999 9999 9999 9999
101MOMBASA 1995 52  9999 9999 9999 9999 9999 9999 9999 9999 9999 9999 9999
101MOMBASA 1995 53  9999 9999 9999 9999 9999 9999 9999 9999 9999
101MOMBASA 1995 61  9999 9999 9999 9999 9999 9999 9999 9999 9999 9999 9999
101MOMBASA 1995 62  9999 9999 9999 9999 9999 9999 9999 9999 9999 9999 9999
101MOMBASA 1995 63  9999 9999 9999 9999 9999 9999 9999 9999
101MOMBASA 1995 71  9999 9999 2913 2907 2913 2892 2880 2894 2871 2865 2876
101MOMBASA 1995 72  2882 2871 2870 2894 2915 2915 2911 2900 2904 2918 2912
101MOMBASA 1995 73  2891 2883 2891 2880 2870 2878 2886 2880 2892
101MOMBASA 1995 81  2890 2880 2884 2891 2895 2880 2861 2836 2839 2832 2848
101MOMBASA 1995 82  2865 2868 2877 2867 2868 2897 2886 2893 2898 2868 2854
101MOMBASA 1995 83  2874 2888 2870 2870 2894 2877 2867 2862 2849
101MOMBASA 1995 91  2855 2871 2878 2890 2881 2867 2883 2883 2880 2888 2893
101MOMBASA 1995 92  2886 2875 2870 2880 2880 2885 2883 2872 2875 2865 2871
101MOMBASA 1995 93  2903 2918 2932 2935 2937 2941 2931 2914
101MOMBASA 1995101  2892 2882 2879 2870 2863 2846 2841 2871 2861 2852 2852
101MOMBASA 1995102  2871 2879 2858 2848 2846 2857 2860 2870 2885 2889 2878
101MOMBASA 1995103  2869 2873 2873 2878 2865 2867 2886 2875 2880
101MOMBASA 1995111  2878 2879 2875 2881 2876 2868 2884 2879 2885 2873 2854
101MOMBASA 1995112  2868 2878 2859 2852 2864 2876 2877 2881 2867 2851 2842
101MOMBASA 1995113  2852 2852 2854 2872 2860 2812 2812 2806
101MOMBASA 1995121  2815 2828 2826 2819 2803 2779 2777 2777 2775 2787 2797
101MOMBASA 1995122  2819 2841 2850 2864 2857 2846 2838 2822 2832 2850 2863
101MOMBASA 1995123  2854 2855 2874 2881 2884 2870 2834 2815 2813
101MOMBASA 1996 11  2786 2783 2812 2851 2869 2855 2852 2866 2854 2852 2862
101MOMBASA 1996 12  2877 2865 2849 2855 2858 2864 2866 2854 2858 2862 2873
101MOMBASA 1996 13  2880 2904 2926 2902 2894 2860 2815 2807 2800
101MOMBASA 1996 21  2811 2833 2847 2848 2857 2878 2890 2884 2895 2926 2940
101MOMBASA 1996 22  2935 2944 2950 2949 2963 2966 2944 2939 2937 2919 2922
101MOMBASA 1996 23  2925 2902 2897 2909 2917 2918 2901
101MOMBASA 1996 31  2891 2880 2881 2867 2861 2852 2848 2864 2872 2879 2913
101MOMBASA 1996 32  2917 2905 2903 2914 2940 2958 2970 2979 2984 2961 2925
101MOMBASA 1996 33  2910 2925 2920 2935 2954 2946 2948 2939 2941
101MOMBASA 1996 41  2927 2919 2920 2913 2911 2912 2911 2907 2904 2893 2892
101MOMBASA 1996 42  2892 2908 2946 2976 2976 2956 2928 2908 2894 2868 2852
101MOMBASA 1996 43  2850 2891 2908 2929 2945 2955 2983 2971
101MOMBASA 1996 51  2946 2963 2978 2965 2956 2945 2936 2917 2903 2896 2889
101MOMBASA 1996 52  2864 2875 2878 2848 2827 2844 2883 2898 2906 2915 2940
101MOMBASA 1996 53  2947 2945 2948 2951 2941 2941 2950 2945 2946
101MOMBASA 1996 61  2947 2926 2932 2953 2972 2988 2978 2970 2952 2950 2959
101MOMBASA 1996 62  2967 2954 2950 2943 2926 2901 2874 2868 2883 2889 2897
101MOMBASA 1996 63  2897 2887 2875 2874 2879 2881 2900 2914
101MOMBASA 1996 71  2921 2906 2909 2913 2918 2910 2876 2865 2855 2830 2819
101MOMBASA 1996 72  2797 2786 2797 2807 2816 2821 2821 2805 2811 2823 2817
101MOMBASA 1996 73  2805 2827 2857 2867 2881 2910 2907 2881 2871
101MOMBASA 1996 81  2874 2869 2843 2832 2825 2826 2819 2821 2804 2788 2781
101MOMBASA 1996 82  2773 2791 2799 2789 2808 2818 2831 2845 2829 2813 2783
101MOMBASA 1996 83  2764 2765 2781 2787 2809 2833 2816 2801 2837
101MOMBASA 1996 91  2829 2806 2805 2799 2794 2804 2800 2794 2801 2801 2805
101MOMBASA 1996 92  2807 2833 2854 2838 2805 2811 2817 2809 2814 2822 2819
101MOMBASA 1996 93  2835 2858 2867 2895 2892 2871 2880 2859
101MOMBASA 1996101  2851 2848 2857 2870 2878 2875 2861 2885 2884 2866 2857
101MOMBASA 1996102  2863 2842 2825 2828 2823 2818 2812 2834 2852 2873 2884
101MOMBASA 1996103  2866 2856 2844 2842 2836 2811 2795 2804 2831
101MOMBASA 1996111  2843 2841 2839 2842 2841 2845 2843 2834 2839 2842 2815
101MOMBASA 1996112  2798 2805 2824 2832 2841 2843 2849 2840 2835 2839 2841
101MOMBASA 1996113  2820 2802 2789 2791 2778 2766 2783 2795
101MOMBASA 1996121  2807 2796 2806 2805 2801 2830 2834 2823 2821 2826 2834
101MOMBASA 1996122  2834 2839 2838 2839 2833 2817 2809 2795 2786 2798 2806
101MOMBASA 1996123  2806 2791 2778 2769 2786 2793 2782 2786 2762
101MOMBASA 1997 11  2810 2820 2804 2784 2785 2781 2771 2797 2807 2808 2799
101MOMBASA 1997 12  2812 2826 2843 9999 9999 9999 9999 9999 9999 9999 9999
101MOMBASA 1997 13  9999 9999 9999 9999 9999 9999 9999 9999 9999
101MOMBASA 1997 21  9999 9999 9999 9999 9999 9999 9999 9999 9999 9999 9999
101MOMBASA 1997 22  9999 9999 9999 9999 9999 9999 9999 9999 9999 9999 9999
101MOMBASA 1997 23  9999 9999 9999 9999 9999 9999
101MOMBASA 1997 31  9999 9999 9999 9999 9999 9999 2836 2870 2879 2874 2869
101MOMBASA 1997 32  2846 2843 2864 2869 2874 2879 2867 2869 2890 2909 2907
101MOMBASA 1997 33  2918 2928 2921 2899 2886 2893 2899 2866 2847
101MOMBASA 1997 41  2847 2860 2869 2844 2867 2884 2869 2844 2840 9999 9999
101MOMBASA 1997 42  9999 9999 9999 9999 9999 9999 9999 9999 9999 9999 9999
101MOMBASA 1997 43  9999 9999 9999 9999 9999 9999 9999 9999
101MOMBASA 1997 51  9999 9999 9999 9999 9999 9999 9999 9999 9999 9999 9999
101MOMBASA 1997 52  9999 9999 9999 9999 9999 9999 9999 9999 9999 9999 9999
101MOMBASA 1997 53  9999 9999 9999 9999 9999 9999 9999 9999 9999
101MOMBASA 1997 61  9999 9999 9999 9999 9999 9999 9999 9999 9999 9999 9999
101MOMBASA 1997 62  9999 9999 9999 9999 9999 9999 9999 9999 9999 9999 9999
101MOMBASA 1997 63  9999 9999 9999 9999 9999 9999 9999 9999
101MOMBASA 1997 71  9999 9999 9999 9999 9999 9999 9999 9999 9999 9999 9999
101MOMBASA 1997 72  9999 9999 9999 9999 9999 9999 9999 9999 9999 9999 9999
101MOMBASA 1997 73  9999 9999 9999 9999 9999 9999 9999 9999 9999
101MOMBASA 1997 81  9999 9999 9999 9999 9999 9999 9999 9999 9999 9999 9999
101MOMBASA 1997 82  9999 9999 9999 9999 9999 9999 9999 9999 9999 9999 9999
101MOMBASA 1997 83  9999 9999 9999 9999 9999 9999 9999 9999 9999
101MOMBASA 1997 91  9999 9999 9999 9999 9999 9999 9999 9999 2834 2840 2822
101MOMBASA 1997 92  2817 2817 2814 2815 2827 2859 2876 2872 2855 2856 2855
101MOMBASA 1997 93  2852 2847 2837 2825 2827 2831 2843 2850
101MOMBASA 1997101  2861 2862 2886 2905 2933 2939 2922 2896 2896 2918 2925
101MOMBASA 1997102  2936 2941 2931 2917 2906 2896 2912 2984 3131 3117 3042
101MOMBASA 1997103  3010 2982 2950 2940 2940 2910 2902 2888 2878
101MOMBASA 1997111  2895 2899 2927 2937 2934 2950 2951 2944 2946 2945 2950
101MOMBASA 1997112  2950 2931 2911 2896 2878 2883 2883 2878 2873 2875 2882
101MOMBASA 1997113  2881 2907 2937 2932 2923 2918 2922 2916
101MOMBASA 1997121  2910 2925 2948 2953 2974 3005 3020 3010 3017 3016 2997
101MOMBASA 1997122  2993 2988 2983 2944 2942 2941 2955 2941 2931 2925 2915
101MOMBASA 1997123  2924 2909 2928 2929 2913 2910 2916 2937 2934
101MOMBASA 1998 11  2954 2964 2978 2994 2996 2991 2979 2954 2909 2885 2885
101MOMBASA 1998 12  2895 2917 2919 2927 2933 2924 2888 2879 2894 2899 2902
101MOMBASA 1998 13  2904 2899 2900 2910 2921 2927 2912 2928 2919
101MOMBASA 1998 21  2930 2950 2946 2930 2934 2936 2934 2931 2931 2943 2951
101MOMBASA 1998 22  2960 2959 2955 2971 2979 2961 2962 2962 2943 2942 2944
101MOMBASA 1998 23  2936 2914 2902 2896 2920 2943
101MOMBASA 1998 31  2939 2940 2949 2949 2966 2989 2988 2987 2999 2990 2992
101MOMBASA 1998 32  3023 3015 3009 3033 3045 3028 3009 2997 3001 2993 2987
101MOMBASA 1998 33  2991 3015 3050 3056 3039 3019 3011 3004 2981
101MOMBASA 1998 41  2976 2976 2994 3003 3023 3034 3026 3027 3034 3045 3039
101MOMBASA 1998 42  3017 3005 2989 2972 2972 2970 3007 3063 3128 3125 3114
101MOMBASA 1998 43  3109 3116 3073 3039 3024 3002 2958 2931
101MOMBASA 1998 51  2926 2941 2978 2969 2956 2941 2951 2970 2962 2953 2935
101MOMBASA 1998 52  2904 2902 2903 2911 2921 2943 2958 2955 2993 3024 3027
101MOMBASA 1998 53  3018 3003 3008 3013 2991 2974 2948 2937 2929
101MOMBASA 1998 61  2934 2917 2900 2897 2895 2879 2885 2879 2867 2880 2901
101MOMBASA 1998 62  2902 2906 2921 2925 2928 2936 2951 2973 2959 2924 2930
101MOMBASA 1998 63  2934 2923 2909 2887 2882 2871 2867 2878
101MOMBASA 1998 71  2873 2878 2863 2854 2852 2836 2831 2856 2860 2850 2846
101MOMBASA 1998 72  2865 2876 2901 2920 2911 2916 2906 2908 2909 2893 2891
101MOMBASA 1998 73  2898 2897 2927 2947 2936 2916 2915 2914 2897
101MOMBASA 1998 81  2901 2908 2899 2896 2890 2871 2860 2867 2888 2903 2917
101MOMBASA 1998 82  2923 2917 2928 2933 2913 2910 2915 2909 2928 2933 2929
101MOMBASA 1998 83  2932 2937 2922 2919 2936 2952 2955 2955 2947
101MOMBASA 1998 91  2942 2930 2926 2931 2927 2920 2915 2926 2921 2919 2917
101MOMBASA 1998 92  2895 2882 2879 2882 2893 2906 2905 2904 2893 2899 2914
101MOMBASA 1998 93  2921 2941 2924 2892 2890 2873 2852 2838
101MOMBASA 1998101  2864 2870 2868 2867 2873 2882 2862 2872 2871 2873 2869
101MOMBASA 1998102  2878 2885 2872 2896 2910 2902 2904 2907 2903 2880 2867
101MOMBASA 1998103  2857 2869 2862 2841 2861 2868 2862 2860 2883
101MOMBASA 1998111  2892 2883 2878 2846 9999 2845 2832 2818 2818 2837 2834
101MOMBASA 1998112  2827 2803 2833 2846 2825 2839 2823 2804 2795 2821 9999
101MOMBASA 1998113  9999 2844 2831 2829 2807 2817 2843 2867
101MOMBASA 1998121  2869 2849 2850 2845 2839 2840 2842 2850 2859 2862 2898
101MOMBASA 1998122  2945 2972 2969 2947 2923 2903 2891 2886 2892 2895 2892
101MOMBASA 1998123  2875 2882 2909 2912 2940 2963 2935 2903 2904
101MOMBASA 1999 11  2900 2889 2895 2911 2909 2902 2909 2913 2934 2931 2907
101MOMBASA 1999 12  2907 2904 2900 2891 2874 2872 2874 2867 2872 2869 2872
101MOMBASA 1999 13  2876 2877 2859 2841 2849 2856 2852 2829 2832
101MOMBASA 1999 21  2846 2844 2821 2814 2813 2808 2793 2782 2763 2770 2779
101MOMBASA 1999 22  2781 2777 2800 2855 2866 2855 2842 2851 2879 2902 2927
101MOMBASA 1999 23  2930 2929 2905 2887 2863 2858
101MOMBASA 1999 31  2852 2862 2864 2863 2907 2957 2964 2950 2928 2919 2922
101MOMBASA 1999 32  2913 2903 2918 2938 2944 2945 2930 2915 2888 2845 2833
101MOMBASA 1999 33  2828 2813 2803 2829 2855 2876 2902 2918 2909
101MOMBASA 1999 41  2898 2877 2878 2885 2862 2858 2868 2869 2871 2882 2892
101MOMBASA 1999 42  2892 2878 2892 2907 2920 2906 2891 2888 2884 2864 2837
101MOMBASA 1999 43  2865 2869 2861 2868 2870 2879 2881 2877
101MOMBASA 1999 51  2853 2846 2865 2872 2893 2898 2910 2909 2899 2904 2918
101MOMBASA 1999 52  2947 2936 2932 2940 2919 2930 2926 2916 2891 2898 2902
101MOMBASA 1999 53  2908 2889 2869 2898 2910 2899 2882 2871 2858
101MOMBASA 1999 61  2848 2844 2869 2882 2889 2910 2901 2902 2915 2911 2902
101MOMBASA 1999 62  2891 2889 2895 2901 2884 2879 2895 2909 2910 2918 2935
101MOMBASA 1999 63  2943 2949 2928 2891 2874 2887 2909 2921
101MOMBASA 1999 71  2902 2892 2890 2897 2888 2903 2907 2913 2933 2934 2933
101MOMBASA 1999 72  2897 2878 2877 2856 2845 2860 2848 2840 2850 2861 2883
101MOMBASA 1999 73  2870 2843 2836 2840 2820 2835 2867 2876 2882
101MOMBASA 1999 81  2887 2879 2880 2873 2839 2818 2820 2819 2810 2821 2831
101MOMBASA 1999 82  2846 2867 2879 2881 2886 2882 2893 2903 2905 2910 2904
101MOMBASA 1999 83  2910 2903 2895 2889 2874 2883 2887 2888 2883
101MOMBASA 1999 91  2864 2861 2874 2905 2923 2919 2930 2916 2903 2901 2903
101MOMBASA 1999 92  2913 2893 2886 2867 2864 2868 2853 2866 2883 2886 2878
101MOMBASA 1999 93  2897 2913 2926 2942 2939 2928 2908 2916
101MOMBASA 1999101  2915 2899 2900 2899 2918 2935 2917 2914 2940 2936 2914
101MOMBASA 1999102  2902 2881 2860 2846 2833 2816 2830 2842 2845 2833 2842
101MOMBASA 1999103  2870 2870 2858 2850 2835 2814 2793 2770 2774
101MOMBASA 1999111  2776 2781 2795 2800 2807 2791 2793 2807 2810 2820 2817
101MOMBASA 1999112  2822 2832 2845 2858 2859 2901 2925 2928 2930 2915 2901
101MOMBASA 1999113  2890 2857 2848 2858 2857 2857 2848 2858
101MOMBASA 1999121  2876 2871 2866 2860 2864 2865 2858 2853 2850 2847 2852
101MOMBASA 1999122  2842 2837 2837 2850 2833 2823 2812 2816 2815 2791 2772
101MOMBASA 1999123  2776 2798 2792 2802 2808 2830 2841 2833 2825
101MOMBASA 2000 11  9999 2839 2819 2806 2811 2823 2845 2832 2803 2799 2787
101MOMBASA 2000 12  2790 2783 2767 2758 2765 2764 2769 2750 2760 2817 2855
101MOMBASA 2000 13  2885 2880 2877 2872 2866 2864 2849 2819 2784
101MOMBASA 2000 21  2763 2765 9999 2786 2791 2801 2817 2864 2901 2880 2842
101MOMBASA 2000 22  2825 2797 2829 2848 2808 2805 2819 2813 2813 2823 2821
101MOMBASA 2000 23  2802 2781 2763 2769 2805 2819 2824
101MOMBASA 2000 31  9999 2863 2847 2839 2841 2847 2853 2835 2838 2867 2885
101MOMBASA 2000 32  2873 2864 2859 2841 2826 2834 2854 2855 2856 2862 2859
101MOMBASA 2000 33  2850 2834 2817 2810 2801 2797 2792 2790 2817
101MOMBASA 2000 41  2826 2839 2845 2841 2822 9999 2819 2815 2805 2798 2810
101MOMBASA 2000 42  2831 2834 2833 2844 2848 2839 2839 2848 2844 2853 2853
101MOMBASA 2000 43  2831 2823 2820 2822 2808 2819 2834 2822
101MOMBASA 2000 51  2837 2844 2840 9999 2836 2813 2799 2821 2848 2866 2882
101MOMBASA 2000 52  2858 2852 2854 2866 2875 2886 2884 2886 2878 2894 2909
101MOMBASA 2000 53  2917 2927 2924 2922 2927 2910 2901 2888 2872
101MOMBASA 2000 61  2869 2868 2868 2867 9999 2888 2879 2877 2865 2866 2868
101MOMBASA 2000 62  2843 2813 2800 2792 2785 2787 2801 2811 2809 2807 2826
101MOMBASA 2000 63  2818 2831 2847 2839 2837 2851 2851 2860
101MOMBASA 2000 71  9999 2864 2866 2860 2834 2837 2837 2846 2825 2800 2807
101MOMBASA 2000 72  2785 2778 2758 2742 2733 2729 2743 2775 2777 2773 2789
101MOMBASA 2000 73  2794 2803 2818 2817 2812 2847 2872 2856 2854
101MOMBASA 2000 81  2867 2862 2879 9999 2856 2847 2825 2837 2818 2804 2802
101MOMBASA 2000 82  2794 2802 2813 2825 2844 2852 2864 2846 2833 2845 2844
101MOMBASA 2000 83  2838 2832 2826 2819 2808 2817 2815 2811 2811
101MOMBASA 2000 91  2788 2771 2794 2807 9999 2770 2804 2814 2792 2809 2817
101MOMBASA 2000 92  2797 2830 2850 2856 2883 2909 2904 2879 2870 2868 2864
101MOMBASA 2000 93  2854 2875 2877 2870 2867 2860 2858 2855
101MOMBASA 2000101  2852 2855 2865 9999 2808 2837 2847 2830 2841 2860 2849
101MOMBASA 2000102  2856 2862 2852 2846 2851 2844 2833 2839 2854 2851 2865
101MOMBASA 2000103  2880 2875 2868 2859 2834 2803 2809 2808 2782
101MOMBASA 2000111  2787 9999 9999 9999 9999 9999 9999 9999 9999 9999 9999
101MOMBASA 2000112  9999 9999 9999 9999 9999 9999 9999 9999 9999 9999 9999
101MOMBASA 2000113  9999 9999 9999 9999 9999 9999 9999 9999
101MOMBASA 2000121  9999 9999 9999 9999 9999 9999 9999 9999 9999 9999 9999
101MOMBASA 2000122  9999 9999 9999 9999 9999 9999 9999 9999 9999 9999 9999
101MOMBASA 2000123  9999 9999 9999 9999 9999 9999 9999 9999 9999
101MOMBASA 2001 11  9999 9999 9999 9999 9999 9999 9999 9999 9999 9999 9999
101MOMBASA 2001 12  9999 9999 9999 9999 9999 9999 9999 9999 9999 9999 9999
101MOMBASA 2001 13  9999 9999 9999 9999 9999 9999 9999 9999 9999
101MOMBASA 2001 21  9999 9999 9999 9999 9999 9999 9999 9999 9999 9999 9999
101MOMBASA 2001 22  9999 9999 9999 9999 9999 9999 9999 9999 9999 9999 9999
101MOMBASA 2001 23  9999 9999 9999 9999 9999 9999
101MOMBASA 2001 31  9999 9999 9999 9999 9999 9999 9999 9999 9999 9999 9999
101MOMBASA 2001 32  9999 9999 9999 9999 9999 9999 9999 9999 9999 9999 9999
101MOMBASA 2001 33  9999 9999 9999 9999 9999 9999 9999 9999 9999
101MOMBASA 2001 41  9999 9999 9999 9999 9999 9999 9999 9999 9999 9999 9999
101MOMBASA 2001 42  9999 9999 9999 9999 9999 9999 9999 9999 9999 9999 9999
101MOMBASA 2001 43  9999 9999 9999 9999 9999 9999 9999 9999
101MOMBASA 2001 51  9999 9999 9999 9999 9999 9999 9999 9999 9999 9999 9999
101MOMBASA 2001 52  9999 9999 9999 9999 9999 9999 9999 9999 9999 9999 9999
101MOMBASA 2001 53  9999 9999 9999 9999 9999 9999 9999 9999 9999
101MOMBASA 2001 61  9999 9999 9999 9999 9999 9999 9999 9999 9999 9999 9999
101MOMBASA 2001 62  9999 9999 9999 9999 9999 9999 9999 9999 9999 9999 9999
101MOMBASA 2001 63  9999 9999 9999 9999 9999 9999 9999 9999
101MOMBASA 2001 71  9999 9999 9999 9999 9999 9999 9999 9999 9999 9999 9999
101MOMBASA 2001 72  9999 9999 9999 9999 9999 9999 9999 9999 9999 9999 9999
101MOMBASA 2001 73  9999 9999 9999 9999 9999 9999 9999 9999 9999
101MOMBASA 2001 81  9999 9999 9999 9999 9999 9999 9999 9999 9999 9999 9999
101MOMBASA 2001 82  9999 9999 9999 9999 9999 2746 2761 2786 2787 2790 2799
101MOMBASA 2001 83  2796 2802 2793 2793 2794 2777 2760 2755 2751
101MOMBASA 2001 91  2758 2788 2803 2814 2803 2820 2826 2795 2779 2784 2773
101MOMBASA 2001 92  2748 2753 2756 2752 2790 2836 2834 2835 2840 2823 2818
101MOMBASA 2001 93  2811 2790 2776 2761 2756 2762 2763 2763
101MOMBASA 2001101  2767 2767 2790 2809 2822 2828 2836 2835 2836 2849 2855
101MOMBASA 2001102  2861 2849 2847 2842 2838 2814 2803 2803 2761 2756 2768
101MOMBASA 2001103  2774 2784 2767 2772 2782 2801 2818 2815 2832
101MOMBASA 2001111  2852 2860 2868 2876 2853 2855 2864 2868 2892 2905 2904
101MOMBASA 2001112  2917 2911 2883 2839 2833 2852 2829 2826 2825 2814 2806
101MOMBASA 2001113  2803 2780 2776 2790 2789 2791 2799 2785
101MOMBASA 2001121  2762 2775 2777 2772 2789 2792 2788 2786 2796 2798 2800
101MOMBASA 2001122  2816 2825 2818 2815 2815 2810 2789 2784 2780 2772 2788
101MOMBASA 2001123  2791 2786 2789 2795 2781 2754 2741 2737 2730
101MOMBASA 2002 11  2731 2726 2731 2766 2786 2815 2810 2812 2840 2854 2864
101MOMBASA 2002 12  2851 2831 2811 2796 2781 2780 2784 2781 2767 2777 2794
101MOMBASA 2002 13  2790 2789 2784 2773 2764 2778 2788 2802 2802
101MOMBASA 2002 21  2802 2783 2794 2815 2815 2823 2805 2786 2799 2812 2809
101MOMBASA 2002 22  2794 2802 2810 2792 2812 2812 2818 2826 2791 2793 2784
101MOMBASA 2002 23  2774 2782 2807 2835 2871 2913
101MOMBASA 2002 31  2916 2918 2914 2922 2911 2880 2859 2856 2882 2888 2867
101MOMBASA 2002 32  2854 2873 2890 2875 2871 2888 2906 2925 2909 2892 2885
101MOMBASA 2002 33  2899 2908 2905 2911 2922 2910 2895 2889 2877
101MOMBASA 2002 41  2868 2848 2850 2874 2869 2864 2874 2871 2885 2881 2892
101MOMBASA 2002 42  2888 2861 2854 2845 2814 2795 2808 2818 2822 2853 2885
101MOMBASA 2002 43  2907 2929 2944 2932 2898 2886 2877 2852
101MOMBASA 2002 51  2850 2872 2914 2907 2895 2886 2868 2879 2898 2918 2930
101MOMBASA 2002 52  2923 2929 2934 2918 2920 2928 2916 2922 2938 2914 2887
101MOMBASA 2002 53  2860 2838 2814 2778 2741 2716 2712 2719 2719
101MOMBASA 2002 61  2741 2749 2776 2812 2860 2891 2856 2842 2841 2831 2863
101MOMBASA 2002 62  2863 2857 2879 2910 2892 2872 2871 2852 2821 2814 2846
101MOMBASA 2002 63  2837 2819 2803 2830 2851 2848 2822 2798
101MOMBASA 2002 71  2780 2791 2800 2789 2785 2783 2786 2789 2779 2761 2744
101MOMBASA 2002 72  2754 2755 2772 2794 2803 2799 2797 2788 2764 2767 2781
101MOMBASA 2002 73  2798 2816 2819 2808 2824 2830 2827 2838 2849
101MOMBASA 2002 81  2844 2856 2855 2833 2813 2808 2811 2829 2858 2873 2882
101MOMBASA 2002 82  2896 2891 2882 2854 2829 2817 2822 2814 2795 2780 2791
101MOMBASA 2002 83  2793 2799 2808 2808 2826 2841 2859 2847 2833
101MOMBASA 2002 91  2815 2807 2808 2815 2816 2845 2886 2889 2878 2861 2849
101MOMBASA 2002 92  2834 2810 2824 2876 2879 2872 2857 2851 2836 2825 2837
101MOMBASA 2002 93  2870 2900 2893 2870 2861 2853 2844 2832
101MOMBASA 2002101  2836 2815 2815 2839 2857 2883 2868 2851 2850 2843 2828
101MOMBASA 2002102  2813 2803 2814 2856 2894 2891 2887 2880 2877 2878 2866
101MOMBASA 2002103  2858 2831 2794 2794 2799 2802 2822 2815 2821
101MOMBASA 2002111  2864 2908 2923 2910 2883 2870 2851 2849 2871 2865 2867
101MOMBASA 2002112  2879 2900 2924 2924 2928 2924 2930 2922 2906 2913 2908
101MOMBASA 2002113  2898 2896 2904 2896 2876 2902 2908 2905
101MOMBASA 2002121  2914 2928 2934 2914 2904 2907 2910 2895 2868 2867 2864
101MOMBASA 2002122  2860 2844 2849 2840 2835 2838 2829 2814 2814 2825 2830
101MOMBASA 2002123  2824 2832 2846 2843 2821 2814 2821 2813 2809
101MOMBASA 2003 11  2795 2778 2781 2786 2792 2784 2752 2738 2763 2793 2791
101MOMBASA 2003 12  2775 2760 2767 2766 2753 2742 2766 2803 2840 2858 2871
101MOMBASA 2003 13  2869 2866 2865 2851 2849 2844 2832 2820 2814
101MOMBASA 2003 21  2820 2824 2824 2828 9999 9999 2864 2864 2864 2868 2860
101MOMBASA 2003 22  2855 2848 2851 2864 2864 2864 2852 2843 2854 2845 2821
101MOMBASA 2003 23  2813 2814 2784 2746 2752 2765
101MOMBASA 2003 31  2765 2793 2793 2788 2782 2816 2833 2820 2829 2834 2834
101MOMBASA 2003 32  2840 2861 2874 2889 2912 2935 2946 2955 2974 2972 2953
101MOMBASA 2003 33  2921 2900 2890 2869 2879 2917 2937 2936 2952
101MOMBASA 2003 41  2958 2951 2947 2911 2896 2922 2915 2892 2881 2875 2873
101MOMBASA 2003 42  2905 2899 2906 2906 2922 2944 2959 2946 2936 2941 2953
101MOMBASA 2003 43  2941 2923 2937 2968 3000 3030 3022 3014
101MOMBASA 2003 51  3006 2974 2947 2948 2969 2962 2939 2930 2937 2919 2909
101MOMBASA 2003 52  2917 2897 2872 2874 2892 2885 2870 2883 2908 2894 2886
101MOMBASA 2003 53  2901 2920 2913 2903 2871 2832 2813 2803 2808
101MOMBASA 2003 61  2822 2860 2882 2863 2863 2871 2885 2929 2966 2961 2940
101MOMBASA 2003 62  2943 2958 2937 2925 2900 2911 2922 2929 2950 2965 2952
101MOMBASA 2003 63  2943 2933 2911 2879 2865 2865 2844 2841
101MOMBASA 2003 71  2852 2852 2834 2833 2845 2869 2896 2931 2927 2917 2897
101MOMBASA 2003 72  2850 2822 2830 2849 2861 2847 2832 2840 2843 2811 2800
101MOMBASA 2003 73  2808 2805 2801 2792 2802 2810 2823 2870 2899
101MOMBASA 2003 81  2890 2872 2865 2878 2854 2827 2830 2849 2854 2855 2834
101MOMBASA 2003 82  2832 2850 2840 2825 2833 2846 2840 2833 2828 2813 2799
101MOMBASA 2003 83  2797 2816 2834 2856 2869 2891 2907 2915 2907
101MOMBASA 2003 91  2891 2864 2843 2845 2852 2871 2871 2878 2894 2877 2862
101MOMBASA 2003 92  2863 2872 2868 2870 2877 2865 2853 2859 2856 2860 2879
101MOMBASA 2003 93  2891 2888 2893 2888 2889 2869 2842 2837
101MOMBASA 2003101  2828 2833 2839 2850 2842 2850 2868 2898 2898 2887 2866
101MOMBASA 2003102  2847 2837 2842 2837 2830 2827 2837 2839 2828 2825 2848
101MOMBASA 2003103  2865 2894 2909 2925 2927 2924 2910 2894 2877
101MOMBASA 2003111  2864 2873 2858 2849 2867 2868 2855 2861 2869 2857 2839
101MOMBASA 2003112  2820 2805 2802 2812 2828 2854 2868 2901 2927 2913 2905
101MOMBASA 2003113  2913 2901 2887 2878 2867 2883 2887 2900
101MOMBASA 2003121  2901 2898 9999 2864 2875 2870 2844 2842 2846 2826 2815
101MOMBASA 2003122  2816 2821 2825 2824 2824 2810 2824 2843 2824 2807 2796
101MOMBASA 2003123  2779 2786 2817 2858 9999 9999 9999 9999 9999
101MOMBASA 2004 11  9999 9999 9999 9999 9999 9999 9999 9999 9999 9999 9999
101MOMBASA 2004 12  9999 9999 9999 9999 9999 9999 9999 9999 9999 9999 9999
101MOMBASA 2004 13  9999 9999 9999 9999 9999 9999 9999 9999 9999
101MOMBASA 2004 21  9999 9999 9999 9999 9999 2815 2845 2881 2922 2937 9999
101MOMBASA 2004 22  2927 2916 2907 2913 2915 9999 9999 9999 9999 9999 9999
101MOMBASA 2004 23  9999 9999 9999 9999 9999 9999 9999
101MOMBASA 2004 31  9999 9999 9999 9999 9999 9999 9999 9999 9999 9999 9999
101MOMBASA 2004 32  9999 9999 9999 9999 9999 9999 9999 9999 9999 9999 9999
101MOMBASA 2004 33  9999 9999 9999 9999 9999 9999 9999 9999 9999
101MOMBASA 2004 41  9999 9999 9999 9999 9999 9999 9999 9999 9999 9999 9999
101MOMBASA 2004 42  9999 9999 9999 9999 9999 9999 9999 9999 9999 9999 9999
101MOMBASA 2004 43  9999 9999 9999 9999 9999 9999 9999 9999
101MOMBASA 2004 51  9999 9999 9999 9999 9999 9999 9999 9999 9999 9999 9999
101MOMBASA 2004 52  9999 9999 9999 9999 9999 9999 9999 9999 9999 9999 9999
101MOMBASA 2004 53  9999 9999 9999 9999 9999 9999 9999 9999 9999
101MOMBASA 2004 61  9999 9999 9999 9999 9999 9999 9999 9999 9999 9999 9999
101MOMBASA 2004 62  9999 9999 9999 9999 9999 9999 9999 9999 9999 9999 9999
101MOMBASA 2004 63  9999 9999 9999 9999 9999 9999 9999 9999
101MOMBASA 2004 71  9999 9999 9999 9999 9999 9999 9999 9999 9999 9999 9999
101MOMBASA 2004 72  9999 9999 9999 9999 9999 9999 9999 9999 9999 9999 9999
101MOMBASA 2004 73  9999 9999 9999 9999 9999 9999 9999 9999 9999
101MOMBASA 2004 81  9999 9999 9999 9999 9999 9999 9999 9999 9999 9999 9999
101MOMBASA 2004 82  9999 9999 9999 9999 9999 9999 9999 9999 9999 9999 9999
101MOMBASA 2004 83  9999 9999 9999 9999 9999 9999 9999 9999 9999
101MOMBASA 2004 91  9999 9999 9999 9999 9999 9999 9999 9999 9999 9999 9999
101MOMBASA 2004 92  9999 9999 9999 9999 9999 9999 9999 9999 9999 9999 9999
101MOMBASA 2004 93  9999 9999 9999 9999 9999 9999 9999 9999
101MOMBASA 2004101  9999 9999 9999 9999 9999 9999 9999 9999 9999 9999 9999
101MOMBASA 2004102  9999 9999 9999 9999 9999 9999 9999 9999 9999 9999 9999
101MOMBASA 2004103  9999 9999 9999 9999 9999 9999 9999 9999 9999
101MOMBASA 2004111  9999 9999 9999 9999 9999 9999 9999 9999 9999 9999 9999
101MOMBASA 2004112  9999 9999 9999 9999 9999 9999 9999 9999 9999 9999 9999
101MOMBASA 2004113  9999 9999 9999 9999 9999 9999 9999 9999
101MOMBASA 2004121  9999 9999 9999 9999 9999 9999 9999 9999 9999 9999 9999
101MOMBASA 2004122  9999 9999 9999 9999 9999 9999 9999 9999 9999 9999 9999
101MOMBASA 2004123  9999 9999 9999 9999 9999 9999 9999 9999 9999
101MOMBASA 2005 11  9999 9999 9999 9999 9999 9999 9999 9999 9999 9999 9999
101MOMBASA 2005 12  9999 9999 9999 9999 9999 9999 9999 9999 9999 9999 9999
101MOMBASA 2005 13  9999 9999 9999 9999 9999 9999 9999 9999 9999
101MOMBASA 2005 21  9999 9999 9999 9999 9999 9999 9999 9999 9999 9999 9999
101MOMBASA 2005 22  9999 9999 9999 9999 9999 9999 9999 9999 9999 9999 9999
101MOMBASA 2005 23  9999 9999 9999 9999 9999 9999
101MOMBASA 2005 31  9999 9999 9999 9999 9999 9999 9999 9999 9999 9999 9999
101MOMBASA 2005 32  9999 9999 9999 9999 9999 9999 9999 9999 9999 9999 9999
101MOMBASA 2005 33  9999 9999 9999 9999 9999 9999 9999 9999 9999
101MOMBASA 2005 41  9999 9999 9999 9999 9999 9999 9999 9999 9999 9999 9999
101MOMBASA 2005 42  9999 9999 9999 9999 9999 9999 9999 9999 9999 9999 9999
101MOMBASA 2005 43  9999 9999 9999 9999 9999 9999 9999 9999
101MOMBASA 2005 51  9999 9999 9999 9999 9999 9999 9999 9999 9999 9999 9999
101MOMBASA 2005 52  9999 9999 9999 9999 9999 9999 9999 9999 9999 9999 9999
101MOMBASA 2005 53  9999 9999 9999 9999 9999 9999 9999 9999 9999
101MOMBASA 2005 61  9999 9999 9999 9999 9999 9999 9999 9999 9999 9999 9999
101MOMBASA 2005 62  9999 9999 9999 9999 9999 9999 9999 9999 9999 9999 9999
101MOMBASA 2005 63  9999 9999 9999 9999 9999 9999 9999 9999
101MOMBASA 2005 71  9999 9999 9999 9999 9999 9999 9999 9999 9999 9999 9999
101MOMBASA 2005 72  9999 9999 9999 9999 9999 9999 9999 9999 9999 9999 9999
101MOMBASA 2005 73  9999 9999 9999 9999 9999 9999 9999 9999 9999
101MOMBASA 2005 81  9999 9999 9999 9999 9999 9999 9999 9999 9999 9999 9999
101MOMBASA 2005 82  9999 9999 9999 9999 9999 9999 9999 9999 9999 9999 9999
101MOMBASA 2005 83  9999 9999 9999 9999 9999 9999 9999 9999 9999
101MOMBASA 2005 91  9999 9999 9999 9999 9999 9999 9999 9999 9999 9999 9999
101MOMBASA 2005 92  9999 9999 9999 9999 9999 9999 9999 9999 9999 9999 9999
101MOMBASA 2005 93  9999 9999 9999 9999 9999 9999 9999 9999
101MOMBASA 2005101  9999 9999 9999 9999 9999 9999 9999 9999 9999 9999 9999
101MOMBASA 2005102  9999 9999 9999 9999 9999 9999 9999 9999 9999 9999 9999
101MOMBASA 2005103  9999 9999 9999 9999 9999 9999 9999 9999 9999
101MOMBASA 2005111  9999 9999 9999 9999 9999 9999 9999 9999 9999 9999 9999
101MOMBASA 2005112  9999 9999 9999 9999 9999 9999 9999 9999 9999 9999 9999
101MOMBASA 2005113  9999 9999 9999 9999 9999 9999 9999 9999
101MOMBASA 2005121  9999 9999 9999 9999 9999 9999 9999 9999 9999 9999 9999
101MOMBASA 2005122  9999 9999 9999 9999 9999 9999 9999 9999 9999 9999 9999
101MOMBASA 2005123  9999 9999 9999 9999 9999 9999 9999 9999 9999
101MOMBASA 2006 11  9999 9999 9999 9999 9999 9999 9999 9999 9999 9999 9999
101MOMBASA 2006 12  9999 9999 9999 9999 9999 9999 9999 9999 9999 9999 9999
101MOMBASA 2006 13  9999 9999 9999 9999 9999 9999 9999 9999 9999
101MOMBASA 2006 21  9999 9999 9999 9999 9999 9999 9999 9999 9999 9999 9999
101MOMBASA 2006 22  9999 9999 9999 9999 9999 9999 9999 9999 9999 9999 9999
101MOMBASA 2006 23  9999 9999 9999 9999 9999 9999
101MOMBASA 2006 31  9999 9999 9999 9999 9999 9999 9999 9999 9999 9999 9999
101MOMBASA 2006 32  9999 9999 9999 9999 9999 9999 9999 9999 9999 9999 9999
101MOMBASA 2006 33  9999 9999 9999 9999 9999 9999 9999 9999 9999
101MOMBASA 2006 41  9999 9999 9999 9999 9999 9999 9999 9999 9999 9999 9999
101MOMBASA 2006 42  9999 9999 9999 9999 9999 9999 9999 9999 9999 9999 9999
101MOMBASA 2006 43  9999 9999 9999 9999 9999 9999 9999 9999
101MOMBASA 2006 51  9999 9999 9999 9999 9999 9999 9999 9999 9999 9999 9999
101MOMBASA 2006 52  9999 9999 9999 9999 9999 9999 9999 9999 9999 9999 9999
101MOMBASA 2006 53  9999 9999 9999 9999 9999 9999 9999 9999 9999
101MOMBASA 2006 61  9999 9999 9999 9999 9999 9999 9999 9999 9999 9999 9999
101MOMBASA 2006 62  9999 9999 9999 9999 9999 9999 9999 9999 9999 9999 9999
101MOMBASA 2006 63  9999 9999 9999 9999 9999 9999 9999 9999
101MOMBASA 2006 71  9999 9999 9999 9999 9999 9999 9999 9999 9999 9999 9999
101MOMBASA 2006 72  9999 9999 9999 9999 9999 9999 9999 9999 9999 9999 9999
101MOMBASA 2006 73  9999 9999 9999 9999 9999 9999 9999 9999 9999
101MOMBASA 2006 81  9999 9999 9999 9999 9999 9999 2834 2866 2893 2900 2930
101MOMBASA 2006 82  2960 2957 2945 2932 2939 2946 2928 2915 2923 2914 2886
101MOMBASA 2006 83  2858 2878 2900 2886 2868 2868 2885 2890 2886
101MOMBASA 2006 91  2892 2912 2910 2907 2938 2950 2957 2959 2964 2944 2918
101MOMBASA 2006 92  2903 2877 2866 2876 2871 2863 2868 2871 2851 2817 2825
101MOMBASA 2006 93  2853 2849 2847 2872 2879 2879 2878 2877
101MOMBASA 2006101  2881 2881 2889 2895 2894 2892 2906 2890 2855 2840 2829
101MOMBASA 2006102  2835 2850 2898 2952 3010 3038 3026 3029 3011 3053 3054
101MOMBASA 2006103  3008 2997 2984 2963 2946 2954 2962 2957 2954
101MOMBASA 2006111  2939 2928 2932 2946 2941 2896 2866 2845 2895 2971 9999
101MOMBASA 2006112  9999 9999 9999 9999 9999 9999 9999 9999 9999 9999 9999
101MOMBASA 2006113  9999 9999 9999 9999 9999 9999 9999 9999
101MOMBASA 2006121  9999 9999 9999 9999 9999 9999 9999 9999 2881 2888 2889
101MOMBASA 2006122  2908 2929 2926 2906 2907 2898 2896 2889 2879 2894 2891
101MOMBASA 2006123  2916 2940 2936 2932 2915 2890 2891 2870 2853
101MOMBASA 2007 11  2847 2789 2782 2773 2775 2769 2778 2787 2803 2799 2818
101MOMBASA 2007 12  2838 2838 2840 2865 2876 2874 2882 2882 2873 2869 2863
101MOMBASA 2007 13  2850 2867 2875 2871 2878 2857 2852 2851 2855
101MOMBASA 2007 21  2855 2873 2889 2912 2920 2921 2903 2883 2878 2864 2865
101MOMBASA 2007 22  2863 2838 2844 2864 2872 2881 2918 2970 2999 2987 2960
101MOMBASA 2007 23  2960 2942 2930 2957 2981 2937
101MOMBASA 2007 31  2912 2900 2890 2882 2877 2880 2884 2895 2877 2887 2891
101MOMBASA 2007 32  2879 2900 2934 2945 2969 2985 3008 3011 3001 2981 2952
101MOMBASA 2007 33  2933 2924 2894 2880 2873 2890 2902 2927 2992
101MOMBASA 2007 41  3010 2991 2994 2977 2949 2940 2912 2904 2922 2932 2943
101MOMBASA 2007 42  2948 2960 2966 2998 3024 2997 2961 2940 2921 2919 2952
101MOMBASA 2007 43  2965 2962 2948 2953 2941 2925 2920 2919
101MOMBASA 2007 51  2897 2886 2899 2921 2920 2928 2923 2943 2957 2965 2988
101MOMBASA 2007 52  3021 3045 3063 3053 3016 2973 2943 2925 2928 2947 2963
101MOMBASA 2007 53  2977 2978 2980 3025 3042 3034 3026 3024 3042
101MOMBASA 2007 61  3001 2980 3007 3024 3042 3039 3042 3027 3019 2988 2962
101MOMBASA 2007 62  2941 2939 2920 2923 2936 2929 2967 2986 2968 2985 2992
101MOMBASA 2007 63  2994 2983 2946 2935 2925 2914 2896 2879
101MOMBASA 2007 71  2890 2882 2903 2921 2927 2941 2946 2945 2946 2946 2969
101MOMBASA 2007 72  2976 2942 2923 2930 2925 2922 2941 2950 2943 2942 2925
101MOMBASA 2007 73  2925 2941 2921 2905 2899 2904 2918 2916 2912
101MOMBASA 2007 81  2918 2967 2998 2973 2950 2936 2949 2927 2922 2955 2976
101MOMBASA 2007 82  2979 2971 2980 3001 3014 2987 2948 2949 2958 2971 2958
101MOMBASA 2007 83  2941 2945 2956 2962 2998 3020 3024 3020 2997
101MOMBASA 2007 91  2982 2944 2921 2916 2911 2922 2933 2953 2972 2966 2961
101MOMBASA 2007 92  2959 2966 2949 2957 2944 2947 2964 2950 2962 2981 3003
101MOMBASA 2007 93  3012 3020 3038 3019 3003 3011 3002 2971
101MOMBASA 2007101  2959 2956 2945 2948 2957 2973 2962 2966 2957 2957 2960
101MOMBASA 2007102  2946 2938 2916 2895 2886 2899 2928 2932 2955 2980 2997
101MOMBASA 2007103  3034 3038 2999 2985 2959 2927 2928 2943 2971
101MOMBASA 2007111  2989 3009 3022 3017 3014 3014 2992 2975 2968 2965 2954
101MOMBASA 2007112  2939 2921 2923 2923 2910 2902 2940 2960 2967 2984 2991
101MOMBASA 2007113  2974 2958 2973 2961 2955 2943 2943 2960
101MOMBASA 2007121  2977 2968 2971 2969 2973 2966 2960 2949 2928 2926 2925
101MOMBASA 2007122  2911 2892 2898 2916 2926 2935 2937 2916 2907 2915 2921
101MOMBASA 2007123  2912 2902 2899 2895 2885 2864 2867 2896 2892
101MOMBASA 2008 11  2875 2866 2854 2833 2812 2812 2841 2855 2850 2882 2898
101MOMBASA 2008 12  2916 2928 2944 2962 2955 2910 2891 2912 2924 2958 2987
101MOMBASA 2008 13  2991 2963 2960 2947 2919 2925 2901 2890 2880
101MOMBASA 2008 21  2879 2880 2862 2852 2853 2877 2871 2857 2867 2850 2841
101MOMBASA 2008 22  2840 2858 2888 2897 2878 2866 2878 2881 2863 2848 2855
101MOMBASA 2008 23  2860 2839 2828 2851 2885 2913 2918
101MOMBASA 2008 31  2927 2930 2919 2941 2964 2977 2989 2986 2969 2954 2957
101MOMBASA 2008 32  2952 2928 2896 2878 2912 2943 2951 2959 2983 3001 3012
101MOMBASA 2008 33  2989 2977 2979 2969 2968 2939 2949 2958 2965
101MOMBASA 2008 41  2980 2975 2961 2944 2938 2939 2935 2931 2896 2858 2861
101MOMBASA 2008 42  2854 2866 2866 2868 2867 2867 2893 2909 2894 2889 2890
101MOMBASA 2008 43  2864 2857 2875 2908 2930 2945 2972 2980
101MOMBASA 2008 51  2977 2971 2988 2982 2947 2902 2886 2871 2860 2846 2851
101MOMBASA 2008 52  2867 2872 2867 2861 2863 2853 2850 2882 2908 2924 2941
101MOMBASA 2008 53  2946 2961 2958 2960 2974 2975 2955 2946 2947
101MOMBASA 2008 61  2918 2890 2886 2895 2899 2902 2933 2951 2934 2934 2952
101MOMBASA 2008 62  2960 2958 2960 2973 2968 2915 2884 2891 2894 2916 2908
101MOMBASA 2008 63  2901 2904 2911 2908 2891 2896 2900 2906
101MOMBASA 2008 71  2906 2918 2933 2943 2951 2949 2932 2959 2955 2934 2920
101MOMBASA 2008 72  2887 2882 2893 2903 2938 2935 2936 2955 2968 2984 2988
101MOMBASA 2008 73  2974 2941 2929 2900 2880 2846 2823 2829 2836
101MOMBASA 2008 81  2860 2862 2869 2893 2911 2918 2909 2904 2890 2874 2875
101MOMBASA 2008 82  2894 2897 2898 2905 2919 2897 2882 2891 2899 2886 2882
101MOMBASA 2008 83  2883 2881 2889 2886 2902 2929 2929 2926 2934
101MOMBASA 2008 91  2930 2910 2906 2897 2873 2854 2855 2869 2859 2874 2896
101MOMBASA 2008 92  2894 2905 2939 2959 2951 2945 2952 2961 2940 2913 2906
101MOMBASA 2008 93  2904 2894 2894 2909 2931 2929 2934 2956
101MOMBASA 2008101  2958 2946 2958 2950 2940 2924 2941 2950 2935 2930 2928
101MOMBASA 2008102  2940 2963 2964 2935 2913 2910 2890 2884 2908 2927 2931
101MOMBASA 2008103  2940 2941 2921 2926 2946 2951 2939 2918 2914
101MOMBASA 2008111  2901 2887 2877 2869 2876 2881 2898 2896 2887 2899 2889
101MOMBASA 2008112  2883 2872 2862 2869 2867 2878 2887 2870 2866 2888 2916
101MOMBASA 2008113  2916 2912 2902 2878 2877 2884 2882 2853
101MOMBASA 2008121  2853 2882 2897 2900 2895 2879 2889 2884 2891 2886 2863
101MOMBASA 2008122  2879 2904 2912 2917 2925 2937 2924 2907 2883 2864 2844
101MOMBASA 2008123  2834 2813 2814 2800 2789 2791 2802 2802 2794
101MOMBASA 2009 11  2798 2816 2806 2793 2785 2785 2788 2811 2835 2831 2828
101MOMBASA 2009 12  2842 2835 2849 2840 2807 2808 2835 2832 2824 2826 2818
101MOMBASA 2009 13  2846 2877 2910 2938 2976 2976 2973 2959 2933
101MOMBASA 2009 21  2903 2875 2873 2855 2829 2813 2827 2844 2834 2849 2892
101MOMBASA 2009 22  2903 2902 2909 2915 2943 2939 2924 2928 2932 2944 2962
101MOMBASA 2009 23  2952 2954 2951 2944 2946 2926
101MOMBASA 2009 31  2890 2885 2882 2870 2852 2848 2857 2876 2908 2956 2976
101MOMBASA 2009 32  2981 2973 2947 2921 2930 2913 2893 2905 2909 2918 2939
101MOMBASA 2009 33  2954 2962 2982 2988 2982 2989 2993 3009 3019
101MOMBASA 2009 41  2986 2963 2949 2966 2961 2961 2960 2945 2938 2935 2922
101MOMBASA 2009 42  2934 2955 2969 2955 2952 2969 2971 2956 2933 2903 2893
101MOMBASA 2009 43  2896 2885 2897 2884 2859 2848 2840 2846
101MOMBASA 2009 51  2841 2845 2864 2863 2854 2864 2843 2799 2795 2792 2770
101MOMBASA 2009 52  2799 2838 2872 2908 2901 2906 2924 2929 2903 2889 2891
101MOMBASA 2009 53  2855 2862 2884 2879 2889 2897 2897 2928 2917
101MOMBASA 2009 61  2900 2886 2869 2846 2843 2831 2821 2818 2811 2825 2853
101MOMBASA 2009 62  2894 2910 2917 2921 2905 2892 2882 2873 2870 2844 2836
101MOMBASA 2009 63  2844 2854 2851 2846 2850 2852 2867 2897
101MOMBASA 2009 71  2921 2927 2939 2938 2938 2935 2889 2877 2898 2907 2911
101MOMBASA 2009 72  2905 2885 2882 2865 2834 2829 2847 2845 2867 2898 2924
101MOMBASA 2009 73  2927 2914 2910 2905 2915 2916 2906 2900 2870
101MOMBASA 2009 81  2855 2858 2851 2843 2859 2861 2856 2874 2887 2899 2901
101MOMBASA 2009 82  2890 2884 2862 2838 2843 2869 2894 2936 2968 2956 2930
101MOMBASA 2009 83  2922 2900 2885 2896 2897 2880 2879 2875 2879
101MOMBASA 2009 91  2875 2868 2888 2885 2883 2885 2885 2883 2884 2871 2865
101MOMBASA 2009 92  2874 2887 2897 2918 2947 2972 2959 2935 2919 2909 2900
101MOMBASA 2009 93  2883 2858 2843 2844 2841 2848 2837 2849
101MOMBASA 2009101  2852 2868 2885 2899 2909 2907 2912 2920 2902 2882 2886
101MOMBASA 2009102  2896 2920 2947 2950 2951 2942 2929 2913 2891 2866 2871
101MOMBASA 2009103  2881 2910 2945 2956 2976 3014 3007 2991 3005
101MOMBASA 2009111  3001 2987 2978 2961 2954 2968 2968 2951 2940 2945 2946
101MOMBASA 2009112  2963 2966 2944 2931 2923 2893 2872 2867 2859 2858 2882
101MOMBASA 2009113  2918 2931 2942 2961 2965 2952 2931 2913
101MOMBASA 2009121  2894 2876 2856 2839 2840 2845 2851 2869 2894 2905 2917
101MOMBASA 2009122  2912 2891 2888 2896 2879 2880 2890 2887 2890 2880 2892
101MOMBASA 2009123  2933 2942 2928 2925 2927 2913 2893 2889 2876
101MOMBASA 2010 11  2880 2871 2856 2854 2836 2835 2846 2848 2832 2827 2822
101MOMBASA 2010 12  2800 2772 2753 9999 9999 2778 2803 2807 2839 2859 2865
101MOMBASA 2010 13  2875 2894 2900 2891 2880 2869 2853 2856 2851
101MOMBASA 2010 21  2853 2851 2864 2868 2859 2880 2875 2859 2882 2895 2911
101MOMBASA 2010 22  2926 2930 2918 2933 2943 2921 2922 2919 2898 2880 2870
101MOMBASA 2010 23  2884 2905 2954 2980 2999 3021
101MOMBASA 2010 31  3031 3000 2975 2992 2999 2972 2933 2920 2938 2948 2932
101MOMBASA 2010 32  2925 2940 2940 2928 2916 2912 2922 2931 2945 2966 2974
101MOMBASA 2010 33  2987 2983 2980 3002 3015 3016 3006 3002 2992
101MOMBASA 2010 41  2969 2939 2947 2935 2909 2902 2928 2935 2944 2957 2958
101MOMBASA 2010 42  2952 2950 2945 2925 2910 2902 2891 2896 2891 2914 2954
101MOMBASA 2010 43  2939 2932 2961 2976 2973 2955 2948 2970
101MOMBASA 2010 51  2964 2961 2993 3030 3038 3032 2993 2999 3004 3021 3011
101MOMBASA 2010 52  2981 2971 2960 2940 2944 2963 2988 3000 2996 3011 3045
101MOMBASA 2010 53  3040 3038 3016 2958 2934 2923 2899 2921 2963
101MOMBASA 2010 61  2972 2988 3020 3023 3005 3019 3010 9999 9999 9999 3019
101MOMBASA 2010 62  3051 3018 3014 3037 3028 3030 3035 9999 9999 9999 2994
101MOMBASA 2010 63  2958 9999 9999 9999 2973 2975 2987 9999
101MOMBASA 2010 71  9999 9999 9999 2943 9999 9999 9999 2860 2864 2899 2907
101MOMBASA 2010 72  2875 2889 2885 2883 2894 9999 9999 9999 9999 9999 9999
101MOMBASA 2010 73  9999 9999 9999 9999 9999 9999 9999 9999 9999
101MOMBASA 2010 81  9999 9999 9999 9999 9999 9999 9999 9999 9999 9999 9999
101MOMBASA 2010 82  9999 9999 9999 9999 9999 9999 9999 9999 9999 9999 9999
101MOMBASA 2010 83  9999 9999 9999 9999 9999 9999 9999 9999 9999
101MOMBASA 2010 91  9999 9999 9999 9999 9999 9999 9999 9999 9999 9999 9999
101MOMBASA 2010 92  9999 9999 9999 9999 9999 9999 9999 9999 9999 9999 9999
101MOMBASA 2010 93  9999 9999 9999 9999 9999 9999 9999 9999
101MOMBASA 2010101  9999 9999 9999 9999 9999 9999 9999 9999 9999 9999 9999
101MOMBASA 2010102  9999 9999 9999 9999 9999 9999 9999 9999 9999 9999 9999
101MOMBASA 2010103  9999 9999 9999 9999 9999 9999 9999 9999 9999
101MOMBASA 2010111  9999 9999 9999 9999 9999 9999 9999 9999 9999 9999 9999
101MOMBASA 2010112  9999 9999 9999 9999 9999 9999 9999 9999 9999 9999 9999
101MOMBASA 2010113  9999 9999 9999 9999 9999 9999 9999 9999
101MOMBASA 2010121  9999 9999 9999 9999 9999 9999 9999 9999 9999 9999 9999
101MOMBASA 2010122  9999 9999 9999 9999 9999 9999 9999 9999 9999 9999 9999
101MOMBASA 2010123  9999 9999 9999 9999 9999 9999 9999 9999 9999
101MOMBASA 2011 11  9999 9999 9999 9999 9999 9999 9999 9999 9999 9999 9999
101MOMBASA 2011 12  9999 9999 9999 9999 9999 9999 9999 9999 9999 9999 9999
101MOMBASA 2011 13  9999 9999 9999 9999 9999 9999 9999 9999 9999
101MOMBASA 2011 21  9999 9999 9999 9999 9999 9999 9999 9999 9999 9999 9999
101MOMBASA 2011 22  9999 9999 9999 9999 9999 9999 9999 9999 9999 9999 9999
101MOMBASA 2011 23  9999 9999 9999 9999 9999 9999
101MOMBASA 2011 31  9999 9999 9999 9999 9999 9999 9999 9999 9999 9999 9999
101MOMBASA 2011 32  9999 9999 9999 9999 9999 9999 9999 9999 9999 9999 9999
101MOMBASA 2011 33  9999 9999 9999 9999 9999 9999 9999 9999 9999
101MOMBASA 2011 41  9999 9999 9999 9999 9999 9999 9999 9999 9999 9999 9999
101MOMBASA 2011 42  9999 9999 9999 9999 9999 9999 9999 9999 9999 9999 9999
101MOMBASA 2011 43  9999 9999 9999 9999 9999 9999 9999 9999
101MOMBASA 2011 51  9999 9999 9999 9999 9999 9999 9999 9999 9999 9999 9999
101MOMBASA 2011 52  9999 9999 9999 9999 9999 9999 9999 9999 9999 9999 9999
101MOMBASA 2011 53  9999 9999 9999 9999 9999 9999 9999 9999 9999
101MOMBASA 2011 61  9999 9999 9999 9999 9999 9999 9999 9999 9999 9999 9999
101MOMBASA 2011 62  9999 9999 9999 9999 9999 9999 9999 9999 9999 9999 9999
101MOMBASA 2011 63  9999 9999 9999 9999 9999 9999 9999 9999
101MOMBASA 2011 71  9999 9999 9999 9999 9999 9999 9999 9999 9999 9999 9999
101MOMBASA 2011 72  9999 9999 9999 9999 9999 9999 9999 9999 9999 9999 9999
101MOMBASA 2011 73  9999 9999 9999 9999 9999 9999 9999 9999 9999
101MOMBASA 2011 81  9999 9999 9999 9999 9999 9999 9999 9999 9999 9999 9999
101MOMBASA 2011 82  9999 9999 9999 9999 9999 9999 9999 9999 9999 9999 9999
101MOMBASA 2011 83  9999 9999 9999 9999 9999 9999 9999 9999 9999
101MOMBASA 2011 91  9999 9999 9999 9999 9999 9999 9999 9999 9999 9999 9999
101MOMBASA 2011 92  9999 9999 9999 9999 9999 9999 9999 9999 9999 9999 9999
101MOMBASA 2011 93  9999 9999 9999 9999 9999 9999 9999 9999
101MOMBASA 2011101  9999 9999 9999 9999 9999 9999 9999 9999 9999 9999 9999
101MOMBASA 2011102  9999 9999 9999 9999 9999 9999 9999 9999 9999 9999 9999
101MOMBASA 2011103  9999 9999 9999 9999 9999 9999 9999 9999 9999
101MOMBASA 2011111  9999 9999 9999 9999 9999 9999 9999 9999 9999 9999 2956
101MOMBASA 2011112  2939 2922 2941 2939 2933 2936 2951 2976 3003 3012 2990
101MOMBASA 2011113  2997 2989 2984 2990 2991 2980 2977 2984
101MOMBASA 2011121  2981 2980 2985 2974 2970 2960 2958 2965 2957 2933 2925
101MOMBASA 2011122  2934 2945 2948 2954 2958 2960 2958 2937 2905 2903 2898
101MOMBASA 2011123  2881 2881 2913 2932 2942 2941 2916 2894 2865
101MOMBASA 2012 11  2843 2851 2848 2852 2858 2850 2824 2817 2830 2816 2824
101MOMBASA 2012 12  2857 2868 2892 2912 2922 2921 2904 2899 2884 2891 2869
101MOMBASA 2012 13  2833 2803 2801 2796 2785 2796 2820 2802 9999
101MOMBASA 2012 21  2833 2858 2898 2935 2943 2951 2960 2957 2954 2942 2927
101MOMBASA 2012 22  2909 2921 2923 2899 2884 2895 2901 2915 2926 2928 2946
101MOMBASA 2012 23  2934 2922 2921 2946 2968 2981 3006
101MOMBASA 2012 31  2972 2930 2909 2912 2934 2945 2946 2948 2946 2937 2935
101MOMBASA 2012 32  2922 2914 2912 2913 2913 2904 2916 2933 2938 2953 2959
101MOMBASA 2012 33  2965 2961 2944 2937 2939 2926 2920 2912 2910
101MOMBASA 2012 41  2898 2911 2941 2938 2953 2964 2957 2956 2951 2981 3019
101MOMBASA 2012 42  3001 2999 3043 3061 3068 3046 3007 3011 3025 3026 3031
101MOMBASA 2012 43  3008 2965 2959 2970 2979 2974 2961 2962
101MOMBASA 2012 51  2968 2952 2931 2925 2915 2895 2877 2864 2867 2869 2883
101MOMBASA 2012 52  2909 2910 2908 2931 2935 2936 2944 2950 2933 2931 2938
101MOMBASA 2012 53  2951 2970 2950 2928 2913 2893 2889 2878 2861
101MOMBASA 2012 61  2877 2891 2902 2906 2912 2916 2909 2919 2889 2878 2859
101MOMBASA 2012 62  2847 2864 2874 2863 2848 2855 2834 2824 2840 2860 2884
101MOMBASA 2012 63  2885 2896 2894 2880 2872 2857 2846 2835
101MOMBASA 2012 71  2842 2845 2831 2848 2856 2876 2887 2896 2891 2891 2909
101MOMBASA 2012 72  2914 2898 2891 2909 2920 2932 2935 2932 2925 2939 2983
101MOMBASA 2012 73  3005 2998 2985 2985 2991 3010 2990 2969 2974
101MOMBASA 2012 81  2950 2927 2928 9999 9999 9999 2957 2953 2937 2951 2970
101MOMBASA 2012 82  2952 2930 2901 2896 2927 2942 2952 2961 2946 2920 2906
101MOMBASA 2012 83  2913 2924 2902 2908 2892 2874 2867 2900 2913
101MOMBASA 2012 91  2913 2894 2889 2898 2903 2896 2871 2874 2882 2896 2916
101MOMBASA 2012 92  2925 2936 2929 2927 2958 2951 2930 2951 2940 2920 2920
101MOMBASA 2012 93  2899 2923 2921 2912 2906 2903 2919 2922
101MOMBASA 2012101  2915 2920 2931 2912 2926 2957 2937 2946 9999 9999 9999
101MOMBASA 2012102  9999 9999 2962 2951 2899 2910 2937 2908 9999 9999 9999
101MOMBASA 2012103  9999 9999 9999 9999 9999 2909 2905 2949 2924
101MOMBASA 2012111  2928 2941 2929 2963 2989 2990 3009 3012 3015 2992 2984
101MOMBASA 2012112  2985 2966 2981 9999 9999 2989 2936 2929 2955 2948 2925
101MOMBASA 2012113  2933 9999 9999 2966 2934 2922 2949 2949
101MOMBASA 2012121  2932 2938 2999 3005 2995 2973 2984 2986 2948 2944 2938
101MOMBASA 2012122  2920 2894 2875 2904 2902 2909 2904 2889 2894 2881 2873
101MOMBASA 2012123  2879 2895 2917 2919 2926 2894 2863 2891 2873
101MOMBASA 2013 11  2897 2904 2921 2883 2860 2871 2891 2915 2902 2931 2948
101MOMBASA 2013 12  2952 2947 2940 2945 2953 2959 2919 2875 2861 2850 2861
101MOMBASA 2013 13  2881 2907 2918 2895 2905 2890 2923 9999 9999
101MOMBASA 2013 21  9999 9999 9999 9999 9999 9999 9999 9999 9999 9999 9999
101MOMBASA 2013 22  9999 9999 9999 9999 9999 9999 9999 9999 9999 9999 9999
101MOMBASA 2013 23  9999 9999 9999 9999 9999 9999
101MOMBASA 2013 31  9999 9999 9999 9999 9999 9999 9999 9999 9999 9999 9999
101MOMBASA 2013 32  9999 2966 2930 2895 2900 2917 2934 2948 2931 2949 2951
101MOMBASA 2013 33  2972 2954 2949 2954 2961 2935 2929 2926 2906
101MOMBASA 2013 41  2910 2960 2989 2999 2996 2992 3012 3019 3011 3008 2981
101MOMBASA 2013 42  2966 2943 2916 2933 3000 3035 3042 3021 2960 2940 2942
101MOMBASA 2013 43  2946 2942 2923 2922 2940 2919 2918 2921
101MOMBASA 2013 51  2940 2975 3001 3012 2994 2992 3002 2991 2976 2958 2927
101MOMBASA 2013 52  2914 2953 2968 2972 2983 2983 2972 2964 2979 2968 2936
101MOMBASA 2013 53  2925 2900 2886 2911 2940 2959 2971 2963 2944
101MOMBASA 2013 61  2926 2927 2917 2905 2890 2874 2884 2904 2914 2902 2899
101MOMBASA 2013 62  2927 2935 2928 2942 2944 2953 2965 3023 3038 3008 2982
101MOMBASA 2013 63  2966 2944 2924 2920 2930 2917 2902 2910
101MOMBASA 2013 71  2893 2884 2872 2847 2836 2850 2869 2865 2873 2904 2941
101MOMBASA 2013 72  2950 2931 2933 2937 2938 2918 2892 2906 2927 2909 2917
101MOMBASA 2013 73  2946 2949 2948 2966 2980 2953 2933 2912 2882
101MOMBASA 2013 81  2912 2933 2945 2947 2950 2949 2949 2949 2927 2919 2901
101MOMBASA 2013 82  2883 2891 2909 2893 2883 2900 2905 2887 2883 2889 2900
101MOMBASA 2013 83  2914 2920 2918 2928 2930 2917 2917 2908 2903
101MOMBASA 2013 91  2929 2943 2948 2940 2926 2925 2930 2939 2932 2918 2923
101MOMBASA 2013 92  2926 2928 2940 2945 2943 2954 2951 2944 2946 2932 2922
101MOMBASA 2013 93  2915 2911 2907 2919 2952 2953 2933 2938
101MOMBASA 2013101  2952 2982 2993 2989 3021 3043 3023 3001 3011 2991 2963
101MOMBASA 2013102  2953 2982 2995 2973 2965 2961 2948 2940 2947 2957 2958
101MOMBASA 2013103  2954 2938 2949 2962 2981 2975 2971 2989 2994
101MOMBASA 2013111  2980 2988 2961 2932 2930 2916 2907 2899 2895 2916 2916
101MOMBASA 2013112  2921 2942 2939 2924 2904 2927 2951 2935 2916 2919 2905
101MOMBASA 2013113  2911 2918 2926 2921 2898 2906 2921 2936
101MOMBASA 2013121  2924 2905 2898 2894 2892 2886 2886 2882 2903 2936 2933
101MOMBASA 2013122  2912 2895 2888 2864 2849 2843 2838 2843 2856 2878 2897
101MOMBASA 2013123  2892 2893 2856 2852 2860 2854 2866 2880 2903
101MOMBASA 2014 11  2925 2938 2944 2929 2903 2889 2895 2887 2871 2857 2830
101MOMBASA 2014 12  2838 2846 2846 2828 2822 2836 2852 2884 2910 2905 2914
101MOMBASA 2014 13  2924 2924 2934 2938 2933 2923 2917 2902 2925
101MOMBASA 2014 21  2942 2955 2945 2934 2928 2904 2880 2875 2870 2868 2891
101MOMBASA 2014 22  2901 2930 2918 2917 2936 2939 2935 2915 2898 2874 2856
101MOMBASA 2014 23  2848 2852 2871 2884 2892 2898
101MOMBASA 2014 31  2899 2903 2907 2910 2920 2909 2916 2926 2922 2929 2946
101MOMBASA 2014 32  2978 3007 3006 2980 2963 2974 2976 2985 2974 2955 2985
101MOMBASA 2014 33  3038 3071 3087 3089 3084 3054 3050 3042 3016
101MOMBASA 2014 41  3019 3017 3003 3000 3010 3003 3001 3016 3003 3012 3034
101MOMBASA 2014 42  3031 3010 3008 3009 2988 2981 2992 2985 2987 3005 3009
101MOMBASA 2014 43  3015 3015 3009 3008 3003 3009 2999 2994
101MOMBASA 2014 51  3002 2993 2994 2996 2992 3010 3021 3035 3037 3060 3071
101MOMBASA 2014 52  3064 3034 3007 3018 3053 3044 3033 3040 3065 3070 3042
101MOMBASA 2014 53  3040 3040 3011 3011 3017 3020 3006 2985 2974
101MOMBASA 2014 61  2966 2982 2984 2995 2989 2988 2996 2994 2995 3000 3003
101MOMBASA 2014 62  3011 3029 3043 3050 3046 3025 3030 3034 3000 2996 3024
101MOMBASA 2014 63  3024 3019 3001 2975 2957 2966 2975 2977
101MOMBASA 2014 71  2990 2994 2976 2970 2974 2962 2944 2924 2914 2938 2961
101MOMBASA 2014 72  2969 2984 2990 2990 2994 2984 3001 3013 2993 2981 2952
101MOMBASA 2014 73  2944 2939 2937 2939 2922 2913 2903 2934 2967
101MOMBASA 2014 81  2982 2988 3002 2991 2993 2997 2975 2957 2955 2958 2977
101MOMBASA 2014 82  2991 2993 3002 2973 2958 2959 2943 2931 2931 2939 2952
101MOMBASA 2014 83  2954 2967 2952 2922 2938 2959 2980 2980 2973
101MOMBASA 2014 91  2986 3008 3031 3048 3073 3071 3055 3045 3019 3020 3011
101MOMBASA 2014 92  3008 3012 3014 3009 3003 3005 3004 2983 2955 2959 2972
101MOMBASA 2014 93  2998 3009 3033 3038 3015 2983 2949 2985
101MOMBASA 2014101  3017 3033 3029 3018 3019 3023 3046 3050 3056 3047 3025
101MOMBASA 2014102  3007 2994 2992 2963 2944 2956 2949 2931 2937 2955 2964
101MOMBASA 2014103  2969 2970 2994 2997 2991 2986 2980 3012 3023
101MOMBASA 2014111  3029 3028 3002 3003 3009 2976 2950 2946 2951 2953 2966
101MOMBASA 2014112  2976 2986 2986 2985 2970 2977 2971 2972 2974 2948 2937
101MOMBASA 2014113  2940 2957 2992 3006 3013 3009 3003 3003
101MOMBASA 2014121  2994 2958 2933 2937 2941 2944 2913 2899 2917 2920 2918
101MOMBASA 2014122  2937 2939 2940 2942 2951 2949 2943 2944 2924 2908 2905
101MOMBASA 2014123  2912 2913 2932 2949 2935 2939 2913 2900 2880
101MOMBASA 2015 11  2857 2856 2827 2825 2834 2810 2797 2807 2831 2868 2879
101MOMBASA 2015 12  2876 2860 2851 2852 2854 2852 2826 2820 2841 2892 2954
101MOMBASA 2015 13  2989 2985 2996 2993 3014 3005 2993 3010 3002
101MOMBASA 2015 21  2992 2987 2983 2976 2973 2987 2961 2958 2974 2964 2973
101MOMBASA 2015 22  2993 3021 3044 3038 3022 3013 3006 3017 3028 3026 3014
101MOMBASA 2015 23  2989 2972 2997 3012 3013 2997
101MOMBASA 2015 31  3001 2988 2972 2971 2969 2946 2944 2942 2924 2920 2918
101MOMBASA 2015 32  2912 2939 2973 3012 3017 3005 2996 3012 3034 3037 3028
101MOMBASA 2015 33  3019 3013 3014 2988 2996 3007 2978 2997 3023
101MOMBASA 2015 41  3044 3063 3066 3065 3058 3065 3055 3048 3067 3071 3055
101MOMBASA 2015 42  3055 3057 3065 3075 3075 3056 3033 3029 3045 3034 3006
101MOMBASA 2015 43  3003 2992 3009 3023 3050 3065 3060 3062
101MOMBASA 2015 51  3044 3020 3007 2987 2982 3002 2991 2991 3019 3029 3021
101MOMBASA 2015 52  3027 3018 3036 3038 3036 3031 3009 3015 2991 2981 2983
101MOMBASA 2015 53  2995 2992 2990 3004 2993 2984 2984 2985 3017
101MOMBASA 2015 61  3025 3012 3013 3014 3024 3012 3001 3035 3042 3047 3067
101MOMBASA 2015 62  3066 3058 3063 3089 3074 3049 3017 2978 2955 2970 2956
101MOMBASA 2015 63  2951 2953 2927 2913 2919 2934 2950 2959
101MOMBASA 2015 71  2949 2951 2949 2953 2968 2984 2992 3002 3001 3002 2990
101MOMBASA 2015 72  2991 2992 2971 2945 2941 2949 2944 2933 2935 2920 2905
101MOMBASA 2015 73  2934 2931 2913 2907 2898 2914 2938 2941 2950
101MOMBASA 2015 81  2959 2952 2985 3021 3032 3011 2998 2981 2960 2960 2942
101MOMBASA 2015 82  2934 2961 2952 2944 2949 2937 2957 2984 2965 2964 2973
101MOMBASA 2015 83  2960 2961 2956 2943 2953 2962 2979 2974 2978
101MOMBASA 2015 91  2988 2979 2968 2968 2974 2947 2950 2962 2951 2938 2933
101MOMBASA 2015 92  2950 2972 3002 3050 3034 3032 3032 2999 2961 2959 2956
101MOMBASA 2015 93  2961 2955 2955 2969 2970 2978 2983 2970
101MOMBASA 2015101  2967 2966 2946 2917 2921 2932 2959 2987 2985 2977 2982
101MOMBASA 2015102  2991 2986 2983 2984 2979 2951 2942 2946 2938 2940 2942
101MOMBASA 2015103  2952 2958 2986 2990 2961 2972 2988 2975 2983
101MOMBASA 2015111  2997 3000 2999 2976 2958 2997 3032 3020 3014 3009 3001
101MOMBASA 2015112  2988 2986 2990 3015 3009 3005 3019 3022 3019 3008 2980
101MOMBASA 2015113  2961 2967 2997 3006 2985 2963 2949 2941
101MOMBASA 2015121  2960 2961 2966 2984 3000 3018 3010 3000 2992 2979 2966
101MOMBASA 2015122  2967 2973 2976 2967 2959 2961 2961 2939 2920 2941 2953
101MOMBASA 2015123  2939 2922 2911 2914 2953 2954 2935 2934 2941
101MOMBASA 2016 11  2955 2961 2970 2958 2950 2965 2960 2948 2947 2925 2906
101MOMBASA 2016 12  2913 2939 2943 2947 2939 2932 2920 2903 2867 2841 2855
101MOMBASA 2016 13  2860 2863 2892 2919 2941 2934 2945 2939 2920
101MOMBASA 2016 21  2914 2869 2850 2877 2876 2889 2901 2928 2973 3013 3014
101MOMBASA 2016 22  3013 3012 2998 2970 2952 2985 3012 3003 2963 2957 2973
101MOMBASA 2016 23  2976 2978 2990 2986 2976 2962 2947
101MOMBASA 2016 31  2954 2980 3004 2978 2978 3023 3067 3090 3098 3104 3089
101MOMBASA 2016 32  3062 3050 3038 3031 3023 3022 3022 3040 3044 3032 3038
101MOMBASA 2016 33  3034 3011 2999 2987 2983 2994 3008 3014 3026
101MOMBASA 2016 41  3044 3042 3041 3073 3096 3106 3100 3097 3082 3059 3081
101MOMBASA 2016 42  3083 3086 3105 3118 3100 3073 3069 3064 3043 3038 3032
101MOMBASA 2016 43  3021 2987 2984 2998 3005 3034 3038 3057
101MOMBASA 2016 51  3058 3061 3061 3066 3082 3100 3109 3092 3113 3112 3090
101MOMBASA 2016 52  3064 3070 3062 3031 3020 3012 3006 2994 2964 2944 2947
101MOMBASA 2016 53  2943 2933 2926 2927 2934 2951 2965 2965 2982
101MOMBASA 2016 61  2967 2940 2927 2907 2890 2880 2879 2913 2935 2920 2923
101MOMBASA 2016 62  2933 2947 2971 2979 2993 2982 2988 2995 2984 2976 2978
101MOMBASA 2016 63  2971 2972 2978 2964 2944 2923 2925 2913
101MOMBASA 2016 71  2915 2919 2912 2939 2963 2971 2937 2931 2941 2945 2949
101MOMBASA 2016 72  2952 2940 2944 2949 2939 2926 2930 2944 2953 2952 2944
101MOMBASA 2016 73  2950 2947 2937 2935 2922 2913 2912 2895 2883
101MOMBASA 2016 81  2896 2891 2901 2909 2907 2902 2901 2906 2892 2893 2894
101MOMBASA 2016 82  2898 2895 2887 2871 2861 2889 2915 2936 2948 2969 2979
101MOMBASA 2016 83  2964 2960 2949 2946 2952 2965 2969 2985 3002
101MOMBASA 2016 91  2982 2972 2971 2954 2945 2947 2935 2925 2926 2912 2904
101MOMBASA 2016 92  2906 2906 2913 2915 2921 2944 2959 2949 2941 2922 2922
101MOMBASA 2016 93  2930 2929 2933 2916 2914 2921 2923 2917
101MOMBASA 2016101  2924 2935 2924 2897 2890 2886 2887 2896 2914 2902 2914
101MOMBASA 2016102  2927 2918 2932 2949 2963 2964 2939 2915 2907 2913 2900
101MOMBASA 2016103  2919 2934 2934 2966 2960 2938 2935 2955 2949
101MOMBASA 2016111  2938 2939 2913 2904 2903 2906 2901 2891 2917 2948 2954
101MOMBASA 2016112  2955 2948 2918 2902 2912 2922 2911 2893 2922 2947 2933
101MOMBASA 2016113  2930 2939 2936 2930 2927 2913 2878 2857
101MOMBASA 2016121  2853 2847 2826 2825 2840 2852 2858 2853 2854 2874 2878
101MOMBASA 2016122  2865 2857 2848 2861 2873 2892 2889 2873 2863 2848 2851
101MOMBASA 2016123  2856 2871 2868 2864 2873 2891 2902 2899 2899
101MOMBASA 2017 11  2911 2915 2901 2893 2928 2932 2959 2970 2952 2946 2942
101MOMBASA 2017 12  2928 2913 2948 2938 2915 2913 2911 2894 2896 2897 2881
101MOMBASA 2017 13  2875 2876 2884 2870 2878 2900 2921 2936 2927
101MOMBASA 2017 21  2909 2893 2872 2856 2849 2846 2843 2832 2832 2827 2829
101MOMBASA 2017 22  2852 2878 2883 2880 2880 2886 2913 2929 2912 2889 2869
101MOMBASA 2017 23  2877 2901 2891 2904 2917 2920
101MOMBASA 2017 31  2932 2927 2955 2974 2973 2974 2971 2982 2957 2941 2955
101MOMBASA 2017 32  2945 2941 2997 3040 3049 3045 3034 3030 3010 3004 3021
101MOMBASA 2017 33  3011 3008 2998 3003 3002 2976 2964 2965 2971
101MOMBASA 2017 41  2974 2963 2975 2984 2971 2957 2935 2912 2917 2920 2911
101MOMBASA 2017 42  2890 2907 2904 2906 2922 2910 2887 2886 2889 2891 2904
101MOMBASA 2017 43  2931 2958 2975 2973 2970 2999 2974 2958
101MOMBASA 2017 51  2964 2961 2955 2955 2959 2947 2944 2988 3046 3013 3002
101MOMBASA 2017 52  2983 2955 2934 2936 2941 2946 2978 2977 2960 2953 2951
101MOMBASA 2017 53  2959 2959 2976 2983 2961 2938 2909 2898 2910
101MOMBASA 2017 61  2934 2940 2942 2968 2962 2954 2965 2964 2940 2945 2955
101MOMBASA 2017 62  2966 2963 2965 2971 2962 2961 2971 2972 2979 3006 3038
101MOMBASA 2017 63  3022 2996 2981 2964 2962 2972 2946 2934
101MOMBASA 2017 71  2950 2961 2954 2930 2921 2912 2899 2906 2923 2909 2897
101MOMBASA 2017 72  2898 2916 2922 2931 2931 2933 2910 2884 2897 2885 2871
101MOMBASA 2017 73  2889 2901 2912 2929 2933 2929 2916 2913 2910
101MOMBASA 2017 81  2918 2889 2884 2903 2915 2936 2929 2940 2952 2943 2942
101MOMBASA 2017 82  2942 2945 2953 2955 2963 2957 2954 2965 2964 2957 2973
101MOMBASA 2017 83  3020 3053 3031 3014 3007 2986 2980 2996 3005
101MOMBASA 2017 91  3004 3017 3011 2998 2990 2991 3018 3021 2999 2986 2976
101MOMBASA 2017 92  2957 2937 2933 2939 2927 2910 2916 2915 2924 2927 2930
101MOMBASA 2017 93  2925 2922 2936 2937 2931 2906 2917 2931
101MOMBASA 2017101  2919 2943 2989 2990 2981 2991 2979 2971 2942 2927 2918
101MOMBASA 2017102  2913 2908 2899 2916 2945 2943 2950 2956 2962 2953 2962
101MOMBASA 2017103  2964 2963 2967 2949 2948 2942 2931 2927 2936
101MOMBASA 2017111  2955 2991 3001 3011 3022 3015 3002 2980 2979 2978 2973
101MOMBASA 2017112  2976 2971 2955 2961 2963 2955 2958 2964 2950 2962 2977
101MOMBASA 2017113  2969 2965 2957 2968 2955 2960 2990 2974
101MOMBASA 2017121  2989 3006 2977 2942 2929 2914 2919 2946 2956 2918 2887
101MOMBASA 2017122  2869 2880 2870 2861 2867 2847 2834 2830 2812 2827 2861
101MOMBASA 2017123  2887 2889 2880 2885 2925 2916 2895 2906 2899
101MOMBASA 2018 11  2908 2932 2929 2923 2959 2971 2944 2938 2924 2902 2878
101MOMBASA 2018 12  2859 2846 2863 2867 2874 2882 2887 2882 2873 2892 2901
101MOMBASA 2018 13  2898 2912 2936 2944 2930 2916 2930 2945 2930
101MOMBASA 2018 21  2910 2912 2896 2896 2913 2888 2874 2862 2857 2886 2884
101MOMBASA 2018 22  2858 2847 2856 2891 2903 2911 2915 2941 2987 3002 2985
101MOMBASA 2018 23  2962 2949 2930 2935 2929 2940
101MOMBASA 2018 31  2943 2945 2918 2892 2874 2870 2893 2891 2895 2924 2944
101MOMBASA 2018 32  2935 2936 2955 2952 2918 2934 2957 2943 2950 2957 2950
101MOMBASA 2018 33  2955 2953 2968 2967 2959 2956 2964 2978 3003
101MOMBASA 2018 41  3012 3022 3018 2996 2998 3006 3013 3000 2996 2998 2998
101MOMBASA 2018 42  3009 2993 3000 3000 2983 2974 2980 2973 2985 2984 2969
101MOMBASA 2018 43  2968 2985 2967 2949 2967 2971 2971 2959
101MOMBASA 2018 51  2968 2970 2976 2996 3011 3025 3005 3008 3010 3033 3040
101MOMBASA 2018 52  3033 3042 3028 3017 3016 3014 3020 3008 3013 2998 2992
101MOMBASA 2018 53  3003 3022 3039 3021 2990 2968 2978 2992 2957
101MOMBASA 2018 61  2935 2935 2935 2957 2967 2976 3013 3024 3002 3012 3008
101MOMBASA 2018 62  3002 2994 2983 2991 2995 2974 2985 2978 2983 2987 2988
101MOMBASA 2018 63  2977 2978 2976 2955 2953 2977 2979 2976
101MOMBASA 2018 71  2965 2955 2957 2954 2955 2958 2958 2953 2945 2942 2932
101MOMBASA 2018 72  2918 2918 2910 2890 2893 2918 2936 2943 2956 2943 2935
101MOMBASA 2018 73  2919 2912 2917 2904 2927 2956 2949 2934 2941
101MOMBASA 2018 81  2966 2970 2956 2940 2924 2921 2917 2922 2925 2925 2929
101MOMBASA 2018 82  2931 2925 2937 2953 2944 2941 2946 2959 2959 2963 2950
101MOMBASA 2018 83  2936 2938 2953 2967 2951 2963 2971 2967 2962
101MOMBASA 2018 91  2966 2951 2952 2950 2922 2924 2927 2922 2946 2966 2984
101MOMBASA 2018 92  9999 9999 2946 2944 2954 2968 2977 2970 2959 2998 3010
101MOMBASA 2018 93  2994 2987 2977 2967 2974 2989 2980 2965
101MOMBASA 2018101  2999 3014 3018 3038 3028 3026 3041 3053 3060 3036 3014
101MOMBASA 2018102  2997 2977 2977 2982 2991 2999 2986 2957 2928 2915 2912
101MOMBASA 2018103  2954 2982 3039 3092 3102 3071 3012 3004 3008
101MOMBASA 2018111  3022 3029 3026 3017 3011 3019 3008 2982 2952 2954 2965
101MOMBASA 2018112  2984 3005 3013 3025 3026 3018 3011 3008 3002 2989 2971
101MOMBASA 2018113  2960 2953 2930 2928 2932 2929 2931 2932
101MOMBASA 2018121  2948 2973 2998 2999 2982 2989 3005 3000 2978 2962 2947
101MOMBASA 2018122  2944 2940 2939 2942 2947 2963 2967 2969 2977 2953 2945
101MOMBASA 2018123  2941 2912 2898 2894 2894 2900 2912 2920 2920
101MOMBASA 2019 11  2927 2933 2930 2904 2904 2915 2938 2941 2932 2925 2932
101MOMBASA 2019 12  2959 2946 2931 2930 2924 2942 2945 2935 2932 2910 2896
101MOMBASA 2019 13  2888 2894 2888 2892 2903 2904 2906 2920 2943
101MOMBASA 2019 21  2954 2966 2988 3006 2990 2971 2981 3001 2990 2954 2951
101MOMBASA 2019 22  2974 2964 2927 2947 2979 2979 2971 2988 3002 2998 3004
101MOMBASA 2019 23  3011 3002 3016 3034 3015 3011
101MOMBASA 2019 31  3006 3002 3002 3001 3002 2965 2955 9999 9999 9999 9999
101MOMBASA 2019 32  9999 9999 2892 2907 2944 2980 2994 2998 3006 3021 3035
101MOMBASA 2019 33  3013 2996 2982 2997 2995 2981 2981 2989 3007
101MOMBASA 2019 41  3012 3022 3030 3060 3059 3040 3015 3008 3012 3008 3003
101MOMBASA 2019 42  2990 2993 2992 2999 3011 3001 2987 3026 3035 3013 3005
101MOMBASA 2019 43  3006 3005 3016 3031 3002 2996 2999 2971
101MOMBASA 2019 51  2977 2973 2987 2981 2954 2948 2958 2980 2996 2981 2977
101MOMBASA 2019 52  2973 2988 3005 3024 3033 3019 3001 2993 2988 2989 3007
101MOMBASA 2019 53  3008 3027 3040 3048 3056 3039 3022 3016 3013
101MOMBASA 2019 61  3026 3018 3003 2995 2983 2977 2978 2985 2987 3033 3037
101MOMBASA 2019 62  3060 3055 3030 3021 2999 2984 2965 2979 3014 3012 3002
101MOMBASA 2019 63  3022 3035 3022 2992 2975 2994 2986 2967
101MOMBASA 2019 71  2947 2943 2936 2958 2996 3005 3002 3008 2988 2985 2993
101MOMBASA 2019 72  2997 2982 2964 2954 2948 2945 2956 2948 2954 2943 2953
101MOMBASA 2019 73  3000 3021 3019 3006 2989 2981 2983 2991 2996
101MOMBASA 2019 81  2986 2986 2983 2967 2974 2976 2952 2928 2895 2887 2893
101MOMBASA 2019 82  2905 2904 2899 2893 2912 2940 2965 3006 3010 2989 3026
101MOMBASA 2019 83  3031 3013 3026 3022 3020 3025 3033 3039 3038
101MOMBASA 2019 91  3025 2991 2968 2945 2928 2915 2915 2954 2965 2971 2978
101MOMBASA 2019 92  2955 2968 2959 2956 2948 2939 2918 2908 2921 2925 2931
101MOMBASA 2019 93  2936 2948 2980 3010 3032 3070 3079 3100
101MOMBASA 2019101  3099 3074 3053 3058 3056 3027 3042 3058 3080 3083 3068
101MOMBASA 2019102  3079 3074 3044 3039 3055 3052 3053 3053 3049 3065 3061
101MOMBASA 2019103  3059 3066 3051 3039 3028 3044 3046 3025 3000
101MOMBASA 2019111  2995 3014 3020 3019 3029 3068 3056 3037 3056 3072 3078
101MOMBASA 2019112  3084 3068 3050 3053 3058 3037 3026 3011 3030 3041 3057
101MOMBASA 2019113  3052 3024 2998 2983 2972 2961 2955 2959
101MOMBASA 2019121  2962 2972 2989 2995 3013 3021 3037 3049 3055 3040 3039
101MOMBASA 2019122  3025 3033 3047 3038 3055 3043 3060 3101 3097 3074 3068
101MOMBASA 2019123  3060 3065 3064 3061 3050 3039 3029 3034 3042
101MOMBASA 2020 11  3029 3031 3032 3034 3033 3011 3006 2988 3005 2999 2981
101MOMBASA 2020 12  2986 2991 2988 2965 2949 2947 2940 2940 2939 2934 2925
101MOMBASA 2020 13  2915 2904 2904 2920 2946 2975 2998 2996 2988
101MOMBASA 2020 21  2981 2981 2993 3003 3023 3017 3013 3005 2991 3003 3030
101MOMBASA 2020 22  3044 3031 3013 2981 2979 2984 2985 2982 2971 9999 9999
101MOMBASA 2020 23  9999 9999 9999 9999 9999 9999 9999
101MOMBASA 2020 31  9999 9999 9999 9999 9999 9999 9999 9999 9999 9999 9999
101MOMBASA 2020 32  9999 9999 9999 9999 9999 9999 9999 9999 9999 9999 9999
101MOMBASA 2020 33  9999 9999 9999 9999 9999 9999 9999 9999 9999
101MOMBASA 2020 41  9999 9999 9999 9999 9999 9999 9999 9999 9999 9999 9999
101MOMBASA 2020 42  9999 9999 9999 9999 9999 9999 9999 9999 9999 9999 9999
101MOMBASA 2020 43  9999 9999 9999 9999 9999 9999 9999 9999
101MOMBASA 2020 51  9999 9999 9999 9999 9999 9999 9999 9999 9999 9999 9999
101MOMBASA 2020 52  9999 9999 9999 9999 9999 9999 9999 9999 9999 9999 9999
101MOMBASA 2020 53  9999 9999 9999 9999 9999 9999 9999 9999 9999
101MOMBASA 2020 61  9999 9999 9999 9999 9999 9999 9999 9999 9999 9999 9999
101MOMBASA 2020 62  9999 9999 9999 9999 9999 9999 9999 9999 9999 9999 9999
101MOMBASA 2020 63  9999 9999 9999 9999 9999 9999 9999 9999
101MOMBASA 2020 71  9999 9999 9999 9999 9999 9999 9999 9999 9999 9999 9999
101MOMBASA 2020 72  9999 9999 9999 9999 9999 9999 9999 9999 9999 9999 9999
101MOMBASA 2020 73  9999 9999 9999 9999 9999 9999 9999 9999 9999
101MOMBASA 2020 81  9999 9999 9999 9999 9999 9999 9999 9999 9999 9999 9999
101MOMBASA 2020 82  9999 9999 9999 9999 9999 9999 2955 2963 2978 2969 2981
101MOMBASA 2020 83  3005 3004 2978 2977 2976 2975 2996 3013 3006
101MOMBASA 2020 91  2982 2985 2989 2993 3006 3013 3005 3006 3019 3026 3026
101MOMBASA 2020 92  3003 3009 3021 3008 3028 3017 2989 2986 2994 2972 2950
101MOMBASA 2020 93  2958 2960 2973 2996 3023 3021 3004 2984
101MOMBASA 2020101  2967 2965 2978 2984 3003 3008 2979 2973 2977 2979 2986
101MOMBASA 2020102  3000 3015 3022 3049 3079 3110 3128 3099 3085 3063 3058
101MOMBASA 2020103  3054 3049 3064 3053 3031 9999 9999 9999 2972
101MOMBASA 2020111  2957 2942 2953 2970 2950 2937 2940 2957 2950 2946 2964
101MOMBASA 2020112  2978 2979 2985 2978 2977 2972 2968 2995 3006 2993 3007
101MOMBASA 2020113  3033 3037 3040 3048 3035 3026 3026 3033
101MOMBASA 2020121  3023 3000 2971 2957 2970 2983 2980 2991 3009 3023 3016
101MOMBASA 2020122  2982 2976 2977 2968 2976 2993 3000 2994 3007 3008 3026
101MOMBASA 2020123  3035 3045 3058 3026 2993 2977 2987 2982 2975
101MOMBASA 2021 11  2985 2986 2988 3013 3028 3016 3015 3021 3000 2987 2970
101MOMBASA 2021 12  2953 2939 2943 2969 2976 2982 2981 2968 2958 2948 2911
101MOMBASA 2021 13  2885 2901 2906 2921 2939 2955 2973 2979 2987
101MOMBASA 2021 21  2979 2975 3003 3008 2988 2979 2985 2970 2942 2937 2927
101MOMBASA 2021 22  2921 2905 2896 2874 2871 2860 2864 2886 2887 2869 2858
101MOMBASA 2021 23  2875 2886 2909 2944 2971 2986
101MOMBASA 2021 31  3003 3028 3047 3035 3007 2975 2966 2963 2971 2981 2991
101MOMBASA 2021 32  3003 3000 2996 3007 3010 3020 3008 2994 3001 3034 3044
101MOMBASA 2021 33  3031 3040 3064 3075 3068 3068 3064 3080 3077
101MOMBASA 2021 41  3067 3077 3078 3041 3031 3020 3008 2985 2995 2998 2977
101MOMBASA 2021 42  2964 2973 2963 2975 2994 3010 3007 3003 2994 3007 3019
101MOMBASA 2021 43  3023 3030 3021 3031 3040 3014 2959 2937
101MOMBASA 2021 51  2921 2912 2922 2918 2950 2991 2996 3010 2996 2984 2962
101MOMBASA 2021 52  2969 2961 2955 2971 2988 2981 2945 2949 2977 2981 2979
101MOMBASA 2021 53  2972 2963 2944 2933 2917 2909 2912 2912 2913
101MOMBASA 2021 61  2905 2917 2925 2923 2903 2906 2951 2936 2937 2938 2938
101MOMBASA 2021 62  2921 2914 2931 2942 2971 2969 2941 2918 2931 2937 2940
101MOMBASA 2021 63  2949 2922 2908 2906 2936 2962 2955 2956
