105RODRIGUE      LAT=19 40.1S  LONG=063 25.1E
105RODRIGUE1986111  9999 9999 9999 9999 9999 9999 9999 9999 1918 1934 1929
105RODRIGUE1986112  1906 1884 1882 1893 1893 1891 1883 1875 1869 1886 1904
105RODRIGUE1986113  1905 1916 1944 1958 1962 1961 1968 1964
105RODRIGUE1986121  1974 1988 1980 1973 1971 1980 1979 1973 1990 2000 2010
105RODRIGUE1986122  2011 1999 1986 1980 1972 1976 1975 1972 1975 1990 2010
105RODRIGUE1986123  2026 2040 2041 2038 2030 2033 2015 2009 2002
105RODRIGUE1987 11  2004 2028 2051 2067 2081 2101 2113 2120 2075 2033 2024
105RODRIGUE1987 12  2016 1989 1979 1989 2008 2017 2028 2051 2057 2053 2032
105RODRIGUE1987 13  2016 2021 2005 1993 1992 2000 1984 1987 1990
105RODRIGUE1987 21  1976 1974 1969 1978 2009 2019 2043 2079 2089 2088 2082
105RODRIGUE1987 22  2069 2066 2087 2118 2140 2148 2131 2128 2115 2105 2107
105RODRIGUE1987 23  2096 2071 2065 2070 2081 2100
105RODRIGUE1987 31  2117 2110 2101 2109 2119 2123 2112 2104 2073 2117 2166
105RODRIGUE1987 32  2169 2196 2193 2092 2131 2145 2197 2134 2168 2178 2154
105RODRIGUE1987 33  2149 2148 2178 2214 2214 2169 2171 2172 2141
105RODRIGUE1987 41  2120 2145 2159 2135 2126 2132 2111 2097 2127 2116 2123
105RODRIGUE1987 42  2134 2167 2166 2104 2105 2150 2141 2130 2114 2123 2139
105RODRIGUE1987 43  2140 2129 2118 2134 2130 2092 2055 2050
105RODRIGUE1987 51  2103 2091 2048 2037 2056 2050 2049 2042 2068 2087 2069
105RODRIGUE1987 52  2060 2080 2076 2058 2045 2028 2039 2054 2071 2086 2128
105RODRIGUE1987 53  2127 2070 2034 2031 2053 2047 2078 2033 2048
105RODRIGUE1987 61  2051 2057 2039 2027 2045 2079 2100 2099 2090 2078 2056
105RODRIGUE1987 62  2029 2024 2021 2016 2019 2029 2020 1963 1936 1927 1887
105RODRIGUE1987 63  1863 1865 1887 1885 1881 1909 1913 1902
105RODRIGUE1987 71  1894 1882 1883 1885 1874 1851 1843 1861 1864 1835 1814
105RODRIGUE1987 72  1821 1819 1802 1796 1800 1806 1813 1802 1797 1798 1796
105RODRIGUE1987 73  1809 1823 1815 1841 1839 1840 1854 1853 1869
105RODRIGUE1987 81  1876 1878 1895 1909 1922 1916 1943 1919 1897 1893 1908
105RODRIGUE1987 82  1931 1923 1932 1944 1978 1955 1945 1969 1945 1935 9999
105RODRIGUE1987 83  9999 9999 9999 9999 9999 9999 9999 9999 9999
105RODRIGUE1987 91  9999 9999 9999 9999 9999 9999 9999 9999 9999 9999 9999
105RODRIGUE1987 92  9999 9999 9999 9999 9999 9999 9999 9999 9999 9999 9999
105RODRIGUE1987 93  9999 9999 9999 9999 9999 9999 9999 9999
105RODRIGUE1987101  9999 9999 1869 1885 1901 1909 1905 1915 1922 1900 1882
105RODRIGUE1987102  1872 1861 1858 1870 1895 1922 1946 1951 1942 1938 1929
105RODRIGUE1987103  1935 1943 1950 1931 1906 1907 1914 1930 1955
105RODRIGUE1987111  1966 1954 1944 1928 1919 1912 1917 1916 1904 1889 1885
105RODRIGUE1987112  1901 1919 1932 1927 1914 1903 1891 1883 1868 1855 1849
105RODRIGUE1987113  1852 1867 1860 1856 1854 1851 1848 1852
105RODRIGUE1987121  1862 1870 1872 1871 1860 1850 1849 1844 1828 1831 1845
105RODRIGUE1987122  1849 1860 1876 1873 1853 1841 1839 1842 1856 1848 1824
105RODRIGUE1987123  1818 1819 1815 1812 1810 1802 1801 9999 9999
105RODRIGUE1988 11  1783 1784 1789 9999 9999 9999 9999 9999 9999 9999 9999
105RODRIGUE1988 12  1848 1845 1841 1833 1833 1838 1846 1871 1893 1907 1925
105RODRIGUE1988 13  1978 2004 1986 1981 1976 1980 1982 1987 1998
105RODRIGUE1988 21  2006 2005 1981 1972 1982 1974 1966 1935 1926 1936 1923
105RODRIGUE1988 22  1907 1916 1922 1931 1972 1985 1958 1944 1929 1914 1899
105RODRIGUE1988 23  1883 1873 1890 1906 1896 1896 1906
105RODRIGUE1988 31  1914 1910 1921 1909 1895 1894 1904 1927 1933 1953 1973
105RODRIGUE1988 32  1982 1978 1975 1986 2012 2031 2077 2106 2097 2062 2034
105RODRIGUE1988 33  2016 2006 2011 1975 1961 1971 1956 1931 1911
105RODRIGUE1988 41  1916 1929 1920 1925 1919 1915 1914 1896 1888 1899 1921
105RODRIGUE1988 42  1937 1941 1956 1964 1966 1956 1944 1946 1923 1907 1907
105RODRIGUE1988 43  1901 1922 1930 1927 1938 1941 1942 1934
105RODRIGUE1988 51  1931 1932 1921 1892 1879 1895 1904 1915 1945 1925 1885
105RODRIGUE1988 52  1879 1875 1860 1818 9999 9999 9999 9999 9999 9999 9999
105RODRIGUE1988 53  9999 9999 9999 9999 9999 9999 9999 9999 9999
105RODRIGUE1988 61  1663 1684 1715 1734 1736 1745 1771 1793 1830 1866 1884
105RODRIGUE1988 62  1854 1819 1805 1799 1804 1835 1850 1853 1867 1874 1887
105RODRIGUE1988 63  1894 1899 1921 1934 1924 1918 1906 1894
105RODRIGUE1988 71  1883 1898 1917 1933 1945 1937 1922 1901 1884 1853 1828
105RODRIGUE1988 72  1838 1867 1892 1885 1872 1884 1894 1896 1889 1868 1845
105RODRIGUE1988 73  1841 1845 1848 1850 1860 1867 1859 1853 1859
105RODRIGUE1988 81  1871 1885 1884 1882 1872 1852 1850 1838 1831 1827 1830
105RODRIGUE1988 82  1832 1848 1857 1857 1862 1870 1868 1873 1870 1850 1818
105RODRIGUE1988 83  1788 1774 1769 1779 1808 1838 1867 1870 1867
105RODRIGUE1988 91  1863 1846 1843 1849 1857 1851 1832 1796 1773 1787 1788
105RODRIGUE1988 92  1789 1794 1787 1778 1776 1775 1783 1796 1799 1782 1769
105RODRIGUE1988 93  1780 1784 1782 1793 1825 1777 1736 9999
105RODRIGUE1988101  9999 9999 9999 9999 9999 9999 9999 9999 9999 9999 9999
105RODRIGUE1988102  9999 9999 9999 9999 9999 9999 9999 9999 9999 9999 9999
105RODRIGUE1988103  9999 9999 9999 9999 9999 9999 9999 9999 9999
105RODRIGUE1988111  9999 9999 9999 9999 9999 9999 9999 1901 1877 1872 1874
105RODRIGUE1988112  1877 1880 1898 1920 1951 1978 1990 1989 1954 1914 1888
105RODRIGUE1988113  1870 1836 1815 1789 1766 1759 1769 1776
105RODRIGUE1988121  1775 1764 1766 1783 1782 1783 1788 1791 1801 1787 1794
105RODRIGUE1988122  1840 1861 1869 1876 1881 9999 9999 9999 9999 9999 9999
105RODRIGUE1988123  9999 9999 1943 1956 1956 1971 1982 1997 2004
105RODRIGUE1989 11  2005 2016 2012 2009 2011 2026 2049 2060 2073 2092 2113
105RODRIGUE1989 12  2118 2106 2085 2073 2046 2010 2006 2000 1998 1997 1997
105RODRIGUE1989 13  1983 1977 1967 1960 1989 1949 1906 1900 1907
105RODRIGUE1989 21  1933 1961 1960 1942 1933 1924 1930 1957 1967 1986 2003
105RODRIGUE1989 22  1996 1991 2002 2007 2016 2015 2022 2042 2052 2067 2067
105RODRIGUE1989 23  2067 2075 2098 2105 2085 2060
105RODRIGUE1989 31  2050 2035 2031 2055 2075 2077 2084 2096 2092 2087 2083
105RODRIGUE1989 32  2069 2054 2041 2045 2060 2060 2056 2047 2059 2069 2064
105RODRIGUE1989 33  2059 2059 2061 2047 2041 2033 2027 2023 2016
105RODRIGUE1989 41  2011 2023 2035 2082 2136 2053 2023 2010 2018 2006 1982
105RODRIGUE1989 42  1949 1928 1918 1912 1916 1908 1897 1904 1905 1869 1833
105RODRIGUE1989 43  1831 1849 1862 1869 1853 1825 1828 1859
105RODRIGUE1989 51  1894 1908 1905 1912 1904 1862 1850 1847 1849 1842 1843
105RODRIGUE1989 52  1852 1854 1869 1868 1845 1821 1804 1785 1769 1764 1759
105RODRIGUE1989 53  1750 1742 1737 1748 1758 1764 1764 1765 1767
105RODRIGUE1989 61  1770 1750 1714 1698 1693 1704 1715 1724 1716 1718 1733
105RODRIGUE1989 62  1733 1735 1732 1721 1707 9999 9999 9999 9999 1711 1737
105RODRIGUE1989 63  1742 1753 1759 1753 1763 1773 1775 1760
105RODRIGUE1989 71  1743 1735 1739 1747 1757 1755 1756 1777 1778 1772 1777
105RODRIGUE1989 72  1767 1760 1761 1764 1757 1747 1762 1770 1775 1782 1793
105RODRIGUE1989 73  1805 1794 1771 9999 9999 9999 9999 9999 9999
105RODRIGUE1989 81  1788 1787 1791 1802 1821 1824 1819 1809 1812 1826 1831
105RODRIGUE1989 82  1830 1826 1813 1804 1811 1830 1846 1841 1838 1853 1850
105RODRIGUE1989 83  1832 1806 1803 1805 1798 1795 1780 1802 1819
105RODRIGUE1989 91  1836 1850 1853 1821 1805 1804 1822 1845 1861 1858 1871
105RODRIGUE1989 92  1883 1883 1880 1878 1869 1866 1861 1854 1856 1867 1884
105RODRIGUE1989 93  1906 1918 1928 1949 1918 1888 1881 1864
105RODRIGUE1989101  1862 1860 1864 1847 1823 1843 1876 1886 1893 1906 1933
105RODRIGUE1989102  1957 1964 1954 1942 1918 1896 1884 1881 1886 1888 1893
105RODRIGUE1989103  1890 1897 1907 1900 1881 1853 1847 9999 9999
105RODRIGUE1989111  9999 9999 9999 9999 9999 9999 9999 9999 9999 9999 9999
105RODRIGUE1989112  9999 9999 9999 9999 9999 9999 9999 9999 9999 9999 9999
105RODRIGUE1989113  9999 9999 9999 9999 9999 9999 9999 9999
105RODRIGUE1989121  9999 9999 9999 9999 9999 9999 1944 1945 1936 1923 1912
105RODRIGUE1989122  1896 1894 1902 1908 1908 1911 1923 1926 1942 1954 1952
105RODRIGUE1989123  1949 1951 1936 1937 1939 1937 1937 1958 1969
105RODRIGUE1990 11  1990 2003 2008 2007 1980 1969 1970 1962 1961 1964 1977
105RODRIGUE1990 12  2002 2001 1988 1982 1973 1959 1928 1891 1874 1884 1895
105RODRIGUE1990 13  1907 1915 1916 1933 1942 1958 1989 2002 2004
105RODRIGUE1990 21  2006 2014 2010 2009 2009 1999 2008 2028 2054 2051 2043
105RODRIGUE1990 22  2057 2062 2045 2015 1987 1978 1970 1963 1956 1964 1987
105RODRIGUE1990 23  2011 2034 2040 2046 2041 2010
105RODRIGUE1990 31  1992 2003 2026 2029 2119 2030 1870 1847 1839 1846 1852
105RODRIGUE1990 32  1843 1821 1766 1728 1730 1740 1749 1749 9999 9999 9999
105RODRIGUE1990 33  9999 9999 9999 9999 9999 1801 1766 1770 1777
105RODRIGUE1990 41  9999 9999 9999 9999 9999 9999 9999 9999 9999 9999 9999
105RODRIGUE1990 42  9999 9999 9999 9999 9999 9999 9999 9999 9999 9999 9999
105RODRIGUE1990 43  9999 9999 9999 9999 9999 9999 9999 9999
105RODRIGUE1990 51  9999 9999 9999 9999 9999 9999 9999 9999 9999 9999 9999
105RODRIGUE1990 52  9999 1920 1922 1912 1913 1931 1919 1886 1882 1885 1872
105RODRIGUE1990 53  1854 1842 1849 1847 1848 1852 1866 1890 1906
105RODRIGUE1990 61  1906 1899 1881 1870 1870 1859 1846 1845 1860 1877 1882
105RODRIGUE1990 62  1888 1883 1880 1888 1891 1874 1867 1868 1860 1853 1852
105RODRIGUE1990 63  1865 1882 1896 1903 1906 1910 1916 1913
105RODRIGUE1990 71  1893 1888 1890 1861 1845 1846 1844 1835 1839 1849 1859
105RODRIGUE1990 72  1851 1842 1844 1840 1842 1842 1825 1796 1769 1761 1768
105RODRIGUE1990 73  1762 1750 1749 1764 1755 1739 1748 1738 1720
105RODRIGUE1990 81  1712 1715 1714 1709 1717 1729 1726 1719 1712 1712 1722
105RODRIGUE1990 82  1710 1707 1721 1728 1718 1706 1721 1746 1760 1768 1777
105RODRIGUE1990 83  1791 1790 1758 1734 1714 1710 1722 1742 1776
105RODRIGUE1990 91  1801 1796 1789 1792 1796 1805 1814 1795 1778 1785 1788
105RODRIGUE1990 92  1790 1793 1805 1830 1838 1830 1827 1830 1837 9999 9999
105RODRIGUE1990 93  9999 9999 9999 9999 1740 1747 1769 1786
105RODRIGUE1990101  1803 1811 1796 1773 1768 1749 1745 1755 1772 1805 1840
105RODRIGUE1990102  1882 1916 1945 1968 1968 1978 1981 1976 1970 1964 1973
105RODRIGUE1990103  1985 1987 2006 2020 2037 2043 2043 2046 2036
105RODRIGUE1990111  2040 2052 2034 2022 2015 2024 1977 1905 1859 1841 1836
105RODRIGUE1990112  1836 1828 1821 1823 1833 1844 1848 1858 1873 1880 1894
105RODRIGUE1990113  1901 1903 1900 1909 1933 1932 1908 1911
105RODRIGUE1990121  1989 2002 1989 1997 2004 2000 1980 1955 1936 1915 1902
105RODRIGUE1990122  1899 1891 1873 1856 1834 1830 1827 1826 1827 1835 1844
105RODRIGUE1990123  1854 1855 1843 1848 1856 1851 1844 1821 1800
105RODRIGUE1991 11  1801 1812 1821 1817 1819 1828 1828 1828 1823 1819 1829
105RODRIGUE1991 12  1847 1866 1896 1917 1927 1936 1936 1932 1941 1970 1982
105RODRIGUE1991 13  2011 2030 2023 2024 2038 2072 2099 2342 2298
105RODRIGUE1991 21  1998 1990 1983 1967 1969 1966 1941 1921 1913 1911 1917
105RODRIGUE1991 22  1928 1953 1971 1977 1982 1985 2004 2007 1997 1965 1919
105RODRIGUE1991 23  1892 1890 1916 1953 1983 2006
105RODRIGUE1991 31  2014 2008 2023 2044 2052 2017 2015 2033 2040 2056 2052
105RODRIGUE1991 32  2052 2056 2048 2038 2035 2033 2029 2022 1994 1976 1974
105RODRIGUE1991 33  1969 1961 1957 1962 1964 1972 1972 1966 1959
105RODRIGUE1991 41  1913 1869 1846 1838 1836 1827 1817 1820 1832 1839 1838
105RODRIGUE1991 42  1841 1839 1827 1805 1793 1772 1755 1748 1734 1733 1756
105RODRIGUE1991 43  1773 1781 1781 1779 1781 1781 1776 1750
105RODRIGUE1991 51  1739 1723 1718 1742 1780 1796 1803 1808 1803 1798 1796
105RODRIGUE1991 52  1798 1806 1793 1773 1762 1761 1774 1795 1835 1845 1861
105RODRIGUE1991 53  1890 1908 1911 1899 1889 1887 1898 1917 1932
105RODRIGUE1991 61  1916 1875 1865 1897 1944 1969 1961 1949 1943 1940 1930
105RODRIGUE1991 62  1911 1904 1918 1937 1894 1853 1830 1806 1782 1762 1777
105RODRIGUE1991 63  1783 1781 1789 1809 1840 1863 1874 1883
105RODRIGUE1991 71  1877 1874 1891 1919 1923 1892 1878 1900 1924 1918 1912
105RODRIGUE1991 72  1917 1912 1915 1949 1983 1980 1948 1914 1901 1902 1904
105RODRIGUE1991 73  1903 1906 1910 1917 1912 1936 1957 1965 1969
105RODRIGUE1991 81  1972 1977 1972 1971 1971 1971 1970 1962 1960 1966 1976
105RODRIGUE1991 82  1973 1941 1900 1878 1864 1840 1817 1808 1803 1816 1827
105RODRIGUE1991 83  1836 1826 1798 1792 1771 1756 1750 1742 1746
105RODRIGUE1991 91  1749 1725 1726 1745 1747 1748 1758 1766 1770 1765 1745
105RODRIGUE1991 92  1721 1711 1711 1717 1725 1709 1691 1696 1678 1672 1686
105RODRIGUE1991 93  1710 1747 1776 1780 1770 1773 1782 1798
105RODRIGUE1991101  1824 1856 1876 1904 1921 1923 1910 1880 1884 1895 1887
105RODRIGUE1991102  1867 1847 1856 1870 1857 1850 1853 1849 1864 1878 1883
105RODRIGUE1991103  1889 1894 1887 1881 1865 1851 1869 1890 1880
105RODRIGUE1991111  1875 1878 1870 1865 1860 1853 1843 1816 1816 1823 1812
105RODRIGUE1991112  1813 1802 1786 1787 1789 1803 1831 1843 1825 1798 1793
105RODRIGUE1991113  1806 1811 1822 1823 1822 1812 1812 1816
105RODRIGUE1991121  1817 1807 1785 1784 1794 1809 1817 1818 1813 1832 1848
105RODRIGUE1991122  1846 1854 1876 1891 1901 1918 1965 1999 2003 1984 1965
105RODRIGUE1991123  1967 1994 2009 2017 2027 2029 2014 1998 1970
105RODRIGUE1992 11  1949 1958 1961 1958 1971 1976 1971 1972 1979 1978 1973
105RODRIGUE1992 12  1980 1974 1970 1967 1968 1976 1973 1960 1966 1988 2004
105RODRIGUE1992 13  2022 2038 2041 2022 1978 1980 2003 2006 1992
105RODRIGUE1992 21  2004 2015 2020 2018 2013 2013 2036 2073 2109 2106 2087
105RODRIGUE1992 22  2034 1993 1974 1956 1946 1938 1933 1938 1934 1900 1874
105RODRIGUE1992 23  1855 1854 1859 1859 1858 1873 1896
105RODRIGUE1992 31  1920 1905 1913 1921 1880 1855 1853 1827 1788 1778 1791
105RODRIGUE1992 32  1800 1807 1821 1832 1837 1833 1815 1795 1792 1788 1793
105RODRIGUE1992 33  1797 1804 1811 1813 1812 1803 1803 1828 1837
105RODRIGUE1992 41  9999 9999 1781 1765 1765 1767 1757 1745 1749 1759 1757
105RODRIGUE1992 42  1755 1744 1727 1734 1741 1722 1702 1686 1667 1650 1652
105RODRIGUE1992 43  1663 1673 1678 1697 1707 1710 1715 1720
105RODRIGUE1992 51  1725 1715 1691 1696 1700 1701 9999 9999 1707 1705 1697
105RODRIGUE1992 52  1704 1711 1717 1738 1729 1693 1675 1672 1699 1723 1741
105RODRIGUE1992 53  1757 1752 1724 1724 1734 1753 1764 1774 1778
105RODRIGUE1992 61  1764 1759 1755 1761 1785 1805 1827 1839 1827 1825 1811
105RODRIGUE1992 62  1781 1765 1759 1755 1745 1752 1760 1745 1749 1766 1752
105RODRIGUE1992 63  1749 1750 1763 1766 1755 1750 1751 1753
105RODRIGUE1992 71  1764 1778 1777 1783 1759 1737 1738 1740 1735 1746 1758
105RODRIGUE1992 72  1764 1762 1731 1721 1732 1736 1753 1771 1784 1792 1778
105RODRIGUE1992 73  1779 1782 1763 1755 1772 1792 1804 1808 1822
105RODRIGUE1992 81  1826 1816 1808 1802 1795 1789 1784 1781 1791 1807 1820
105RODRIGUE1992 82  1817 1815 1833 1839 1849 1849 1830 1832 1835 1834 1829
105RODRIGUE1992 83  1823 1830 1845 1855 9999 9999 9999 9999 9999
105RODRIGUE1992 91  9999 9999 9999 9999 9999 9999 9999 1816 1835 1846 1835
105RODRIGUE1992 92  1818 1823 1833 1830 1815 1828 1850 1849 1820 1796 1808
105RODRIGUE1992 93  1832 1860 1879 1878 1881 1872 1887 1936
105RODRIGUE1992101  1899 1887 1896 1908 1904 1889 1887 1875 1876 1869 1869
105RODRIGUE1992102  1867 1851 1853 1846 1844 1846 1865 1879 1889 1896 1900
105RODRIGUE1992103  1900 1896 1901 1905 1901 1911 1936 1943 1948
105RODRIGUE1992111  1950 1949 1963 1970 1976 1973 1984 1995 1995 1985 1977
105RODRIGUE1992112  1972 1982 1997 2005 2023 2034 2038 2028 2006 2001 1993
105RODRIGUE1992113  1977 1957 1951 1965 1991 2000 1994 1989
105RODRIGUE1992121  1982 1990 2004 1995 1976 1962 1954 1955 1955 1960 1956
105RODRIGUE1992122  1949 1958 1966 1973 1989 2005 2009 2011 2005 1986 1984
105RODRIGUE1992123  1994 1994 2005 2037 2053 2046 2033 2023 2014
105RODRIGUE1993 11  2022 2032 2044 2048 2039 2035 2038 2041 2038 2049 2046
105RODRIGUE1993 12  2055 2056 2051 2045 2042 2034 2022 2009 2004 1996 2034
105RODRIGUE1993 13  2018 1971 2097 2239 2107 2021 1990 1983 1986
105RODRIGUE1993 21  1974 1960 1956 1972 1989 2002 2005 1983 1973 1983 1988
105RODRIGUE1993 22  1999 2015 2018 2019 2013 2004 2000 2013 2021 2014 2023
105RODRIGUE1993 23  2027 2033 2041 2046 2034 2009
105RODRIGUE1993 31  2003 2003 2014 2033 2046 2064 2079 2099 2111 2109 2084
105RODRIGUE1993 32  2058 2040 2027 2017 2007 2014 2013 2011 1999 1985 1985
105RODRIGUE1993 33  1971 1956 1943 1937 1935 1919 1908 1915 1928
105RODRIGUE1993 41  1928 1919 1913 1910 1910 1911 1898 1897 1891 1873 1864
105RODRIGUE1993 42  1865 1869 1862 1845 1847 1853 1844 1824 1811 1808 1806
105RODRIGUE1993 43  1808 1813 1831 1858 1862 1863 1877 1906
105RODRIGUE1993 51  1935 1936 1923 1922 1925 1905 1874 1873 1884 1894 1906
105RODRIGUE1993 52  1911 1925 1930 1930 1932 1936 1941 1942 1943 1941 1942
105RODRIGUE1993 53  1950 1955 1963 1962 1960 1977 1977 1968 1979
105RODRIGUE1993 61  1995 2013 2014 2005 2009 2011 2023 2031 2042 2044 2017
105RODRIGUE1993 62  1988 1968 1951 1931 1912 1913 1928 1930 1938 1946 1946
105RODRIGUE1993 63  1962 1975 1978 1962 1926 1911 1906 1889
105RODRIGUE1993 71  1880 1885 1904 1910 1901 1880 1858 1854 1848 1858 1867
105RODRIGUE1993 72  1871 1878 1884 1865 1855 1852 1826 1815 1835 1836 1840
105RODRIGUE1993 73  1839 1828 1810 1792 1787 1783 1778 1785 1787
105RODRIGUE1993 81  1774 1756 1732 1703 1697 1713 1723 1716 1707 1712 1718
105RODRIGUE1993 82  1729 1751 1756 1751 1750 1750 1749 1745 1735 1738 1747
105RODRIGUE1993 83  1740 1724 1722 1698 1687 1683 1690 1723 1728
105RODRIGUE1993 91  1704 1679 1666 1653 1649 1647 1635 1639 1640 1650 1650
105RODRIGUE1993 92  1633 1627 1621 1616 1620 1639 1635 1604 1587 1575 1587
105RODRIGUE1993 93  1622 1634 1639 1654 1661 1647 1652 1673
105RODRIGUE1993101  1689 1700 1683 1666 1671 1696 1726 1747 1756 1764 1795
105RODRIGUE1993102  1825 1836 1834 1842 1853 1848 1837 1844 1851 1861 1862
105RODRIGUE1993103  1859 1869 1872 1868 1865 1866 1874 1889 1913
105RODRIGUE1993111  1924 1925 1926 1939 1950 1960 1967 1961 1947 1916 1894
105RODRIGUE1993112  1869 1869 1877 1862 1829 1794 1769 1739 1734 1746 1748
105RODRIGUE1993113  1734 1706 1700 1700 1709 1728 1744 1744
105RODRIGUE1993121  1742 1738 1738 1741 1750 1759 1763 1776 1794 1795 1793
105RODRIGUE1993122  1797 1804 1815 1821 1828 1849 1848 1842 1834 1846 1860
105RODRIGUE1993123  1855 1849 1827 1797 1788 1790 1797 1808 1823
105RODRIGUE1994 11  1839 1855 1871 1887 1906 1926 1921 1926 1941 1929 1910
105RODRIGUE1994 12  1905 1916 1942 1979 2000 1959 1917 1926 1927 1917 1904
105RODRIGUE1994 13  1894 1889 1890 1897 1913 1941 1955 1953 1948
105RODRIGUE1994 21  1940 1947 1947 1911 1891 1896 1904 1941 1990 1980 1949
105RODRIGUE1994 22  1953 1992 2094 2157 2025 1957 1956 1951 1953 1952 1948
105RODRIGUE1994 23  1968 1995 1993 1984 1983 1982
105RODRIGUE1994 31  1984 1984 1977 1974 1981 1991 2012 2023 2019 2021 2051
105RODRIGUE1994 32  2081 2087 2090 2100 2094 2090 2080 2067 2071 2088 2102
105RODRIGUE1994 33  2107 2113 2120 2120 2112 2104 2089 2069 2068
105RODRIGUE1994 41  2073 2075 2086 2086 2078 2074 2077 2094 2108 2113 2146
105RODRIGUE1994 42  2187 2092 2056 2044 2044 2039 2019 2020 2031 2039 2040
105RODRIGUE1994 43  2034 2031 2047 2053 2051 2039 2025 2024
105RODRIGUE1994 51  2041 2046 2037 2028 2030 2042 2030 2022 2010 1989 1971
105RODRIGUE1994 52  1952 1928 1921 1911 1894 1891 1889 1885 1886 1886 1882
105RODRIGUE1994 53  1876 1887 1900 1900 1895 1886 1886 1897 1892
105RODRIGUE1994 61  1892 1908 1907 1878 1850 1851 1871 1908 1925 1921 1927
105RODRIGUE1994 62  1930 1929 1929 1939 1953 1951 1952 1943 1950 1947 1947
105RODRIGUE1994 63  1954 1940 1950 1951 1941 1934 1937 1951
105RODRIGUE1994 71  1970 1973 1945 1926 1944 1967 1951 1939 1942 1964 1979
105RODRIGUE1994 72  1971 1967 1975 1980 1990 1987 1970 1956 1936 1917 1903
105RODRIGUE1994 73  1915 1915 1914 1922 1919 1924 1929 1894 1856
105RODRIGUE1994 81  1847 1848 1858 1869 1864 1874 1886 1903 1922 1923 1914
105RODRIGUE1994 82  1914 1926 1935 1931 1932 1923 1921 1920 1904 1905 1911
105RODRIGUE1994 83  1928 1938 1940 1946 1950 1947 1944 1949 1963
105RODRIGUE1994 91  1981 1995 1961 1928 1922 1941 1950 1926 1903 1917 1928
105RODRIGUE1994 92  1919 1913 1924 1940 1949 1935 1914 1909 1904 1891 1865
105RODRIGUE1994 93  1853 1854 1856 1853 1840 1824 1826 1843
105RODRIGUE1994101  1862 1878 1891 1880 1860 1844 1840 1836 1839 1821 1788
105RODRIGUE1994102  1782 1798 1793 1787 1794 1809 1828 1831 1805 1788 1781
105RODRIGUE1994103  1785 1788 1776 1773 1772 1779 1795 1824 1846
105RODRIGUE1994111  1869 1897 1897 1873 1857 1852 1849 1866 1902 1938 1966
105RODRIGUE1994112  1976 1977 1956 1931 1914 1914 1926 1928 1922 1926 1937
105RODRIGUE1994113  1945 1948 1963 1976 1996 2037 2168 2137
105RODRIGUE1994121  1966 1959 1963 1980 1979 1968 1957 1948 1938 1926 1912
105RODRIGUE1994122  1915 1936 1964 1982 1960 1927 1905 1918 1941 1947 1943
105RODRIGUE1994123  1936 1936 1941 1944 1955 1962 1959 1963 1970
105RODRIGUE1995 11  1974 1980 1979 1986 1984 1981 1987 1998 2001 1979 1959
105RODRIGUE1995 12  1957 1952 1929 1914 1908 1905 1919 1923 1929 1947 1955
105RODRIGUE1995 13  1961 1958 1954 1992 1999 1961 1963 1961 1965
105RODRIGUE1995 21  1964 1968 1966 1952 1952 1965 1995 2077 2031 1933 1929
105RODRIGUE1995 22  1938 1945 1954 1969 1972 1955 1948 1940 1923 1921 1924
105RODRIGUE1995 23  1929 1945 1997 2003 1986 1983
105RODRIGUE1995 31  1956 1921 1896 1887 1878 1873 1873 1869 1878 1884 1896
105RODRIGUE1995 32  1901 1917 1934 1962 1978 1954 1910 1875 1866 1888 1899
105RODRIGUE1995 33  1886 1883 1904 1930 1952 1955 1954 1955 1955
105RODRIGUE1995 41  1933 1930 1942 1962 1966 1964 1962 1928 1880 1853 1826
105RODRIGUE1995 42  1809 1817 1803 1804 1800 1787 1772 1770 1781 1786 1788
105RODRIGUE1995 43  1786 1781 1778 1774 1781 1790 1794 1792
105RODRIGUE1995 51  1788 1797 1794 1782 1782 1797 1807 1818 1824 1822 1821
105RODRIGUE1995 52  1833 1851 1857 1847 1821 1811 1827 1835 1834 1847 1864
105RODRIGUE1995 53  1875 1877 1866 1844 1839 1847 1861 1880 1866
105RODRIGUE1995 61  1858 1844 1848 1864 1856 1850 1839 1817 1793 1774 1761
105RODRIGUE1995 62  1748 1742 1745 1743 1726 1708 1716 1728 1742 1761 1786
105RODRIGUE1995 63  1801 1806 1821 1820 1824 1845 1870 1876
105RODRIGUE1995 71  1870 1877 1880 1885 1917 1916 1902 1886 1855 1843 1839
105RODRIGUE1995 72  1836 1856 1882 1885 1883 1866 1844 1839 1845 1840 1831
105RODRIGUE1995 73  1825 1829 1836 1832 1818 1807 1825 1819 1800
105RODRIGUE1995 81  1796 1803 1808 1785 1765 1764 1761 1750 1769 1783 1783
105RODRIGUE1995 82  1786 1789 1748 1688 1660 1661 1668 1673 1679 1666 1669
105RODRIGUE1995 83  1689 1733 1760 1759 1772 1779 1766 1740 1734
105RODRIGUE1995 91  1748 1760 1761 1765 1758 1751 1762 1768 1768 1758 1753
105RODRIGUE1995 92  1756 1752 1740 1734 1743 1753 1779 1800 1811 1800 1795
105RODRIGUE1995 93  1813 1832 1842 1849 1853 1847 1836 1822
105RODRIGUE1995101  1796 1781 1771 1768 1761 1743 1741 1761 1771 1778 1787
105RODRIGUE1995102  1796 1800 1776 1760 1777 1795 1803 1811 1813 1813 1800
105RODRIGUE1995103  1797 1800 1812 1839 1858 1880 1895 1900 1903
105RODRIGUE1995111  1898 1881 1856 1857 1858 1860 1867 1867 1863 1864 1883
105RODRIGUE1995112  1896 1892 1884 1887 1905 1923 1926 1938 1938 1923 1903
105RODRIGUE1995113  1895 1900 1916 1926 1911 1893 1881 1865
105RODRIGUE1995121  1863 1883 1900 1891 1881 1881 1879 1872 1865 1871 1865
105RODRIGUE1995122  1856 1878 1894 1885 1865 1845 1844 1858 1884 1903 1905
105RODRIGUE1995123  1901 1909 1915 1919 1914 1902 1892 1870 1854
105RODRIGUE1996 11  1842 1841 1845 1849 1855 1864 1882 1875 1859 1864 1862
105RODRIGUE1996 12  1857 1871 1888 1880 1866 1850 1858 1858 1857 1863 1894
105RODRIGUE1996 13  1894 1887 1902 1900 1902 1899 1899 1916 1931
105RODRIGUE1996 21  1940 1957 1963 1959 1950 1946 1951 1943 1927 1919 1916
105RODRIGUE1996 22  1921 1943 1967 1975 1981 1986 1982 1991 2003 1999 1994
105RODRIGUE1996 23  2001 1989 1898 1872 1905 1963 2064
105RODRIGUE1996 31  1974 1942 1962 1963 1961 1948 1938 1942 1949 1943 1945
105RODRIGUE1996 32  1938 1943 1952 1957 1960 1973 1995 2021 2021 2003 2003
105RODRIGUE1996 33  2003 2014 2024 2037 2039 2021 2022 2019 2013
105RODRIGUE1996 41  2007 2008 2012 2037 2212 2104 1861 1854 1779 1745 1756
105RODRIGUE1996 42  1758 1770 1793 1781 1757 1736 1728 1723 1718 1718 1721
105RODRIGUE1996 43  1737 1760 1762 1779 1810 1831 1836 1823
105RODRIGUE1996 51  1808 1810 1815 1821 1815 1814 1807 1802 1807 1803 1809
105RODRIGUE1996 52  1826 1847 1837 1819 1824 1829 1836 1836 1829 1837 1856
105RODRIGUE1996 53  1840 1835 1856 1866 1866 1850 1827 1816 1823
105RODRIGUE1996 61  1818 1815 1831 1855 1859 1845 1823 1809 1817 1841 1850
105RODRIGUE1996 62  1841 1834 1832 1829 1817 1796 1791 1802 1819 1818 1807
105RODRIGUE1996 63  1792 1768 1766 1780 1787 1788 1792 1795
105RODRIGUE1996 71  1802 1800 1800 1818 1823 1826 1827 1840 1852 1845 1834
105RODRIGUE1996 72  1814 1797 1799 1808 1813 1811 1811 1802 1798 1806 1836
105RODRIGUE1996 73  1855 1863 1871 1880 1882 1869 1852 1857 1879
105RODRIGUE1996 81  1889 1890 1903 1932 1943 1918 1894 1885 1879 1878 1888
105RODRIGUE1996 82  1885 1894 1917 1935 1936 1929 1941 1953 1962 1964 1947
105RODRIGUE1996 83  1940 1948 1951 1949 1953 1952 1941 1951 1973
105RODRIGUE1996 91  1955 1931 1933 1936 1949 1960 1947 1946 1941 1920 1913
105RODRIGUE1996 92  1921 1941 1950 1943 1930 1919 1895 1886 1895 1923 1943
105RODRIGUE1996 93  1949 1951 1941 1926 1911 1900 1903 1903
105RODRIGUE1996101  1893 1877 1880 1888 1893 1882 1866 1880 1890 1889 1894
105RODRIGUE1996102  1896 1889 1879 1879 1885 1888 1884 1895 1915 1920 1904
105RODRIGUE1996103  1885 1878 1873 1872 1875 1876 1870 1879 1907
105RODRIGUE1996111  1928 1932 1933 1934 1940 1952 1946 1938 1938 1927 1909
105RODRIGUE1996112  1888 1885 1897 1923 1951 1963 1968 1968 1967 1970 1981
105RODRIGUE1996113  1990 1985 1976 1978 1978 1987 1991 1999
105RODRIGUE1996121  2014 2026 2038 2024 2016 2026 2018 2015 2013 2013 2025
105RODRIGUE1996122  2027 2023 2018 2010 1996 1967 1939 1923 1908 1898 1892
105RODRIGUE1996123  1885 1879 1879 1892 1903 9999 9999 9999 1959
105RODRIGUE1997 11  1986 1994 1984 1975 1963 1958 1964 1978 1997 2009 2004
105RODRIGUE1997 12  2001 1995 1999 2016 2040 2034 2013 2007 2007 2016 2033
105RODRIGUE1997 13  2033 2024 2019 2014 2004 2005 2040 2068 2042
105RODRIGUE1997 21  1989 1967 1965 1966 1961 1950 1936 1949 1938 1918 1915
105RODRIGUE1997 22  1914 1919 1921 1920 1919 1919 1923 1936 1969 2014 1942
105RODRIGUE1997 23  1869 1849 1836 1834 1849 1846
105RODRIGUE1997 31  1846 1867 1871 1865 1863 1868 1865 1869 1891 1907 1913
105RODRIGUE1997 32  1911 1914 1925 1931 1932 1929 1927 1928 1935 1943 1950
105RODRIGUE1997 33  1956 1962 1963 1970 1983 1995 2006 1998 1996
105RODRIGUE1997 41  2000 2020 2047 2027 2014 2018 2004 1975 1960 1963 1969
105RODRIGUE1997 42  1967 1971 1992 1991 1979 1975 1979 1986 1988 1998 2011
105RODRIGUE1997 43  2011 2014 2019 2013 1986 1967 1938 1929
105RODRIGUE1997 51  1953 1970 1970 1965 1961 1950 1940 1932 1920 1893 1884
105RODRIGUE1997 52  1893 1894 1885 1868 1854 1863 1885 1876 1860 1846 1825
105RODRIGUE1997 53  1809 1807 1805 1822 1834 1820 1819 1834 1859
105RODRIGUE1997 61  1864 1854 1850 1860 1860 1866 1876 1884 1889 1884 1875
105RODRIGUE1997 62  1865 1879 1902 1903 1883 1863 1831 1821 1838 1844 1843
105RODRIGUE1997 63  1835 1828 1835 1827 1830 1827 1815 1801
105RODRIGUE1997 71  1773 1750 1736 1732 1725 1720 1727 1721 1701 1683 1658
105RODRIGUE1997 72  1641 1654 1649 1645 1642 1644 1662 1666 1674 1689 1698
105RODRIGUE1997 73  1693 1687 1691 1687 1678 1677 1693 1724 1734
105RODRIGUE1997 81  1719 1701 1692 1691 1705 1714 1717 1725 1725 1724 1733
105RODRIGUE1997 82  1741 1750 1762 1776 1774 1771 1793 1816 1831 1839 1840
105RODRIGUE1997 83  1833 1808 1787 1761 1729 1729 1755 1776 1779
105RODRIGUE1997 91  1785 1783 1796 1802 1805 1814 1820 1824 1846 1860 1846
105RODRIGUE1997 92  1827 1811 1810 1821 1831 1843 1837 1816 1801 1797 1797
105RODRIGUE1997 93  1810 1832 1857 1873 1898 1901 1896 1909
105RODRIGUE1997101  1913 1894 1877 1872 1888 1898 1904 1898 1911 1940 1961
105RODRIGUE1997102  1964 1959 1955 1946 1934 1918 1910 1891 1882 1872 1859
105RODRIGUE1997103  1856 1851 1853 1862 1866 1863 1860 1842 1825
105RODRIGUE1997111  1818 1815 1819 1822 1836 1839 1825 1825 1839 1849 1862
105RODRIGUE1997112  1869 1866 1875 1885 1888 1897 1889 1878 1877 1880 1874
105RODRIGUE1997113  1867 1867 1869 1864 1868 1874 1877 1872
105RODRIGUE1997121  1858 1848 1846 1852 1865 1870 1869 1867 1880 1888 1883
105RODRIGUE1997122  1884 1882 1867 1842 1835 1818 1829 1838 1825 1818 1816
105RODRIGUE1997123  1832 1841 1846 1845 1837 1839 1860 1880 1883
105RODRIGUE1998 11  1891 1891 1885 1886 1902 1913 1908 1892 1889 1892 1895
105RODRIGUE1998 12  1911 1930 1930 1933 1943 1947 1935 1927 1937 1952 1963
105RODRIGUE1998 13  1977 1976 1979 1982 1980 1986 1981 1987 1997
105RODRIGUE1998 21  2011 2011 2008 2012 2024 2034 2037 2033 2031 2073 2122
105RODRIGUE1998 22  2130 2100 2084 2085 2077 2045 2038 2033 2029 2034 2029
105RODRIGUE1998 23  2031 2044 2051 2062 2073 2080
105RODRIGUE1998 31  2079 2081 2075 2060 2056 2058 2044 2025 2016 1990 1968
105RODRIGUE1998 32  1957 1948 1949 1965 1979 1947 1915 1903 1907 1907 1905
105RODRIGUE1998 33  1906 1916 1925 1935 1922 1917 1925 1925 1917
105RODRIGUE1998 41  1906 1895 1907 1922 1936 1945 1961 1969 1977 1978 1966
105RODRIGUE1998 42  1949 1948 1964 1962 1976 1983 1952 1928 1926 1920 1909
105RODRIGUE1998 43  1906 1920 1928 1924 1910 1890 1878 1868
105RODRIGUE1998 51  1866 1877 1896 1898 1889 1877 1883 1886 1882 1873 1866
105RODRIGUE1998 52  1875 1894 1904 1884 1844 1815 1791 1769 1791 1818 1828
105RODRIGUE1998 53  1816 1801 1792 1783 1768 1752 1744 1745 1753
105RODRIGUE1998 61  1749 1749 1751 1768 1773 1764 1775 1777 1774 1769 1765
105RODRIGUE1998 62  1772 1769 1753 1755 1779 1819 1847 1840 1821 1806 1812
105RODRIGUE1998 63  1816 1824 1829 1834 1838 1846 1870 1893
105RODRIGUE1998 71  1888 1858 1840 1847 1861 1868 1878 1881 1872 1877 1893
105RODRIGUE1998 72  1914 1928 1938 1928 1906 1903 1887 1882 1900 1910 1911
105RODRIGUE1998 73  1908 1888 1887 1896 1876 1853 1840 1845 1864
105RODRIGUE1998 81  1871 1849 1825 1817 1821 1823 1821 1817 1837 1863 1871
105RODRIGUE1998 82  1851 1827 1831 1849 1851 1857 1851 1836 1825 1815 1797
105RODRIGUE1998 83  1804 1825 1835 1838 1840 1830 1805 1774 1774
105RODRIGUE1998 91  1789 1799 1816 1826 1825 1814 1810 1828 1844 1863 1880
105RODRIGUE1998 92  1892 1892 1898 1896 1886 1892 1902 1905 1905 1906 1889
105RODRIGUE1998 93  1856 1856 1858 1872 1889 1875 1861 1862
105RODRIGUE1998101  1887 1902 1897 1878 1869 1869 1859 1859 1860 1856 1837
105RODRIGUE1998102  1827 1819 1806 1810 1817 1818 1804 1792 1791 1791 1789
105RODRIGUE1998103  1783 1785 1780 1771 1795 1798 1788 1783 1797
105RODRIGUE1998111  1815 1806 1800 1782 1767 1772 1785 1793 1805 1818 1825
105RODRIGUE1998112  1822 1805 1811 1825 1830 1844 1839 1829 1831 1852 1867
105RODRIGUE1998113  1882 1898 1902 1911 1911 1928 1952 1968
105RODRIGUE1998121  1965 1957 1952 1953 1964 1967 1961 1963 1959 1961 1971
105RODRIGUE1998122  1973 1980 1986 1975 1964 1953 1949 1963 1976 1969 1955
105RODRIGUE1998123  1945 1947 1956 1957 1968 1973 1955 1938 1941
105RODRIGUE1999 11  1942 1941 1938 1936 1940 1936 1933 1915 1912 1909 1893
105RODRIGUE1999 12  1883 1890 1911 1912 1901 1901 1907 1918 1938 1957 1960
105RODRIGUE1999 13  1949 1940 1926 1920 1934 1938 1931 1915 1911
105RODRIGUE1999 21  1916 1934 1932 1887 1874 1868 1858 1863 1852 1839 1828
105RODRIGUE1999 22  1827 1830 1841 1852 1835 1821 1813 1814 1831 1846 1853
105RODRIGUE1999 23  1856 1865 1857 1854 1847 1849
105RODRIGUE1999 31  1851 1850 1848 1856 1876 1880 1891 1968 1893 1820 1842
105RODRIGUE1999 32  1868 1891 1907 1918 1923 1942 1952 1950 1942 1928 1908
105RODRIGUE1999 33  1892 1884 1874 1879 1880 1882 1897 1901 1897
105RODRIGUE1999 41  1892 1880 1880 1893 1888 1900 1898 1863 1852 1856 1856
105RODRIGUE1999 42  1845 1843 1850 1852 1855 1838 1817 1809 1807 1812 1816
105RODRIGUE1999 43  1832 1844 1849 1867 1885 1888 1869 1859
105RODRIGUE1999 51  1857 1864 1880 1890 1908 1919 1923 1919 1904 1914 1923
105RODRIGUE1999 52  1932 1929 1924 1934 1937 1931 1913 1900 1893 1892 1891
105RODRIGUE1999 53  1876 1855 1839 1820 1812 1819 1829 1822 1799
105RODRIGUE1999 61  1777 1769 1786 1788 1781 1780 1772 1776 1788 1780 1770
105RODRIGUE1999 62  1760 1754 1744 1739 1729 1736 1760 1772 1764 1751 1756
105RODRIGUE1999 63  1753 1757 1751 1740 1741 1739 1737 1735
105RODRIGUE1999 71  1724 1716 1715 1727 1744 1759 1763 1748 1738 1731 1734
105RODRIGUE1999 72  1738 1744 1731 1709 1705 1717 1728 1745 1762 1744 1728
105RODRIGUE1999 73  1708 1684 1696 1709 1701 1711 1733 1748 1756
105RODRIGUE1999 81  1762 1773 1784 1770 1766 1770 1772 1767 1759 1773 1792
105RODRIGUE1999 82  1810 1814 1801 1777 1761 1758 1759 1764 1766 1773 1779
105RODRIGUE1999 83  1780 1787 1798 1802 1807 1831 1847 1851 1843
105RODRIGUE1999 91  1810 1803 1806 1822 1830 1819 1816 1810 1802 1795 1799
105RODRIGUE1999 92  1809 1818 1811 1800 1799 1799 1792 1803 1814 1827 1832
105RODRIGUE1999 93  1839 1855 1864 1866 1864 1863 1856 1866
105RODRIGUE1999101  1875 1886 1884 1873 1876 1865 1864 1897 1910 1874 1828
105RODRIGUE1999102  1816 1828 1836 1836 1824 1836 1861 1864 1852 1838 1835
105RODRIGUE1999103  1843 1855 1865 1865 1855 1833 1820 1816 1822
105RODRIGUE1999111  1820 1816 1823 1819 1817 1808 1813 1824 1841 1848 1848
105RODRIGUE1999112  1842 1832 1844 1861 1883 1912 1920 1931 1929 1907 1899
105RODRIGUE1999113  1899 1905 1920 1938 1929 1903 1897 1915
105RODRIGUE1999121  1932 1925 1912 1900 1893 1898 1893 1881 1877 1878 1880
105RODRIGUE1999122  1877 1883 1900 1915 1914 1904 1897 1899 1896 1893 1897
105RODRIGUE1999123  1905 1921 1927 1950 1958 1965 1985 1995 1998
105RODRIGUE2000 11  1997 1981 1961 1958 1970 1974 1982 1994 2014 2028 2014
105RODRIGUE2000 12  2010 2009 2009 1996 1978 1950 1932 1921 1916 1925 1925
105RODRIGUE2000 13  1929 1924 1914 1898 1889 1879 1852 1835 1823
105RODRIGUE2000 21  1809 1805 1808 1824 1809 1785 1781 1798 1818 1808 1817
105RODRIGUE2000 22  1845 1856 1875 1884 1881 1899 1913 1928 1947 1957 1970
105RODRIGUE2000 23  1951 1928 1933 1947 1947 1933 1910
105RODRIGUE2000 31  1894 1889 1892 1914 1932 1936 1936 1927 1928 1937 1947
105RODRIGUE2000 32  1945 1925 1904 1894 1884 1887 1903 1908 1902 1910 1910
105RODRIGUE2000 33  1909 1898 1887 1885 1892 1906 1911 1941 1967
105RODRIGUE2000 41  1954 1956 1967 1976 1983 1983 1976 1976 1979 1981 1999
105RODRIGUE2000 42  2012 2006 1999 1996 2006 2003 1994 1997 1995 1986 1951
105RODRIGUE2000 43  1909 1880 1862 1857 1855 1862 1866 1857
105RODRIGUE2000 51  1850 1837 1811 1789 1777 1769 1765 1787 1808 1828 1859
105RODRIGUE2000 52  1876 1877 1877 1885 1893 1900 1902 1888 1874 1872 1869
105RODRIGUE2000 53  1856 1852 1857 1871 1893 1896 1895 1893 1883
105RODRIGUE2000 61  1862 1850 1844 1836 1833 1833 1819 1810 1811 1824 1827
105RODRIGUE2000 62  1798 1770 1753 1749 1741 1740 1758 1777 1799 1793 1784
105RODRIGUE2000 63  1789 1811 1830 1840 1845 1839 1813 1779
105RODRIGUE2000 71  1784 1784 1773 1766 1772 1784 1788 1775 1743 1720 1722
105RODRIGUE2000 72  1722 1717 1711 1709 1709 1721 1738 1740 1724 1728 1744
105RODRIGUE2000 73  1749 1752 1770 1777 1767 1767 1776 1782 1798
105RODRIGUE2000 81  1825 1832 1828 1830 1852 1874 1882 1874 1855 1855 1854
105RODRIGUE2000 82  1846 1828 1822 1819 1815 1818 1826 1820 1806 1791 1772
105RODRIGUE2000 83  1774 1766 1762 1753 1740 1745 1745 1753 1760
105RODRIGUE2000 91  1755 1740 1739 1741 1740 1749 1760 1771 1753 1718 1705
105RODRIGUE2000 92  1685 1688 1698 1730 1767 1755 1711 1684 1676 1681 1688
105RODRIGUE2000 93  1707 1727 1726 1727 1727 1735 1745 1759
105RODRIGUE2000101  1761 1753 1735 1724 1725 1736 1745 1751 1774 1787 1792
105RODRIGUE2000102  1807 1829 1841 1844 1863 1868 1852 1847 1858 1878 1898
105RODRIGUE2000103  1920 1926 1918 1923 1916 1913 1927 1919 1903
105RODRIGUE2000111  1893 1912 1941 1940 1927 1934 1951 1962 1975 2000 2014
105RODRIGUE2000112  2024 2026 2011 1996 1992 2030 2071 2076 2052 2019 2004
105RODRIGUE2000113  2005 2000 1993 1998 1998 1990 1979 1967
105RODRIGUE2000121  1967 1971 1974 1976 1984 1997 1996 1990 1993 2005 2016
105RODRIGUE2000122  2014 2011 2012 2010 2002 2000 1993 1981 1986 1982 1983
105RODRIGUE2000123  1966 1954 1951 1947 1954 1965 1975 1984 1992
105RODRIGUE2001 11  2006 2021 2032 2042 2057 2054 2052 2063 2059 2057 2079
105RODRIGUE2001 12  2097 2085 2079 2102 2057 2014 2009 2014 2018 2015 2020
105RODRIGUE2001 13  2037 2028 2013 2011 2011 2025 2037 2051 2074
105RODRIGUE2001 21  2097 2091 2038 2001 1994 1997 1999 1998 1989 1993 1992
105RODRIGUE2001 22  1990 1991 1974 1954 1934 1913 1910 1915 1936 1955 1967
105RODRIGUE2001 23  1958 1939 1941 1947 1941 1930
105RODRIGUE2001 31  1927 1923 1929 1925 1926 1915 1901 1901 1906 1921 1928
105RODRIGUE2001 32  1929 1925 1914 1887 1879 1881 1876 1889 1901 1895 1909
105RODRIGUE2001 33  1922 1926 1905 1880 1890 1905 1908 1905 1898
105RODRIGUE2001 41  1884 1894 1915 1922 1942 2021 2018 1968 1962 1948 1943
105RODRIGUE2001 42  1931 1913 1895 1886 1893 1928 1961 1964 1957 1955 1959
105RODRIGUE2001 43  1956 1955 1947 1943 1942 1951 1972 1984
105RODRIGUE2001 51  1994 2001 2009 2004 1995 1995 1995 1983 1975 1967 1954
105RODRIGUE2001 52  1940 1942 1954 1953 1954 1936 1914 1910 1903 1910 1926
105RODRIGUE2001 53  1914 1912 1917 1909 1899 1903 1931 1953 1946
105RODRIGUE2001 61  1930 1918 1906 1889 1890 1900 1900 1885 1873 1864 1865
105RODRIGUE2001 62  1864 1835 1812 1810 1820 1833 1843 1832 1789 1753 1754
105RODRIGUE2001 63  1780 1804 1800 1794 1778 1758 1761 1774
105RODRIGUE2001 71  1772 1760 1754 1739 1735 1733 1743 1771 1806 1813 1805
105RODRIGUE2001 72  1796 1792 1774 1764 1770 1773 1780 1785 1786 1793 1814
105RODRIGUE2001 73  1823 1821 1821 1808 1781 1755 1749 1776 1795
105RODRIGUE2001 81  1788 1767 1761 1780 1813 1829 1823 1800 1799 1814 1811
105RODRIGUE2001 82  1815 1823 1817 1808 1810 1807 1807 1833 1861 1862 1867
105RODRIGUE2001 83  1878 1889 1891 1899 1901 1887 1860 1837 1841
105RODRIGUE2001 91  1846 1865 1883 1893 1899 1916 1919 1918 1921 1927 1926
105RODRIGUE2001 92  1916 1909 1908 1915 1932 1928 1907 1906 1897 1898 1903
105RODRIGUE2001 93  1899 1887 1866 1869 1874 1888 1891 1875
105RODRIGUE2001101  1863 1852 1852 1851 1849 1849 1845 1840 1845 1853 1852
105RODRIGUE2001102  1869 1882 1917 1943 1942 1922 1900 1885 1865 1868 1891
105RODRIGUE2001103  1903 1907 1914 1922 1938 1980 2006 1985 1968
105RODRIGUE2001111  1958 1945 1941 1940 1934 1946 1962 1963 1965 1973 1990
105RODRIGUE2001112  2001 1992 1977 1966 1979 1983 1966 1966 1965 1962 1973
105RODRIGUE2001113  1985 1978 1982 1989 1977 1967 1970 1968
105RODRIGUE2001121  1968 1977 1982 1989 1986 1976 1966 1970 1985 1976 1957
105RODRIGUE2001122  1950 1942 1932 1928 1928 1933 1939 1954 1972 1986 2010
105RODRIGUE2001123  2022 2024 2016 2018 2024 2032 2052 2071 2085
105RODRIGUE2002 11  2095 2084 2088 2100 2097 2094 2080 2068 2060 2047 2058
105RODRIGUE2002 12  2075 2073 2072 2070 2070 2087 2121 2182 2265 2176 2101
105RODRIGUE2002 13  2092 2101 2101 2074 2054 2042 2038 2040 2027
105RODRIGUE2002 21  2012 1992 1979 1987 1991 1996 1983 1975 1972 1974 1971
105RODRIGUE2002 22  1951 1944 1939 1936 1951 1948 1938 1930 1893 1868 1858
105RODRIGUE2002 23  1869 1881 1893 1908 1924 1939
105RODRIGUE2002 31  1942 1939 1935 1941 1943 1941 1927 1920 1938 1947 1946
105RODRIGUE2002 32  1946 1965 1975 1961 1950 1937 1933 1943 1944 1951 1957
105RODRIGUE2002 33  1955 1968 1987 1987 1969 1946 1926 1927 1918
105RODRIGUE2002 41  1912 1911 1919 1915 1910 1917 1925 1939 1949 1942 1941
105RODRIGUE2002 42  1954 1954 1959 1961 1933 1922 1921 1910 1907 1916 1928
105RODRIGUE2002 43  1931 1947 1965 1967 1958 1942 1922 1899
105RODRIGUE2002 51  1879 1884 1904 1904 1890 1863 1844 1849 1851 1847 1846
105RODRIGUE2002 52  1830 1807 1793 1797 1808 1798 1787 1789 1792 1796 1812
105RODRIGUE2002 53  1827 1842 1849 1850 1853 1846 1842 1846 1840
105RODRIGUE2002 61  1846 1858 1884 1918 1943 1929 1888 1877 1885 1891 1895
105RODRIGUE2002 62  1898 1909 1930 1932 1930 1933 1943 1945 1949 1976 1977
105RODRIGUE2002 63  1953 1924 1898 1901 1911 1918 1913 1906
105RODRIGUE2002 71  1912 1920 1919 1899 1885 1877 1881 1877 1867 1876 1891
105RODRIGUE2002 72  1911 1914 1911 1899 1873 1869 1884 1881 1852 1841 1834
105RODRIGUE2002 73  1821 1811 1814 1811 1820 1842 1843 1839 1827
105RODRIGUE2002 81  1826 1831 1822 1814 1828 1841 1833 1828 1830 1805 1771
105RODRIGUE2002 82  1760 1761 1760 1768 1776 1771 1773 1785 1792 1792 1785
105RODRIGUE2002 83  1782 1796 1817 1833 1852 1864 1868 1865 1852
105RODRIGUE2002 91  1831 1834 1843 1848 1848 1865 1889 1902 1895 1877 1876
105RODRIGUE2002 92  1870 1875 1882 1875 1833 1805 1799 1808 1822 1837 1843
105RODRIGUE2002 93  1845 1856 1858 1852 1851 1864 1878 1882
105RODRIGUE2002101  1897 1893 1883 1888 1904 1918 1901 1891 1893 1902 1887
105RODRIGUE2002102  1852 1819 1814 1838 1855 1854 1830 1803 1788 1797 1803
105RODRIGUE2002103  1796 1796 1800 1809 1806 1792 1786 1775 1775
105RODRIGUE2002111  1796 1822 1825 1823 1820 1824 1820 1821 1838 1849 1866
105RODRIGUE2002112  1875 1872 1877 1899 1936 1952 1967 1983 1975 1967 1952
105RODRIGUE2002113  1945 1951 1949 1945 1941 1931 1923 1926
105RODRIGUE2002121  1941 1954 1950 1928 1915 1920 1940 1936 1923 1928 9999
105RODRIGUE2002122  9999 9999 1926 1943 1975 1998 1996 1990 1988 2002 2024
105RODRIGUE2002123  2045 2089 2140 2149 2139 2139 2133 2120 2102
105RODRIGUE2003 11  2082 2060 2059 2063 2070 2072 2074 2070 2077 2097 2093
105RODRIGUE2003 12  2090 2095 2099 2085 2071 2063 2081 2111 2132 2138 2141
105RODRIGUE2003 13  2147 2160 2171 2166 2169 2171 2164 2155 2139
105RODRIGUE2003 21  2127 2126 2137 2144 2154 2175 2188 2184 2187 2207 2202
105RODRIGUE2003 22  2198 2246 2241 2185 2152 2130 2131 2113 2096 2098 2102
105RODRIGUE2003 23  2109 2100 2080 2075 2083 2074
105RODRIGUE2003 31  2054 2050 2048 2043 2044 2035 2026 2035 2049 2074 2180
105RODRIGUE2003 32  2172 1851 1738 1742 1746 1760 1751 1755 1775 1773 1762
105RODRIGUE2003 33  1740 1743 1744 1736 1754 1774 1774 1764 1758
105RODRIGUE2003 41  1758 1758 1788 1833 1896 1934 1926 1913 1911 1931 1965
105RODRIGUE2003 42  2018 2024 2012 2037 2069 2092 2109 2111 2109 2100 2102
105RODRIGUE2003 43  2097 2100 2120 2148 2187 2204 2204 2205
105RODRIGUE2003 51  2197 2174 2167 2193 2209 2192 2172 2163 2162 2156 2160
105RODRIGUE2003 52  2165 2147 2125 2117 2102 2072 2044 2025 2018 2012 2010
105RODRIGUE2003 53  2013 2026 2037 2032 2011 1987 1963 1945 1944
105RODRIGUE2003 61  1947 1955 1972 1974 1971 1974 1998 2023 2022 2022 2021
105RODRIGUE2003 62  1997 1970 1945 1929 1922 1929 1936 1955 1956 1942 1937
105RODRIGUE2003 63  1942 1938 1932 1919 1915 1922 1926 1925
105RODRIGUE2003 71  1923 1933 1928 1940 1961 1949 1932 1929 1926 1924 1910
105RODRIGUE2003 72  1872 1861 1886 1906 1916 1912 1901 1913 1932 1927 1920
105RODRIGUE2003 73  1911 1897 1885 1874 1863 1862 1883 1942 1974
105RODRIGUE2003 81  1940 1900 1879 1890 1882 1871 1876 1881 1883 1888 1898
105RODRIGUE2003 82  1912 1908 1894 1888 1890 1892 1875 1863 1847 1837 1839
105RODRIGUE2003 83  1833 1834 1825 1807 1787 1789 1777 1773 1768
105RODRIGUE2003 91  1748 1733 1732 1736 1746 1771 1790 1799 1797 1790 1789
105RODRIGUE2003 92  1790 1785 1798 1816 1811 1789 1762 1750 1755 1764 1794
105RODRIGUE2003 93  1829 1853 1879 1895 1896 1886 1866 1856
105RODRIGUE2003101  1862 1873 1890 1921 1935 1933 1942 1968 1979 1962 1947
105RODRIGUE2003102  1936 1922 1915 1902 1901 1902 1906 1892 1870 1875 1903
105RODRIGUE2003103  1914 1921 1929 1933 1918 1901 1881 1870 1877
105RODRIGUE2003111  1887 1892 1874 1863 1870 1874 1883 1894 1894 1883 1878
105RODRIGUE2003112  1886 1896 1901 1904 1903 1897 1886 1887 1884 1868 1862
105RODRIGUE2003113  1862 1866 1863 1868 1885 1906 1917 1936
105RODRIGUE2003121  1966 1989 2015 2030 2037 2035 2031 2029 2024 2019 2028
105RODRIGUE2003122  2049 2054 2059 2073 2078 2081 2095 2102 2085 2073 2064
105RODRIGUE2003123  2054 2051 2057 2047 2039 2056 2063 2056 2057
105RODRIGUE2004 11  2053 2037 2013 1990 1977 1961 1946 1951 1961 1960 1945
105RODRIGUE2004 12  1946 1949 1955 1963 1945 1928 1926 1923 1918 1912 1902
105RODRIGUE2004 13  1901 1920 1943 1960 1962 1950 1940 1948 1962
105RODRIGUE2004 21  1969 1949 1931 1946 1945 1921 1907 1896 1899 1903 1885
105RODRIGUE2004 22  1868 1855 1856 1873 1889 1877 1869 1862 1866 1879 1880
105RODRIGUE2004 23  1888 1905 1909 1903 1915 1914 1915
105RODRIGUE2004 31  1925 1949 1966 1960 1958 1961 1964 1964 1977 1987 1990
105RODRIGUE2004 32  1972 1970 1983 2013 2036 2027 2017 2015 2015 2011 2012
105RODRIGUE2004 33  2008 1988 1969 1981 1990 1983 1965 1949 1938
105RODRIGUE2004 41  1924 1918 1923 1929 1924 1919 1905 1900 1910 1908 1877
105RODRIGUE2004 42  1864 1871 1887 1895 1892 1892 1882 1889 1899 1897 1925
105RODRIGUE2004 43  1952 1978 2008 2017 2011 2006 2017 2030
105RODRIGUE2004 51  2028 1999 1983 1978 1964 1963 1964 1953 1961 1983 1986
105RODRIGUE2004 52  1985 1981 1966 1953 1960 1927 1892 1879 1867 1857 1838
105RODRIGUE2004 53  1845 1849 1848 1845 1862 1872 1849 1826 1822
105RODRIGUE2004 61  1840 1834 1806 1776 1761 1768 1767 1771 1773 1787 1829
105RODRIGUE2004 62  1852 1850 1811 1772 1765 1762 1760 1751 1744 1749 1762
105RODRIGUE2004 63  1787 1781 1768 1767 1784 1792 1795 1801
105RODRIGUE2004 71  1811 1831 1859 1868 1861 1870 1888 1901 1903 1877 1853
105RODRIGUE2004 72  1842 1822 1803 1783 1787 1813 1827 1825 1823 1828 1843
105RODRIGUE2004 73  1856 1877 9999 9999 1859 1861 1857 1861 1872
105RODRIGUE2004 81  1864 1859 1862 1863 1867 1869 1845 1824 1813 1814 1840
105RODRIGUE2004 82  1867 1877 1883 1884 1891 1895 1898 1901 1906 1903 1902
105RODRIGUE2004 83  1907 1897 1895 1892 1895 1914 1921 1915 1912
105RODRIGUE2004 91  1914 1914 1910 1900 1885 1891 1899 1891 1880 1882 1864
105RODRIGUE2004 92  1861 1873 1878 1890 1887 1874 1869 1877 1887 1909 1927
105RODRIGUE2004 93  1919 1902 1902 1913 1914 1914 1903 1883
105RODRIGUE2004101  1863 1825 1791 1794 1804 1800 1792 1788 1796 1796 1794
105RODRIGUE2004102  1799 1808 1805 1794 1785 1763 1755 1770 1785 1810 1832
105RODRIGUE2004103  1849 1854 1863 1864 1859 1869 1869 1859 1858
105RODRIGUE2004111  1848 1841 1841 1844 1853 1858 1858 1871 1886 1891 1897
105RODRIGUE2004112  1888 1897 1904 1897 1899 1890 1883 1897 1913 1919 1922
105RODRIGUE2004113  1920 1931 1960 1973 1975 1976 1968 1962
105RODRIGUE2004121  1963 1958 1941 1945 1978 2002 2006 2025 2034 2029 2039
105RODRIGUE2004122  2039 2035 2036 2034 2038 2053 2049 2043 2040 2029 2014
105RODRIGUE2004123  1997 1989 1988 9999 9999 9999 9999 9999 9999
105RODRIGUE2005 11  9999 9999 9999 9999 9999 9999 9999 9999 9999 9999 9999
105RODRIGUE2005 12  9999 9999 9999 9999 9999 9999 9999 9999 9999 9999 9999
105RODRIGUE2005 13  9999 9999 2064 2065 2064 2070 2102 2130 2173
105RODRIGUE2005 21  2190 2172 2138 2113 2102 2102 2099 2094 2110 2129 2144
105RODRIGUE2005 22  2161 2168 2161 2152 2143 2149 2158 2161 2185 2197 2206
105RODRIGUE2005 23  2199 2194 2194 2181 2182 2181
105RODRIGUE2005 31  2176 2163 2157 2137 2117 2118 2130 2136 2141 2142 2126
105RODRIGUE2005 32  2123 2117 2112 2094 2074 2073 2077 2084 2092 2113 2121
105RODRIGUE2005 33  2131 2142 2169 2182 2178 2160 2137 2110 2099
105RODRIGUE2005 41  2096 2100 2117 2153 2166 2114 9999 9999 9999 2096 2002
105RODRIGUE2005 42  1963 1954 1934 1921 1915 1918 1914 1895 1882 1878 1881
105RODRIGUE2005 43  1891 1900 1899 1886 1871 1876 1875 1872
105RODRIGUE2005 51  1850 1833 1834 1844 1850 1846 1825 1787 1761 1744 1736
105RODRIGUE2005 52  1745 1769 1788 1830 1878 1907 1930 1953 1981 1998 1987
105RODRIGUE2005 53  1960 1957 1961 1956 1953 1964 1992 2015 2006
105RODRIGUE2005 61  1988 1990 1990 1981 1984 2003 2015 2007 1987 1983 1971
105RODRIGUE2005 62  1954 1948 1934 1917 1901 1897 1898 1875 1854 1847 9999
105RODRIGUE2005 63  9999 9999 9999 1890 1887 1884 1893 1910
105RODRIGUE2005 71  1915 1916 1928 1944 1927 1894 1887 1897 1909 1913 1917
105RODRIGUE2005 72  1928 1949 1967 1977 1979 1966 1955 1937 1936 1955 1976
105RODRIGUE2005 73  1974 1957 1946 1960 1978 1986 1981 1950 1907
105RODRIGUE2005 81  1899 1912 1911 1910 1910 1916 1911 1901 1903 1894 1885
105RODRIGUE2005 82  1893 1898 1888 1876 1870 1903 1929 1930 1948 1975 1976
105RODRIGUE2005 83  1969 1931 1886 1859 1841 1840 1849 1849 1859
105RODRIGUE2005 91  1882 1900 1909 1910 1922 1941 1950 1962 1961 1963 1961
105RODRIGUE2005 92  1958 1970 1995 2012 2004 1979 1954 1944 1951 1959 1951
105RODRIGUE2005 93  1957 1957 1950 1953 1951 1946 1953 1959
105RODRIGUE2005101  1970 1985 1986 1992 1991 1997 1997 1997 1996 1989 1989
105RODRIGUE2005102  2000 2000 2001 2009 2018 2014 1986 1955 1947 1948 1943
105RODRIGUE2005103  1940 1934 1926 1920 1929 1948 1947 1953 1952
105RODRIGUE2005111  1925 1912 1902 1905 1918 1921 1941 1962 1983 2011 2018
105RODRIGUE2005112  2000 1975 1960 1957 1964 1972 1953 1947 1959 1957 1954
105RODRIGUE2005113  1968 1990 1996 1994 1982 1979 1967 1959
105RODRIGUE2005121  1944 1938 1946 1958 1978 1993 2004 2014 2016 2027 2032
105RODRIGUE2005122  2039 2042 2029 2019 2009 2002 1996 1997 1999 1991 1993
105RODRIGUE2005123  1997 1988 1966 1959 1963 1964 1924 1886 1881
105RODRIGUE2006 11  1886 1898 1920 1940 1961 1972 1975 1967 1962 1963 1971
105RODRIGUE2006 12  1983 1987 1997 2003 1994 1996 2005 2024 2042 2069 2054
105RODRIGUE2006 13  9999 9999 9999 2027 2032 2051 2067 2081 2077
105RODRIGUE2006 21  2058 2063 2083 2100 2105 2098 2093 2077 2063 2070 2092
105RODRIGUE2006 22  2108 2122 2125 2115 2116 2110 2094 2091 2090 2078 2064
105RODRIGUE2006 23  2066 2073 2070 2067 2084 2114
105RODRIGUE2006 31  2135 2150 2139 2128 2110 2099 2101 2088 2070 2068 2068
105RODRIGUE2006 32  2054 2045 2061 2088 2104 2102 2108 2131 2159 2199 2237
105RODRIGUE2006 33  2243 2242 2237 2208 2185 2178 2176 2165 2148
105RODRIGUE2006 41  2135 2129 2127 2118 2093 2089 2087 2083 2107 2121 2116
105RODRIGUE2006 42  2119 2117 2122 2135 2134 2136 2142 2149 2153 2156 2157
105RODRIGUE2006 43  2163 2145 2125 2120 2102 2089 2089 2072
105RODRIGUE2006 51  2053 2039 2004 1973 1966 1963 1952 1923 1884 1868 1881
105RODRIGUE2006 52  1873 1844 1828 1821 1819 1807 1805 1817 1811 1784 1776
105RODRIGUE2006 53  1791 1797 1790 1792 1783 1766 1751 1747 1750
105RODRIGUE2006 61  1759 1781 1799 1810 1803 1796 1801 1806 1813 1816 1811
105RODRIGUE2006 62  1825 1848 1867 1875 1893 1919 1922 1923 1910 1901 1895
105RODRIGUE2006 63  1905 1908 1903 1895 9999 9999 9999 1844
105RODRIGUE2006 71  1841 1849 1868 1881 1878 1879 1876 1860 1842 1839 1831
105RODRIGUE2006 72  1812 1812 1820 1825 1829 1846 1867 1870 1864 1859 1829
105RODRIGUE2006 73  1797 1798 1820 1830 1824 1814 1799 1785 1798
105RODRIGUE2006 81  1818 1827 1840 1855 1863 1857 1862 1872 1873 1874 1895
105RODRIGUE2006 82  1910 1910 1906 1909 1925 1934 1937 1933 1936 1947 1937
105RODRIGUE2006 83  1918 1930 1974 1999 1979 1930 1913 1917 1928
105RODRIGUE2006 91  1930 1927 1926 1933 1955 1973 1978 1963 1945 1922 1904
105RODRIGUE2006 92  1897 1877 1876 1888 1891 1891 1894 1905 1918 1928 1929
105RODRIGUE2006 93  1933 1933 1927 1917 1903 1891 1878 1882
105RODRIGUE2006101  1892 1899 1914 1928 1936 1938 1951 1938 1891 1855 1832
105RODRIGUE2006102  1833 1851 1873 1891 1908 1909 1900 1900 1912 1912 1899
105RODRIGUE2006103  1886 1874 1870 1873 1878 1901 1931 1943 1981
105RODRIGUE2006111  2073 2102 2110 2120 2120 2106 2091 2073 2062 2063 2069
105RODRIGUE2006112  2095 2124 2145 2134 2108 2087 2073 2073 2075 2064 2056
105RODRIGUE2006113  2051 2045 2039 2028 2030 2036 2052 2049
105RODRIGUE2006121  2023 1998 1984 1966 1934 1916 1921 1936 1945 1936 1917
105RODRIGUE2006122  1923 1929 1923 1923 1938 1964 1987 1989 1987 2008 2035
105RODRIGUE2006123  2049 2056 2062 2058 2052 2053 2056 2050 2049
105RODRIGUE2007 11  2056 2050 2036 2042 2054 2065 2077 2084 2091 2093 2095
105RODRIGUE2007 12  2101 2092 2079 2068 2052 2039 2042 2061 2074 2085 2091
105RODRIGUE2007 13  2090 2096 2097 2093 2080 2060 2051 2046 2052
105RODRIGUE2007 21  2061 2067 2079 2085 2103 2083 1997 1964 1952 1961 1942
105RODRIGUE2007 22  1914 1894 1886 1914 1859 1828 1838 1856 1864 1870 1893
105RODRIGUE2007 23  1903 1850 1839 1855 1852 1834
105RODRIGUE2007 31  1823 1825 1835 1827 1796 1758 1748 1752 1746 1742 1732
105RODRIGUE2007 32  1717 1724 1738 1762 1797 1830 1865 1889 1889 1882 1898
105RODRIGUE2007 33  1935 1950 1939 1961 2000 2023 2031 2050 2078
105RODRIGUE2007 41  2078 2064 2070 2062 2079 2089 2074 2070 2067 2053 2039
105RODRIGUE2007 42  2027 2018 2012 2014 2026 2030 2022 2018 2018 2048 2076
105RODRIGUE2007 43  2076 2068 2065 2071 2070 2060 2049 2043
105RODRIGUE2007 51  2038 2039 2031 2025 2025 2030 2033 2031 2018 2017 2021
105RODRIGUE2007 52  2036 2059 2068 2063 2030 2010 1998 1992 1995 2007 2021
105RODRIGUE2007 53  2035 2035 2039 2057 2052 2039 2038 2039 2046
105RODRIGUE2007 61  2043 2028 2005 1995 1996 1995 2007 2040 2063 2065 2054
105RODRIGUE2007 62  2027 2007 1976 1969 1981 1999 2006 1991 1983 1979 1977
105RODRIGUE2007 63  1974 1951 1909 1879 1858 1855 1854 1855
105RODRIGUE2007 71  1856 1858 1874 1880 1878 1875 1870 1878 1903 1905 1889
105RODRIGUE2007 72  1886 1882 1876 1877 1878 1884 1900 1913 1910 1904 1891
105RODRIGUE2007 73  1901 1914 1908 1897 1890 1898 1913 1922 1929
105RODRIGUE2007 81  1929 1931 1933 1921 1923 1934 1913 1868 1865 1892 1918
105RODRIGUE2007 82  1939 1946 1954 1975 1980 1960 1938 1929 1920 1916 1903
105RODRIGUE2007 83  1895 1897 1903 1923 1956 1974 1990 2003 2001
105RODRIGUE2007 91  1992 1960 1941 1937 1932 1937 1950 1978 1994 1985 1978
105RODRIGUE2007 92  1971 1955 1952 1953 1931 1924 1946 1954 1954 1952 1977
105RODRIGUE2007 93  2002 2026 2057 2062 2016 1975 1953 1948
105RODRIGUE2007101  1953 1967 1987 1986 1988 2009 2001 2001 2008 2025 2041
105RODRIGUE2007102  2045 2031 2006 1986 1981 1991 2002 2009 2033 2064 2084
105RODRIGUE2007103  2081 2060 2040 2032 2009 1981 1978 1996 2029
105RODRIGUE2007111  2047 2045 2027 2015 2001 1991 1977 1978 1990 1994 1987
105RODRIGUE2007112  1991 1987 1981 1975 1967 1966 1976 1974 1966 1959 1961
105RODRIGUE2007113  1949 1942 1960 1964 1955 1953 1968 1987
105RODRIGUE2007121  2010 2031 2042 2035 2039 2049 2058 2063 2066 2078 2084
105RODRIGUE2007122  2080 2091 2120 2157 2225 2231 2175 2154 2142 2120 2106
105RODRIGUE2007123  2096 2080 2074 2062 2051 2044 2024 2020 2011
105RODRIGUE2008 11  1987 1956 1936 1932 1934 1935 1937 1930 1921 1936 1958
105RODRIGUE2008 12  1974 1988 2021 2052 2056 2045 2050 2066 2082 2100 2115
105RODRIGUE2008 13  2117 2125 2144 2160 2170 2185 2205 2218 2208
105RODRIGUE2008 21  2191 2174 2151 2139 2117 2100 2107 2126 2135 2109 2087
105RODRIGUE2008 22  2071 2062 2044 2011 1990 1976 1980 2019 2003 1990 1997
105RODRIGUE2008 23  1985 1975 1981 1999 2011 2009 2004
105RODRIGUE2008 31  2020 2033 2038 2049 2053 2060 2058 2085 2111 2115 2130
105RODRIGUE2008 32  2114 2088 2081 2089 2120 2154 2181 2192 2182 2163 2148
105RODRIGUE2008 33  2128 2110 2098 2102 2102 2082 2056 2022 2007
105RODRIGUE2008 41  2015 2022 2021 2007 2010 2028 2035 2042 2037 2019 2016
105RODRIGUE2008 42  2027 2043 2052 2060 2071 2073 2062 2044 2022 2002 1995
105RODRIGUE2008 43  1981 1963 1961 1963 1971 1979 1995 2014
105RODRIGUE2008 51  2018 2012 2004 1991 1979 1964 1942 1922 1914 1910 1922
105RODRIGUE2008 52  1939 1943 1954 1947 1928 1908 1908 1917 1916 1915 1920
105RODRIGUE2008 53  1922 1916 1902 1895 1894 1889 1877 1873 1875
105RODRIGUE2008 61  1886 1903 1922 1910 1877 1855 1856 1862 1872 1900 1897
105RODRIGUE2008 62  1870 1850 1842 1836 1832 1831 1839 1853 1850 1849 1844
105RODRIGUE2008 63  1843 1852 1866 1870 1867 1868 1877 1875
105RODRIGUE2008 71  1853 1844 1850 1865 1869 1859 1843 1846 1850 1855 1860
105RODRIGUE2008 72  1861 1864 1863 1856 1861 1861 1871 1890 1904 1914 1913
105RODRIGUE2008 73  1903 1895 1897 1883 1871 1883 1887 1899 1922
105RODRIGUE2008 81  1941 1949 1960 1979 1987 1978 1968 1955 1960 1965 1972
105RODRIGUE2008 82  1964 1960 1967 1981 2010 2016 2028 2037 2042 2025 2002
105RODRIGUE2008 83  1980 1965 1959 1955 1968 1995 2000 1981 1966
105RODRIGUE2008 91  1951 1945 1956 1952 1940 1940 1954 1949 1926 1929 1939
105RODRIGUE2008 92  1952 1986 2018 2018 1994 1975 1970 1963 1949 1934 1929
105RODRIGUE2008 93  1928 1915 1919 1931 1945 1965 1986 1996
105RODRIGUE2008101  1995 1990 1988 1995 2010 2015 2019 2032 2031 2002 1992
105RODRIGUE2008102  2015 2030 2033 2032 2031 2036 2029 2038 2048 2043 2026
105RODRIGUE2008103  2013 2018 2024 2037 2054 2075 2081 2058 2029
105RODRIGUE2008111  2013 2013 2026 2025 2036 2060 2074 2079 2083 2086 2077
105RODRIGUE2008112  2067 2046 2035 2037 2036 2040 2038 2032 2029 2023 2011
105RODRIGUE2008113  1990 1980 1970 1961 1973 1968 1951 1941
105RODRIGUE2008121  1942 1945 1935 1933 1935 1931 1932 1931 1944 1952 1932
105RODRIGUE2008122  1921 1915 1902 1908 1920 1933 1948 1960 1965 1971 1970
105RODRIGUE2008123  1971 1979 1994 1988 1987 1990 1997 2012 2027
105RODRIGUE2009 11  2044 2065 2075 2063 2054 2062 2084 2110 2131 2134 2110
105RODRIGUE2009 12  2092 2096 2110 2105 2092 2074 2059 2076 2088 2091 2100
105RODRIGUE2009 13  2120 2145 2167 2182 2203 2217 2217 2222 2226
105RODRIGUE2009 21  2221 2230 2240 2184 2132 2120 2134 2145 2151 2158 2162
105RODRIGUE2009 22  2155 2152 2160 2173 2189 2192 2188 2180 2177 2172 2170
105RODRIGUE2009 23  2166 2174 2187 2183 2157 2137
105RODRIGUE2009 31  2124 2112 2096 2076 2059 2047 2048 2066 2074 2075 2075
105RODRIGUE2009 32  2060 2037 2021 2019 1996 1969 1958 1947 1930 1949 1974
105RODRIGUE2009 33  1990 2002 2005 2007 1999 1980 1964 1969 1990
105RODRIGUE2009 41  1998 2000 1995 1997 1995 2000 2006 2010 2008 2006 2006
105RODRIGUE2009 42  1994 1984 1961 1929 1909 1920 1945 1950 1937 1929 1936
105RODRIGUE2009 43  1933 1905 1876 1853 1853 1857 1864 1867
105RODRIGUE2009 51  1865 1848 1849 1879 1897 1912 1911 1888 1876 1872 1875
105RODRIGUE2009 52  1901 1907 1888 1879 1864 1858 1863 1870 1859 1854 1851
105RODRIGUE2009 53  1839 1849 1868 1890 1913 1902 1882 1891 1891
105RODRIGUE2009 61  1882 1881 1883 1882 1871 1849 1832 1813 1809 1813 1834
105RODRIGUE2009 62  1864 1873 1865 1841 1828 1815 1821 1833 1826 1809 1809
105RODRIGUE2009 63  1820 1818 1809 1814 1831 1846 1862 1868
105RODRIGUE2009 71  1841 1812 1807 1799 1808 1824 1817 1824 1843 1869 1882
105RODRIGUE2009 72  1869 1855 1866 1886 1899 1924 1942 1940 1948 1941 1930
105RODRIGUE2009 73  1926 1910 1908 1914 1912 1906 1905 1905 1888
105RODRIGUE2009 81  1872 1849 1827 1821 1840 1848 1846 1858 1871 1880 1883
105RODRIGUE2009 82  1875 1872 1874 1875 1857 1838 1837 1851 1871 1881 1875
105RODRIGUE2009 83  1874 1888 1907 1910 1897 1900 1922 1946 1953
105RODRIGUE2009 91  1954 1950 1955 1960 1964 1962 1973 1986 2003 2011 2010
105RODRIGUE2009 92  2021 2029 2025 2044 2057 2048 2027 2022 2026 2039 2050
105RODRIGUE2009 93  2051 2044 2038 2035 2022 2004 2005 2030
105RODRIGUE2009101  2055 2062 2065 2062 2054 2054 2057 2052 2040 2030 2032
105RODRIGUE2009102  2037 2043 2052 2068 2080 2059 2031 2024 2023 2014 2012
105RODRIGUE2009103  2018 2025 2026 2014 2012 2035 2035 2019 2027
105RODRIGUE2009111  2035 2037 2042 2024 2013 2035 2054 2061 2055 2049 2058
105RODRIGUE2009112  2076 2083 2076 2084 2095 2105 2099 2080 2057 2048 2047
105RODRIGUE2009113  2060 2074 2072 2068 2056 2057 2068 2064
105RODRIGUE2009121  2062 2067 2072 2081 2092 2108 2125 2136 2147 2150 2149
105RODRIGUE2009122  2161 2162 2152 2131 2118 2105 2100 2103 2102 2099 2109
105RODRIGUE2009123  2115 2114 2109 2098 2094 2074 2044 2034 2030
105RODRIGUE2010 11  2033 2026 2017 2010 2008 2019 2030 2042 2046 2037 2009
105RODRIGUE2010 12  1995 1982 1976 1988 1990 1981 1989 2004 2021 2030 2040
105RODRIGUE2010 13  2059 2081 2094 2102 2120 2143 2144 2152 2163
105RODRIGUE2010 21  2168 2178 2201 2201 2176 2161 2152 2148 2160 2161 2163
105RODRIGUE2010 22  2160 2175 2192 2209 2229 2222 2210 2218 2226 2201 2171
105RODRIGUE2010 23  2150 2145 2154 2148 2138 2133
105RODRIGUE2010 31  2138 2134 2132 2128 2111 2075 2042 2030 2023 2003 1986
105RODRIGUE2010 32  1985 1993 1988 1984 1984 1991 1987 1976 1984 1998 1988
105RODRIGUE2010 33  1976 1981 1988 1995 2025 2053 2061 2066 2066
105RODRIGUE2010 41  2042 2030 2035 2032 2019 2019 2032 2047 2070 2085 2087
105RODRIGUE2010 42  2079 2079 2084 2070 2061 2061 2052 2047 2038 2029 2041
105RODRIGUE2010 43  2043 2053 2078 2085 2081 2075 2075 2086
105RODRIGUE2010 51  2097 2105 2114 2126 2135 2164 2174 2160 2154 2154 2151
105RODRIGUE2010 52  2145 2145 2152 2161 2165 2148 2144 2144 2136 2141 2156
105RODRIGUE2010 53  2157 2149 2119 2094 2092 2094 2065 2053 2063
105RODRIGUE2010 61  2065 2073 2099 2123 2123 2111 2096 2091 2090 2089 2105
105RODRIGUE2010 62  2117 2104 2088 2091 2094 2099 2110 2129 2139 2142 2138
105RODRIGUE2010 63  2115 2080 2071 2081 2090 2101 2090 2066
105RODRIGUE2010 71  2046 2034 2036 2046 2038 2031 2023 2000 1998 2020 2027
105RODRIGUE2010 72  2007 2001 2012 2017 2026 2037 2030 2006 2000 2004 1996
105RODRIGUE2010 73  1982 1956 1949 1955 1957 1956 1966 1972 1973
105RODRIGUE2010 81  1963 1951 1940 1937 1950 1953 1949 1948 1947 1963 1990
105RODRIGUE2010 82  2012 2033 2051 2050 2038 2023 2022 2016 2006 2017 2024
105RODRIGUE2010 83  2025 2018 2019 2025 2026 2026 2013 2004 2009
105RODRIGUE2010 91  2019 2039 2054 2070 2075 2061 2055 2072 2102 2113 2099
105RODRIGUE2010 92  2093 2088 2072 2054 2054 2064 2074 2072 2071 2073 2060
105RODRIGUE2010 93  2049 2053 2038 2032 2030 2020 2009 1999
105RODRIGUE2010101  2007 2019 2034 2047 2047 2045 2051 2064 2087 2089 2065
105RODRIGUE2010102  2043 2031 2019 2005 1999 1994 1975 1962 1961 1954 1956
105RODRIGUE2010103  1947 1936 1931 1924 1926 1944 1961 1984 1990
105RODRIGUE2010111  1990 1994 1989 1978 1967 1948 1915 1909 1913 1908 1909
105RODRIGUE2010112  1931 1965 1985 2000 2012 2009 2008 2019 2042 2059 2056
105RODRIGUE2010113  2065 2065 2070 2100 2109 2119 2123 2124
105RODRIGUE2010121  2126 2109 2100 2092 2082 2070 2060 2055 2056 2052 2041
105RODRIGUE2010122  2045 2049 2057 2077 2082 2098 2102 2097 2091 2079 2059
105RODRIGUE2010123  2053 2064 2063 2050 2039 2028 2021 2008 1999
105RODRIGUE2011 11  1998 2004 1991 1979 1977 1956 1947 1942 1949 1951 1930
105RODRIGUE2011 12  1909 1893 1877 1869 1878 1889 1903 1914 1911 1920 1953
105RODRIGUE2011 13  1987 2018 2032 2028 2037 2041 2058 2070 2073
105RODRIGUE2011 21  2077 2077 2084 2099 2109 2105 2110 2122 2118 2115 2128
105RODRIGUE2011 22  2141 2140 9999 9999 9999 9999 2180 2142 2110 2099 2093
105RODRIGUE2011 23  2080 2055 2022 2001 2000 2008
105RODRIGUE2011 31  2011 2006 2000 1992 1991 1995 1960 1935 1925 1908 1914
105RODRIGUE2011 32  1904 1897 1896 1895 1914 1940 1962 2003 1958 1919 1926
105RODRIGUE2011 33  1944 1953 1936 1925 1929 1946 1951 1952 1947
105RODRIGUE2011 41  1946 1944 1942 1935 1931 1934 1929 1930 1943 1951 1973
105RODRIGUE2011 42  1978 1963 1956 1958 1958 1955 1947 1948 1966 1979 1981
105RODRIGUE2011 43  1981 1999 2014 2020 2019 2018 2016 2011
105RODRIGUE2011 51  2011 1998 1980 1966 1954 1937 1936 1956 1990 2018 2021
105RODRIGUE2011 52  2034 2044 2059 2067 2050 2033 2027 2025 2028 2042 2054
105RODRIGUE2011 53  2060 2051 2043 2037 2025 2025 2034 2030 2016
105RODRIGUE2011 61  2000 1997 2011 2020 2005 1987 1987 1989 1979 1977 1970
105RODRIGUE2011 62  1953 1942 1923 1909 1909 1904 1920 1944 1938 1921 1918
105RODRIGUE2011 63  1923 1905 1904 1918 1906 1894 1893 1904
105RODRIGUE2011 71  1915 1906 1895 1892 1908 1914 1909 1906 1896 1851 1811
105RODRIGUE2011 72  1798 1797 1798 1798 1801 1814 1817 1819 1821 1834 1848
105RODRIGUE2011 73  1841 1825 1810 1801 1796 1796 1790 1790 1820
105RODRIGUE2011 81  1854 1877 1899 1896 1881 1867 1874 1886 1903 1917 1900
105RODRIGUE2011 82  1873 1859 1845 1845 1858 1852 1825 1808 1791 1768 1753
105RODRIGUE2011 83  1746 1760 1774 1761 1747 1751 1770 1789 1795
105RODRIGUE2011 91  1785 1785 1785 1785 1796 1804 1806 1805 1802 1778 1740
105RODRIGUE2011 92  1717 1704 1703 1719 1751 1765 1766 1757 1734 1736 1749
105RODRIGUE2011 93  1776 1781 1766 1751 1748 1756 1771 1776
105RODRIGUE2011101  1781 1788 1785 1791 1814 1822 1828 1841 1833 1812 1805
105RODRIGUE2011102  1822 1858 1895 1904 1892 1903 1924 1951 1972 1989 2026
105RODRIGUE2011103  2065 2085 2085 2077 2077 2086 2085 2069 2058
105RODRIGUE2011111  2058 2055 2056 2055 2057 2051 2043 2034 2031 2030 2027
105RODRIGUE2011112  2027 2026 2035 2044 2043 2049 2065 2084 2100 2092 2065
105RODRIGUE2011113  2059 2047 2047 2051 2043 2026 2015 2017
105RODRIGUE2011121  2020 2023 2033 2042 2051 2041 2028 2027 2030 2024 2018
105RODRIGUE2011122  2017 2031 2049 2060 2054 2035 2031 2015 1994 2002 2006
105RODRIGUE2011123  2000 2004 2009 2009 2023 2035 2036 2046 2053
105RODRIGUE2012 11  2061 2066 2051 2024 1991 1975 1971 1972 1980 1978 1990
105RODRIGUE2012 12  2007 2009 2014 2023 2029 2031 2040 2080 2131 2087 2024
105RODRIGUE2012 13  2010 2005 1989 1963 1950 1968 1987 1991 1975
105RODRIGUE2012 21  1963 1962 1978 1988 1979 1980 1998 2008 2028 2050 2051
105RODRIGUE2012 22  2044 2039 2032 2035 2029 2028 2034 2060 2107 2107 2061
105RODRIGUE2012 23  2036 2035 2037 2024 2013 2026 2032
105RODRIGUE2012 31  2029 2015 1985 1976 1985 1989 1989 1981 1975 1969 1957
105RODRIGUE2012 32  1931 1915 1912 1895 1857 1830 1832 1852 1866 1875 1869
105RODRIGUE2012 33  1862 1871 1878 1888 1901 1904 1903 1900 1905
105RODRIGUE2012 41  1912 1930 1952 1970 1989 2000 1992 1979 1966 1966 1982
105RODRIGUE2012 42  1990 1986 1993 1998 1988 1972 1962 1969 1970 1962 1954
105RODRIGUE2012 43  1934 1919 1928 1935 1941 1933 1926 1934
105RODRIGUE2012 51  1943 1934 1942 1946 1936 1922 1908 1901 1901 1892 1892
105RODRIGUE2012 52  1906 9999 9999 1942 1944 1939 1938 1928 1913 1907 1908
105RODRIGUE2012 53  1913 1928 1939 1945 1924 1893 1891 1893 1912
105RODRIGUE2012 61  1945 1968 1982 1981 1967 1951 1938 1941 1928 1918 1925
105RODRIGUE2012 62  1926 1937 1952 1939 1917 1898 1875 1869 1878 1896 1906
105RODRIGUE2012 63  1915 1937 1944 1946 1956 1957 1956 1966
105RODRIGUE2012 71  1989 2002 1985 1977 1975 1987 1986 1980 1984 1998 2013
105RODRIGUE2012 72  2018 2010 1990 1991 2005 2025 2023 2004 1993 2004 2023
105RODRIGUE2012 73  2033 2028 2017 2013 2003 2003 1991 1966 1954
105RODRIGUE2012 81  1948 1950 1948 1952 1962 1960 1947 1941 1938 1946 1968
105RODRIGUE2012 82  1988 1989 1979 1975 1984 1985 1990 1988 1967 1957 1948
105RODRIGUE2012 83  1961 1979 1977 1970 1952 1943 1944 1956 1968
105RODRIGUE2012 91  1977 1964 1963 1973 1972 1953 1922 1896 1881 1888 1892
105RODRIGUE2012 92  1896 1899 1895 1901 1914 1904 1892 1891 1894 1904 1928
105RODRIGUE2012 93  1950 1964 1967 1957 1957 1975 1995 1989
105RODRIGUE2012101  1986 1987 1986 1996 2002 2022 2039 2046 2048 2040 2042
105RODRIGUE2012102  2048 2054 2069 2075 2056 2030 2024 2015 1990 1983 2006
105RODRIGUE2012103  2030 2040 2024 2004 1985 1967 1957 1964 1975
105RODRIGUE2012111  1980 1979 1960 1958 1972 1989 2001 2010 2025 2019 2021
105RODRIGUE2012112  2018 2015 2030 2042 2039 2042 2051 2061 2080 2085 2078
105RODRIGUE2012113  2070 2072 2077 2069 2065 2072 2078 2066
105RODRIGUE2012121  2063 2091 2116 2124 2119 2107 2126 2153 2169 2182 2177
105RODRIGUE2012122  2178 2158 2122 2101 2105 2126 2135 2146 2144 2132 2125
105RODRIGUE2012123  2116 2114 2126 2130 2127 2131 2137 2130 2127
105RODRIGUE2013 11  2137 2154 2168 2163 2153 2157 2144 2118 2086 2061 2050
105RODRIGUE2013 12  2040 2036 2029 2010 2004 2010 1992 1965 1954 1951 1955
105RODRIGUE2013 13  1968 1978 1980 1979 1976 1964 1970 1972 1965
105RODRIGUE2013 21  1947 1937 1935 1918 1906 1903 1901 1908 1915 1928 1944
105RODRIGUE2013 22  1952 1944 1923 1901 1894 1889 1884 1875 1870 1877 1887
105RODRIGUE2013 23  1897 1906 1916 1935 1954 1952
105RODRIGUE2013 31  1943 1934 1932 1947 1971 1992 1996 1986 1981 1982 1986
105RODRIGUE2013 32  2001 2010 2004 1994 1997 2005 2001 1999 1998 2002 2006
105RODRIGUE2013 33  2006 1992 1988 1994 1986 1956 1925 1899 1878
105RODRIGUE2013 41  1876 1892 1901 1905 1901 1906 1925 1932 1918 1885 1881
105RODRIGUE2013 42  1897 1915 1941 1981 1962 1924 1889 1891 1896 1894 1907
105RODRIGUE2013 43  1931 1962 1987 1984 1970 1959 1971 1983
105RODRIGUE2013 51  1986 1990 1976 1976 1991 2011 2024 2031 2028 2019 2017
105RODRIGUE2013 52  2016 2024 2019 2007 1993 1995 2012 2038 2059 2045 2021
105RODRIGUE2013 53  2006 1983 1961 1955 1968 1985 1993 2005 2029
105RODRIGUE2013 61  2044 2044 2029 1999 1987 1989 1994 1993 1985 1974 1962
105RODRIGUE2013 62  1960 1967 1968 1975 1987 1979 1967 1956 1918 1881 1857
105RODRIGUE2013 63  1858 1872 1870 1878 1910 1922 1912 1908
105RODRIGUE2013 71  1898 1896 1896 1900 1900 1905 1918 1912 1889 1891 1903
105RODRIGUE2013 72  1899 1891 1885 1882 1889 1889 1898 1907 1897 1881 1872
105RODRIGUE2013 73  1868 1854 1852 1857 1872 1878 1868 1854 1852
105RODRIGUE2013 81  1866 1863 1837 1813 1811 1814 1819 1832 1830 1821 1822
105RODRIGUE2013 82  1835 1868 1881 1872 1873 1889 1896 1891 1883 1860 1856
105RODRIGUE2013 83  1854 1858 1870 1865 1850 1839 1825 1804 1798
105RODRIGUE2013 91  1825 1844 1872 1900 1868 1826 1822 1842 1843 1823 1814
105RODRIGUE2013 92  1832 1858 1879 1876 1869 1876 1868 1851 1855 1854 1854
105RODRIGUE2013 93  1859 1872 1881 1895 1907 1897 1891 1905
105RODRIGUE2013101  1913 1919 1916 1912 1916 1918 1921 1945 1974 1980 1973
105RODRIGUE2013102  1983 2015 2027 2032 2035 2053 2060 2042 2056 2074 2076
105RODRIGUE2013103  2070 2074 2096 2115 2137 2126 2089 2078 2081
105RODRIGUE2013111  2086 2096 2084 2068 2054 2030 2020 2017 2012 2033 2064
105RODRIGUE2013112  2071 2084 2096 2091 2084 2095 2094 2092 2098 2121 2126
105RODRIGUE2013113  2124 2121 2122 2112 2089 2075 2070 2069
105RODRIGUE2013121  2067 2061 2078 2093 2095 2111 2120 2121 2135 2163 2180
105RODRIGUE2013122  2167 2165 2167 2181 2202 2209 2223 2261 2353 2320 2209
105RODRIGUE2013123  2168 2131 2097 2102 2096 2057 2048 2047 2041
105RODRIGUE2014 11  2049 2068 2081 2062 2040 2045 2068 2080 2077 2066 2048
105RODRIGUE2014 12  2060 2076 2080 2084 2082 2095 2112 2133 2154 2157 2162
105RODRIGUE2014 13  2167 2171 2172 2168 2172 2174 2189 2207 2217
105RODRIGUE2014 21  2231 2251 2263 2278 2305 2284 2247 2230 2234 2259 2273
105RODRIGUE2014 22  2257 2241 2213 2187 2185 2176 2153 2131 2120 2103 2084
105RODRIGUE2014 23  2067 2065 2085 2088 2102 2113
105RODRIGUE2014 31  2099 2098 2104 2101 2105 2112 2113 2115 2112 2113 2125
105RODRIGUE2014 32  2135 2151 2166 2189 2192 2178 2173 2177 2158 2137 2140
105RODRIGUE2014 33  2151 2162 2184 2196 2200 2190 2158 2141 2127
105RODRIGUE2014 41  2127 2114 2086 2088 2101 2110 2128 2141 2124 2101 2099
105RODRIGUE2014 42  2109 2109 2106 2095 2083 2077 2083 2078 2089 2103 2092
105RODRIGUE2014 43  2079 2077 2085 2077 2074 2079 2072 2069
105RODRIGUE2014 51  2055 2078 2064 2041 2041 2049 2056 2065 2075 2086 2092
105RODRIGUE2014 52  2104 2113 9999 9999 2083 2080 2074 2078 2085 2083 2074
105RODRIGUE2014 53  2049 2016 2005 2037 2069 2071 2042 2017 2027
105RODRIGUE2014 61  2021 2013 2009 2021 2017 2017 2023 2024 2032 2029 2027
105RODRIGUE2014 62  2010 2000 2000 1993 1999 2003 2022 2033 2016 2018 2025
105RODRIGUE2014 63  2010 1990 1973 1974 1991 2006 2018 2025
105RODRIGUE2014 71  2041 2056 2055 2058 2063 2087 2104 2121 2147 2150 2150
105RODRIGUE2014 72  2142 2126 2126 2135 2137 2134 2142 2148 2143 2148 2150
105RODRIGUE2014 73  2146 2132 2112 2111 2112 2130 2138 2149 2167
105RODRIGUE2014 81  2186 2201 2201 2184 2176 2186 2189 2185 2183 2200 2211
105RODRIGUE2014 82  2191 2170 2167 2170 2169 2169 2166 2163 2165 2181 2203
105RODRIGUE2014 83  2232 2255 2254 2254 2255 2253 2246 2231 2222
105RODRIGUE2014 91  2218 2218 2230 2197 2140 2106 2100 2114 2116 2112 2105
105RODRIGUE2014 92  2104 2100 2095 2086 2070 2064 2051 2028 2016 2042 2066
105RODRIGUE2014 93  2069 2039 2007 1966 1945 1936 1924 1947
105RODRIGUE2014101  1979 2009 2024 2019 2018 2019 2022 2029 2045 2045 2042
105RODRIGUE2014102  2050 2056 2062 2056 2043 2038 2038 2042 2050 2047 2033
105RODRIGUE2014103  2009 1986 1985 1988 1997 2000 1986 1984 1992
105RODRIGUE2014111  1990 2003 2012 2008 1991 1972 1960 1959 1965 1977 2005
105RODRIGUE2014112  2043 2070 2073 2072 2080 2094 2111 2134 2158 2159 2146
105RODRIGUE2014113  2141 2160 2194 2227 2264 2285 2279 2263
105RODRIGUE2014121  2238 2217 2211 2219 2218 2213 2183 2158 2163 2164 2167
105RODRIGUE2014122  2173 2166 2141 2127 2141 2169 2191 2210 2213 2221 2231
105RODRIGUE2014123  2241 2254 2271 2274 2262 2253 2237 2243 2252
105RODRIGUE2015 11  2256 2264 2255 2260 2271 2261 2255 2267 2273 2282 2277
105RODRIGUE2015 12  2272 2280 2297 2426 2382 2249 2211 2191 2180 2170 2164
105RODRIGUE2015 13  2157 2144 2153 2152 2148 2150 2172 2170 2124
105RODRIGUE2015 21  2095 2078 2074 2080 2085 2096 2086 2093 2097 2099 2111
105RODRIGUE2015 22  2128 2133 2122 2108 2110 2113 2119 2142 2150 2140 2136
105RODRIGUE2015 23  2138 2147 2180 2183 2149 2122
105RODRIGUE2015 31  2118 2107 2101 2107 2104 2086 2077 2076 2075 2072 2070
105RODRIGUE2015 32  2084 2076 2063 2058 2035 2022 2017 2026 2045 2041 2028
105RODRIGUE2015 33  2018 2007 2002 2000 1989 1977 1953 1947 1972
105RODRIGUE2015 41  1990 1989 1989 1973 1955 1940 1936 1948 1985 1978 1912
105RODRIGUE2015 42  1861 1830 1831 1846 1850 1836 1819 1811 1811 1799 1770
105RODRIGUE2015 43  1758 1750 1755 1754 1751 1742 1727 1714
105RODRIGUE2015 51  1707 1701 1702 1713 1722 1730 1735 1743 1757 1770 1792
105RODRIGUE2015 52  1810 1824 1844 1854 1870 1894 1903 1919 1931 1930 1937
105RODRIGUE2015 53  1955 1965 1975 2000 2009 2016 2026 2030 2022
105RODRIGUE2015 61  2016 2026 2043 2052 2077 2103 2098 2090 2090 2101 2108
105RODRIGUE2015 62  2087 2076 2080 2088 2070 2052 2042 2029 2018 2014 2007
105RODRIGUE2015 63  2006 1992 1967 1966 1966 1957 1953 1964
105RODRIGUE2015 71  1966 1954 1947 1946 1955 1974 1993 1999 1978 1953 1950
105RODRIGUE2015 72  1957 1966 1965 1931 1906 1910 1903 1882 1870 1856 1853
105RODRIGUE2015 73  1868 1867 1851 1845 1848 1860 1883 1907 1921
105RODRIGUE2015 81  1931 1925 1924 1933 1933 1921 1909 1905 1925 1953 1965
105RODRIGUE2015 82  1962 1963 1959 1958 1974 1975 1998 2030 2040 2046 2051
105RODRIGUE2015 83  2046 2048 2044 2041 2034 2026 2027 2020 2006
105RODRIGUE2015 91  1989 1976 1978 1992 1995 1975 1954 1945 1943 1949 1964
105RODRIGUE2015 92  2006 2039 2036 2020 1991 1981 1992 2009 2009 1998 1996
105RODRIGUE2015 93  2007 2004 2008 2008 2011 2034 2054 2042
105RODRIGUE2015101  2029 2035 2012 1974 1970 1985 1996 2000 1989 1981 1976
105RODRIGUE2015102  1970 1965 1965 1969 1976 1981 1997 2015 2027 2038 2053
105RODRIGUE2015103  2068 2078 2096 2106 2096 2099 2095 2086 2097
105RODRIGUE2015111  2127 2154 2165 2175 2186 2196 2201 2190 2177 2175 2183
105RODRIGUE2015112  2185 2182 2183 2190 2187 2182 2185 2189 2204 2205 2192
105RODRIGUE2015113  2185 2179 2180 2187 2180 2169 2162 2155
105RODRIGUE2015121  2157 2152 2156 2172 2171 2158 2137 2117 2108 2115 2130
105RODRIGUE2015122  2148 2137 2120 2120 2121 2122 2118 2096 2084 2094 2086
105RODRIGUE2015123  2060 2048 2029 2024 2041 2040 2038 2047 2057
105RODRIGUE2016 11  2081 2101 2110 2103 2091 2087 2080 2080 2080 2082 2088
105RODRIGUE2016 12  2106 2128 2151 2170 2167 2164 2167 2165 2159 2173 2185
105RODRIGUE2016 13  2179 2158 2147 2161 2166 2156 2164 2164 2147
105RODRIGUE2016 21  2138 2121 2100 2114 2123 2127 2123 2108 2122 2145 2143
105RODRIGUE2016 22  2133 2129 2119 2100 2075 2073 2076 2067 2050 2049 2055
105RODRIGUE2016 23  2060 2072 2068 2047 2033 2021 2019
105RODRIGUE2016 31  2024 2030 2041 2047 2065 2098 2111 2122 2149 2160 2155
105RODRIGUE2016 32  2164 2174 2174 2180 2184 2194 2189 2184 2191 2188 2185
105RODRIGUE2016 33  2172 2167 2176 2183 2179 2168 2156 2145 2145
105RODRIGUE2016 41  2134 2122 2121 2137 2160 2160 2135 2123 2111 2090 2070
105RODRIGUE2016 42  2048 2038 2035 2016 1995 1996 2006 2006 1999 1994 1992
105RODRIGUE2016 43  1987 1960 1955 1947 1942 1958 1975 1998
105RODRIGUE2016 51  2006 2009 2012 2005 2007 2014 2028 2039 2028 1991 1968
105RODRIGUE2016 52  1962 1971 1987 1996 2024 2057 2074 2070 2045 2023 2004
105RODRIGUE2016 53  1979 1963 1962 1971 1950 1953 1963 1959 1967
105RODRIGUE2016 61  1948 1919 1909 1912 1918 1938 1955 1949 1914 1884 1895
105RODRIGUE2016 62  1912 1928 1926 1897 1878 1865 1858 1849 1846 1838 1834
105RODRIGUE2016 63  1825 1820 1837 1837 1829 1826 1838 1845
105RODRIGUE2016 71  1841 1827 1844 1864 1876 1882 1869 1873 1888 1899 1895
105RODRIGUE2016 72  1878 1860 1862 1863 1877 1898 1907 1896 1890 1902 1907
105RODRIGUE2016 73  1904 1903 1899 1896 1899 1903 1908 1916 1928
105RODRIGUE2016 81  1938 1916 1912 1919 1907 1894 1889 1893 1878 1865 1869
105RODRIGUE2016 82  1875 1866 1854 1847 1854 1889 1916 1916 1908 1919 1927
105RODRIGUE2016 83  1916 1898 1876 1875 1884 1875 1845 1845 1855
105RODRIGUE2016 91  1831 1811 1818 1823 1828 1832 1838 1849 1844 1833 1853
105RODRIGUE2016 92  1882 1892 1886 1877 1883 1897 1887 1855 1832 1823 1830
105RODRIGUE2016 93  1841 1850 1856 1858 1862 1856 1858 1864
105RODRIGUE2016101  1876 1896 1903 1904 1916 1926 1933 1939 1951 1948 1958
105RODRIGUE2016102  1957 1961 1970 1976 1977 1960 1939 1930 1936 1955 1952
105RODRIGUE2016103  1948 1948 1957 1976 1978 1973 1977 1987 1990
105RODRIGUE2016111  1995 2007 2000 1977 1948 1934 1939 1955 1981 2025 2050
105RODRIGUE2016112  2058 2051 2040 2054 2080 2096 2090 2092 2109 2121 2125
105RODRIGUE2016113  2130 2142 2144 2141 2149 2145 2141 2140
105RODRIGUE2016121  2131 2125 2121 2132 2143 2139 2127 2110 2110 2116 2113
105RODRIGUE2016122  2106 2102 2105 2121 2130 2139 2147 2145 2126 2118 2129
105RODRIGUE2016123  2133 2140 2145 2146 2146 2151 2149 2151 2156
105RODRIGUE2017 11  2168 2177 2167 2155 2159 2163 2181 2176 2166 2166 2161
105RODRIGUE2017 12  2163 2157 2158 2136 2125 2126 2125 2121 2125 2127 2119
105RODRIGUE2017 13  2120 2122 2119 2111 2102 2106 2117 2126 2118
105RODRIGUE2017 21  2098 2075 2054 2043 2043 2047 2036 2024 2030 2032 2043
105RODRIGUE2017 22  2049 2032 2014 2000 2012 2023 2021 2018 2011 2004 1995
105RODRIGUE2017 23  2001 2029 2045 2058 2068 2078
105RODRIGUE2017 31  2090 2096 2115 2118 2102 2097 2108 2135 2156 2168 2190
105RODRIGUE2017 32  2136 2084 2096 2117 2119 2101 2083 2081 2087 2100 2102
105RODRIGUE2017 33  2098 2090 2080 2079 2080 2074 2072 2071 2070
105RODRIGUE2017 41  2064 2050 2051 2055 2049 2046 2046 2048 2047 2049 2042
105RODRIGUE2017 42  2028 2025 2020 2030 2041 2030 2018 2023 2028 2034 2050
105RODRIGUE2017 43  2055 2055 2049 2040 2048 2063 2057 2051
105RODRIGUE2017 51  2058 2058 2060 2069 2075 2086 2099 2097 2094 2094 2097
105RODRIGUE2017 52  2090 2072 2068 2064 2064 2060 2067 2079 2072 2066 2064
105RODRIGUE2017 53  2066 2075 2074 2073 2068 2055 2046 2040 2043
105RODRIGUE2017 61  2049 2048 2051 2040 2029 2030 2034 2042 2039 2038 2038
105RODRIGUE2017 62  2059 2088 2115 2144 2162 2166 2161 2164 2179 2194 2205
105RODRIGUE2017 63  2195 2187 2190 2190 2193 2200 2200 2198
105RODRIGUE2017 71  2192 2191 2189 2173 2153 2150 2155 2165 2180 2161 2147
105RODRIGUE2017 72  2163 2184 2194 2192 2182 2180 2182 2171 2173 2162 2155
105RODRIGUE2017 73  2167 2176 2185 2174 2155 2142 2136 2140 2176
105RODRIGUE2017 81  2206 2164 2115 2097 2100 2124 2137 2149 2147 2129 2104
105RODRIGUE2017 82  2089 2091 2099 2106 2112 2101 2109 2136 2141 2132 2131
105RODRIGUE2017 83  2149 2170 2180 2192 2191 2181 2178 2176 2174
105RODRIGUE2017 91  2180 2197 2204 2200 9999 9999 9999 9999 9999 9999 9999
105RODRIGUE2017 92  9999 9999 9999 9999 9999 9999 9999 9999 9999 9999 9999
105RODRIGUE2017 93  9999 9999 9999 9999 9999 9999 9999 9999
105RODRIGUE2017101  2074 2090 2124 2131 2125 2127 2116 2118 2118 2125 2134
105RODRIGUE2017102  2144 2148 2140 2138 2140 2133 2145 2162 2164 2149 2142
105RODRIGUE2017103  2136 2138 2149 2159 2167 2172 2177 2187 2179
105RODRIGUE2017111  2173 2176 2178 2180 2180 2179 2167 2152 2140 2148 2161
105RODRIGUE2017112  2168 2168 2161 2154 2145 2142 2148 2148 2145 2160 2162
105RODRIGUE2017113  2149 2140 2135 2136 2134 2142 2154 2144
105RODRIGUE2017121  2141 2139 2128 2107 2090 2097 2102 2115 2132 2141 2147
105RODRIGUE2017122  2138 2132 2130 2129 2142 2147 2147 2141 2137 2149 2175
105RODRIGUE2017123  2198 2199 2189 2192 2207 2214 2216 2217 2210
105RODRIGUE2018 11  2216 2228 2228 2223 2218 2219 2230 2243 2255 2237 2221
105RODRIGUE2018 12  2227 2248 2263 2273 2256 2224 2174 2150 2165 2187 2197
105RODRIGUE2018 13  2195 2200 2198 2189 2187 2187 2192 2194 2193
105RODRIGUE2018 21  2197 2205 2206 2224 2236 2215 2212 2221 2216 2204 2200
105RODRIGUE2018 22  2190 2181 2180 2190 2193 2199 2208 2240 2254 2242 2231
105RODRIGUE2018 23  2238 2222 2194 2183 2182 2198
105RODRIGUE2018 31  2207 2209 2207 2207 2201 2203 2214 2208 2192 2179 2168
105RODRIGUE2018 32  2146 2127 2110 2099 2108 2113 2123 2135 2139 2124 2095
105RODRIGUE2018 33  2069 2055 2060 2078 2095 2104 2104 2097 2099
105RODRIGUE2018 41  2107 2108 2107 2113 2123 2124 2124 2137 2150 2159 2158
105RODRIGUE2018 42  2169 2173 2176 2171 2170 2178 2183 2176 2165 2174 2196
105RODRIGUE2018 43  2214 2243 2240 2233 2235 2218 2213 2189
105RODRIGUE2018 51  2168 2167 2154 2140 2142 2152 2152 2156 2157 2173 2191
105RODRIGUE2018 52  2191 2194 2206 2224 2230 2229 2222 2212 2205 2196 2192
105RODRIGUE2018 53  2185 2189 2205 2222 2220 2216 2230 2239 2244
105RODRIGUE2018 61  2253 2256 2247 2243 2243 2241 2240 2236 2229 2232 2242
105RODRIGUE2018 62  2242 2226 2202 2192 2197 2190 2206 2213 2206 2202 2201
105RODRIGUE2018 63  2190 2175 2147 2129 2130 2146 2157 2143
105RODRIGUE2018 71  2118 2094 2071 2055 2057 2067 2085 2097 2081 2063 2047
105RODRIGUE2018 72  2037 2043 2052 2054 2052 2045 2033 2007 1977 1969 1976
105RODRIGUE2018 73  1997 2002 2011 2023 2034 2042 2046 2057 2066
105RODRIGUE2018 81  2093 2123 2142 2133 2111 2104 2096 2097 2108 2111 2104
105RODRIGUE2018 82  2074 2062 2076 2081 2087 2090 2097 2123 2128 2119 2112
105RODRIGUE2018 83  2100 2099 2114 2119 2119 2123 2131 2141 2141
105RODRIGUE2018 91  2120 2095 2082 2062 2035 2025 2009 2006 2005 2016 2037
105RODRIGUE2018 92  2022 1978 1948 1951 1951 1941 1915 1879 1862 1882 1892
105RODRIGUE2018 93  1884 1880 1876 1876 1868 1879 1896 1907
105RODRIGUE2018101  1945 1958 1962 1986 1996 2020 2056 2070 2057 2035 2023
105RODRIGUE2018102  2034 2050 2071 2077 2075 2069 2076 2084 2063 2065 2070
105RODRIGUE2018103  2073 2073 2072 2081 2081 2072 2054 2056 2062
105RODRIGUE2018111  2081 2096 2101 2110 2106 2095 2067 2050 2055 2055 2052
105RODRIGUE2018112  2045 2041 2033 2019 2007 1999 1990 1993 1997 1986 1981
105RODRIGUE2018113  1989 2009 2005 1999 2007 2022 2041 2060
105RODRIGUE2018121  2080 2101 2114 2122 2124 2132 2137 2138 2143 2143 2148
105RODRIGUE2018122  2151 2155 2159 2165 2166 2161 2157 2163 2179 2190 2204
105RODRIGUE2018123  2203 2173 2151 2143 2135 2125 2116 2111 2100
105RODRIGUE2019 11  2089 2077 2061 2054 2056 2066 2082 2104 2106 2087 2083
105RODRIGUE2019 12  2105 2112 2125 2111 2089 2093 2099 2105 2096 2084 2093
105RODRIGUE2019 13  2109 2112 2105 2105 2108 2104 2113 2129 2138
105RODRIGUE2019 21  2140 2154 2163 2160 2177 2237 2247 2218 2295 2243 2135
105RODRIGUE2019 22  2148 2144 2127 2140 2153 2147 2141 2154 2163 2168 2181
105RODRIGUE2019 23  2192 2195 2183 2151 2127 2134
105RODRIGUE2019 31  2135 2142 2153 2170 2185 2168 2130 2100 2102 2095 2076
105RODRIGUE2019 32  2052 2050 2040 2021 2022 2024 2032 2036 2040 2055 2083
105RODRIGUE2019 33  2119 2134 2205 2132 2056 2055 2030 2013 2016
105RODRIGUE2019 41  2008 1997 1989 1987 1997 2002 1989 1978 1993 2010 2037
105RODRIGUE2019 42  2051 2040 2041 2054 2074 2079 2094 2130 2146 2133 2128
105RODRIGUE2019 43  2142 2161 2162 2137 2122 2133 2142 2121
105RODRIGUE2019 51  2112 2108 2100 2085 2079 2092 2094 2090 2072 2051 2047
105RODRIGUE2019 52  2050 2057 2070 2081 2070 2064 2047 2018 2014 2000 1995
105RODRIGUE2019 53  2012 2024 2029 2030 2032 2010 1997 2018 2055
105RODRIGUE2019 61  2096 2082 2012 1953 1920 1913 1932 1954 1957 1965 1970
105RODRIGUE2019 62  1990 2003 2007 2008 1991 1965 1960 1982 1993 1985 1992
105RODRIGUE2019 63  2028 2054 2077 2074 2064 2053 2039 2035
105RODRIGUE2019 71  2027 2028 2047 2080 2107 2114 2121 2101 2086 2100 2105
105RODRIGUE2019 72  2110 2104 2071 2044 2026 2021 2026 2045 2083 2120 2134
105RODRIGUE2019 73  2140 2150 2151 2123 2094 2077 2071 2071 2071
105RODRIGUE2019 81  2044 2034 2039 2066 2097 2100 2084 2068 2050 2038 2028
105RODRIGUE2019 82  2028 2026 2031 2030 2028 2053 2075 2070 2038 2013 2020
105RODRIGUE2019 83  2028 2033 2027 2011 2002 2011 2030 2043 2055
105RODRIGUE2019 91  2068 2077 2079 2072 2066 2057 2036 2003 1971 1969 1982
105RODRIGUE2019 92  1982 1984 1990 2012 2037 2047 2033 2021 2016 1997 1967
105RODRIGUE2019 93  1952 1975 2008 2023 2040 2052 2061 2083
105RODRIGUE2019101  2098 2099 2090 2098 2109 2100 2093 2077 2075 2080 2084
105RODRIGUE2019102  2096 2090 2090 2099 2091 2075 2065 2062 2064 2095 2120
105RODRIGUE2019103  2136 2141 2141 2153 2177 2190 2173 2152 2137
105RODRIGUE2019111  2125 2113 2095 2088 2086 2082 2052 2038 2059 2071 2074
105RODRIGUE2019112  2074 2062 2031 2000 1983 1972 1969 1969 1972 1980 1995
105RODRIGUE2019113  2008 2019 2019 2022 2034 2047 2063 2073
105RODRIGUE2019121  2058 2056 2080 2088 2105 2133 2165 2188 2194 2190 2193
105RODRIGUE2019122  2188 2186 2180 2191 2210 2216 2232 9999 9999 2241 2232
105RODRIGUE2019123  2225 2220 2208 2196 2204 2239 2294 2296 2265
105RODRIGUE2020 11  2241 2222 2221 2227 2211 2185 2182 2190 2202 2198 2191
105RODRIGUE2020 12  2180 2168 2170 2162 2163 2166 2160 2167 2191 2205 2204
105RODRIGUE2020 13  2198 2173 2198 2153 2127 2128 2117 2116 2119
105RODRIGUE2020 21  2122 2123 2124 2136 2140 2123 2126 2139 2151 2161 2138
105RODRIGUE2020 22  2124 2118 2106 2097 2099 2104 2115 2124 2102 2097 2116
105RODRIGUE2020 23  2121 2133 2137 2131 2133 2141 2160
105RODRIGUE2020 31  2179 2183 2176 2158 2142 2153 2180 2190 2174 2176 2161
105RODRIGUE2020 32  2156 2173 2178 2168 2169 2203 2159 2145 2139 2131 2111
105RODRIGUE2020 33  2107 2107 2110 2127 2128 2119 2121 2118 2117
105RODRIGUE2020 41  2116 2119 2116 2085 2067 2056 2036 2019 1996 1980 1966
105RODRIGUE2020 42  1971 1982 1974 1953 1948 1955 1952 1954 1940 1936 1948
105RODRIGUE2020 43  1957 1955 1952 1944 1927 1902 1881 1881
105RODRIGUE2020 51  1891 1902 1910 1917 1916 1930 1955 1967 1956 1943 1945
105RODRIGUE2020 52  1966 1981 1984 1989 1998 1999 2013 2032 2028 1995 1962
105RODRIGUE2020 53  1957 1970 1991 1998 1976 1962 1973 2003 2011
105RODRIGUE2020 61  2010 2002 1992 1994 2006 2014 1993 1975 1990 1984 1986
105RODRIGUE2020 62  1996 1993 1993 1992 1988 1975 1949 1943 9999 9999 9999
105RODRIGUE2020 63  1915 1917 1915 1914 1914 1925 1940 1958
105RODRIGUE2020 71  1942 1908 1914 1920 1938 1954 1952 1944 1927 1929 1933
105RODRIGUE2020 72  1935 1963 1993 2001 2018 2034 2025 2001 2001 2024 2053
105RODRIGUE2020 73  2061 2045 2026 2026 2035 2040 2044 2033 2029
105RODRIGUE2020 81  2029 2012 1998 2003 1995 2004 2005 1998 1999 2004 2014
105RODRIGUE2020 82  1996 1975 1969 1972 1972 1959 1950 1951 1965 1978 1979
105RODRIGUE2020 83  1975 1965 1950 1943 1933 1930 1931 1926 1913
105RODRIGUE2020 91  1908 1927 1964 1974 1958 1940 1933 1944 1944 1941 1950
105RODRIGUE2020 92  1946 1956 1958 1950 1965 1957 1944 1960 1968 1953 1948
105RODRIGUE2020 93  1957 1972 1980 1989 2004 2010 2003 2002
105RODRIGUE2020101  2002 2008 2041 2063 2053 2031 1998 1980 1983 1988 1991
105RODRIGUE2020102  1995 2005 2011 2023 2043 2052 2049 2027 1999 1968 1958
105RODRIGUE2020103  1968 1977 1975 1968 1980 9999 9999 9999 1960
105RODRIGUE2020111  1949 1956 1966 1983 1981 1971 1981 1979 1975 2004 2040
105RODRIGUE2020112  2068 2087 2099 2107 2113 2121 2135 2151 2144 2125 2118
105RODRIGUE2020113  2120 2103 2082 2081 2081 2082 2082 2072
105RODRIGUE2020121  2057 2032 2021 2027 2030 2035 2039 2048 2055 2053 2040
105RODRIGUE2020122  2033 2024 2011 2010 2021 2042 2062 2083 2110 2132 2152
105RODRIGUE2020123  2161 2162 2164 2158 2139 2136 2153 2147 2139
105RODRIGUE2021 11  2155 2164 2175 2181 2189 2193 2200 2220 2216 2177 2136
105RODRIGUE2021 12  2119 2133 2151 2153 2156 2161 2155 2162 2163 2147 2130
105RODRIGUE2021 13  2116 2125 2130 2144 2158 2158 2151 2147 2152
105RODRIGUE2021 21  2136 2126 2135 2128 2118 2113 2109 2101 2104 2116 2121
105RODRIGUE2021 22  2123 2130 2116 2107 2131 2126 2125 2134 2119 2096 2099
105RODRIGUE2021 23  2116 2124 2126 2132 2148 2165
105RODRIGUE2021 31  2172 2179 2188 2185 2171 2162 2166 2165 2157 2153 2158
105RODRIGUE2021 32  2170 2167 2155 2148 2145 2150 2147 2144 2125 2125 2118
105RODRIGUE2021 33  2106 2109 2118 2131 2139 2150 2140 2126 2113
105RODRIGUE2021 41  2091 2073 2071 2060 2064 2063 2059 2056 2050 2047 2039
105RODRIGUE2021 42  2037 2045 2038 2041 2058 2062 2047 2035 2031 2039 2046
105RODRIGUE2021 43  2054 2059 2054 2061 2061 2041 2021 2020
105RODRIGUE2021 51  2029 2044 2044 2035 2030 2045 2067 2058 2030 2005 1985
105RODRIGUE2021 52  1966 1954 1940 1953 1971 1987 2000 2009 2001 1978 1972
105RODRIGUE2021 53  1971 1958 1950 1929 1906 1902 1903 1913 1912
105RODRIGUE2021 61  1910 1917 1932 1928 1922 1936 1945 1934 1908 1897 1897
105RODRIGUE2021 62  1895 1905 1928 1950 1968 1967 1965 1969 1974 1985 2001
105RODRIGUE2021 63  1998 1986 1987 1978 1988 2011 2029 2042
