109GAN           LAT=00 41.2S  LONG=073 09.1E
109GAN     1987 31  9999 9999 9999 9999 1456 1460 1441 1431 1425 1455 1486
109GAN     1987 32  1490 1498 1486 1498 1497 1497 1505 1506 1486 1473 1461
109GAN     1987 33  1470 1500 1494 1493 1503 1507 1533 1514 1501
109GAN     1987 41  1501 1500 1499 1473 1472 1488 1491 1501 1501 1479 1485
109GAN     1987 42  1506 1526 1541 1539 1533 1530 1528 1516 1487 1494 1556
109GAN     1987 43  1554 1571 1569 1556 1547 1542 1524 1489
109GAN     1987 51  1482 1474 1481 1490 1495 1505 1517 1537 1549 1534 1521
109GAN     1987 52  9999 9999 9999 9999 9999 1437 1447 1476 1522 1541 1539
109GAN     1987 53  1503 1475 1482 1478 1476 1480 9999 9999 9999
109GAN     1987 61  9999 9999 1551 1607 1666 1663 1645 1646 1646 1638 1636
109GAN     1987 62  1622 1576 1579 1636 1658 1662 1650 1623 1613 1599 1582
109GAN     1987 63  1550 1563 1577 1545 1550 1560 1548 1552
109GAN     1987 71  1552 1548 1567 1554 1522 1537 1545 1545 1542 1514 1499
109GAN     1987 72  1507 1530 1536 1563 1575 1566 1583 1600 9999 9999 9999
109GAN     1987 73  9999 9999 9999 9999 9999 9999 9999 9999 9999
109GAN     1987 81  9999 9999 9999 9999 9999 9999 9999 9999 9999 9999 9999
109GAN     1987 82  9999 9999 9999 9999 9999 9999 9999 9999 9999 9999 9999
109GAN     1987 83  9999 9999 9999 9999 9999 9999 9999 9999 9999
109GAN     1987 91  9999 9999 9999 9999 9999 9999 9999 9999 9999 9999 9999
109GAN     1987 92  9999 9999 9999 9999 9999 9999 9999 9999 9999 9999 9999
109GAN     1987 93  9999 9999 9999 9999 9999 9999 9999 9999
109GAN     1987101  9999 9999 9999 9999 9999 9999 9999 9999 9999 9999 9999
109GAN     1987102  9999 9999 9999 9999 9999 9999 9999 9999 9999 9999 9999
109GAN     1987103  9999 9999 9999 9999 9999 9999 9999 9999 9999
109GAN     1987111  9999 9999 9999 9999 9999 9999 9999 9999 9999 9999 9999
109GAN     1987112  9999 9999 9999 9999 9999 9999 9999 9999 9999 9999 9999
109GAN     1987113  9999 9999 9999 9999 9999 9999 9999 9999
109GAN     1987121  9999 9999 9999 9999 9999 9999 9999 9999 1425 1421 1445
109GAN     1987122  1461 1471 1476 1478 1447 1435 1431 1413 1428 1423 1396
109GAN     1987123  1407 1428 1440 1464 1476 1485 1441 1424 1425
109GAN     1988 11  9999 9999 9999 9999 9999 9999 9999 9999 9999 9999 9999
109GAN     1988 12  9999 9999 9999 9999 9999 9999 9999 9999 9999 9999 9999
109GAN     1988 13  9999 9999 9999 9999 9999 9999 9999 9999 9999
109GAN     1988 21  9999 9999 9999 9999 9999 9999 9999 9999 9999 9999 9999
109GAN     1988 22  9999 9999 9999 9999 9999 9999 9999 9999 9999 9999 9999
109GAN     1988 23  9999 9999 9999 9999 9999 9999 9999
109GAN     1988 31  9999 9999 9999 9999 9999 9999 9999 9999 9999 9999 9999
109GAN     1988 32  9999 9999 9999 9999 9999 9999 9999 9999 9999 9999 9999
109GAN     1988 33  9999 9999 9999 9999 9999 9999 9999 9999 9999
109GAN     1988 41  9999 9999 9999 9999 9999 9999 9999 9999 9999 9999 9999
109GAN     1988 42  9999 9999 1575 1564 1576 1564 1544 1541 1531 1538 1536
109GAN     1988 43  1531 9999 9999 9999 9999 9999 9999 9999
109GAN     1988 51  9999 9999 9999 9999 9999 9999 9999 9999 9999 9999 9999
109GAN     1988 52  9999 9999 9999 1575 1534 1541 1536 1541 1534 1523 1508
109GAN     1988 53  1493 1479 1477 1469 1484 1479 1453 1439 1423
109GAN     1988 61  1414 1442 1463 1469 1490 1496 1512 1515 1507 1523 1542
109GAN     1988 62  1497 1473 1511 1507 1489 1523 1548 1526 1524 1558 1584
109GAN     1988 63  1634 9999 9999 9999 9999 1605 1607 1610
109GAN     1988 71  1617 1602 1603 1627 1624 1599 1581 1570 1563 1541 1492
109GAN     1988 72  1500 1530 1531 1525 1531 1545 1559 1569 1567 1563 1531
109GAN     1988 73  1537 1550 1542 1509 1504 1552 1576 1567 9999
109GAN     1988 81  9999 9999 9999 9999 9999 9999 9999 9999 9999 9999 9999
109GAN     1988 82  9999 9999 9999 9999 9999 9999 9999 9999 9999 1556 1546
109GAN     1988 83  1523 1501 1513 1540 1547 1524 1541 1565 1570
109GAN     1988 91  1554 1513 1485 1488 1498 1496 1500 1521 1545 1556 1534
109GAN     1988 92  1506 1512 1498 1481 1493 1511 1514 1532 1536 1499 1481
109GAN     1988 93  1522 1561 1573 1584 1574 1536 1502 1497
109GAN     1988101  1502 1516 1531 1553 1569 1558 1550 1541 1540 1524 1506
109GAN     1988102  1501 1506 1481 1449 1435 1453 1470 1479 1506 1507 1500
109GAN     1988103  1505 1538 1560 1544 1521 1531 1546 1542 1551
109GAN     1988111  1557 1564 1571 1577 1588 1604 1585 1540 1500 1495 1515
109GAN     1988112  1520 1514 1505 1524 1526 1546 1552 1560 1568 1523 1488
109GAN     1988113  1450 1453 1488 1506 1461 1461 1466 1471
109GAN     1988121  1482 1510 1491 1489 1500 1484 1493 1483 1483 1468 1473
109GAN     1988122  1496 1498 1509 1521 1551 1557 1534 1509 1506 1494 1472
109GAN     1988123  1457 1465 1488 1508 1516 1527 1536 1525 1526
109GAN     1989 11  1536 1546 1526 1502 1494 1509 1523 1569 1593 1584 1578
109GAN     1989 12  1564 1563 1553 1530 1525 1510 1507 1512 1517 1506 1531
109GAN     1989 13  1555 1533 1521 1509 1496 1486 1477 1452 1440
109GAN     1989 21  1480 1510 1499 1486 1495 1502 1529 1530 1515 1491 1476
109GAN     1989 22  1489 1473 1463 1459 1487 1515 1510 1521 1542 1548 1533
109GAN     1989 23  1536 1545 1544 1549 1544 1517
109GAN     1989 31  1497 1504 1513 1536 1542 1548 1569 1588 1587 1561 1525
109GAN     1989 32  1502 1489 1469 1480 1523 1529 1519 1532 1546 1541 1542
109GAN     1989 33  1541 1544 1546 1538 1520 1530 1545 1528 1533
109GAN     1989 41  1572 1598 1610 1623 1638 1630 1629 1619 1578 1576 1566
109GAN     1989 42  1564 1586 1605 1597 1604 1613 1616 1613 1608 1588 1546
109GAN     1989 43  1536 1556 1546 1537 1553 1556 1562 1578
109GAN     1989 51  1586 1586 1604 1603 1595 1562 1528 1506 1509 1497 1487
109GAN     1989 52  1526 1534 1531 1537 1513 1521 1528 1515 1499 1498 1503
109GAN     1989 53  1493 9999 9999 9999 9999 9999 9999 9999 9999
109GAN     1989 61  9999 9999 9999 9999 9999 9999 9999 1496 1510 1514 1521
109GAN     1989 62  1508 1487 1499 1510 1509 1475 1469 1509 1531 1530 1538
109GAN     1989 63  1563 1572 1564 1570 1587 1599 1579 1556
109GAN     1989 71  1550 1544 1534 1547 1568 1573 1574 1584 1580 1567 1576
109GAN     1989 72  1575 1550 1531 1527 1530 1503 1501 1507 1523 1528 1526
109GAN     1989 73  1532 1564 1571 1545 1511 1472 1462 1489 1515
109GAN     1989 81  1543 1583 1590 1580 1580 1562 1537 1530 1541 1545 1535
109GAN     1989 82  1528 1533 1539 1533 1542 1596 1600 1570 1568 1577 1577
109GAN     1989 83  1585 1586 1586 1585 1566 1554 1554 1573 1592
109GAN     1989 91  1573 1568 1575 1581 1560 1527 1492 1477 1484 1472 1486
109GAN     1989 92  1518 1522 1548 1542 1555 1583 1573 1547 1548 1527 1526
109GAN     1989 93  1544 1553 1574 1575 1558 1582 1582 1554
109GAN     1989101  1561 1565 1551 1502 1473 1507 1514 1515 1532 1534 1537
109GAN     1989102  1552 1556 1530 1531 1532 1506 1493 1468 1462 1476 1511
109GAN     1989103  1532 1514 1487 1490 1487 1472 1454 1451 1468
109GAN     1989111  1453 1491 1538 1543 1529 1540 1553 1569 1603 1610 1594
109GAN     1989112  1573 1554 1538 1546 1533 1518 1514 1503 1511 1521 1533
109GAN     1989113  1537 1517 1513 1526 1536 1511 1488 1495
109GAN     1989121  1490 1519 1538 1550 1564 1571 1588 1570 1544 1527 1518
109GAN     1989122  1528 1539 1551 1545 1545 1570 1600 1611 1613 1607 1596
109GAN     1989123  1588 1598 1563 1550 1563 1553 1559 1610 1625
109GAN     1990 11  1614 1616 1603 1595 1598 1581 1547 1555 1573 1550 1534
109GAN     1990 12  1532 1550 1584 1588 1566 1546 1513 1511 1513 1501 1493
109GAN     1990 13  1492 1508 1537 1562 1544 1540 1576 1577 1563
109GAN     1990 21  1556 1577 1583 1554 1569 1572 1584 1616 1635 1638 1630
109GAN     1990 22  1620 1590 1580 1584 1594 1584 1553 1548 1565 1573 1578
109GAN     1990 23  1604 1644 1654 1667 1657 1619
109GAN     1990 31  1605 1615 1627 1607 1576 1569 1577 1596 1611 1619 1634
109GAN     1990 32  1628 1640 1627 1598 1605 1620 1631 1620 1632 1662 1672
109GAN     1990 33  1670 1663 1686 1713 1702 1677 1648 1649 1651
109GAN     1990 41  1640 1646 1658 1663 1687 1728 1719 1699 1674 1651 1664
109GAN     1990 42  1641 1619 1616 1651 1672 1650 1638 1634 1615 1609 1623
109GAN     1990 43  1639 1636 1614 1612 1604 1590 1583 1577
109GAN     1990 51  1587 1631 1622 1622 1624 1632 1654 1662 1645 1641 1647
109GAN     1990 52  1666 1636 1612 1622 1655 1674 1675 1658 1677 1701 1688
109GAN     1990 53  1640 1613 1619 1620 1622 1627 1655 1667 1660
109GAN     1990 61  1636 9999 9999 9999 9999 9999 9999 9999 9999 9999 9999
109GAN     1990 62  9999 9999 9999 9999 9999 9999 9999 9999 9999 9999 9999
109GAN     1990 63  9999 9999 9999 9999 9999 9999 9999 9999
109GAN     1990 71  9999 9999 9999 9999 9999 9999 9999 9999 9999 9999 9999
109GAN     1990 72  9999 9999 9999 9999 9999 9999 9999 9999 9999 9999 9999
109GAN     1990 73  9999 9999 9999 9999 9999 9999 9999 9999 9999
109GAN     1990 81  9999 9999 9999 9999 9999 9999 9999 9999 9999 9999 9999
109GAN     1990 82  9999 9999 9999 9999 9999 9999 9999 9999 9999 9999 9999
109GAN     1990 83  9999 9999 9999 9999 9999 9999 9999 9999 9999
109GAN     1990 91  9999 9999 9999 9999 9999 9999 9999 9999 9999 9999 9999
109GAN     1990 92  9999 9999 9999 9999 9999 9999 9999 9999 9999 9999 9999
109GAN     1990 93  9999 9999 9999 9999 9999 9999 9999 9999
109GAN     1990101  9999 9999 9999 9999 9999 9999 9999 9999 9999 9999 9999
109GAN     1990102  9999 9999 9999 9999 9999 9999 9999 9999 9999 9999 9999
109GAN     1990103  9999 9999 9999 9999 9999 9999 9999 9999 9999
109GAN     1990111  9999 9999 9999 9999 9999 9999 9999 9999 9999 9999 9999
109GAN     1990112  9999 9999 9999 9999 9999 9999 9999 9999 9999 9999 9999
109GAN     1990113  9999 9999 9999 9999 9999 9999 9999 9999
109GAN     1990121  9999 9999 9999 9999 9999 9999 9999 9999 9999 9999 9999
109GAN     1990122  9999 9999 9999 9999 9999 9999 9999 9999 9999 9999 9999
109GAN     1990123  9999 9999 9999 9999 9999 9999 9999 9999 9999
109GAN     1991 11  9999 9999 9999 9999 9999 9999 9999 9999 9999 9999 9999
109GAN     1991 12  9999 9999 9999 9999 9999 9999 9999 9999 9999 9999 9999
109GAN     1991 13  9999 9999 9999 9999 9999 9999 9999 9999 9999
109GAN     1991 21  9999 9999 9999 9999 9999 9999 9999 9999 9999 9999 9999
109GAN     1991 22  9999 9999 9999 9999 9999 9999 9999 9999 9999 9999 9999
109GAN     1991 23  9999 9999 9999 9999 9999 9999
109GAN     1991 31  9999 9999 9999 9999 9999 9999 9999 9999 9999 9999 9999
109GAN     1991 32  9999 9999 9999 9999 9999 9999 9999 9999 9999 9999 9999
109GAN     1991 33  9999 9999 9999 9999 9999 9999 9999 9999 9999
109GAN     1991 41  9999 9999 9999 9999 9999 9999 9999 9999 9999 9999 9999
109GAN     1991 42  9999 9999 9999 9999 9999 9999 9999 9999 9999 9999 9999
109GAN     1991 43  9999 9999 9999 9999 9999 9999 9999 9999
109GAN     1991 51  9999 9999 9999 9999 9999 9999 9999 9999 9999 9999 9999
109GAN     1991 52  9999 9999 9999 9999 9999 9999 9999 9999 9999 9999 9999
109GAN     1991 53  9999 9999 9999 9999 9999 9999 9999 9999 9999
109GAN     1991 61  9999 9999 9999 9999 9999 9999 9999 9999 9999 9999 9999
109GAN     1991 62  9999 9999 9999 9999 9999 9999 9999 9999 9999 9999 9999
109GAN     1991 63  9999 9999 9999 9999 9999 9999 9999 9999
109GAN     1991 71  9999 9999 9999 9999 9999 9999 9999 9999 9999 9999 1610
109GAN     1991 72  1613 1630 1633 1655 1670 1645 1609 1591 1592 1597 1578
109GAN     1991 73  1554 1578 1605 1626 1623 1632 1629 1629 1624
109GAN     1991 81  1624 1625 1607 1589 1576 1588 1586 1569 1582 1600 1608
109GAN     1991 82  1599 1582 1562 1561 1567 1558 1545 1526 1516 1514 1523
109GAN     1991 83  1555 1569 1558 1582 1592 1576 1576 1571 1564
109GAN     1991 91  1569 1563 1540 1543 1582 1601 1583 1577 1576 1570 1551
109GAN     1991 92  1509 1510 1505 1493 1519 1519 1502 1517 1516 1503 1505
109GAN     1991 93  1533 1573 1568 1523 1514 1503 1481 1491
109GAN     1991101  1543 1563 1552 1555 1557 1563 1544 1533 1533 1524 1532
109GAN     1991102  1548 1538 1528 1547 1533 1535 1559 1566 1573 1570 1574
109GAN     1991103  1563 1552 1558 1568 1576 1565 1562 1587 1609
109GAN     1991111  1610 1609 1573 1557 1556 1551 1536 1526 1514 1514 1502
109GAN     1991112  1532 1547 1520 1530 1536 1536 1572 1595 1594 1572 1555
109GAN     1991113  1559 1556 1538 1524 1539 1558 1548 1553
109GAN     1991121  1576 1571 1526 1517 1507 1488 1492 1499 1501 1505 1522
109GAN     1991122  1549 1548 1536 1531 1539 1526 1535 1536 1516 1504 1503
109GAN     1991123  1500 1540 1568 1577 1608 1588 1537 1535 1521
109GAN     1992 11  1491 1496 1475 1467 1485 1484 1487 1494 1490 1499 1518
109GAN     1992 12  1529 1502 1487 1478 1475 1474 1458 1437 1441 1470 1478
109GAN     1992 13  1489 1496 1492 1475 1456 1422 1404 1395 1398
109GAN     1992 21  1444 1476 1487 1461 1460 1505 1528 1530 1533 1553 1551
109GAN     1992 22  1523 1502 1495 1505 1512 1525 1530 1547 1549 1510 1478
109GAN     1992 23  1481 1479 1475 1489 1469 1457 1477
109GAN     1992 31  1508 1515 1508 1523 1525 1532 1527 1509 1501 1500 1506
109GAN     1992 32  1520 1507 1517 1545 1580 1590 1583 1570 1566 1576 1585
109GAN     1992 33  1577 1578 1585 1584 1581 1575 1589 1603 1602
109GAN     1992 41  1596 1599 1587 1591 1597 1600 1587 1584 1590 1590 1597
109GAN     1992 42  1611 1596 1580 1590 1605 1578 1554 1561 1546 1547 1553
109GAN     1992 43  1561 1566 1563 1567 1584 1630 1624 1588
109GAN     1992 51  1583 1566 1528 1528 1542 1548 1563 1587 1608 1610 1594
109GAN     1992 52  1592 1581 1573 1583 1602 1594 1559 1560 1590 1589 1567
109GAN     1992 53  1568 1581 1538 1514 1539 1564 1551 1512 1515
109GAN     1992 61  1514 1532 1550 1553 1599 1604 1589 1602 1603 1589 1588
109GAN     1992 62  1569 1568 1577 1574 1547 1532 1548 1550 1565 1602 1594
109GAN     1992 63  1586 1607 1640 1624 1592 1583 1552 1530
109GAN     1992 71  1553 1580 1588 1608 1594 1567 1572 1585 1575 1581 1575
109GAN     1992 72  1551 1579 1589 1565 1565 1590 1616 1605 1591 1590 1589
109GAN     1992 73  1581 1583 1565 1545 1575 1605 1598 1601 1636
109GAN     1992 81  1680 1678 1659 1645 1634 1612 1630 1642 1627 1636 1647
109GAN     1992 82  1622 1600 1640 1634 1597 1582 1587 1589 1593 1594 1598
109GAN     1992 83  1596 1590 1591 1613 1629 1646 1643 1613 1599
109GAN     1992 91  1614 1597 1577 1565 1583 1595 1591 1598 1611 1604 1590
109GAN     1992 92  1571 1583 1594 1591 1561 1544 1574 1583 1555 1544 1578
109GAN     1992 93  1604 1619 1620 1608 1597 1598 1592 1584
109GAN     1992101  1587 1590 1588 1541 1528 1546 1567 1581 1564 1539 1509
109GAN     1992102  1518 1521 1504 1495 1504 1513 1530 1534 1558 1557 1532
109GAN     1992103  1503 1486 1502 1483 1453 1459 1477 1507 1512
109GAN     1992111  1501 1476 1490 1496 1502 1493 1495 1510 1507 1510 1514
109GAN     1992112  1524 1532 1537 1521 1532 1552 1553 1557 1540 1531 1507
109GAN     1992113  1498 1492 1493 1504 1520 1508 1511 1514
109GAN     1992121  1516 1527 1550 1548 1519 1486 1463 1470 1486 1501 1503
109GAN     1992122  1513 1505 1506 1526 1540 1542 1532 1526 1510 1487 1480
109GAN     1992123  1485 1470 1482 1524 1559 1564 1554 1554 1549
109GAN     1993 11  1549 1540 1525 1544 1550 1560 1560 1559 1559 1545 1529
109GAN     1993 12  1516 1525 1524 1492 1480 1488 1477 1481 1486 1501 1483
109GAN     1993 13  1476 1482 1500 1511 1495 1465 1455 1465 1460
109GAN     1993 21  1433 1410 1409 1416 1429 1457 1472 1443 1443 1457 1463
109GAN     1993 22  1462 1471 1456 1455 1462 1468 1469 1471 1509 1531 1529
109GAN     1993 23  1504 1493 1493 1508 1520 1495
109GAN     1993 31  1483 1484 1489 1504 1525 1537 1535 1516 1505 1506 1482
109GAN     1993 32  1460 1454 1443 1441 1451 1474 1500 1514 1514 1498 1507
109GAN     1993 33  1519 1516 1496 1486 1503 1508 1493 1478 1506
109GAN     1993 41  1574 1610 1610 1585 1597 1612 1598 1588 1579 1577 1554
109GAN     1993 42  1541 1556 1550 1525 1545 1578 1600 1590 1577 1590 1597
109GAN     1993 43  1565 1566 1554 1537 1521 1524 1541 1567
109GAN     1993 51  1595 1623 1619 1583 1580 1566 1516 1489 1500 1521 1542
109GAN     1993 52  1539 1539 1518 1530 1562 1568 1568 1563 1550 1557 1545
109GAN     1993 53  1537 1532 1542 1577 1593 1621 1609 1575 1578
109GAN     1993 61  1595 1607 1593 1583 1564 1576 1611 1639 1618 1589 1599
109GAN     1993 62  1590 1599 1603 1577 1560 1533 1515 1508 1505 1504 1513
109GAN     1993 63  1536 1567 1575 1541 1521 1535 1570 1573
109GAN     1993 71  1559 1547 1568 1608 1632 1641 1638 1658 1667 1674 1654
109GAN     1993 72  1619 1621 1626 1608 1605 1603 1592 1604 1654 1657 1637
109GAN     1993 73  1606 1571 1561 1575 1584 1564 1536 1552 1564
109GAN     1993 81  1567 1561 1554 1547 1536 1566 1557 1519 1501 1529 1566
109GAN     1993 82  1548 1549 1539 1521 1560 1572 1580 1581 1583 1594 1599
109GAN     1993 83  1576 1550 1567 1565 1560 1543 1526 1569 1597
109GAN     1993 91  1577 1577 1579 1579 1559 1539 1553 1564 1549 1570 1620
109GAN     1993 92  1611 1624 1611 1576 1576 1610 1634 1616 1596 1583 1583
109GAN     1993 93  1585 1583 1594 1605 1602 1569 1552 1560
109GAN     1993101  1583 1580 1570 1560 1516 1509 1524 1530 1536 1535 1585
109GAN     1993102  1608 1595 1584 1582 1568 1537 1529 1518 1516 1532 1521
109GAN     1993103  1512 1517 1510 1522 1522 1517 1512 1508 1512
109GAN     1993111  1522 1532 1550 1557 1556 1562 1557 1539 1536 1531 1530
109GAN     1993112  1502 1485 1492 1483 1457 1452 1463 1455 1454 1470 1480
109GAN     1993113  1468 1450 1450 1439 1457 1469 1465 1455
109GAN     1993121  1440 1446 1461 1475 1489 1490 1483 1461 1483 1506 1493
109GAN     1993122  1462 1449 1452 1453 1448 1468 1458 1470 1494 1492 1491
109GAN     1993123  1473 1472 1474 1454 1442 1431 1433 1449 1480
109GAN     1994 11  1494 1500 1525 1527 1525 1546 1522 1506 1484 1485 1468
109GAN     1994 12  1472 1497 1516 1538 1552 1557 1537 1525 1544 1559 1555
109GAN     1994 13  1553 1575 1579 1559 1551 1567 1595 1590 1564
109GAN     1994 21  1550 1572 1579 1549 1534 1540 1535 1525 1553 1571 1568
109GAN     1994 22  1547 1544 1539 1505 1491 1474 1473 1481 1488 1495 1517
109GAN     1994 23  1527 1557 1555 1534 1506 1500
109GAN     1994 31  1501 1501 1486 1468 1494 1515 1520 1526 1541 1537 1534
109GAN     1994 32  1530 1549 1542 1549 1567 1563 1573 1557 1537 1557 1581
109GAN     1994 33  1580 1583 1595 1582 1564 1549 1556 1534 1524
109GAN     1994 41  1546 1552 1545 1556 1569 1564 1569 1585 1594 1583 1559
109GAN     1994 42  1517 1502 1525 1525 1513 1510 1499 1521 1571 1585 1570
109GAN     1994 43  1560 1557 1556 1566 1557 1550 1549 1558
109GAN     1994 51  1548 1555 1570 1564 1550 1553 1535 1522 1542 1562 1558
109GAN     1994 52  1540 1516 1509 1520 1553 1566 1550 1569 1612 1605 1589
109GAN     1994 53  1574 1575 1585 1554 1544 1567 1576 1595 1576
109GAN     1994 61  1594 1628 1639 1631 1612 1610 1616 1610 1593 1595 1609
109GAN     1994 62  1620 1626 1636 1640 1635 1623 1654 1656 1645 1617 1601
109GAN     1994 63  1601 1594 1600 1613 1602 1594 1606 1627
109GAN     1994 71  1621 1610 1578 1542 1560 1569 1550 1574 1597 1583 1599
109GAN     1994 72  1602 1587 1573 1575 1578 1584 1587 1594 1597 1595 1588
109GAN     1994 73  1602 1604 1584 1579 1587 1585 1620 1621 1605
109GAN     1994 81  1595 1608 1618 1612 1590 1606 1631 1661 1689 1679 1644
109GAN     1994 82  1624 1636 1641 1617 1600 1591 1605 1616 1589 1568 1577
109GAN     1994 83  1568 1568 1591 1590 1592 1603 1589 1593 1613
109GAN     1994 91  1619 1651 1665 1663 1644 1639 1644 1635 1633 1635 1614
109GAN     1994 92  1592 1585 1601 1619 1616 1616 1626 1629 1615 1590 1560
109GAN     1994 93  1564 1591 1612 1598 1563 1558 1591 1642
109GAN     1994101  1646 1617 1644 1655 1635 1630 1637 1614 1600 1605 1607
109GAN     1994102  1609 1627 1618 1620 1623 1613 1600 1598 1616 1622 1612
109GAN     1994103  1625 1635 1610 1610 1615 1641 1667 1684 1685
109GAN     1994111  1684 1695 1687 1703 1690 1653 1635 1666 1700 1706 1718
109GAN     1994112  1708 1698 1689 1666 1637 1620 1632 1633 1632 1655 1665
109GAN     1994113  1653 1643 1633 1633 1663 1682 1645 1590
109GAN     1994121  1559 1552 1539 1555 1552 1545 1533 1540 1551 1538 1508
109GAN     1994122  1486 1491 1506 1528 1500 1475 1466 1473 1525 1525 1516
109GAN     1994123  1517 1529 1554 1545 1548 1556 1553 1563 1571
109GAN     1995 11  1577 1587 1566 1571 1573 1582 1573 1561 1572 1565 1559
109GAN     1995 12  1580 1562 1532 1524 1527 1542 1574 1589 1587 1587 1598
109GAN     1995 13  1608 1587 1555 1536 1526 1541 1556 1550 1558
109GAN     1995 21  1560 1561 1546 1531 1536 1540 1554 1542 1515 1495 1510
109GAN     1995 22  1536 1547 1526 1525 1539 1561 1609 1615 1564 1548 1571
109GAN     1995 23  1581 1603 1614 1598 1610 1613
109GAN     1995 31  1602 1581 1575 1563 1561 1554 1552 1543 1548 1542 1548
109GAN     1995 32  1562 1589 1583 1551 1564 1600 1589 1561 1570 1566 1559
109GAN     1995 33  1540 1539 1561 1591 1623 1619 1613 1623 1657
109GAN     1995 41  1652 1639 1609 1621 1649 1670 1648 1641 1655 1656 1651
109GAN     1995 42  1659 1661 1652 1654 1643 1639 1644 1627 1642 1660 1656
109GAN     1995 43  1651 1659 1655 1653 1650 1642 1623 1612
109GAN     1995 51  1625 1641 1636 1609 1598 1598 1606 1628 1617 1607 1596
109GAN     1995 52  1590 1595 1599 1593 1581 1567 1572 1567 1573 1571 1575
109GAN     1995 53  1581 1575 1591 1574 1539 1528 1540 1544 1567
109GAN     1995 61  1583 1586 1574 1580 1584 1585 1592 1603 1603 1603 1607
109GAN     1995 62  1623 1596 1601 1652 1660 1657 1682 1681 1654 1634 1620
109GAN     1995 63  1617 1586 1586 1598 1590 1618 1646 1649
109GAN     1995 71  1638 1663 1683 1663 1675 1674 1660 1661 1673 1682 1666
109GAN     1995 72  1667 1678 1672 1669 1682 1681 1664 1664 1676 1668 1637
109GAN     1995 73  1625 1636 1637 1637 1669 1675 1665 1653 1648
109GAN     1995 81  1653 1654 1649 1644 1628 1623 1641 1649 1660 1654 1638
109GAN     1995 82  1627 1635 1635 1620 1621 1608 1594 1573 1560 1548 1551
109GAN     1995 83  1557 1580 1593 1589 1599 1626 1617 1605 1588
109GAN     1995 91  1579 1581 1576 1574 1594 1588 1604 1603 1577 1584 1607
109GAN     1995 92  1615 1629 1619 1595 1559 1542 1531 1547 1559 1539 1562
109GAN     1995 93  1582 1588 1596 1602 1599 1587 1551 1553
109GAN     1995101  1542 1529 1533 1531 1529 1522 1500 1509 1517 1529 1525
109GAN     1995102  1529 1543 1521 1505 1499 1479 1493 1533 1537 1533 1536
109GAN     1995103  1519 1520 1532 1540 1528 1533 1550 1556 1545
109GAN     1995111  1528 1525 1511 1514 1532 1502 1481 1513 1536 1504 1472
109GAN     1995112  1463 1462 1476 1498 1512 1508 1495 1495 1495 1472 1451
109GAN     1995113  1454 1487 1502 1465 1416 1413 1427 1441
109GAN     1995121  1431 1433 1431 1428 1434 1430 1427 1419 1416 1419 1452
109GAN     1995122  1460 1481 1499 1515 1508 1483 1460 1456 1484 1495 1516
109GAN     1995123  1537 1549 1547 1553 1552 1547 1560 1565 1576
109GAN     1996 11  1558 1527 1532 1547 1570 1564 1559 1569 1575 1585 1607
109GAN     1996 12  1622 1611 1577 1572 1559 1551 1559 1545 1531 1532 1544
109GAN     1996 13  1537 1506 1518 1509 1495 1497 1487 1503 1519
109GAN     1996 21  1501 1503 1518 1525 1532 1546 1553 1565 1570 1545 1516
109GAN     1996 22  1519 1557 1596 1586 1563 1555 1552 1555 1571 1591 1586
109GAN     1996 23  1596 1587 1536 1510 1524 1536 1539
109GAN     1996 31  1534 1515 1537 1546 1527 1533 1543 1535 1530 1525 1548
109GAN     1996 32  1559 1563 1574 1578 1570 1583 1595 1607 1603 1578 1561
109GAN     1996 33  1566 1582 1581 1593 1622 1609 1626 1658 1687
109GAN     1996 41  1687 1679 1666 1644 1662 1686 1654 1630 1650 1635 1624
109GAN     1996 42  1641 1639 1649 1651 1639 1636 1632 1617 1612 1604 1584
109GAN     1996 43  1591 1610 1610 1594 1590 1622 1628 1608
109GAN     1996 51  1589 1570 1564 1581 1568 1560 1575 1611 1604 1565 1554
109GAN     1996 52  1567 1578 1543 1510 1539 1559 1548 1542 1533 1531 1543
109GAN     1996 53  1543 1556 1585 1585 1572 1576 1590 1613 1622
109GAN     1996 61  1616 1592 1585 1611 1626 1640 1634 1628 1611 1607 1598
109GAN     1996 62  1609 1635 1647 1636 1624 1630 1637 1640 1659 1653 1643
109GAN     1996 63  1643 1621 1609 1637 1651 1627 1607 1615
109GAN     1996 71  1631 1635 1637 1651 1670 1679 1685 1697 1705 1680 1644
109GAN     1996 72  1633 1612 1624 1633 1622 1602 1595 1562 1562 1582 1603
109GAN     1996 73  1605 1570 1557 1579 1612 1631 1614 1593 1574
109GAN     1996 81  1580 1597 1589 1578 1573 1560 1563 1579 1574 1558 1562
109GAN     1996 82  1531 1539 1556 1557 1547 1557 1586 1593 1600 1592 1554
109GAN     1996 83  1543 1550 1548 1552 1576 1591 1592 1592 1603
109GAN     1996 91  1575 1547 1563 1554 1568 1594 1567 1560 1559 1577 1603
109GAN     1996 92  1599 1583 1579 1570 1546 1562 1583 1580 1555 1565 1586
109GAN     1996 93  1590 1605 1624 1625 1621 1609 1583 1580
109GAN     1996101  1578 1566 1565 1564 1580 1572 1540 1554 1575 1599 1591
109GAN     1996102  1573 1566 1544 1532 1522 1504 1500 1518 1545 1555 1561
109GAN     1996103  1555 1550 1536 1543 1543 1519 1510 1525 1515
109GAN     1996111  1517 1525 1516 1518 1529 1529 1495 1476 1492 1487 1455
109GAN     1996112  1431 1437 1453 1472 1500 1510 1517 1524 1527 1546 1544
109GAN     1996113  1520 1519 1523 1521 1530 1538 1563 1556
109GAN     1996121  1561 1558 1563 1568 1554 1547 1517 1516 1526 1520 1543
109GAN     1996122  1568 1576 1582 1554 1539 1524 1519 1525 1506 1495 1508
109GAN     1996123  1513 1506 1498 1508 1504 1501 1491 1511 1545
109GAN     1997 11  1560 1545 1535 1535 1534 1554 1561 1564 1569 1578 1583
109GAN     1997 12  1591 1592 1595 1599 1600 1574 1569 1563 1538 1542 1545
109GAN     1997 13  1545 1556 1546 1524 1510 1517 1540 1570 1555
109GAN     1997 21  1531 1531 1559 1575 1555 1561 1564 1585 1594 1568 1559
109GAN     1997 22  1568 1567 1547 1530 1534 1516 1517 1536 1545 1533 1538
109GAN     1997 23  1544 1547 1544 1533 1539 1535
109GAN     1997 31  1515 1510 1503 1531 1556 1544 1546 1563 1584 1580 1589
109GAN     1997 32  1567 1551 1554 1541 1541 1528 1511 1521 1538 1562 1588
109GAN     1997 33  1598 1608 1628 1605 1591 1594 1605 1592 1577
109GAN     1997 41  1581 1577 1605 1609 1615 1634 1632 1617 1594 1585 1575
109GAN     1997 42  1564 1564 1580 1576 1572 1595 1610 1618 1609 1602 1602
109GAN     1997 43  1595 1615 1619 1612 1602 1590 1590 1606
109GAN     1997 51  1641 1670 1684 1681 1687 1679 1667 1653 1654 1657 1654
109GAN     1997 52  1651 1625 1607 1580 1570 1573 1569 1575 1553 1537 1536
109GAN     1997 53  1524 1518 1503 1506 1511 1498 1488 1505 1544
109GAN     1997 61  1535 1499 1481 1482 1490 1487 1481 1507 1538 1515 1511
109GAN     1997 62  1538 1542 1550 1559 1552 1572 1561 1543 1529 1515 1515
109GAN     1997 63  1513 1527 1574 1588 1589 1600 1575 1563
109GAN     1997 71  1569 1565 1548 1555 1576 1598 1610 1620 1601 1592 1610
109GAN     1997 72  1608 1599 1578 1570 1580 1579 1590 1597 1608 1628 1620
109GAN     1997 73  1625 1651 1643 1617 1602 1593 1584 1609 1607
109GAN     1997 81  1580 1568 1573 1577 1563 1573 1564 1536 1535 1522 1510
109GAN     1997 82  1500 1494 1504 1523 1533 1542 1556 1558 1577 1578 1589
109GAN     1997 83  1614 1613 1586 1579 1559 1556 1585 1620 1636
109GAN     1997 91  1616 1598 1591 1584 1576 1562 1560 1575 1588 1586 1560
109GAN     1997 92  1557 1578 1584 1587 1596 1606 1613 1615 1598 1574 1574
109GAN     1997 93  1585 1609 1629 1629 1614 1595 1597 1611
109GAN     1997101  1612 1598 1608 1591 1593 1607 1609 1591 1597 1610 1621
109GAN     1997102  1650 1672 1679 1669 1670 1666 1618 1606 1622 1628 1626
109GAN     1997103  1634 1606 1586 1592 1615 1630 1606 1590 1586
109GAN     1997111  1569 1556 1564 1572 1572 1563 1565 1574 1595 1606 1602
109GAN     1997112  1599 1596 1594 1599 1591 1577 1563 1541 1543 1557 1555
109GAN     1997113  1559 1559 1576 1573 1573 1581 1582 1566
109GAN     1997121  1545 1539 1538 1551 1559 1547 1550 1572 1588 1584 1588
109GAN     1997122  1592 1580 1585 1558 1550 1562 1584 1580 1564 1570 1565
109GAN     1997123  1589 1592 1605 1607 1572 1556 1547 1566 1597
109GAN     1998 11  1618 1605 1593 1592 1612 1628 1605 1572 1575 1580 1562
109GAN     1998 12  1528 1531 1539 1527 1532 1540 1551 1549 1560 1562 1539
109GAN     1998 13  1540 1557 1574 1570 1566 1572 1593 1602 1583
109GAN     1998 21  1552 1529 1522 1535 1565 1577 1561 1550 1547 1565 1581
109GAN     1998 22  1582 1560 1547 1549 1571 1559 1546 1555 1552 1550 1559
109GAN     1998 23  1567 1568 1580 1611 1626 1628
109GAN     1998 31  1600 1605 1617 1607 1595 1570 1590 1604 1616 1612 1586
109GAN     1998 32  1595 1607 1617 1616 1632 1634 1622 1629 1639 1613 1617
109GAN     1998 33  1651 1680 1683 1677 1683 1684 1683 1668 1660
109GAN     1998 41  1668 1648 1630 1617 1645 1686 1704 1695 1679 1681 1684
109GAN     1998 42  1699 1719 1716 1671 1677 1697 1668 1671 1678 1675 1702
109GAN     1998 43  1710 1704 1719 1736 1724 1708 1683 1686
109GAN     1998 51  1687 1712 1763 1765 1754 1735 1734 1762 1768 1751 1725
109GAN     1998 52  1722 1721 1717 1723 1691 1672 1680 1651 1655 1699 1722
109GAN     1998 53  1707 1686 1666 1652 1631 1619 1627 1662 1688
109GAN     1998 61  1668 1658 1624 1630 1659 1634 1628 1629 1611 1624 1614
109GAN     1998 62  1613 1634 1654 1674 1667 1656 1649 1647 1683 1678 1654
109GAN     1998 63  1642 1632 1648 1662 1640 1636 1678 1706
109GAN     1998 71  1707 1706 1677 1692 1699 1709 1723 1695 1679 1692 1731
109GAN     1998 72  1735 1722 1724 1739 1743 1748 1730 1708 1681 1685 1694
109GAN     1998 73  1687 1669 1679 1709 1699 1668 1653 1671 1667
109GAN     1998 81  1661 1620 1591 1623 1668 1669 1653 1654 1667 1714 1730
109GAN     1998 82  1707 1666 1662 1668 1674 1681 1677 1685 1659 1635 1621
109GAN     1998 83  1619 1646 1672 1660 1646 1633 1620 1601 1583
109GAN     1998 91  1578 1562 1582 1594 1592 1612 1636 1649 1645 1656 1650
109GAN     1998 92  1646 1649 1643 1643 1632 1635 1639 1639 1636 1657 1648
109GAN     1998 93  1626 1638 1652 1641 1635 1612 1594 1596
109GAN     1998101  1612 1651 1624 1588 1609 1646 1615 1619 1634 1611 1578
109GAN     1998102  1568 1582 1599 1623 1616 1594 1582 1573 1592 1622 1596
109GAN     1998103  1559 1567 1588 1545 1544 1591 1595 1592 1597
109GAN     1998111  1595 1588 1609 1587 1560 1553 1556 1534 1521 1522 1538
109GAN     1998112  1547 1505 1493 1526 1524 1528 1527 1508 1491 1497 1509
109GAN     1998113  1518 1542 1521 1525 1529 1531 1553 1585
109GAN     1998121  1569 1544 1537 1521 1527 1525 1522 1555 1562 1541 1545
109GAN     1998122  1555 1563 1591 1574 1565 1565 1551 1563 1585 1599 1586
109GAN     1998123  1571 1577 1580 1593 1619 1642 1627 1586 1567
109GAN     1999 11  1565 1572 1598 1624 1625 1610 1605 1601 1612 1613 1595
109GAN     1999 12  1568 1561 1578 1570 1548 1565 1587 1573 1564 1572 1600
109GAN     1999 13  1603 1591 1595 1595 1590 1572 1569 1573 1584
109GAN     1999 21  1585 1585 1580 1581 1582 1587 1582 1567 1557 1555 1544
109GAN     1999 22  1549 1560 1556 1561 1535 1518 1549 1573 1565 1545 1542
109GAN     1999 23  1546 1579 1568 1563 1563 1570
109GAN     1999 31  1576 1578 1580 1594 1609 1618 1630 1614 1586 1582 1574
109GAN     1999 32  1581 1609 1634 1648 1656 1669 1675 1692 1702 1686 1671
109GAN     1999 33  1671 1647 1623 1636 1626 1607 1612 1621 1631
109GAN     1999 41  1606 1575 1573 1589 1576 1563 1556 1542 1557 1577 1594
109GAN     1999 42  1588 1562 1568 1591 1581 1545 1496 1465 1469 1490 1478
109GAN     1999 43  1492 1506 1485 1483 1517 1546 1534 1537
109GAN     1999 51  1519 1502 1531 1541 1549 1560 1546 1522 1505 1545 1591
109GAN     1999 52  1610 1615 1600 1619 1631 1616 1603 1596 1598 1614 1632
109GAN     1999 53  1631 1626 1612 1602 1606 1605 1592 1562 1542
109GAN     1999 61  1549 1564 1581 1587 1587 1593 1575 1575 1602 1619 1602
109GAN     1999 62  1586 1563 1549 1557 1560 1572 1606 1610 1575 1553 1552
109GAN     1999 63  1546 1565 1582 1566 1569 1593 1610 1624
109GAN     1999 71  1630 1625 1614 1626 1617 1621 1650 1647 1638 1627 1622
109GAN     1999 72  1622 1606 1601 1612 1619 1643 1632 1609 1602 1617 1634
109GAN     1999 73  1637 1611 1604 1607 1572 1549 1579 1593 1602
109GAN     1999 81  1624 1645 1659 1651 1624 1596 1610 1614 1575 1546 1558
109GAN     1999 82  1579 1624 1641 1639 9999 9999 9999 9999 1596 1618 1607
109GAN     1999 83  1586 1578 1554 1554 1581 1582 1573 1573 1588
109GAN     1999 91  1602 1611 1609 1604 1628 1632 1651 1667 1661 1643 1641
109GAN     1999 92  1665 1676 1692 1686 1653 1651 1641 1640 1655 1653 1640
109GAN     1999 93  1652 1698 1723 1728 1723 1726 1711 1692
109GAN     1999101  1688 1688 1678 1672 1689 1688 1680 1657 1666 1679 1653
109GAN     1999102  1630 1638 1630 1641 1639 1641 1671 1662 1637 1638 1644
109GAN     1999103  1637 1639 1639 1623 1595 1584 1579 1577 1570
109GAN     1999111  1565 1565 1556 1557 1562 1548 1551 1550 1531 1519 1505
109GAN     1999112  1494 1497 1503 1505 1515 1554 1569 1590 1606 1596 1589
109GAN     1999113  1595 1572 1552 1574 1610 1599 1576 1585
109GAN     1999121  1610 1611 1597 1574 1568 1581 1592 1577 1570 1553 1549
109GAN     1999122  1561 1565 1571 1578 1587 1588 1594 1595 1587 1572 1558
109GAN     1999123  1560 1589 1576 1591 1615 1605 1614 1619 1615
109GAN     2000 11  1596 1594 1610 1610 1591 1597 1612 1617 1614 1617 1618
109GAN     2000 12  1625 1619 1630 1634 1630 1611 1617 1619 1601 1608 1625
109GAN     2000 13  1642 1645 1632 1613 1608 1596 1601 1600 1576
109GAN     2000 21  1552 1565 1576 1578 1592 1607 1612 1633 1641 1607 1591
109GAN     2000 22  1595 1612 1629 1603 1583 1599 1615 1638 1647 1650 1653
109GAN     2000 23  1648 1638 1645 1634 1624 1621 1633
109GAN     2000 31  1648 1633 1602 1623 1660 1653 1662 1671 1677 1687 1684
109GAN     2000 32  1668 1658 1639 1626 1619 1634 1641 1635 1648 1663 1665
109GAN     2000 33  1662 1670 1647 1629 1627 1635 1626 1630 1642
109GAN     2000 41  1652 1679 1695 1699 1702 1682 1662 1669 1677 1667 1648
109GAN     2000 42  1658 1671 1674 1673 1656 1650 1646 1626 1629 1635 1609
109GAN     2000 43  1568 1558 1570 1585 1595 1593 1553 1540
109GAN     2000 51  1578 1593 1573 1539 1528 1550 1542 1541 1536 1550 1589
109GAN     2000 52  1595 1595 1593 1593 1591 1613 1627 1618 1609 1611 1619
109GAN     2000 53  1647 1668 1665 1664 1696 1701 1700 1702 1686
109GAN     2000 61  1682 1685 1687 1703 1705 1694 1688 1681 1688 1714 1689
109GAN     2000 62  1645 1643 1638 1635 1620 1604 1607 1618 1640 1646 1633
109GAN     2000 63  1616 1637 1661 1645 1620 1613 1611 1600
109GAN     2000 71  1582 1595 1602 1599 1606 1641 1670 1654 1619 1619 1662
109GAN     2000 72  1664 1643 1614 1593 1593 1613 1616 1619 1609 1579 1584
109GAN     2000 73  1587 1591 1638 1670 1641 1627 1615 1595 1607
109GAN     2000 81  1639 1641 1625 1617 1633 1642 1626 1606 1593 1600 1574
109GAN     2000 82  1589 1597 1581 1591 1613 1617 1619 1621 1613 1615 1605
109GAN     2000 83  1605 1619 1622 1619 1622 1627 1615 1617 1630
109GAN     2000 91  1640 1654 1640 1609 1584 1591 1608 1604 1591 1607 1624
109GAN     2000 92  1618 1611 1602 1618 1645 1663 1652 1642 1635 1620 1621
109GAN     2000 93  1629 1655 1706 1723 1708 1684 1695 1687
109GAN     2000101  1683 1692 1671 1640 1630 1621 1627 1624 1626 1648 1641
109GAN     2000102  1625 1631 1628 1628 1627 1625 1599 1586 1593 1611 1618
109GAN     2000103  1629 1627 1629 1658 1641 1604 1608 1619 1605
109GAN     2000111  1578 1571 1594 1624 1634 1622 1608 1616 1611 1608 1600
109GAN     2000112  1602 1605 1600 1577 1568 1606 1639 1628 1611 1604 1585
109GAN     2000113  1578 1564 1552 1541 1525 1524 1533 1533
109GAN     2000121  1507 1476 1487 1507 1515 1529 1533 1536 1530 1517 1525
109GAN     2000122  1517 1513 1528 1539 1536 1554 1561 1550 1568 1557 1546
109GAN     2000123  1529 1511 1511 1516 1533 1554 1575 1590 1595
109GAN     2001 11  1577 1588 1597 1584 1589 1605 1598 1582 1557 1552 1597
109GAN     2001 12  1618 1596 1570 1572 1574 1565 1547 1534 1528 1506 1492
109GAN     2001 13  1527 1567 1568 1554 1571 1585 1606 1625 1628
109GAN     2001 21  1633 1633 1629 1612 1571 1551 1563 1592 1594 1590 1590
109GAN     2001 22  1589 1568 1571 1575 1546 1509 1499 1513 1551 1577 1576
109GAN     2001 23  1580 1573 1583 1598 1598 1600
109GAN     2001 31  1592 1573 1556 1546 1542 1546 1549 1565 1569 1594 1605
109GAN     2001 32  1614 1604 1585 1554 1533 1532 1534 1548 1560 1553 1566
109GAN     2001 33  1584 1596 1606 1586 1608 1635 1642 1636 1624
109GAN     2001 41  1616 1619 1639 1640 1640 1666 1665 1644 1663 1657 1650
109GAN     2001 42  1649 1631 1616 1613 1622 1632 1635 1629 1661 1685 1658
109GAN     2001 43  1625 1586 1571 1587 1588 1563 1566 1567
109GAN     2001 51  1559 1568 1593 1590 1572 1575 1573 1560 1553 1535 1531
109GAN     2001 52  1528 1527 1537 1540 1568 1564 1550 1572 1578 1568 1579
109GAN     2001 53  1572 1547 1548 1565 1569 1577 1610 1636 1622
109GAN     2001 61  1606 1619 1610 1618 1619 1620 1609 1601 1613 1607 1626
109GAN     2001 62  1654 1651 1658 1661 1663 1692 1686 1667 1628 1620 1619
109GAN     2001 63  1619 1653 1659 1651 1653 1643 1647 1648
109GAN     2001 71  1625 1603 1591 1576 1596 1631 1645 1649 1670 1670 1670
109GAN     2001 72  1665 1670 1656 1635 1627 1661 1677 1653 1647 1645 1660
109GAN     2001 73  1696 1693 1671 1657 1653 1629 1597 1595 1603
109GAN     2001 81  1575 1552 1553 1591 1613 1617 1617 1605 1595 1602 1622
109GAN     2001 82  1622 1619 1601 1569 1563 1580 1573 1580 1603 1594 1600
109GAN     2001 83  1601 1616 1635 1595 1558 1568 1583 1573 1578
109GAN     2001 91  1573 1574 1584 1602 1618 1606 1589 1581 1587 1594 1596
109GAN     2001 92  1562 1557 1590 1603 1614 1637 1630 1610 1598 1598 1614
109GAN     2001 93  1604 1591 1587 1591 1602 1622 1633 1636
109GAN     2001101  1644 1649 1636 1610 1597 1607 1590 1570 1571 1560 1548
109GAN     2001102  1577 1580 1598 1630 1603 1576 1559 1561 1555 1549 1536
109GAN     2001103  1523 1533 1539 1540 1538 1534 1556 1549 1536
109GAN     2001111  1524 1523 1522 1509 1498 1511 1537 1546 1543 1550 1564
109GAN     2001112  1564 1520 1514 1506 1483 1504 1510 1511 1491 1496 1502
109GAN     2001113  1496 1483 1488 1502 1495 1502 1516 1496
109GAN     2001121  1486 1499 1491 1506 1541 1518 1486 1504 1511 1483 1454
109GAN     2001122  1462 1461 1440 1437 1433 1435 1446 1444 1466 1483 1490
109GAN     2001123  1506 1512 1508 1507 1508 1501 1508 1532 1530
109GAN     2002 11  1533 1546 1556 1568 1555 1568 1573 1557 1547 1531 1515
109GAN     2002 12  1528 1541 1541 1548 1554 1561 1579 1605 1616 1643 1630
109GAN     2002 13  1598 1577 1557 1534 1532 1511 1522 1562 1544
109GAN     2002 21  1547 1552 1569 1588 1590 1594 1573 1554 1568 1587 1596
109GAN     2002 22  1598 1596 1606 1574 1558 1552 1545 1548 1527 1503 1512
109GAN     2002 23  1521 1535 1569 1569 1563 1586
109GAN     2002 31  1607 1585 1590 1610 1606 1596 1583 1552 1549 1557 1544
109GAN     2002 32  1541 1546 1567 1577 1564 1561 1564 1575 1568 1572 1584
109GAN     2002 33  1590 1600 1634 1680 1684 1673 1672 1655 1639
109GAN     2002 41  1631 1640 1650 1640 1622 1610 1645 1645 1647 1658 1660
109GAN     2002 42  1669 1664 1661 1653 1639 1619 1625 1629 1638 1641 1658
109GAN     2002 43  1651 1655 1664 1678 1677 1684 1684 1663
109GAN     2002 51  1623 1623 1664 1702 1672 1632 1621 1642 1631 1634 1621
109GAN     2002 52  1605 1603 1583 1580 1582 1594 1609 1607 1602 1598 1617
109GAN     2002 53  1629 1625 1602 1582 1573 1581 1565 1549 1555
109GAN     2002 61  1562 1567 1566 1586 1604 1601 1559 1552 1578 1567 1554
109GAN     2002 62  1543 1560 1608 1626 1628 1631 1640 1641 1653 1652 1645
109GAN     2002 63  1616 1590 1613 1640 1653 1679 1667 1654
109GAN     2002 71  1658 1663 1651 1640 1633 1619 1618 1619 1614 1620 1619
109GAN     2002 72  1632 1609 1604 1605 1610 1614 1628 1586 1544 1550 1562
109GAN     2002 73  1577 1573 1555 1510 1503 1536 1539 1573 1630
109GAN     2002 81  1651 1636 1612 1588 1594 1589 1583 1603 1631 1636 1632
109GAN     2002 82  1621 1608 1615 1604 1563 1537 1534 1563 1583 1575 1564
109GAN     2002 83  1556 1563 1600 1619 1610 1612 1619 1620 1613
109GAN     2002 91  1574 1544 1532 1532 1536 1550 1609 1639 1665 1653 1637
109GAN     2002 92  9999 9999 9999 9999 9999 9999 9999 9999 9999 9999 1598
109GAN     2002 93  1612 1621 1618 1623 1622 1646 1650 1641
109GAN     2002101  1655 1665 1660 1671 1672 1684 1668 1659 1665 1628 1598
109GAN     2002102  1602 1586 1580 1597 1611 1627 1616 1601 1601 1606 1576
109GAN     2002103  1560 1563 1556 1556 1561 1564 1588 1577 1570
109GAN     2002111  1589 1607 1620 1612 1589 1580 1575 1566 1565 1560 1572
109GAN     2002112  1587 1581 1584 1585 1592 1586 1597 1595 1574 1546 1528
109GAN     2002113  1525 1538 1555 1543 1517 1543 1563 1566
109GAN     2002121  1556 1542 1529 1506 1505 1506 1523 1532 1515 1523 1541
109GAN     2002122  1552 1543 1523 1535 1574 1583 1558 1540 1531 1529 1542
109GAN     2002123  1539 1543 1549 1553 1548 1551 1534 1526 1509
109GAN     2003 11  1488 1489 1497 1485 1469 1482 1512 1506 1499 1522 1535
109GAN     2003 12  1527 1515 1504 1489 1496 1494 1522 1538 1542 1561 1599
109GAN     2003 13  1609 1582 1563 1570 1596 1598 1575 1559 1558
109GAN     2003 21  1566 1577 1582 1592 1614 1627 1607 1600 1603 1596 1571
109GAN     2003 22  1565 1554 1568 1580 1564 1573 1582 1571 1558 1527 1520
109GAN     2003 23  1521 1510 1489 1482 1513 1523
109GAN     2003 31  1496 1502 1539 1554 1572 1586 1603 1597 1577 1556 1556
109GAN     2003 32  1549 1552 1547 1566 1584 1604 1625 1625 1638 1643 1641
109GAN     2003 33  1600 1569 1595 1590 1575 1592 1621 1645 1633
109GAN     2003 41  1637 1654 1653 1625 1608 1622 1615 1598 1599 1610 1621
109GAN     2003 42  1663 1689 1670 1675 1688 1695 1688 1661 1627 1624 1657
109GAN     2003 43  1662 1661 1686 1710 1733 1755 1729 1712
109GAN     2003 51  1721 1708 1671 1676 1694 1694 1669 1668 1689 1706 1697
109GAN     2003 52  1705 1690 1648 1632 1614 1569 1536 1543 1561 1547 1546
109GAN     2003 53  1551 1546 1559 1581 1582 1547 1513 1510 1545
109GAN     2003 61  1564 1556 1569 1566 1565 1600 1611 1621 1647 1667 1639
109GAN     2003 62  1592 1596 1598 1610 1613 1643 1650 1647 1638 1650 1660
109GAN     2003 63  1635 1626 1646 1667 1647 1642 1670 1675
109GAN     2003 71  1681 1685 1673 1674 1698 1700 1704 1716 1701 1716 1700
109GAN     2003 72  1656 1641 1636 1643 1647 1662 1660 1647 1669 1676 1681
109GAN     2003 73  1683 1680 1694 1690 1647 1628 1654 1687 1710
109GAN     2003 81  1696 1687 1656 1683 1704 1664 1651 1663 1653 1647 1631
109GAN     2003 82  1630 1654 1673 1663 1613 1600 1622 1603 1584 1566 1574
109GAN     2003 83  1550 1536 1547 1553 1557 1569 1571 1558 1570
109GAN     2003 91  1551 1545 1534 1512 1508 1517 1517 1529 1575 1600 1597
109GAN     2003 92  1571 1557 1556 1554 1542 1519 1526 1521 1532 1550 1561
109GAN     2003 93  1588 1608 1620 1632 1645 1641 1629 1631
109GAN     2003101  1622 1647 1667 1655 1642 1632 1642 1646 1648 1646 1626
109GAN     2003102  1595 1570 1569 1562 1557 1552 1543 1534 1543 1559 1583
109GAN     2003103  1599 1605 1627 1633 1621 1592 1581 1583 1593
109GAN     2003111  1591 1614 1623 1625 1656 1658 1654 1653 1640 1641 1616
109GAN     2003112  1601 1580 1572 1595 1610 1620 1618 1622 1618 1602 1598
109GAN     2003113  1578 1564 1560 1556 1548 1556 1563 1571
109GAN     2003121  1596 1591 1588 1583 1571 1541 1538 1528 1522 1494 1497
109GAN     2003122  1509 1519 1533 1567 1573 1562 1563 1582 1575 1556 1545
109GAN     2003123  1526 1525 1563 1585 1568 1579 1605 1573 1558
109GAN     2004 11  1554 1543 1530 1517 1506 1502 1494 1483 1510 1563 1572
109GAN     2004 12  1564 1550 1552 1552 1540 1533 1551 1558 1538 1529 1563
109GAN     2004 13  1604 1602 1580 1584 1611 1618 1613 1583 1552
109GAN     2004 21  1558 1588 1588 1584 1571 1573 1576 1559 1553 1549 1527
109GAN     2004 22  1539 1539 1514 1503 1527 1531 1536 1521 1536 1584 1572
109GAN     2004 23  1571 1596 1624 1612 1587 1553 1566
109GAN     2004 31  1604 1615 1620 1626 1663 1669 1684 1670 1648 1648 1633
109GAN     2004 32  1619 1615 1591 1580 1595 1610 1630 1644 1644 1653 1668
109GAN     2004 33  1648 1612 1569 1573 1583 1583 1575 1554 1555
109GAN     2004 41  1584 1595 1607 1629 1631 1618 1609 1618 1619 1620 1607
109GAN     2004 42  1608 1612 1612 1644 1662 1656 1630 1612 1597 1598 1645
109GAN     2004 43  1666 1645 1644 1641 1636 1629 1662 1698
109GAN     2004 51  1699 1720 1731 1716 1679 1653 1649 1644 1621 1629 1647
109GAN     2004 52  1651 1651 1624 1597 1595 1590 1581 1577 1555 1551 1564
109GAN     2004 53  1579 1577 1574 1564 1576 1619 1620 1601 1608
109GAN     2004 61  1613 1590 1560 1550 1567 1598 1603 1622 1615 1595 1628
109GAN     2004 62  1664 1677 1660 1644 1656 1632 1609 1618 1635 1662 1683
109GAN     2004 63  1703 1699 1666 1654 1651 1649 1621 1610
109GAN     2004 71  1592 1598 1629 1649 1642 1632 1640 1653 1644 1633 1611
109GAN     2004 72  1606 1599 1589 1601 1594 1611 1631 1650 1645 1656 1667
109GAN     2004 73  1670 1661 1666 1677 1657 1643 1642 1632 1628
109GAN     2004 81  1660 1673 1681 1704 1679 1647 1616 1586 1571 1568 1567
109GAN     2004 82  1569 1603 1632 1602 1579 1585 1609 1603 1569 1549 1557
109GAN     2004 83  1574 1573 1569 1558 1557 1587 1604 1612 1598
109GAN     2004 91  1589 1598 1604 1597 1577 1580 1582 1556 1528 1532 1512
109GAN     2004 92  1511 1524 1530 1550 1544 1547 1554 1568 1544 1509 1527
109GAN     2004 93  1525 1532 1560 1584 1589 1589 1594 1569
109GAN     2004101  1560 1547 1518 1517 1536 1524 1506 1506 1531 1542 1543
109GAN     2004102  1551 1557 1539 1538 1556 1547 1552 1559 1531 1514 1529
109GAN     2004103  1571 1583 1586 1597 1577 1570 1582 1561 1527
109GAN     2004111  1525 1520 1540 1545 1567 1576 1579 1611 1634 1611 1611
109GAN     2004112  1586 1580 1581 1562 1535 1538 1546 1556 1568 1575 1590
109GAN     2004113  1571 1559 1576 1582 1568 1558 1543 1516
109GAN     2004121  1498 1527 1552 1549 1549 1558 1568 1590 1579 1554 1543
109GAN     2004122  1541 1538 1551 1577 1573 1589 1604 1603 1599 1586 1573
109GAN     2004123  1547 1539 1536 1554 1569 1546 1554 1554 1549
109GAN     2005 11  1560 1554 1559 1574 1567 1559 1560 1561 1547 1540 1534
109GAN     2005 12  1549 1557 1581 1566 1544 1546 1529 1518 1516 1513 1498
109GAN     2005 13  1516 1545 1541 1520 1534 1568 1581 1556 1553
109GAN     2005 21  1560 1544 1565 1551 1510 1509 1531 1532 1530 1546 1559
109GAN     2005 22  1573 1576 1566 1532 1498 1481 1497 1506 1495 1513 1532
109GAN     2005 23  1543 1563 1574 1587 1601 1596
109GAN     2005 31  1584 1551 1530 1503 1478 1497 1513 1513 1517 1539 1528
109GAN     2005 32  1544 1546 1529 1515 1496 1504 1514 1509 1520 1553 1563
109GAN     2005 33  1569 1562 1554 1559 1574 1582 1585 1593 1605
109GAN     2005 41  1607 1602 1625 1644 1646 1667 1678 1658 1634 1626 1614
109GAN     2005 42  1598 1588 1584 1573 1577 1602 1608 1593 1596 1603 1615
109GAN     2005 43  1627 1627 1625 1611 1577 1607 1603 1568
109GAN     2005 51  1560 1572 1590 1609 1644 1648 1623 1594 1588 1555 1540
109GAN     2005 52  1528 1521 1507 1529 1570 1577 1587 1608 1617 1599 1566
109GAN     2005 53  1546 1555 1542 1548 1558 1564 1603 1635 1633
109GAN     2005 61  1623 1630 1628 1627 1620 1618 1620 1608 1613 1630 1641
109GAN     2005 62  1614 1589 1580 1587 1611 1628 1611 1613 1593 1576 1592
109GAN     2005 63  1586 1585 1576 1580 1600 1609 1591 1576
109GAN     2005 71  1570 1566 1561 1593 1616 1590 1587 1614 1642 1661 1643
109GAN     2005 72  1632 1651 1649 1656 1658 1653 1634 1623 1635 1648 1652
109GAN     2005 73  1664 1668 1650 1656 1669 1642 1624 1603 1587
109GAN     2005 81  1594 1632 1660 1648 1630 1628 1639 1659 1667 1640 1615
109GAN     2005 82  1610 1624 1632 1603 1590 1614 1632 1629 1641 1644 1642
109GAN     2005 83  1650 1640 1605 1581 1572 1578 1590 1576 1587
109GAN     2005 91  1613 1609 1607 1604 1607 1613 1594 1558 1549 1579 1575
109GAN     2005 92  1544 1529 1543 1586 1589 1586 1587 1569 1555 1548 1523
109GAN     2005 93  1524 1540 1525 1517 1556 1562 1545 1533
109GAN     2005101  1524 1533 1521 1542 1562 1564 1529 1489 1486 1502 1537
109GAN     2005102  1566 1570 1585 1585 1586 1608 1590 1554 1545 1541 1537
109GAN     2005103  1550 1558 1543 1508 1512 1555 1575 1576 1577
109GAN     2005111  1563 1522 1495 1475 1460 1467 1477 1503 1519 1519 1532
109GAN     2005112  1530 1514 1494 1492 1499 1522 1500 1472 1494 1493 1479
109GAN     2005113  1509 1556 1584 1576 1559 1563 1573 1580
109GAN     2005121  1576 1556 1535 1536 1565 1591 1596 1577 1564 1547 1548
109GAN     2005122  1567 1559 1530 1509 1503 1528 1521 1510 1510 1515 1524
109GAN     2005123  1527 1534 1542 1540 1533 1511 1494 1498 1520
109GAN     2006 11  1550 1570 1592 1603 1611 1621 1613 1597 1574 1562 1568
109GAN     2006 12  1564 1547 1569 1602 1607 1602 1601 1627 1612 1591 1578
109GAN     2006 13  1550 1514 1474 1467 1482 1524 1550 1578 1600
109GAN     2006 21  1589 1588 1577 1586 1582 1550 1534 1521 1505 1498 1506
109GAN     2006 22  1526 1544 1558 1557 1565 1571 1557 1553 1544 1549 1543
109GAN     2006 23  1537 1550 1570 1583 1602 1634
109GAN     2006 31  1632 1636 1599 1587 1597 1576 1542 1513 1521 1546 1556
109GAN     2006 32  1546 1545 1566 1595 1597 1580 1558 1550 1563 1549 1569
109GAN     2006 33  1589 1576 1586 1592 1586 1596 1616 1610 1601
109GAN     2006 41  1596 1587 1572 1547 1535 1548 1567 1565 1580 1602 1607
109GAN     2006 42  1618 1620 1620 1624 1593 1568 1567 1550 1537 1555 1573
109GAN     2006 43  1576 1569 1550 1548 1562 1561 1535 1507
109GAN     2006 51  1500 1501 1490 1474 1481 1519 1547 1533 1499 1509 1543
109GAN     2006 52  1557 1563 1538 1487 1473 1495 1517 1539 1545 1535 9999
109GAN     2006 53  9999 1585 1572 1566 1574 1559 1552 1564 1570
109GAN     2006 61  1573 1597 1624 1626 1627 1619 1631 1629 1623 1589 1576
109GAN     2006 62  1582 1602 1609 1622 1643 1672 1679 1673 1656 1648 1660
109GAN     2006 63  1675 1672 1676 1663 1653 1677 1694 1687
109GAN     2006 71  1676 1674 1682 1668 1665 1683 1667 1631 1614 1637 1646
109GAN     2006 72  1655 1665 1667 1672 1679 1690 1687 1663 1630 1615 1593
109GAN     2006 73  1558 1576 1596 1595 1604 1616 1603 1563 1555
109GAN     2006 81  1562 1559 1558 1563 1574 1551 1530 1546 1552 1544 1562
109GAN     2006 82  1555 1515 1504 1533 1545 1525 1510 1507 1521 1537 1560
109GAN     2006 83  1554 1552 1595 1628 1630 1633 1645 1626 1598
109GAN     2006 91  1583 1579 1604 1624 1655 1675 1695 1697 1676 1657 1631
109GAN     2006 92  1598 1576 1590 1613 1609 1598 1576 1587 1614 1624 1610
109GAN     2006 93  1599 1598 1602 1585 1578 1594 1581 1563
109GAN     2006101  1582 1617 1621 1638 1676 1663 1665 1658 1622 1581 1562
109GAN     2006102  1560 1558 1582 1609 1620 1634 1630 1638 1663 1699 1713
109GAN     2006103  1679 1664 1682 1675 1668 1673 1689 1698 1713
109GAN     2006111  1734 1739 1704 1687 1687 1681 1659 1645 1633 1638 1640
109GAN     2006112  1667 1694 1695 1674 1657 1661 1629 1616 1614 1594 1595
109GAN     2006113  1596 1591 1599 1592 1605 1616 1634 1651
109GAN     2006121  1649 1630 1610 1581 1562 1549 1560 1581 1586 1587 1583
109GAN     2006122  1604 1623 1602 1598 1589 1613 1627 1584 1549 1548 1586
109GAN     2006123  1626 1636 1626 1621 1619 1617 1612 1601 1566
109GAN     2007 11  1531 1513 1503 1508 1532 1559 1574 1572 1566 1545 1524
109GAN     2007 12  1538 1565 1540 1508 1466 1460 1501 1514 1516 1527 1538
109GAN     2007 13  1528 1540 1571 1564 1551 1544 1530 1533 1533
109GAN     2007 21  1525 1542 1534 1538 1546 1554 1530 1524 1525 1525 1526
109GAN     2007 22  1511 1527 1530 1513 1514 1533 1571 1566 1576 1583 1554
109GAN     2007 23  1543 1530 1526 1511 1493 1490
109GAN     2007 31  1498 1512 1519 1507 1510 1507 1520 1551 1549 1528 1506
109GAN     2007 32  1482 1494 1518 1545 1585 1607 1632 1636 1620 1607 1595
109GAN     2007 33  1588 1566 1558 1577 1581 1595 1605 1606 1641
109GAN     2007 41  1663 1641 1646 1650 1636 1606 1579 1589 1607 1604 1605
109GAN     2007 42  1610 1603 1610 1651 1671 1644 1592 1562 1559 1555 1561
109GAN     2007 43  1583 1604 1595 1619 1624 1601 1588 1590
109GAN     2007 51  1583 1582 1569 1558 1563 1575 1582 1578 1585 1591 1588
109GAN     2007 52  1616 1658 1658 1638 1609 1581 1563 1551 1561 1573 1594
109GAN     2007 53  1594 1571 1578 1595 1587 1595 1594 1602 1613
109GAN     2007 61  1604 1595 1578 1584 1613 1632 1638 1660 1669 1668 1685
109GAN     2007 62  1669 1655 1657 1678 1707 1726 1754 1769 1775 1770 1763
109GAN     2007 63  1728 1708 1709 1685 1660 1652 1667 1674
109GAN     2007 71  1686 1695 1660 1645 1667 1668 1681 1681 1667 1653 1643
109GAN     2007 72  1641 1629 1645 1654 1639 1651 1678 1701 1691 1688 1668
109GAN     2007 73  1678 1681 1640 1621 1608 1609 1638 1636 1646
109GAN     2007 81  1658 1644 1652 1629 1582 1587 1585 1541 1537 1563 1607
109GAN     2007 82  1615 1594 1602 1639 1648 1652 1626 1609 1615 1619 1607
109GAN     2007 83  1583 1565 1600 1639 1637 1633 1663 1687 1666
109GAN     2007 91  1667 1648 1635 1622 1600 1590 1603 1658 1685 1656 1665
109GAN     2007 92  1674 1669 1673 1651 1627 1624 1634 1621 1595 1593 1633
109GAN     2007 93  1662 1663 1668 1662 1638 1619 1588 1571
109GAN     2007101  1594 1607 1591 1584 1597 1640 1656 1660 1662 1667 1680
109GAN     2007102  1702 1709 1683 1648 1615 1622 1644 1623 1653 1691 1697
109GAN     2007103  1708 1713 1683 1675 1654 1617 1604 1627 1647
109GAN     2007111  1643 1621 1619 1630 1631 1632 1628 1608 1590 1588 1588
109GAN     2007112  1598 1591 1590 1606 1594 1579 1591 1599 1621 1622 1605
109GAN     2007113  1588 1574 1565 1584 1602 1602 1610 1619
109GAN     2007121  1647 1674 1689 1658 1630 1633 1650 1657 1637 1622 1632
109GAN     2007122  1648 1656 1698 1738 1748 1730 1720 1731 1707 1668 1651
109GAN     2007123  1647 1627 1619 1619 1613 1622 1605 1595 1581
109GAN     2008 11  1570 1563 1535 1511 1494 1496 1517 1539 1514 1536 1561
109GAN     2008 12  1560 1550 1543 1571 1587 1556 1532 1556 1590 1618 1639
109GAN     2008 13  1648 1663 1668 1671 1670 1667 1665 1655 1643
109GAN     2008 21  1630 1636 1631 1642 1653 1643 1651 1636 1643 1645 1633
109GAN     2008 22  1617 1612 1600 1612 1574 1533 1538 1543 1560 1560 1568
109GAN     2008 23  1593 1581 1554 1589 1596 1613 1625
109GAN     2008 31  1634 1649 1626 1609 1619 1665 1673 1664 1677 1677 1684
109GAN     2008 32  1666 1666 1659 1642 1653 1686 1717 1729 1718 1697 1689
109GAN     2008 33  1651 1630 1615 1608 1610 1597 1594 1571 1579
109GAN     2008 41  1611 1637 1655 1651 1628 1625 1631 1634 1627 1617 1618
109GAN     2008 42  1622 1628 1633 1643 1664 1681 1679 1645 1618 1614 1599
109GAN     2008 43  1565 1537 1546 1576 1594 1603 1612 1628
109GAN     2008 51  1648 1647 1644 1642 1646 1626 1634 1627 1609 1623 1642
109GAN     2008 52  1635 1657 1674 1669 1648 1609 1609 1656 1651 1633 1647
109GAN     2008 53  1659 1660 1640 1657 1681 1681 1677 1682 1670
109GAN     2008 61  1660 1650 1643 1648 1650 1649 1641 1663 1657 1626 1629
109GAN     2008 62  1636 1637 1666 1685 1670 1644 1613 1609 1628 1644 1658
109GAN     2008 63  1657 1659 1649 1651 1643 1634 1640 1613
109GAN     2008 71  1577 1588 1613 1642 1632 1633 1652 1675 1675 1647 1629
109GAN     2008 72  1616 1613 1605 1616 1662 1675 1676 1701 1720 1733 1731
109GAN     2008 73  1741 1735 1739 1704 1661 1673 1653 1660 1663
109GAN     2008 81  1677 1703 1699 1691 1687 1661 1629 1653 1654 1618 1598
109GAN     2008 82  1605 1610 1616 1613 1640 1634 1631 1645 1657 1667 1653
109GAN     2008 83  1639 1619 1606 1610 1641 1700 1734 1716 1705
109GAN     2008 91  1686 1673 1689 1691 1667 1634 1629 1629 1627 1646 1654
109GAN     2008 92  1644 1638 1645 1645 1666 1657 1625 1624 1599 1584 1601
109GAN     2008 93  1613 1623 1647 1655 1650 1656 1666 1683
109GAN     2008101  1671 1633 1621 1632 1633 1613 1596 1592 1594 1626 1647
109GAN     2008102  1667 1677 1674 1687 1691 1662 1626 1614 1633 1639 1599
109GAN     2008103  1566 1583 1600 1617 1628 1613 1598 1585 1575
109GAN     2008111  1571 1564 1577 1578 1584 1598 1599 1602 1621 1623 1610
109GAN     2008112  1600 1585 1584 1597 1592 1602 1600 1589 1581 1590 1586
109GAN     2008113  1581 1563 1554 1531 1522 1523 1517 1500
109GAN     2008121  1517 1539 1534 1553 1573 1554 1560 1558 1566 1585 1565
109GAN     2008122  1534 1525 1535 1567 1586 1586 1577 1607 1614 1582 1547
109GAN     2008123  1549 1560 1553 1537 1531 1544 1542 1524 1543
109GAN     2009 11  1558 1582 1602 1592 1585 1565 1556 1547 1554 1549 1530
109GAN     2009 12  1539 1554 1574 1574 1560 1568 1564 1546 1526 1519 1531
109GAN     2009 13  1542 1536 1545 1560 1591 1616 1616 1630 1622
109GAN     2009 21  1612 1588 1573 1551 1559 1568 1548 1540 1549 1560 1574
109GAN     2009 22  1567 1539 1532 1539 1544 1545 1541 1535 1548 1564 1587
109GAN     2009 23  1598 1592 1582 1592 1591 1575
109GAN     2009 31  1562 1534 1542 1560 1574 1591 1567 1587 1643 1671 1661
109GAN     2009 32  1649 1621 1610 1605 1596 1585 1584 1576 1550 1573 1623
109GAN     2009 33  1643 1638 1645 1641 1622 1627 1622 1601 1605
109GAN     2009 41  1603 1603 1590 1604 1627 1659 1676 1674 1681 1686 1695
109GAN     2009 42  1679 1655 1635 1606 1594 1616 1668 1668 1646 1633 1616
109GAN     2009 43  1606 1572 1588 1601 1593 1570 1557 1578
109GAN     2009 51  1608 1624 1631 1646 1639 1644 1643 1651 1662 1634 1608
109GAN     2009 52  1625 1628 1610 1612 1617 1633 1650 1631 1604 1593 1626
109GAN     2009 53  1624 1599 1593 1616 1632 1614 1622 1666 1662
109GAN     2009 61  1624 1626 1610 1598 1587 1583 1575 1542 1543 1566 1572
109GAN     2009 62  1594 1612 1608 1580 1563 1574 1582 1570 1572 1552 1554
109GAN     2009 63  1588 1616 1610 1589 1572 1586 1595 1585
109GAN     2009 71  1568 1569 1591 1588 1613 1629 1606 1605 1628 1633 1641
109GAN     2009 72  1617 1591 1601 1623 1626 1596 1581 1565 1584 1592 1591
109GAN     2009 73  1617 1628 1635 1644 1621 1577 1567 1577 1546
109GAN     2009 81  1529 1522 1521 1547 1609 1627 1611 1609 1598 1614 1631
109GAN     2009 82  1618 1605 1604 1610 1598 1576 1591 1640 1647 1634 1600
109GAN     2009 83  1559 1555 1589 1583 1548 1544 1547 1554 1574
109GAN     2009 91  1580 1592 1604 1595 1599 1609 1620 1603 1589 1594 1587
109GAN     2009 92  1582 1577 1583 1622 1641 1644 1620 1598 1590 1592 1593
109GAN     2009 93  1575 1543 1538 1576 1584 1570 1573 1585
109GAN     2009101  1603 1607 1611 1618 1626 1627 1616 1607 1597 1595 1588
109GAN     2009102  1585 1602 1632 1651 1636 1615 1611 1616 1604 1597 1583
109GAN     2009103  1579 1607 1629 1635 1649 1675 1668 1659 1702
109GAN     2009111  1710 1679 1657 1637 1642 1676 1694 1693 1690 1701 1687
109GAN     2009112  1667 1640 1596 1585 1581 1547 1519 1501 1493 1513 1531
109GAN     2009113  1552 1534 1546 1576 1552 1540 1544 1522
109GAN     2009121  1520 1524 1514 1520 1529 1550 1551 1584 1631 1642 1636
109GAN     2009122  1618 1605 1582 1553 1557 1577 1581 1600 1618 1620 1615
109GAN     2009123  1623 1630 1643 1641 1630 1621 1614 1620 1628
109GAN     2010 11  1624 1600 1608 1634 1605 1599 1612 1611 1604 1576 1549
109GAN     2010 12  1555 1582 1573 1552 1530 1490 1501 1517 1529 1519 1518
109GAN     2010 13  1543 1543 1527 1504 1490 1470 1477 1508 1518
109GAN     2010 21  1512 1521 1546 1568 1548 1519 1502 1495 1505 1502 1515
109GAN     2010 22  1541 1562 1568 1569 9999 9999 9999 1574 1568 1571 1566
109GAN     2010 23  1562 1591 1620 1627 1636 1637
109GAN     2010 31  1643 1637 1628 1610 1604 1582 1578 1577 1573 1572 1581
109GAN     2010 32  1601 1606 1610 1585 1582 1574 1594 1605 1605 1619 1610
109GAN     2010 33  1616 1650 1671 1683 1697 1707 1699 1696 1693
109GAN     2010 41  1670 1652 1667 1658 1616 1600 1626 1634 1643 1655 1637
109GAN     2010 42  1609 1593 1614 1620 1607 1593 1570 1570 1569 1574 1594
109GAN     2010 43  1606 1608 1605 1595 1602 1599 1606 1629
109GAN     2010 51  1584 1572 1623 1642 1652 1659 1646 1625 1615 1643 1654
109GAN     2010 52  1621 1574 1561 1586 1563 1565 1597 1616 1613 1617 1622
109GAN     2010 53  1637 1634 1601 1602 1583 1566 1568 1563 1585
109GAN     2010 61  1585 1575 1589 1615 1618 1613 1623 1624 1614 1602 1618
109GAN     2010 62  1636 1632 1627 1650 1690 1699 1697 1693 1657 1618 1614
109GAN     2010 63  1649 1684 1678 1641 1650 1673 1700 1740
109GAN     2010 71  1722 1711 1703 1718 1697 1690 1697 1682 1637 1643 1653
109GAN     2010 72  1668 1692 1693 1671 1677 1687 1676 1654 1650 1640 1624
109GAN     2010 73  1628 1619 1637 1679 1672 1647 1630 1644 1653
109GAN     2010 81  1645 1656 1669 1645 1636 1646 1660 1676 1674 1681 1695
109GAN     2010 82  1712 1691 1674 1669 1678 1667 1647 1629 1630 1669 1691
109GAN     2010 83  1690 1660 1638 1649 1636 1634 1618 1606 1625
109GAN     2010 91  1633 1618 1607 1620 1646 1650 1644 1658 1650 1644 1655
109GAN     2010 92  1646 1643 1639 1618 1634 1662 1664 1632 1624 1646 1661
109GAN     2010 93  1656 1648 1624 1626 1646 1655 1653 1624
109GAN     2010101  1615 1632 1636 1652 1661 1647 1624 1593 1567 1574 1585
109GAN     2010102  1584 1588 1571 1546 1557 1584 1581 1584 1588 1568 1571
109GAN     2010103  1585 1592 1591 1577 1571 1575 1578 1601 1593
109GAN     2010111  1591 1610 1601 1604 1600 1578 1543 1536 1548 1555 1563
109GAN     2010112  1558 1575 1604 1605 1580 1552 1563 1588 1594 1594 1565
109GAN     2010113  1578 1589 1581 1594 1602 1595 1593 1608
109GAN     2010121  1618 1602 1571 1548 1553 1558 1572 1579 1582 1579 1568
109GAN     2010122  1566 1570 1575 1573 1571 1578 1570 1586 1595 1597 1587
109GAN     2010123  1565 1589 1621 1628 1612 1623 1625 1619 1592
109GAN     2011 11  1570 1589 1588 1577 1560 1543 1562 1583 1601 1607 1572
109GAN     2011 12  1541 1524 1520 1518 1528 1539 1540 1569 1586 1585 1582
109GAN     2011 13  1592 1589 1593 1579 1584 1588 1577 1574 1565
109GAN     2011 21  1577 1593 1583 1570 1583 1611 1633 1641 1634 1603 1595
109GAN     2011 22  1600 1602 1583 1580 1601 1609 1613 1606 1594 1604 1616
109GAN     2011 23  1590 1579 1582 1577 1578 1590
109GAN     2011 31  1615 1640 1647 1637 1634 1645 1628 1614 1620 1598 1595
109GAN     2011 32  1605 1619 1625 1629 1648 1683 1698 1701 1702 1685 1651
109GAN     2011 33  1647 1635 1608 1614 1618 1625 1616 1624 1630
109GAN     2011 41  1638 1623 1605 1609 1605 1600 1597 1595 1601 1604 1622
109GAN     2011 42  1626 1620 1630 1648 1652 1644 1627 1615 1632 1641 1635
109GAN     2011 43  1637 1661 1663 1645 1626 1618 1630 1637
109GAN     2011 51  1636 1632 1606 1566 1563 1557 1558 1574 1618 1638 1608
109GAN     2011 52  1614 1629 1615 1611 1598 1599 1588 1570 1577 1576 1587
109GAN     2011 53  1612 1631 1609 1613 1622 1621 1610 1607 1600
109GAN     2011 61  1568 1558 1580 1598 1591 1592 1618 1648 1658 1650 1646
109GAN     2011 62  1629 1573 1542 1544 1562 1580 1591 1610 1593 1591 1609
109GAN     2011 63  1617 1607 1590 1602 1600 1589 1618 1628
109GAN     2011 71  1630 1626 1626 1641 1662 1650 1629 1627 1649 1621 1591
109GAN     2011 72  1586 1606 1622 1639 1626 1614 1604 1602 1614 1615 1616
109GAN     2011 73  1584 1568 1580 1593 1581 1586 1597 1594 1611
109GAN     2011 81  1624 1633 1650 1652 1630 1597 1582 1567 1575 1596 1600
109GAN     2011 82  1595 1591 1592 1609 1621 1621 1610 1590 1595 1615 1627
109GAN     2011 83  1602 1593 1612 1601 1593 1630 1672 1700 1687
109GAN     2011 91  1664 1669 1668 1668 1681 1676 1682 1679 1676 1666 1640
109GAN     2011 92  1652 1659 1651 1668 1678 1672 1675 1681 1663 1659 1672
109GAN     2011 93  1694 1673 1660 1665 1660 1655 1654 1635
109GAN     2011101  1632 1635 1619 1622 1635 1633 1637 1646 1646 1629 1619
109GAN     2011102  1643 1657 1645 1647 1637 1624 1642 1662 1662 1661 1673
109GAN     2011103  1692 1690 1688 1674 1670 1664 1653 1649 1655
109GAN     2011111  1662 1662 1666 1660 1661 1670 1667 1641 1623 1624 1622
109GAN     2011112  1622 1598 1605 1616 1609 1611 1623 1636 1649 1657 1626
109GAN     2011113  1600 1591 1587 1606 1601 1598 1595 1596
109GAN     2011121  1624 1615 1613 1623 1625 1600 1581 1575 1580 1603 1608
109GAN     2011122  1591 1585 1588 1588 1591 1589 1587 1586 1570 1558 1557
109GAN     2011123  1575 1576 1565 1541 1545 1579 1573 1565 1569
109GAN     2012 11  1561 1572 1567 1564 1561 1540 1534 1525 1537 1529 1532
109GAN     2012 12  1560 1574 1574 1547 1563 1587 1592 1580 1557 1565 1583
109GAN     2012 13  1590 1592 1582 1561 1563 1578 1578 1583 1572
109GAN     2012 21  1548 1531 1539 1550 1543 1556 1594 1611 1633 1657 1665
109GAN     2012 22  1646 1623 1624 1646 1645 1650 1658 1649 1651 1640 1638
109GAN     2012 23  1636 1641 1672 1663 1644 1660 1699
109GAN     2012 31  1695 1671 1653 1653 1686 1689 1695 1677 1665 1667 1651
109GAN     2012 32  1663 1681 1686 1667 1653 1633 1620 1637 1633 1638 1644
109GAN     2012 33  1624 1615 1613 1588 1577 1582 1588 1599 1615
109GAN     2012 41  1621 1613 1607 1634 1666 1644 1606 1600 1641 1659 1654
109GAN     2012 42  1639 1642 1667 1685 1691 1698 1683 1667 1667 1681 1697
109GAN     2012 43  1687 1678 1714 1726 1724 1728 1727 1742
109GAN     2012 51  1753 1742 1751 1767 1762 1751 1726 1706 1703 1691 1700
109GAN     2012 52  1722 1731 1728 1730 1709 1699 1704 1685 1649 1636 1655
109GAN     2012 53  1670 1681 1682 1692 1680 1657 1684 1688 1678
109GAN     2012 61  1702 1707 1707 1694 1691 1697 1716 1715 1693 1702 1713
109GAN     2012 62  1699 1702 1688 1658 1633 1650 1651 1650 1653 1644 1650
109GAN     2012 63  1635 1639 1652 1667 1661 1636 1627 1643
109GAN     2012 71  1687 1706 1671 1642 1643 1664 1678 1674 1693 1723 1741
109GAN     2012 72  1740 1735 1717 1714 1725 1729 1727 1711 1696 1697 1713
109GAN     2012 73  1728 1741 1731 1714 1713 1708 1709 1708 1707
109GAN     2012 81  1704 1683 1664 1671 1697 1696 1696 1701 1652 1608 1634
109GAN     2012 82  1681 1670 1635 1608 1634 1680 1726 1757 1733 1718 1695
109GAN     2012 83  1675 1693 1710 1721 1695 1679 1694 1698 1725
109GAN     2012 91  1769 1745 1706 1729 1739 1712 1687 1691 1703 1725 1706
109GAN     2012 92  1700 1689 1673 1684 1723 1725 1702 1688 1674 1664 1687
109GAN     2012 93  1679 1672 1671 1661 1661 1637 1660 1662
109GAN     2012101  1653 1663 1662 1654 1636 1653 1671 1660 1654 1652 1667
109GAN     2012102  1665 1654 1664 1659 1643 1645 1625 1614 1629 1626 1651
109GAN     2012103  1682 1690 1683 1676 1679 1677 1661 1645 1654
109GAN     2012111  1655 1664 1635 1631 1657 1659 1660 1664 1668 1663 1649
109GAN     2012112  1625 1605 1610 1628 1620 1649 1652 1650 1648 1636 1644
109GAN     2012113  1632 1606 1610 1615 1624 1610 1582 1592
109GAN     2012121  1594 1612 1626 1628 1612 1578 1609 1625 1598 1620 1620
109GAN     2012122  1596 1579 1570 1574 1606 1625 1612 1616 1636 1634 1598
109GAN     2012123  1578 1578 1592 1612 1625 1630 1615 1614 1610
109GAN     2013 11  1615 1630 1614 1602 1593 1614 1626 1601 1596 1587 1585
109GAN     2013 12  1574 1565 1577 1578 1557 1547 1526 1507 1522 1524 1518
109GAN     2013 13  1524 1539 1549 1551 1559 1566 1579 1602 1599
109GAN     2013 21  1574 1572 1578 1556 1549 1579 1600 1599 1636 1668 1684
109GAN     2013 22  1679 1662 1662 1654 1636 1624 1621 1619 1619 1618 1602
109GAN     2013 23  1592 1595 1593 1591 1606 1592
109GAN     2013 31  1577 1565 1569 1576 1599 1617 1618 1614 1608 1605 1599
109GAN     2013 32  1593 1632 1646 1618 1608 1631 1654 1655 1662 1671 1656
109GAN     2013 33  1670 1680 1672 1667 1666 1664 1644 1637 1629
109GAN     2013 41  1617 1643 1642 1671 1690 1674 1681 1693 1694 1684 1657
109GAN     2013 42  1640 1616 1582 1597 1642 1654 1649 1653 1659 1669 1677
109GAN     2013 43  1699 1701 1692 1669 1651 1638 1666 1685
109GAN     2013 51  1678 1703 1684 1661 1660 1659 1632 1600 1588 1590 1606
109GAN     2013 52  1597 1600 1593 1589 1569 1569 1597 1638 1658 1643 1626
109GAN     2013 53  1614 1604 1580 1573 1598 1590 1599 1618 1629
109GAN     2013 61  1640 1624 1609 1625 1602 1575 1545 1568 1598 1613 1633
109GAN     2013 62  1634 1654 1668 1659 1669 1679 1686 1709 1703 1687 1675
109GAN     2013 63  1684 1688 1673 1657 1649 1638 1627 1607
109GAN     2013 71  1607 1626 1630 1631 1647 1640 1661 1647 1631 1651 1682
109GAN     2013 72  1705 1705 1695 1687 1718 1729 1698 1708 1725 1718 1719
109GAN     2013 73  1718 1704 1735 1743 1715 1688 1658 1648 1653
109GAN     2013 81  1650 1645 1656 1643 1649 1668 1675 1686 1681 1659 1656
109GAN     2013 82  1654 1655 1669 1657 1642 1654 1670 1649 1646 1654 1652
109GAN     2013 83  1628 1614 1617 1623 1626 1613 1597 1589 1607
109GAN     2013 91  1647 1672 1686 1674 1650 1650 1652 1663 1655 1612 1599
109GAN     2013 92  1633 1670 1669 1659 1654 1672 1674 1659 1665 1662 1645
109GAN     2013 93  1637 1645 1633 1622 1646 1644 1632 1656
109GAN     2013101  1649 1641 1654 1666 1662 1642 1618 1607 1626 1627 1617
109GAN     2013102  1620 1659 1655 1629 1639 1630 1632 1640 1650 1668 1656
109GAN     2013103  1644 1659 1674 1686 1678 1666 1656 1668 1684
109GAN     2013111  1678 1683 1688 1668 1654 1652 1650 1650 1652 1654 1673
109GAN     2013112  1680 1684 1674 1665 1632 1629 1618 1621 1628 1638 1633
109GAN     2013113  1626 1640 1640 1634 1625 1632 1646 1633
109GAN     2013121  1615 1604 1617 1628 1610 1624 1634 1617 1602 1610 1620
109GAN     2013122  1604 1585 1579 1574 1552 1537 1557 1576 1569 1557 1561
109GAN     2013123  1574 1602 1567 1558 1585 1571 1572 1575 1555
109GAN     2014 11  1554 1577 1592 1581 1573 1579 1591 1584 1570 1558 1528
109GAN     2014 12  1527 1536 1537 1543 1534 1516 1523 1551 1556 1569 1589
109GAN     2014 13  1608 1612 1592 1591 1599 1593 1607 1619 1616
109GAN     2014 21  1622 1642 1638 1630 1616 1600 1591 1591 1599 1588 1573
109GAN     2014 22  1584 1604 1589 1598 1601 1615 1610 1586 1583 1580 1556
109GAN     2014 23  1539 1533 1557 1567 1582 1605
109GAN     2014 31  1599 1588 1609 1602 1584 1584 1597 1597 1581 1580 1611
109GAN     2014 32  1625 1641 1640 1602 1580 1596 1602 1625 1621 1613 1612
109GAN     2014 33  1605 1609 1638 1677 1679 1643 1649 1662 1660
109GAN     2014 41  1648 1629 1618 1622 1662 1686 1668 1651 1639 1637 1656
109GAN     2014 42  1652 1644 1647 1644 1656 1661 1644 1605 1607 1634 1645
109GAN     2014 43  1644 1640 1648 1641 1636 1645 1635 1606
109GAN     2014 51  1585 1603 1614 1604 1574 1588 1615 1608 1580 1573 1586
109GAN     2014 52  1595 1598 1572 1555 1545 1565 1576 1595 1621 1621 1618
109GAN     2014 53  1597 1597 1593 1580 1592 1593 1577 1555 1587
109GAN     2014 61  1610 1624 1624 1644 1671 1676 1693 1686 1683 1685 1675
109GAN     2014 62  1674 1687 1698 1713 1699 1709 1724 1706 1677 1674 1690
109GAN     2014 63  1686 1654 1628 1636 1664 1666 1643 1627
109GAN     2014 71  1647 1681 1672 1675 1670 1665 1656 1633 1640 1641 1653
109GAN     2014 72  1674 1685 1689 1697 1707 1703 1694 1708 1690 1682 1649
109GAN     2014 73  1625 1613 1603 1608 1620 1618 1596 1617 1633
109GAN     2014 81  1620 1633 1651 1645 1631 1644 1669 1681 1668 1657 1697
109GAN     2014 82  1715 1714 1712 1662 1652 1660 1646 1651 1656 1658 1663
109GAN     2014 83  1661 1675 1681 1672 1649 1638 1650 1643 1642
109GAN     2014 91  1638 1617 1607 1611 1651 1669 1639 1643 1639 1617 1597
109GAN     2014 92  1605 1629 1630 1627 1628 1639 1677 1694 1669 1675 1695
109GAN     2014 93  1685 1672 1680 1680 1672 1660 1636 1641
109GAN     2014101  1653 1689 1688 1673 1665 1664 1668 1662 1672 1684 1665
109GAN     2014102  1631 1619 1614 1610 1604 1600 1604 1605 1612 1619 1636
109GAN     2014103  1624 1587 1599 1597 1589 1595 1596 1616 1620
109GAN     2014111  1621 1631 1614 1622 1625 1623 1615 1596 1593 1582 1583
109GAN     2014112  1590 1613 1608 1612 1617 1607 1621 1635 1637 1613 1593
109GAN     2014113  1577 1574 1613 1621 1620 1625 1599 1595
109GAN     2014121  1602 1576 1575 1590 1598 1595 1572 1560 1560 1565 1579
109GAN     2014122  1600 1602 1556 1544 1568 1587 1571 1571 1581 1593 1575
109GAN     2014123  1553 1561 1588 1618 1595 1577 1543 1546 1556
109GAN     2015 11  1550 1554 1545 1535 1537 1533 1517 1511 1521 1554 1560
109GAN     2015 12  1543 1532 1513 1513 1524 1538 1525 1512 1506 1516 1509
109GAN     2015 13  1513 1521 1535 1554 1563 1554 1561 1574 1561
109GAN     2015 21  1563 1572 1570 1579 1581 1588 1607 1631 1636 1634 1620
109GAN     2015 22  1621 1632 1637 1644 1627 1601 1602 1632 1627 1652 1652
109GAN     2015 23  1629 1629 1623 1634 1622 1613
109GAN     2015 31  1628 1613 1583 1608 1634 1610 1620 1618 1595 1600 1601
109GAN     2015 32  1584 1589 1600 1644 1644 1618 1616 1637 1654 1667 1671
109GAN     2015 33  1647 1630 1646 1654 1643 1649 1639 1637 1670
109GAN     2015 41  1686 1685 1685 1697 1691 1681 1696 1698 1694 1698 1682
109GAN     2015 42  1671 1679 1703 1714 1731 1722 1703 1707 1706 1694 1679
109GAN     2015 43  1669 1638 1626 1647 1646 1646 1634 1622
109GAN     2015 51  1630 1618 1621 1630 1619 1619 1640 1645 1645 1615 1616
109GAN     2015 52  1650 1646 1642 1634 1617 1630 1618 1609 1608 1582 1578
109GAN     2015 53  1599 1605 1596 1623 1637 1629 1621 1637 1665
109GAN     2015 61  1672 1652 1629 1634 1664 1682 1675 1691 1695 1702 1721
109GAN     2015 62  1730 1703 1711 1747 1729 1730 1742 1729 1734 1734 1751
109GAN     2015 63  1764 1768 1748 1736 1730 1714 1695 1694
109GAN     2015 71  1697 1691 1703 1700 1706 1713 1731 1741 1715 1698 1692
109GAN     2015 72  1692 1691 1695 1679 1680 1708 1704 1680 1669 1683 1696
109GAN     2015 73  1692 1690 1702 1713 1703 1692 1696 1688 1676
109GAN     2015 81  1666 1669 1686 1703 1690 1675 1675 1654 1647 1679 1694
109GAN     2015 82  1663 1665 1668 1657 1657 1635 1640 1664 1665 1661 1675
109GAN     2015 83  1673 1660 1658 1656 1667 1687 1704 1710 1732
109GAN     2015 91  1714 1701 1702 1692 1677 1676 1679 1678 1697 1701 1668
109GAN     2015 92  1673 1687 1698 1712 1709 1708 1720 1727 1725 1732 1744
109GAN     2015 93  1748 1740 1749 1764 1786 1788 1788 1786
109GAN     2015101  1771 1750 1736 1712 1707 1720 1716 1719 1737 1725 1714
109GAN     2015102  1699 1685 1663 1672 1680 1677 1677 1675 1678 1714 1737
109GAN     2015103  1749 1733 1773 1818 1802 1794 1786 1773 1742
109GAN     2015111  1735 1760 1756 1730 1718 1705 1703 1713 1705 1695 1670
109GAN     2015112  1649 1655 1649 1651 1654 1669 1683 1669 1659 1687 1727
109GAN     2015113  1712 1686 1686 1694 1668 1626 1614 1611
109GAN     2015121  1615 1628 1644 1664 1642 1620 1611 1603 1605 1595 1582
109GAN     2015122  1573 1579 1582 1610 1608 1588 1615 1614 1598 1605 1604
109GAN     2015123  1587 1560 1542 1548 1581 1591 1591 1592 1598
109GAN     2016 11  1588 1566 1585 1612 1598 1595 1581 1571 1584 1585 1596
109GAN     2016 12  1599 1614 1629 1664 1648 1632 1632 1619 1613 1619 1631
109GAN     2016 13  1639 1654 1659 1667 1676 1665 1667 1667 1651
109GAN     2016 21  1646 1639 1625 1634 1633 1615 1600 1594 1611 1615 1599
109GAN     2016 22  1590 1612 1621 1616 1611 1635 1643 1634 1631 1643 1650
109GAN     2016 23  1658 1683 1679 1656 1643 1627 1624
109GAN     2016 31  1639 1659 1653 1633 1642 1680 1682 1671 1688 1717 1720
109GAN     2016 32  1690 1686 1684 1691 1693 1692 1689 1704 1725 1731 1728
109GAN     2016 33  1717 1704 1709 1702 1692 1686 1700 1705 1696
109GAN     2016 41  1696 1691 1672 1686 1708 1706 1709 1732 1721 1694 1692
109GAN     2016 42  1681 1694 1710 1718 1709 1684 1683 1689 1671 1690 1704
109GAN     2016 43  1695 1666 1645 1639 1663 1689 1696 1675
109GAN     2016 51  1674 1698 1711 1703 1693 1702 1703 1701 1702 1706 1694
109GAN     2016 52  1681 1680 1700 1698 1692 1714 1710 1704 1688 1654 1663
109GAN     2016 53  1659 1665 1671 1685 1673 1662 1700 1705 1718
109GAN     2016 61  1703 1670 1656 1659 1668 1670 1652 1664 1686 1670 1700
109GAN     2016 62  1712 1700 1695 1666 1678 1694 1668 1652 1647 1656 1668
109GAN     2016 63  1671 1666 1681 1678 1699 1709 1709 1717
109GAN     2016 71  1709 1719 1725 1723 1708 1725 1736 1732 1747 1785 1798
109GAN     2016 72  1787 1780 1786 1799 1808 1805 1807 1790 1755 1757 1765
109GAN     2016 73  1762 1749 1732 1700 1686 1699 1692 1689 1686
109GAN     2016 81  1702 1700 1704 1722 1722 1683 1644 1642 1631 1620 1620
109GAN     2016 82  1625 1618 1609 1615 1629 1645 1658 1676 1662 1653 1706
109GAN     2016 83  1717 1714 1710 1698 1718 1715 1677 1681 1705
109GAN     2016 91  1682 1649 1646 1646 1661 1672 1666 1669 1647 1606 1604
109GAN     2016 92  1647 1657 1658 1648 1683 1700 1660 1634 1640 1628 1627
109GAN     2016 93  1635 1607 1602 1612 1609 1619 1618 1607
109GAN     2016101  1624 1636 1601 1575 1567 1567 1587 1597 1608 1605 1604
109GAN     2016102  1617 1629 1662 1674 1665 1644 1636 1633 1632 1633 1632
109GAN     2016103  1630 1642 1647 1663 1651 1635 1622 1621 1621
109GAN     2016111  1630 1633 1624 1632 1628 1611 1600 1596 1599 1611 1631
109GAN     2016112  1668 1676 1642 1624 1636 1634 1624 1622 1642 1630 1639
109GAN     2016113  1651 1635 1614 1593 1589 1571 1536 1528
109GAN     2016121  1539 1518 1508 1523 1536 1553 1551 1552 1558 1571 1563
109GAN     2016122  1539 1533 1520 1507 1518 1518 1523 1545 1549 1510 1510
109GAN     2016123  1527 1537 1534 1531 1533 1554 1547 1529 1518
109GAN     2017 11  1526 1519 1506 1495 1549 1563 1582 1582 1554 1574 1597
109GAN     2017 12  1604 1580 1589 1582 1572 1576 1573 1555 1546 1558 1559
109GAN     2017 13  1565 1575 1581 1572 1561 1568 1613 1627 1625
109GAN     2017 21  1624 1602 1580 1556 1548 1544 1546 1543 1545 1547 1551
109GAN     2017 22  1561 1584 1579 1561 1571 1590 1591 1566 1531 1543 1560
109GAN     2017 23  1550 1563 1588 1613 1652 1661
109GAN     2017 31  1652 1647 1655 1645 1637 1630 1629 1634 1616 1611 1621
109GAN     2017 32  1612 1593 1601 1614 1627 1628 1600 1598 1609 1599 1604
109GAN     2017 33  1616 1599 1578 1597 1604 1607 1612 1631 1635
109GAN     2017 41  1627 1614 1624 1633 1630 1646 1650 1644 1662 1688 1676
109GAN     2017 42  1640 1623 1628 1654 1648 1618 1588 1585 1607 1611 1614
109GAN     2017 43  1620 1621 1621 1624 1618 1611 1593 1586
109GAN     2017 51  1587 1588 1578 1568 1573 1598 1616 1609 1599 1600 1603
109GAN     2017 52  1610 1591 1595 1599 1619 1626 1631 1652 1622 1615 1625
109GAN     2017 53  1655 1658 1647 1623 1599 1596 1613 1628 1629
109GAN     2017 61  1635 1623 1637 1655 1628 1588 1595 1607 1614 1606 1593
109GAN     2017 62  1588 1599 1603 1603 1595 1598 1623 1651 1658 1621 1620
109GAN     2017 63  1621 1609 1610 1617 1626 1643 1658 1680
109GAN     2017 71  1685 1677 1690 1694 1678 1686 1698 1704 1693 1672 1653
109GAN     2017 72  1643 1674 1699 1697 1706 1701 1702 1701 1680 1654 1635
109GAN     2017 73  1629 1626 1629 1643 1643 1642 1629 1617 1616
109GAN     2017 81  1645 1647 1619 1618 1631 1653 1679 1686 1656 1670 1682
109GAN     2017 82  1672 1674 1670 1635 1629 1645 1641 1661 1678 1666 1636
109GAN     2017 83  1637 1655 1687 1697 1689 1682 1649 1620 1600
109GAN     2017 91  1604 1621 1615 1615 1625 1639 1661 1674 1663 1663 1636
109GAN     2017 92  1628 1643 1646 1643 1627 1634 1654 1642 1637 1651 1633
109GAN     2017 93  1600 1605 1617 1628 1660 1644 1599 1581
109GAN     2017101  1571 1580 1627 1663 1635 1599 1577 1600 1603 1601 1599
109GAN     2017102  1584 1586 1606 1622 1629 1629 1611 1614 1604 1603 1604
109GAN     2017103  1582 1589 1589 1594 1582 1569 1595 1617 1636
109GAN     2017111  1640 1650 1649 1647 1627 1627 1618 1591 1605 1609 1621
109GAN     2017112  1630 1636 1641 1621 1620 1640 1647 1621 1584 1587 1615
109GAN     2017113  1621 1616 1609 1594 1586 1609 1619 1596
109GAN     2017121  1592 1599 1602 1579 1559 1554 1547 1539 1563 1583 1578
109GAN     2017122  1568 1548 1542 1538 1540 1544 1534 1517 1511 1526 1531
109GAN     2017123  1562 1589 1579 1563 1587 1612 1619 1619 1621
109GAN     2018 11  1611 1600 1600 1618 1633 1635 1626 1622 1631 1622 1614
109GAN     2018 12  1606 1581 1580 1593 1590 1591 1579 1552 1551 1575 1593
109GAN     2018 13  1606 1625 1642 1640 9999 9999 9999 1637 1634
109GAN     2018 21  1637 1639 1621 1611 1621 1608 1603 1611 1598 1587 1580
109GAN     2018 22  1572 1568 1560 1576 1586 1610 1615 1650 1650 1638 1631
109GAN     2018 23  1610 1615 1618 1605 1604 1622
109GAN     2018 31  1634 1643 1639 1628 1615 1595 1591 1569 1563 1615 1641
109GAN     2018 32  1620 1615 1619 1638 1643 1607 1592 1620 1653 1651 1620
109GAN     2018 33  1579 1595 1628 1652 1661 1662 1644 1628 1638
109GAN     2018 41  1650 1670 1666 1666 1668 1667 1672 1700 1695 1684 1681
109GAN     2018 42  1669 1660 1665 1666 1678 1677 1650 1635 1627 1620 1633
109GAN     2018 43  1642 1663 1659 1642 1670 1672 1646 1626
109GAN     2018 51  1624 1617 1605 1606 1599 1607 1620 1604 1595 1605 1619
109GAN     2018 52  1616 1620 1643 1644 1638 1625 1634 1627 1635 1659 1667
109GAN     2018 53  1662 1660 1684 1681 1683 1646 1616 1607 1622
109GAN     2018 61  1633 1623 1600 1599 1596 1589 1617 1627 1609 1633 1655
109GAN     2018 62  1637 1612 1603 1601 1616 1625 1670 1687 1685 1667 1672
109GAN     2018 63  1685 1680 1666 1673 1696 1712 1727 1728
109GAN     2018 71  1720 1738 1748 1728 1712 1694 1723 1726 1730 1736 1732
109GAN     2018 72  1707 1706 1726 1729 1713 1720 1731 1724 1720 1738 1767
109GAN     2018 73  1751 1722 1740 1719 1713 1715 1728 1713 1693
109GAN     2018 81  1702 1702 1682 1676 1655 1659 1645 1639 1647 1656 1675
109GAN     2018 82  1680 1686 1690 1670 1637 1641 1631 1638 1649 1645 1623
109GAN     2018 83  1604 1620 1642 1667 1659 1627 1624 1638 1646
109GAN     2018 91  1654 1628 1623 1644 1634 1600 1595 1609 1636 1652 1655
109GAN     2018 92  1662 1673 1641 1611 1636 1656 1647 1631 1641 1654 9999
109GAN     2018 93  9999 1681 1690 1711 1712 1704 1715 1693
109GAN     2018101  1689 1690 1693 1691 1681 1692 1705 1685 1676 1673 1633
109GAN     2018102  1610 1619 1626 1614 1613 1624 1636 1635 1618 1609 1611
109GAN     2018103  1617 1634 1641 1621 1618 1631 1607 1599 1617
109GAN     2018111  1640 1638 1646 1657 1665 1655 1626 1611 1604 1580 1565
109GAN     2018112  1570 1565 1574 1581 1570 1554 1552 1566 1564 1544 1548
109GAN     2018113  1551 1538 1535 1537 1538 1538 1552 1556
109GAN     2018121  1568 1577 1600 1613 1584 1561 1551 1562 1567 1567 1544
109GAN     2018122  1531 1539 1549 1568 1574 1564 1564 1542 1552 1556 1531
109GAN     2018123  1525 1533 1534 1546 1563 1570 1575 1573 1574
109GAN     2019 11  1559 1549 1533 1517 1523 1541 1541 1547 1561 1566 1577
109GAN     2019 12  1606 1610 1609 1595 1576 1564 1551 1556 1574 1569 1592
109GAN     2019 13  1602 1593 1591 1586 1571 1579 1576 1559 1545
109GAN     2019 21  1545 1573 1596 1579 1581 1603 1599 1595 1594 1583 1583
109GAN     2019 22  1581 1562 1543 1549 1574 1575 1591 1606 1601 1593 1602
109GAN     2019 23  1607 1594 1584 1573 1569 1614
109GAN     2019 31  1620 1605 1603 1599 1635 1649 1636 1630 1640 1655 1659
109GAN     2019 32  1634 1608 1643 1647 1627 1629 1652 1679 1688 1686 1688
109GAN     2019 33  1675 1650 1624 1618 1615 1604 1581 1589 1617
109GAN     2019 41  1631 1632 1635 1647 9999 9999 9999 9999 9999 9999 9999
109GAN     2019 42  9999 9999 9999 9999 9999 9999 9999 9999 9999 9999 9999
109GAN     2019 43  9999 9999 9999 9999 9999 9999 9999 9999
109GAN     2019 51  1669 1663 1651 1624 1612 1642 1654 1652 1637 1610 1610
109GAN     2019 52  1637 1667 1676 1657 1639 1668 1681 1639 1626 1599 1566
109GAN     2019 53  1552 1592 1628 1641 1647 1658 1682 1665 1678
109GAN     2019 61  1690 1707 1685 1663 1644 1646 1691 1696 1677 1696 1702
109GAN     2019 62  1716 1745 1752 1736 1711 1688 1695 1723 1758 1734 1708
109GAN     2019 63  1730 1766 1783 1781 1761 1766 1764 1745
109GAN     2019 71  1718 1704 1704 1733 1759 1746 1733 1723 1727 1721 1691
109GAN     2019 72  1692 1701 1713 1704 1694 1697 1698 1720 1728 1744 1756
109GAN     2019 73  1744 9999 9999 1759 1752 1757 1762 1762 1753
109GAN     2019 81  1733 1732 1750 1745 1732 1731 1713 1697 1691 1691 1684
109GAN     2019 82  1688 1670 1669 1691 1694 1700 1702 1704 1698 1682 1700
109GAN     2019 83  1711 1681 1676 1691 1690 1692 1720 1731 1735
109GAN     2019 91  1760 1760 1743 1726 1728 1724 1689 1669 1678 1674 1698
109GAN     2019 92  1722 1715 1725 1749 1768 1762 1749 1725 1716 1747 1750
109GAN     2019 93  1737 1741 1756 1754 1761 1754 1721 1724
109GAN     2019101  1735 1737 1692 1660 1656 1661 1685 1691 1687 1684 1688
109GAN     2019102  1703 1693 1670 1684 1685 1698 1716 1688 1689 1722 1731
109GAN     2019103  1736 1734 1728 1731 1724 1715 1709 1715 1708
109GAN     2019111  1688 1691 1710 1720 1705 1705 1697 1689 1710 1723 1713
109GAN     2019112  1708 1704 1678 1663 1659 1662 1672 1695 1702 1682 1668
109GAN     2019113  1687 1713 1716 1694 1664 1632 1623 1647
109GAN     2019121  1654 1665 1679 1684 1700 1726 1747 1760 1773 1772 1759
109GAN     2019122  1719 1690 1685 1707 1716 1725 1747 1748 1742 1733 1705
109GAN     2019123  1668 1656 1669 1693 1676 1656 1649 1652 1666
109GAN     2020 11  1648 1642 1651 1652 1650 1626 1624 1603 1601 1616 1625
109GAN     2020 12  1640 1646 1673 1648 1659 1687 1667 1646 1655 1647 1648
109GAN     2020 13  1655 1621 1612 1620 1627 1623 1622 1635 1632
109GAN     2020 21  1611 1596 1594 1614 1617 1594 1586 1612 1638 1683 1705
109GAN     2020 22  1705 1673 1666 1682 1688 1687 1691 1696 1697 1686 1697
109GAN     2020 23  1718 1716 1709 1686 1686 1679 1674
109GAN     2020 31  1690 1682 1659 1650 1654 1684 1717 1734 1723 1725 1739
109GAN     2020 32  1732 1753 1747 1704 1690 1711 1723 1731 1730 1723 1722
109GAN     2020 33  1722 1724 1715 1719 1709 1709 1704 1696 1696
109GAN     2020 41  1684 1696 1712 1713 1716 1727 1737 1762 1751 1725 1706
109GAN     2020 42  1716 1742 1747 1731 1735 1755 1759 1752 1736 1733 1719
109GAN     2020 43  1718 1734 1742 1720 1705 1702 1724 1729
109GAN     2020 51  1736 1739 1724 1711 1702 1706 1693 1692 1700 1672 1673
109GAN     2020 52  1689 1702 1686 1682 1686 1674 1701 1713 1682 1641 1620
109GAN     2020 53  1603 1626 1638 1617 1612 1629 1623 1645 1667
109GAN     2020 61  1641 1623 1647 1657 1672 1692 1666 1616 1653 1689 1697
109GAN     2020 62  1730 1715 1731 1736 1731 1764 1770 1774 1765 1752 1741
109GAN     2020 63  1770 1792 1809 1820 1808 1811 1834 1838
109GAN     2020 71  1806 1789 1790 1783 1761 1772 1777 1733 1741 1770 1785
109GAN     2020 72  1774 1775 1772 1744 1732 1773 1785 1755 1745 1752 1786
109GAN     2020 73  1814 1820 1838 1857 1832 1817 1778 1782 1813
109GAN     2020 81  1817 1822 1824 1857 1861 1827 1838 1811 1776 1780 1790
109GAN     2020 82  1799 1798 1777 1786 1806 1799 1797 1807 1810 1801 1791
109GAN     2020 83  1768 1741 1729 1710 1682 1653 1657 1674 1674
109GAN     2020 91  1649 1641 1670 1682 1658 1642 1679 1688 1684 1682 1664
109GAN     2020 92  1627 1642 1684 1666 1689 1711 1694 1720 1729 1708 1690
109GAN     2020 93  1659 1662 1679 1691 1712 1716 1709 1715
109GAN     2020101  1709 1699 1723 1743 1740 1721 1684 1676 1705 1716 1741
109GAN     2020102  1755 1759 1782 1783 1782 1792 1802 1770 1733 1712 1712
109GAN     2020103  1712 1702 1707 1700 1699 9999 9999 9999 1680
109GAN     2020111  1676 1688 1677 1670 1666 1676 1692 1680 1659 1687 1719
109GAN     2020112  1727 1721 1728 1721 1702 1669 1650 1655 1659 1612 1647
109GAN     2020113  1659 1659 1681 1658 1644 1616 1617 1624
109GAN     2020121  1619 1630 1619 1613 1612 1625 1634 1622 1624 1628 1626
109GAN     2020122  1630 1616 1622 1608 1597 1631 1645 1638 1645 1657 1668
109GAN     2020123  1662 1665 1670 1684 1658 1651 1655 1661 1662
109GAN     2021 11  1689 1708 1701 1708 1720 1753 1734 1731 1735 1737 1709
109GAN     2021 12  1688 1684 1721 1759 1745 1727 1715 1733 1730 1709 1697
109GAN     2021 13  1698 1696 1671 1672 1668 1678 1695 1685 1698
109GAN     2021 21  1699 1695 1714 1708 1682 1678 1681 1677 1685 1684 1686
109GAN     2021 22  1694 1693 1694 1686 1684 1697 1697 1697 1670 1625 1607
109GAN     2021 23  1625 1640 1635 1657 1691 1693
109GAN     2021 31  1665 1677 1692 1689 1655 1638 1656 1648 1650 1646 1631
109GAN     2021 32  1648 1673 1683 1674 1649 1668 1695 1692 1680 1683 1673
109GAN     2021 33  1668 1674 1712 1755 1757 1769 1783 1807 1776
109GAN     2021 41  1741 1741 1745 1703 1687 1714 1713 1684 1681 1661 1658
109GAN     2021 42  1685 1667 1643 1651 1670 1676 1673 1674 1660 1649 1665
109GAN     2021 43  1685 1710 1714 1731 1739 1730 1718 1729
109GAN     2021 51  1733 1744 1727 1721 1749 1739 1732 1749 1755 1773 1774
109GAN     2021 52  1786 1786 1809 1849 1860 1837 1822 1802 1805 1835 1851
109GAN     2021 53  1815 1794 1807 1790 1768 1744 1749 1749 1708
109GAN     2021 61  1707 1689 1678 1688 1660 1640 1639 1617 1614 1611 1626
109GAN     2021 62  1644 1612 1610 1620 1621 1654 1665 1671 1690 1672 1652
109GAN     2021 63  1701 1712 1662 1634 1650 1690 1704 1704
