117HANIMAAD      LAT=06 46.0N  LONG=073 10.0E
117HANIMAAD2002101   916  946  959  976  999 1003  975  955  938  935  945
117HANIMAAD2002102   947  958  958  949  965  972  958  938  945  965  956
117HANIMAAD2002103   948  952  929  932  946  945  946  948  952
117HANIMAAD2002111   967  980  982  977  963  953  939  929  939  947  963
117HANIMAAD2002112   978  964  952  948  968  968  965  972  966  969  974
117HANIMAAD2002113   970  972  974  968  969  968  960  971
117HANIMAAD2002121  1004  999  980  969  962  962  990 1007 1004 1009 9999
117HANIMAAD2002122  9999 9999 1034 1060 1080 1097 1110 1098 1095 1103 1101
117HANIMAAD2002123  1099 1106 1108 1095 1086 1095 1098 1093 1058
117HANIMAAD2003 11  1028 1002  997  987  978  988  986  966  967  973  982
117HANIMAAD2003 12  1001 1014 1014  988 1006 1004  999 1021 1040 1053 1074
117HANIMAAD2003 13  1088 1089 1072 1045 1032 1019  994  981  959
117HANIMAAD2003 21   940  928  941  965  978  980  986 1007 1014 1021 1037
117HANIMAAD2003 22  1032 1033 1040 1036 1060 1089 1080 1059 1058 1062 1053
117HANIMAAD2003 23  1038 1025 1016 1007 1005 1001
117HANIMAAD2003 31   977  984  984  975  969  962  964  956  940  932  951
117HANIMAAD2003 32   968  967  976 1007 1028 1043 1048 1051 1068 1084 1073
117HANIMAAD2003 33  1043 1042 1053 1055 1069 1082 1085 1095 1095
117HANIMAAD2003 41  1102 1082 1059 1042 1032 1032 1007  976  963  969  970
117HANIMAAD2003 42   997 1009 1012 1017 1049 1075 1073 1064 1045 1026 1017
117HANIMAAD2003 43  1024 1050 1083 1080 1082 1073 1046 1051
117HANIMAAD2003 51  1067 1061 1039 1030 1053 1053 1039 1023 1028 1052 1050
117HANIMAAD2003 52  1048 1045 1034 1017  986  940  910  909  922  909  908
117HANIMAAD2003 53   917  914  917  919  919  911  886  877  895
117HANIMAAD2003 61   892  890  911  908  907  910  931  961  981  981  967
117HANIMAAD2003 62   951  960  961  952  941  967  994 1014 1048 1064 1048
117HANIMAAD2003 63  1068 1060 1036 1044 1023 1038 1054 1042
117HANIMAAD2003 71  1027 1034 1026 1040 1045 1038 1027 1034 1026 1004  984
117HANIMAAD2003 72   964  957  967  982  972  994  992  997  987  953  956
117HANIMAAD2003 73   966  954  952  949  945  956  981  994  997
117HANIMAAD2003 81   979  958  929  933  939  926  921  945  946  916  899
117HANIMAAD2003 82   922  934  909  918  932  926  937  949  945  944  940
117HANIMAAD2003 83   910  892  875  872  868  870  887  898  888
117HANIMAAD2003 91   865  861  856  844  824  822  828  847  874  875  872
117HANIMAAD2003 92   889  880  857  878  879  861  847  829  826  820  858
117HANIMAAD2003 93   894  907  919  921  926  928  911  893
117HANIMAAD2003101   858  839  836  856  886  881  876  894  889  894  904
117HANIMAAD2003102   873  844  844  846  853  858  839  835  836  846  874
117HANIMAAD2003103   889  889  913  915  894  891  886  883  875
117HANIMAAD2003111   866  883  866  859  893  908  921  917  904  881  865
117HANIMAAD2003112   881  862  849  863  873  896  909  917  923  918  929
117HANIMAAD2003113   923  899  877  882  887  905  917  938
117HANIMAAD2003121   963  987 1009 1022 1030 1004  998  984  967  975  999
117HANIMAAD2003122  1013 1032 1066 1100 1083 1063 1079 1093 1082 1057 1047
117HANIMAAD2003123  1029 1024 1048 1042 1025 1052 1078 1102 1104
117HANIMAAD2004 11  1102 1094 1082 1075 1071 1071 1054 1050 1073 1097 1093
117HANIMAAD2004 12  1098 1117 1130 1122 1095 1061 1054 1040 1013 1029 1061
117HANIMAAD2004 13  1073 1086 1090 1095 1101 1084 1065 1057 1050
117HANIMAAD2004 21  1032 1014  999 1000  999  986  988 1008 1020 1028 1013
117HANIMAAD2004 22  1002  994  991  996 1000  986  970  966  976  988  977
117HANIMAAD2004 23   975  998 1018  993  999  986  991
117HANIMAAD2004 31  1004 1008 1027 1049 1041 1015 1055 1065 1045 1054 1061
117HANIMAAD2004 32  1032  996  984 1012 1028 1016 1019 1037 1056 1072 1049
117HANIMAAD2004 33  1023 1016 1001 1000  990  982  989  975  966
117HANIMAAD2004 41   987  989  995 1019 1035 1032 1019 1006 1002  998  995
117HANIMAAD2004 42   990  996 1019 1044 1064 1063 1036 1024 1014  995 1017
117HANIMAAD2004 43  1047 1049 1054 1038 1030 1055 1083 1082
117HANIMAAD2004 51  1073 1048 1041 1059 1049 1046 1020  983  942  960  964
117HANIMAAD2004 52   965  966  943  916  908  889  896  903  881  890  896
117HANIMAAD2004 53   894  904  887  876  886  903  899  903  920
117HANIMAAD2004 61   914  889  862  863  877  890  898  926  931  947  999
117HANIMAAD2004 62  1031 1032 1011  976  975  963  929  926  914  917  929
117HANIMAAD2004 63   947  965  983  985  981  961  939  934
117HANIMAAD2004 71   952  989  996  987  965  971  990  980  965  959  936
117HANIMAAD2004 72   919  909  904  897  916  949  983  973  949  934  954
117HANIMAAD2004 73   963  969 9999 9999  942  930  912  918  943
117HANIMAAD2004 81   954  963  984 1006 1005  994  982  947  911  902  925
117HANIMAAD2004 82   942  943  955  964  983  987  981  975  967  964  979
117HANIMAAD2004 83  1022  996  959  942  955  980  973  965  957
117HANIMAAD2004 91   934  919  897  888  867  862  870  860  860  884  870
117HANIMAAD2004 92   849  843  835  856  850  839  839  841  842  847  858
117HANIMAAD2004 93   857  840  848  858  856  854  839  825
117HANIMAAD2004101   822  826  826  844  860  847  839  836  843  832  827
117HANIMAAD2004102   844  863  863  847  862  857  858  867  856  852  859
117HANIMAAD2004103   866  876  870  892  922  905  895  899  861
117HANIMAAD2004111   840  874  883  872  907  950  966  967  968  939  935
117HANIMAAD2004112   915  901  914  918  913  909  930  958  977  981  969
117HANIMAAD2004113   970  956  953  969  972  979  971  968
117HANIMAAD2004121   981  991  988  989 1017 1048 1039 1043 1045 1040 1043
117HANIMAAD2004122  1024 1026 1052 1069 1066 1088 1097 1073 1062 1072 1057
117HANIMAAD2004123  1047 1048 1057 1087 1086 1067 1065 1075 1085
117HANIMAAD2005 11  1090 1086 1090 1084 1058 1044 1039 1012  992  996  997
117HANIMAAD2005 12   994  999 1009 1007  999 1014 1005  989  981  977  990
117HANIMAAD2005 13   993 1018 1030 1035 1051 1052 1040 1009 1014
117HANIMAAD2005 21  1028 1005  998 1003  993 1004 1001  992 1011 1030 1032
117HANIMAAD2005 22  1036 1034 1038 1052 1041 1013 1010 1016 1024 1023 1021
117HANIMAAD2005 23  1032 1069 1089 1081 1075 1052
117HANIMAAD2005 31  1056 1039 1017 1011  990  981  999 1000 1003 1021 1003
117HANIMAAD2005 32  1016 1018  996  974  952  957  967  970  968 1001 1024
117HANIMAAD2005 33  1047 1039 1033 1059 1068 1045 1028 1030 1011
117HANIMAAD2005 41   994  995 1005 1017 1020 1028 1048 1054 1028  998  997
117HANIMAAD2005 42   994  975  952  947  951  958  966  973  985 1004 1012
117HANIMAAD2005 43  1022 1037 1038 1011 1006 1019 1026 1023
117HANIMAAD2005 51  1007 1005 1019 1044 1078 1086 1070 1046 1021  994  993
117HANIMAAD2005 52   998 1002  993  992 1014 1030 1046 1038 1032 1036 1024
117HANIMAAD2005 53   988  954  947  948  953  963  973  999  999
117HANIMAAD2005 61   997  990  983  955  947  969  970  949  937  936  934
117HANIMAAD2005 62  9999 9999 9999 9999 9999 9999 9999 9999 9999 9999 9999
117HANIMAAD2005 63  9999 9999 9999 9999 9999 9999 9999 9999
117HANIMAAD2005 71  9999 9999 9999 9999 9999 9999 9999 9999 9999 9999 9999
117HANIMAAD2005 72  9999 9999 9999 9999 9999 9999 9999 9999 9999 9999 9999
117HANIMAAD2005 73  9999 9999 9999 9999 9999 9999 9999 9999 9999
117HANIMAAD2005 81  9999 9999 9999 9999 9999 9999 9999 9999 9999 9999 9999
117HANIMAAD2005 82  9999 9999 9999 9999 9999 9999 9999 9999 9999 9999 9999
117HANIMAAD2005 83  9999 9999 9999 9999 9999 9999 9999 9999 9999
117HANIMAAD2005 91  9999 9999 9999 9999 9999 9999 9999 9999 9999 9999 9999
117HANIMAAD2005 92  9999 9999 9999 9999 9999 9999 9999 9999 9999 9999 9999
117HANIMAAD2005 93  9999 9999 9999 9999 9999 9999 9999 9999
117HANIMAAD2005101  9999 9999 9999 9999 9999 9999 9999 9999 9999 9999 9999
117HANIMAAD2005102  9999 9999 9999 9999 9999 9999 9999 9999 9999 9999 9999
117HANIMAAD2005103  9999 9999 9999 9999 9999 9999 9999 9999 9999
117HANIMAAD2005111  9999 9999 9999 9999 9999 9999 9999 9999 9999 9999 9999
117HANIMAAD2005112  9999 9999 9999 9999 9999 9999 9999 9999 9999 9999 9999
117HANIMAAD2005113  9999 9999 9999 9999 9999 9999 9999 9999
117HANIMAAD2005121  9999 9999 9999 9999 9999 9999 9999 9999 9999 9999 9999
117HANIMAAD2005122  9999 9999 9999 9999 9999 9999 9999 9999 9999 9999 9999
117HANIMAAD2005123  9999 9999 9999 9999 9999 9999 9999 9999 9999
117HANIMAAD2006 11  9999 9999 9999 9999 9999 9999 9999 9999 9999 9999 9999
117HANIMAAD2006 12  9999 9999 9999 9999 9999 9999 9999 9999 9999 9999 9999
117HANIMAAD2006 13  9999 9999 9999 9999 9999 9999 9999 9999 9999
117HANIMAAD2006 21  9999 9999 9999 9999 9999 9999 9999 9999 9999 9999 9999
117HANIMAAD2006 22  9999 9999 9999 9999 9999 9999 9999 9999 9999 9999 9999
117HANIMAAD2006 23  9999 9999 9999 9999 9999 9999
117HANIMAAD2006 31  9999 9999 9999 9999 9999 9999 9999 9999 9999 9999 9999
117HANIMAAD2006 32  9999 9999 9999 9999 9999 9999 9999 9999 9999 9999 9999
117HANIMAAD2006 33  9999 9999 9999 9999 9999 9999 9999 9999 9999
117HANIMAAD2006 41  9999 9999 9999 9999 9999 9999 9999 9999 9999 9999 9999
117HANIMAAD2006 42  9999 9999 9999 9999 9999 9999 9999 9999 9999 9999 9999
117HANIMAAD2006 43  9999 9999 9999 9999 9999 9999 9999 9999
117HANIMAAD2006 51  9999 9999 9999 9999 9999 9999 9999 9999 9999 9999 9999
117HANIMAAD2006 52  9999 9999 9999 9999 9999 9999 9999  850  852  864  876
117HANIMAAD2006 53   877  880  867  865  883  966  997 1006 1017
117HANIMAAD2006 61  1017 1021 1036 1066 1054 1039 1031 1029 1036 1033 1006
117HANIMAAD2006 62  1006 1021 1032 1041 1045 1069 1063 1057 1064 1073 1066
117HANIMAAD2006 63  1045 1022  996  983  988  994  996 1011
117HANIMAAD2006 71  1011 1042 1062 1056 1023 1038 1050 1021  982  989 1024
117HANIMAAD2006 72  1032 1012 1025 1028 1031 1036 1023 1010  988  983  952
117HANIMAAD2006 73   915  927  963  967  962  959  948  920  917
117HANIMAAD2006 81   939  927  908  909  909  900  899  912  931  940  964
117HANIMAAD2006 82   990  985  970  959  956  960  937  917  920  920  926
117HANIMAAD2006 83   917  908  940  953  940  921  922  928  926
117HANIMAAD2006 91   900  898  922  917  925  932  933  930  941  907  868
117HANIMAAD2006 92   859  841  847  854  867  883  895  914  910  903  900
117HANIMAAD2006 93   915  923  902  908  906  884  891  905
117HANIMAAD2006101   896  915  937  946  960  940  940  958  920  879  863
117HANIMAAD2006102   871  894  899  931  953  947  959  971  968  969  967
117HANIMAAD2006103   952  954  979  967  954  954  965  988  983
117HANIMAAD2006111  1008 1018 1014 1031 1021  986  974  966  950  953  936
117HANIMAAD2006112   958  991  996  993  985  980  961  947  931  906  912
117HANIMAAD2006113   927  925  940  935  956  959  959  990
117HANIMAAD2006121   994  990  995  974  952  974  992  996 1023 1040 1041
117HANIMAAD2006122  1045 1047 1050 1038 1041 1026  997 1010 1016 1016 1009
117HANIMAAD2006123  1016 1062 1082 1078 1091 1086 1064 1051 1048
117HANIMAAD2007 11  1033 1004 1002 1007 1016 1022 1018 1027 1014 1003 1015
117HANIMAAD2007 12  1020  997  983  965  948  936  942  972  989 1007 1029
117HANIMAAD2007 13  1015 1024 1029 1037 1034 1021 1003  978  996
117HANIMAAD2007 21  1030 1022  993 1020 1028 1009  978  972  991  981  969
117HANIMAAD2007 22   990 1001  997 1013 1036 1048 1072 1082 1088 1111 1114
117HANIMAAD2007 23  1074 1044 1047 1037 1027 1024
117HANIMAAD2007 31  1022 1029 1022 1022 1020  998 1000 1022 1005  995  979
117HANIMAAD2007 32   972  978  982  996 1021 1039 1049 1047 1024 1016 1007
117HANIMAAD2007 33   985  985  998 1009 1017 1026 1022 1032 1049
117HANIMAAD2007 41  1051 1043 1055 1084 1072 1048 1032 1035 1045 1041 1052
117HANIMAAD2007 42  1067 1067 1075 1080 1091 1080 1051 1006  993  990  991
117HANIMAAD2007 43  1006 1013 1016 1025 1038 1023  998  989
117HANIMAAD2007 51   977  989  990  996  995  991  990  998 1001 1011 1011
117HANIMAAD2007 52  1012 1037 1053 1059 1023  993  975  965  959  964  986
117HANIMAAD2007 53   999 1002 1012 1034 1020  995 1007 1013 1044
117HANIMAAD2007 61  1049 1040 1051 1050 1052 1053 1074 1104 1134 1146 1152
117HANIMAAD2007 62  1138 1129 1120 1097 1109 1122 1151 1163 1129 1143 1181
117HANIMAAD2007 63  1175 1118 1081 1078 1060 1061 1056 1031
117HANIMAAD2007 71  1017 1012 1019 1032 1019 1004  993  985 1008 1011  985
117HANIMAAD2007 72   984  985  976  988  998 1002 1004  997  991  988  967
117HANIMAAD2007 73   956  953  928  902  894  895  918  926  931
117HANIMAAD2007 81   947  952  956  952  941  935  930  902  896  906  923
117HANIMAAD2007 82   921  904  903  929  939  915  914  923  923  928  911
117HANIMAAD2007 83   897  893  887  895  928  949  953  954  958
117HANIMAAD2007 91   973  956  950  950  933  956  967  978 1008  972  964
117HANIMAAD2007 92   987  968  954  954  938  923  932  945  942  946  980
117HANIMAAD2007 93   992 1002 1024 1011  972  963  926  895
117HANIMAAD2007101   899  901  924  945  933  947  943  957  968  964  953
117HANIMAAD2007102   945  949  936  932  948  947  939  937  954  989  995
117HANIMAAD2007103  1002  987  951  955  938  919  939  921  921
117HANIMAAD2007111   942  949  935  944  938  942  950  946  933  922  900
117HANIMAAD2007112   902  904  916  919  900  906  928  937  948  946  940
117HANIMAAD2007113   934  920  927  934  940  959  968 1009
117HANIMAAD2007121  1160 1203 1199 1190 1195 1210 1215 9999 9999 1121 1171
117HANIMAAD2007122  1171 1146 1168 1224 1238 1248 1257 1244 1216 1179 1181
117HANIMAAD2007123  1183 1122 1116 1143 1124 1107 1102 1114 1101
117HANIMAAD2008 11  1086 1071 1034 1022 1011 1003 1008 1028 1034 1054 1068
117HANIMAAD2008 12  1061 1068 1053 1055 1061 1033 1012 1044 1069 1097 1129
117HANIMAAD2008 13  1153 1162 1164 1168 1153 1136 1137 1151 1129
117HANIMAAD2008 21  1103 1098 1107 1098 1062 1060 1068 1052 1048 1034 1030
117HANIMAAD2008 22  1000  997 1004  975  939  940  978  991  980 1007 1025
117HANIMAAD2008 23  1038 1024 1003 1030 1023 1020 1036
117HANIMAAD2008 31  1048 1063 1054 1066 1100 1104 1114 1142 1137 1140 1157
117HANIMAAD2008 32  1120 1112 1102 1085 1101 1126 1154 1146 1118 1097 1090
117HANIMAAD2008 33  1080 1059 1049 1034 1025 1027 1028 1004 1008
117HANIMAAD2008 41  1047 1074 1064 1055 1067 1089 1091 1093 1095 1085 1080
117HANIMAAD2008 42  1088 1110 1128 1126 1123 1121 1107 1085 1065 1051 1031
117HANIMAAD2008 43  1002  983  993 1013 1034 1027 1057 1070
117HANIMAAD2008 51  1065 1053 1043 1052 1040 1018 1010 1000 1003 1008 1033
117HANIMAAD2008 52  1056 1056 1053 1054 1030 1013 1024 1028 1032 1048 1067
117HANIMAAD2008 53  1079 1084 1087 1097 1114 1128 1111 1095 1098
117HANIMAAD2008 61  1084 1072 1074 1073 1083 1084 1075 1099 1102 1088 1089
117HANIMAAD2008 62  1088 1078 1053 1056 1058 1033 1024 1036 1042 1043 1010
117HANIMAAD2008 63   997 1009 1006 1010 1000  995 1006  996
117HANIMAAD2008 71   976  959  950  999 1021 1017 1007  993  998 1009  990
117HANIMAAD2008 72   984  985  974  966  980  963  938  967 1015 1021 1011
117HANIMAAD2008 73   985  957  949  931  931  931  935  956  973
117HANIMAAD2008 81   980  977  971  965  980  959  937  936  924  912  922
117HANIMAAD2008 82   936  930  920  938  961  967  977  962  956  964  959
117HANIMAAD2008 83   949  939  929  913  936  971  975  957  956
117HANIMAAD2008 91   962  960  963  960  952  927  926  934  916  940  940
117HANIMAAD2008 92   928  936  940  954  948  922  939  952  933  931  929
117HANIMAAD2008 93   950  958  967  979  976  981 1003 1016
117HANIMAAD2008101  1001  990 1000 1004 1005  996  996 1024 1019 1008 1030
117HANIMAAD2008102  1059 1083 1090 1084 1069 1049 1012 1007 1026 1046 1057
117HANIMAAD2008103  1026 1008 1009 1000  995  994  994  962  921
117HANIMAAD2008111   912  916  940  935  929  969  986  971  983 1012 1019
117HANIMAAD2008112  1022 1023  997  993  997 1003 1004 1016 1027 1040 1056
117HANIMAAD2008113  1049 1041 1050 1046 1042 1036 1009 1006
117HANIMAAD2008121  1015 1023 1025 1048 1070 1070 1083 1087 1084 1086 1063
117HANIMAAD2008122  1049 1055 1052 1062 1061 1077 1115 1107 1077 1060 1050
117HANIMAAD2008123  1047 1038 1017  982  992 1001  986  979  993
117HANIMAAD2009 11  1016 1034 1042 1034 1052 1063 1060 1066 1093 1104 1091
117HANIMAAD2009 12  1104 1140 1151 1127 1119 1141 1136 1088 1069 1067 1039
117HANIMAAD2009 13  1036 1042 1082 1091 1086 1101 1102 1107 1117
117HANIMAAD2009 21  1115 1108 1093 1100 1111 1090 1079 1111 1147 1150 1114
117HANIMAAD2009 22  1091 1101 1089 1061 1037 1032 1031 1026 1031 1034 1049
117HANIMAAD2009 23  1052 1065 1091 1099 1075 1071
117HANIMAAD2009 31  1068 1061 1055 1047 1055 1074 1086 1111 1126 1122 1102
117HANIMAAD2009 32  1104 1109 1091 1049 1040 1048 1021 1012 1016 1047 1074
117HANIMAAD2009 33  1068 1077 1101 1111 1099 1103 1109 1104 1107
117HANIMAAD2009 41  1100 1096 1103 1109 1114 1134 1144 1133 1119 1087 1092
117HANIMAAD2009 42  1090 1065 1052 1035 1023 1017 1035 1055 1062 1054 1059
117HANIMAAD2009 43  1056 1040 1027 1017 1012 1018 1024 1022
117HANIMAAD2009 51  1033 1054 1082 1083 1085 1097 1106 1077 1055 1055 1045
117HANIMAAD2009 52  1048 1050 1052 1048 1045 1040 1048 1064 1052 1038 1028
117HANIMAAD2009 53  1016 1009 1012 1016  986  957  968  990  992
117HANIMAAD2009 61   974  967  971  969  974  955  950  919  913  937  942
117HANIMAAD2009 62   972  989  974  963  962  972  989  974  954  948  941
117HANIMAAD2009 63   946  954  958  970  975  984  987  998
117HANIMAAD2009 71  1002  993  991  968  958  973  976  960  970  983  967
117HANIMAAD2009 72   977  981  974  985  989  999 1004  980  972  967  967
117HANIMAAD2009 73   983  995  975  965  969  965  940  940  933
117HANIMAAD2009 81   900  901  911  911  925  924  934  954  961  966  952
117HANIMAAD2009 82   922  910  901  892  875  873  899  907  909  900  882
117HANIMAAD2009 83   874  847  780  833  848  835  841  849  854
117HANIMAAD2009 91   870  893  900  900  909  907  909  916  906  877  862
117HANIMAAD2009 92   858  874  883  901  913  928  912  885  882  882  872
117HANIMAAD2009 93   865  841  836  865  870  866  881  886
117HANIMAAD2009101   898  915  921  902  897  898  896  915  904  872  870
117HANIMAAD2009102   874  894  915  926  945  954  948  940  929  910  920
117HANIMAAD2009103   934  951  975  971  977 1005 1001  998 1029
117HANIMAAD2009111  1046 1035 1041 1029 1017 1030 1056 1074 1054 1047 1051
117HANIMAAD2009112  1014  984  990  996  954  938  931  937  950  949  937
117HANIMAAD2009113   943  953  948  940  921  919  928  912
117HANIMAAD2009121   900  900  921  930  924  957  978  990  996 1008 1005
117HANIMAAD2009122   997 1000  995 1002 1021 1026 1034 1059 1086 9999 9999
117HANIMAAD2009123  9999 1119 1118 1104 1095 1092 1086 1071 1051
117HANIMAAD2010 11  1055 1073 1098 1111 1117 1147 1148 1125 1122 1114 1088
117HANIMAAD2010 12  1073 1089 1091 1088 1089 1090 1085 1080 1079 1071 1055
117HANIMAAD2010 13  1068 1079 1062 1043 1041 1032 1023 1019 1015
117HANIMAAD2010 21  1029 1039 1052 1048 1023 1026 1032 1035 1045 1043 1032
117HANIMAAD2010 22  1049 1080 1111 1135 1159 1152 1130 1121 1127 1109 1094
117HANIMAAD2010 23  1110 1120 1133 1129 1123 1139
117HANIMAAD2010 31  1147 1137 1133 1130 1120 1077 1047 1051 1055 1057 1058
117HANIMAAD2010 32  1065 1070 1082 1099 1083 1064 1068 1067 1074 1076 1066
117HANIMAAD2010 33  1066 1083 1102 1111 1126 1149 1130 1112 1113
117HANIMAAD2010 41  1113 1099 1089 1080 1082 1090 1101 1102 1111 1132 1125
117HANIMAAD2010 42  1104 1098 1102 1084 1061 1058 1059 1064 1051 1047 1067
117HANIMAAD2010 43  1060 1040 1048 1056 1048 1034 1016 1008
117HANIMAAD2010 51  1018 1043 1057 1061 1064 1086 1085 1073 1076 1094 1089
117HANIMAAD2010 52  1070 1042 1037 1036 1008 1007 1027 1023 1033 1024 1015
117HANIMAAD2010 53  1026 1019  992  981  974  967  953  957  983
117HANIMAAD2010 61   981  969  992 1008 1003 1007  995 1018 1025 1012 1037
117HANIMAAD2010 62  1059 1049 1037 1046 1050 1044 1056 1077 1066 1078 1086
117HANIMAAD2010 63  1050 1034 1041 1066 1059 1055 1068 1060
117HANIMAAD2010 71  1059 1062 1061 1060 1055 1031 1011 1001  997  967  943
117HANIMAAD2010 72   958  961  981 1001 1004 1008  998  982  971  980  960
117HANIMAAD2010 73   940  918  919  953  970  967  959  959  968
117HANIMAAD2010 81   954  947  958  946  931  923  937  961  971  994 1004
117HANIMAAD2010 82   999 1006 1010  998  976  943  935  941  940  949  961
117HANIMAAD2010 83   976  969  959  952  946  946  941  930  938
117HANIMAAD2010 91   929  927  939  955  973  966  952  977  983  958  953
117HANIMAAD2010 92   952  941  941  932  940  962  963  958  946  954  969
117HANIMAAD2010 93   959  958  963  955  943  918  923  933
117HANIMAAD2010101   945  975  987  985  964  945  972  945  887  880  896
117HANIMAAD2010102   891  910  901  888  921  926  899  893  901  906  921
117HANIMAAD2010103   916  904  905  892  888  900  918  941  954
117HANIMAAD2010111   958  946  936  938  936  938  922  907  897  901  915
117HANIMAAD2010112   926  962  979  973  979  973  973  976  979 1004  999
117HANIMAAD2010113   974  973  970  985 1002 1014 1014 1012
117HANIMAAD2010121  1007 1005  997  999  996  990  984  972  970  968  947
117HANIMAAD2010122   960  980  990 1009 1011 1011 1030 1059 1072 1057 1050
117HANIMAAD2010123  1077 1122 1116 1087 1092 1102 1107 1085 1058
117HANIMAAD2011 11  1048 1068 1058 1048 1065 1063 1073 1079 1104 1112 1086
117HANIMAAD2011 12  1058 1052 1036 1008 1013 1044 1063 1072 1088 1101 1122
117HANIMAAD2011 13  1135 1136 1145 1145 1156 1137 1143 1160 1154
117HANIMAAD2011 21  1145 1138 1116 1106 1137 1137 1126 1138 1149 1138 1130
117HANIMAAD2011 22  1116 1125 1136 1132 1132 1131 1136 1122 1097 1098 1092
117HANIMAAD2011 23  1075 1064 1073 1064 1054 1078
117HANIMAAD2011 31  1092 1087 1096 1104 1095 1094 1081 1092 1101 1085 1103
117HANIMAAD2011 32  1119 1123 1131 1144 1159 1174 1167 1162 1156 1150 1141
117HANIMAAD2011 33  1125 1106 1089 1084 1074 1067 1055 1060 1067
117HANIMAAD2011 41  1072 1072 1071 1073 1071 1075 1085 1084 1085 1081 1087
117HANIMAAD2011 42  1099 1102 1094 1102 1107 1109 1100 1073 1068 1065 1050
117HANIMAAD2011 43  1042 1052 1046 1043 1054 1032 1031 1020
117HANIMAAD2011 51  1010 1009  997  965  972  967  956  970  998 1024 1028
117HANIMAAD2011 52  1039 1051 1057 1056 1035 1020 1017 1018 1036 1044 1048
117HANIMAAD2011 53  1055 1055 1047 1047 1038 1031 1038 1037 1032
117HANIMAAD2011 61  1022 1041 1048 1055 1064 1061 1063 1081 1085 1073 1075
117HANIMAAD2011 62  1054 1037 1027 1016 1019 1031 1054 1062 1051 1056 1049
117HANIMAAD2011 63  1040 1025 1026 1042 1016  997  988  985
117HANIMAAD2011 71   993  995 1000 1003 1015 1028 1018  982  962  957  947
117HANIMAAD2011 72   944  944  948  954  990 1015 1008 1005 1002  980  993
117HANIMAAD2011 73   974  936  941  930  926  950  969  968  979
117HANIMAAD2011 81   996 1000 1007 1017 1004  981  966  958  960  972  965
117HANIMAAD2011 82   948  964  975  965  982  983  974  976  961  949  947
117HANIMAAD2011 83   931  941  946  943  953  962  992 1030 1041
117HANIMAAD2011 91  1037 1027 1011 1004  976  986 1001  992 1002 1007 1010
117HANIMAAD2011 92  1013 1002  990  971  975  962  956  974  945  944  970
117HANIMAAD2011 93  1003 1010 1000  992  990  984  985  978
117HANIMAAD2011101   958  961  960  957  981  989  994 1004 1012  996  979
117HANIMAAD2011102  1006 1026 1014 1012 1006 1010 1022 1037 1038 1047 1057
117HANIMAAD2011103  1071 1080 1083 1059 1045 1052 1046 1049 1064
117HANIMAAD2011111  1062 1044 1038 1052 1060 1053 1052 1053 1051 1042 1036
117HANIMAAD2011112  1021 1008 1023 1038 1036 1039 1043 1062 1097 1105 1083
117HANIMAAD2011113  1070 1060 1064 1083 1081 1058 1065 1053
117HANIMAAD2011121  1055 1075 1084 1077 1079 1059 1047 1061 1067 1070 1078
117HANIMAAD2011122  1081 1092 1111 1132 1128 1132 1145 1122 1087 1088 1094
117HANIMAAD2011123  1083 1078 1083 1088 1102 1101 1093 1115 1125
117HANIMAAD2012 11  1099 1090 1077 1052 1037 1009 1004 1031 1051 1044 1056
117HANIMAAD2012 12  1088 1102 1117 1135 1146 1139 1134 1139 1117 1110 1111
117HANIMAAD2012 13  1123 1133 1117 1103 1087 1089 1082 1093 1096
117HANIMAAD2012 21  1096 1099 1105 1109 1097 1099 1125 1141 1148 1149 1146
117HANIMAAD2012 22  1149 1157 1156 1161 1138 1126 1138 1154 1156 1147 1153
117HANIMAAD2012 23  1164 1183 1173 1168 1170 1179 1190
117HANIMAAD2012 31  1159 1124 1120 1128 1127 1134 1156 1159 1157 1135 1116
117HANIMAAD2012 32  1094 1090 1094 1075 1059 1043 1057 1076 1071 1070 1086
117HANIMAAD2012 33  1055 1034 1038 1031 1039 1028 1020 1030 1028
117HANIMAAD2012 41  1022 1013 1031 1069 1085 1097 1102 1094 1068 1070 1097
117HANIMAAD2012 42  1115 1120 1112 1118 1140 1150 1149 1141 1127 1136 1150
117HANIMAAD2012 43  1133 1108 1112 1101 1101 1115 1127 1134
117HANIMAAD2012 51  1129 1117 1128 1140 1121 1102 1084 1066 1071 1072 1071
117HANIMAAD2012 52  1086 1096 1090 1095 1082 1065 1057 1051 1043 1023 1021
117HANIMAAD2012 53  1019 1027 1044 1049 1043 1034 1032 1019 1022
117HANIMAAD2012 61  1038 1035 1031 1032 1025 1021 1029 1021 1004 1007 1022
117HANIMAAD2012 62  1033 1026 1013  973  973  982  963  957  967  973  997
117HANIMAAD2012 63  1008 1036 1036 1025 1024 1016 1011 1009
117HANIMAAD2012 71  1030 1047 1026 1018 1033 1056 1068 1066 1059 1068 1057
117HANIMAAD2012 72  1033 1027 1005 1009 1018 1014 1021 1012 1008 1035 1051
117HANIMAAD2012 73  1053 1056 1032 1009 1010 1010 1004  995  994
117HANIMAAD2012 81  1008 1011 1036 1064 1057 1051 1036 1029 1035 1033 1039
117HANIMAAD2012 82  1054 1028 1002 1015 1040 1040 1031 1050 1044 1037 1016
117HANIMAAD2012 83   997 1014 1010 1019 1006  999 1025 1060 1084
117HANIMAAD2012 91  1101 1077 1056 1044 1025 1017 1005 1016 1016 1004 1002
117HANIMAAD2012 92  1032 1059 1061 1058 1049 1033 1024 1017  987  967  967
117HANIMAAD2012 93   968  977  991  992  991  993 1006  993
117HANIMAAD2012101   978  969  946  927  929  959  986  993  991  997 1013
117HANIMAAD2012102  1007  997  990  994  970  956  963  980  998  996 1023
117HANIMAAD2012103  1044 1051 1052 1045 1017 1005 1026 1023  990
117HANIMAAD2012111   986 1001  985  984  997 1002 1005  988  988  992  996
117HANIMAAD2012112   986  982 1002 1015  995  992 1012 1019 1024 1025 1022
117HANIMAAD2012113  1012 1013 1031 1017  998  997 1011 1002
117HANIMAAD2012121   975  991 1023 1032 1036 1022 1024 1045 1063 1063 1042
117HANIMAAD2012122  1052 1050 1035 1042 1065 1099 1120 1140 1168 1163 1165
117HANIMAAD2012123  1162 1138 1143 1143 1120 1123 1122 1107 1114
117HANIMAAD2013 11  1123 1133 1155 1160 1135 1127 1123 1096 1068 1049 1050
117HANIMAAD2013 12  1055 1072 1082 1073 1077 1078 1060 1027 1011 1032 1041
117HANIMAAD2013 13  1028 1027 1025 1036 1051 1043 1054 1081 1090
117HANIMAAD2013 21  1090 1096 1102 1083 1065 1077 1104 1101 1124 1158 1169
117HANIMAAD2013 22  1181 1172 1168 1161 1169 1170 1164 1154 1141 1114 1081
117HANIMAAD2013 23  1077 1072 1045 1052 1078 1072
117HANIMAAD2013 31  1073 1066 1072 1080 1086 1109 1114 1102 1123 1128 1124
117HANIMAAD2013 32  1133 1128 1116 1099 1105 1123 1116 1123 1143 1135 1129
117HANIMAAD2013 33  1134 1130 1124 1128 1143 1125 1096 1089 1081
117HANIMAAD2013 41  1070 1087 1098 1106 1114 1131 1150 1146 1122 1104 1092
117HANIMAAD2013 42  1077 1069 1065 1045 1070 1098 1089 1102 1098 1075 1071
117HANIMAAD2013 43  1088 1109 1111 1093 1070 1073 1109 1116
117HANIMAAD2013 51  1110 1129 1113 1103 1100 1079 1066 1058 1045 1035 1029
117HANIMAAD2013 52  1019 1028 1014  993  974  975  986  983  998  983  964
117HANIMAAD2013 53   964  944  923  951  968  976 1000 1009 1012
117HANIMAAD2013 61  1012  996  995  978  944  955  974  965  977  954  957
117HANIMAAD2013 62  1008 1020 1017 1036 1042 1039 1049 1065 1047 1012 1018
117HANIMAAD2013 63  1043 1046 1040 1039 1040 1068 1078 1054
117HANIMAAD2013 71  1042 1045 1023 1024 1018 1012 1028 1033 1030 1019 1019
117HANIMAAD2013 72  1026 1035 1042 1026 1020 1022 1020 1042 1064 1070 1068
117HANIMAAD2013 73  1081 1081 1077 1081 1097 1086 1070 1059 1058
117HANIMAAD2013 81  1057 1051 1065 1032 1011 1032 1020 1022 1010  994  978
117HANIMAAD2013 82   975  985 1001  985  971  968  974  974  975  969  962
117HANIMAAD2013 83   946  942  929  932  934  905  885  858  834
117HANIMAAD2013 91   855  876  901  910  890  901  916  931  913  889  890
117HANIMAAD2013 92   904  925  940  943  954  974  965  933  948  950  927
117HANIMAAD2013 93   921  906  877  883  918  921  915  934
117HANIMAAD2013101   956  961  951  964  969  948  938  936  946  943  936
117HANIMAAD2013102   952  984  991  968  969  972  956  938  950  963  956
117HANIMAAD2013103   954  965  962  958  969  970  960  959  964
117HANIMAAD2013111   971  990  991  975  970  949  953  990  979  969  987
117HANIMAAD2013112   987 1004 1000  982  962  960  958  953  965  991  985
117HANIMAAD2013113   965  961  981  991 1000 1005  993  990
117HANIMAAD2013121   999  999 1005 1013 1020 1039 1055 1037 1046 1064 1066
117HANIMAAD2013122  1052 1052 1043 1043 1037 1022 1037 1052 1055 1056 1080
117HANIMAAD2013123  1111 1116 1089 1100 1125 1127 1135 1111 1090
117HANIMAAD2014 11  1102 1120 1133 1125 1116 1134 1167 1159 1138 1131 1120
117HANIMAAD2014 12  1093 1074 1054 1048 1033 1031 1044 1053 1066 1080 1070
117HANIMAAD2014 13  1059 1075 1088 1093 1118 1125 1141 1148 1145
117HANIMAAD2014 21  1160 1199 1207 1185 1168 1163 1145 1133 1118 1116 1127
117HANIMAAD2014 22  1106 1083 1079 1094 1117 1104 1091 1108 1108 1085 1059
117HANIMAAD2014 23  1057 1041 1057 1091 1096 1099
117HANIMAAD2014 31  1105 1104 1099 1085 1074 1093 1094 1084 1085 1113 1121
117HANIMAAD2014 32  1111 1135 1133 1120 1111 1117 1131 1148 1143 1135 1138
117HANIMAAD2014 33  1121 1098 1118 1134 1135 1148 1146 1146 1130
117HANIMAAD2014 41  1122 1128 1105 1077 1092 1105 1104 1112 1122 1116 1110
117HANIMAAD2014 42  1122 1129 1117 1085 1068 1081 1077 1052 1056 1049 1039
117HANIMAAD2014 43  1039 1039 1053 1060 1046 1043 1033 1037
117HANIMAAD2014 51  1036 1032 1021 1017 1008 1020 1027 1013 1015 1018 1020
117HANIMAAD2014 52  1033 1028  996  982  994 1007 1020 1019 1027 1051 1061
117HANIMAAD2014 53  1043 1019 1014 1030 1016 1011 1007  998 1005
117HANIMAAD2014 61   999  992 1001 1047 1045 1047 1064 1067 1090 1080 1067
117HANIMAAD2014 62  1061 1037 1029 1032 1030 1061 1084 1075 1063 1046 1039
117HANIMAAD2014 63  1047 1009  965  958  955  968  974  969
117HANIMAAD2014 71   990 1002  984  991  980  965  956  952  958  957  958
117HANIMAAD2014 72   966  970  978  996  996  996  998 1003  984  972  961
117HANIMAAD2014 73   949  943  941  943  944  953  949  963  990
117HANIMAAD2014 81   995  997 1003 1001 1004 1005  995  992  998 1019 1028
117HANIMAAD2014 82  1019 1004 1006 1000  984  998 1005 1001  991  984  965
117HANIMAAD2014 83   944  960  950  947  967  986 1002 1000 1000
117HANIMAAD2014 91  1008 1009 1016 1008  988  994  997 1001  997 1002  994
117HANIMAAD2014 92   985  998 1005 1010 1000 1001 1013 1003  987 1000 1002
117HANIMAAD2014 93  1012 1015 1008  981  957  950  941  951
117HANIMAAD2014101   981  993  985  998 1003  987  988  984  993  986  967
117HANIMAAD2014102   958  959  942  909  902  901  915  931  927  931  944
117HANIMAAD2014103   934  917  911  897  890  910  914  923  938
117HANIMAAD2014111   931  937  953  955  960  955  933  925  916  921  939
117HANIMAAD2014112   945  958  941  934  936  934  953  961  962  965  970
117HANIMAAD2014113   975  973  975 1000 1020 1025 1013 1024
117HANIMAAD2014121  1044 1031 1024 1037 1046 1073 1053 1036 1058 1072 1062
117HANIMAAD2014122  1075 1087 1070 1061 1096 1130 1131 1133 1130 1157 1161
117HANIMAAD2014123  1136 1132 1147 1174 1151 1139 1120 1098 1077
117HANIMAAD2015 11  1077 1068 1050 1051 1059 1058 1040 1039 1047 1050 1038
117HANIMAAD2015 12  1011  998  986  980  978  976  991  998  998 1010 1020
117HANIMAAD2015 13  1041 1047 1073 1098 1121 1124 1135 1172 1165
117HANIMAAD2015 21  1152 1142 1139 1155 1155 1157 1144 1146 1156 1138 1136
117HANIMAAD2015 22  1131 1124 1132 1142 1127 1116 1120 1144 1145 1134 1121
117HANIMAAD2015 23  1107 1090 1090 1091 1084 1089
117HANIMAAD2015 31  1105 1099 1092 1108 1112 1078 1078 1070 1058 1062 1051
117HANIMAAD2015 32  1051 1055 1056 1086 1089 1093 1118 1137 1151 1154 1151
117HANIMAAD2015 33  1145 1149 1152 1142 1143 1152 1141 1133 1148
117HANIMAAD2015 41  1169 1167 1162 1172 1175 1162 1145 1140 1148 1156 1145
117HANIMAAD2015 42  1136 1135 1148 1167 1181 1150 1130 1123 1122 1121 1096
117HANIMAAD2015 43  1086 1075 1082 1103 1097 1076 1078 1072
117HANIMAAD2015 51  1070 1058 1064 1076 1071 1074 1067 1063 1066 1067 1064
117HANIMAAD2015 52  1067 1067 1063 1065 1067 1061 1033 1013 1021 1013 1004
117HANIMAAD2015 53  1005 1006 1009 1022 1026 1022 1012 1025 1028
117HANIMAAD2015 61  1024 1016 1017 1018 1031 1049 1049 1073 1092 1085 1104
117HANIMAAD2015 62  1100 1076 1077 1090 1082 1068 1098 1126 1125 1117 1115
117HANIMAAD2015 63  1113 1095 1102 1111 1108 1073 1047 1078
117HANIMAAD2015 71  1070 1064 1051 1044 1063 1066 1064 1067 1058 1045 1050
117HANIMAAD2015 72  1066 1071 1074 1041 1010 1027 1044 1037 1051 1043 1023
117HANIMAAD2015 73  1019  999  986  989  973  981  995 1016 1015
117HANIMAAD2015 81  1007 1014 1025 1041 1044 1034 1019 1010 1008 1011  989
117HANIMAAD2015 82   973  988  989  975  974  970  959  956  944  939  952
117HANIMAAD2015 83   937  930  947  950  960  972  970  964  974
117HANIMAAD2015 91   972  967  957  942  947  938  931  944  948  946  948
117HANIMAAD2015 92   981 1001  993 1005  990  989  993  980  967  957  956
117HANIMAAD2015 93   972  981  984  986  991 1007 1015  996
117HANIMAAD2015101   984  980  976  979  980 1009 1026 1015 1009 9999 9999
117HANIMAAD2015102  9999 9999 9999  973  963  963  994 1007 1004 1019 9999
117HANIMAAD2015103  9999 1078 1074 1060 1048 1076 1080 1063 1062
117HANIMAAD2015111  1049 1044 1035 1026 1033 1034 1036 1022 9999 9999 1003
117HANIMAAD2015112   986  967  973  976  980 1012 1023 1014 1029 1033 1049
117HANIMAAD2015113  1045 1026 1048 1066 1067 1054 1043 1039
117HANIMAAD2015121  1058 1061 1049 1063 1068 1054 1045 1047 1042 1039 1046
117HANIMAAD2015122  1070 1072 1068 1081 1084 1092 1077 1062 1065 1064 1053
117HANIMAAD2015123  1039 1029 1038 1026 1038 1054 1071 1072 1063
117HANIMAAD2016 11  1070 1081 1105 1111 1109 1127 1139 1121 1131 1134 1133
117HANIMAAD2016 12  1144 1176 1208 1228 1202 1184 1182 1192 1202 1194 1185
117HANIMAAD2016 13  1190 1190 1190 1181 1196 1186 1174 1172 1159
117HANIMAAD2016 21  1144 1129 1101 1112 1134 1129 1102 1079 1092 1111 1103
117HANIMAAD2016 22  1076 1069 1067 1068 1059 1063 1074 1065 1056 1070 1089
117HANIMAAD2016 23  1126 1141 1134 1105 1086 1108 1114
117HANIMAAD2016 31  1097 1087 1118 1141 1135 1171 1200 1202 1195 1186 1183
117HANIMAAD2016 32  1182 1178 1176 1163 1166 1165 1148 1138 1156 1178 1174
117HANIMAAD2016 33  1159 1161 1153 1138 1142 1137 1141 1129 1126
117HANIMAAD2016 41  1145 1161 1148 1162 1178 1182 1183 1177 1162 1150 1142
117HANIMAAD2016 42  1127 1127 1136 1141 1132 1140 1161 1161 1143 1143 1144
117HANIMAAD2016 43  1165 1140 1113 1112 1115 1127 1142 1158
117HANIMAAD2016 51  1159 1170 1185 1179 1165 1164 1171 1158 1171 1163 1139
117HANIMAAD2016 52  1126 1127 1144 1161 1157 1168 1168 1135 1121 1102 1069
117HANIMAAD2016 53  1058 1060 1083 1094 1070 1079 1105 1101 1100
117HANIMAAD2016 61  1085 1077 1064 1050 1027 1032 1056 1047 1029 1017 1018
117HANIMAAD2016 62  1013 1038 1063 1058 1063 1064 1057 1053 1059 1052 1030
117HANIMAAD2016 63  1030 1056 1078 1082 1081 1084 1099 1097
117HANIMAAD2016 71  1093 1088 1084 1102 1106 1097 1083 1085 1110 1116 1119
117HANIMAAD2016 72  1119 1126 1137 1121 1073 9999 9999 9999 9999 9999 9999
117HANIMAAD2016 73  9999 9999 9999 9999 9999 9999 9999 9999 9999
117HANIMAAD2016 81  9999 9999 9999 9999 9999 9999 9999 9999 9999 9999 9999
117HANIMAAD2016 82  9999 9999 9999 9999 9999 9999 9999 9999 9999 9999 9999
117HANIMAAD2016 83  9999 9999 9999 9999 9999 9999 9999 9999 9999
117HANIMAAD2016 91  9999 9999 9999 9999 9999 9999 9999 9999 9999 9999 9999
117HANIMAAD2016 92  9999 9999 9999 9999 9999 9999 9999 9999 9999 9999 9999
117HANIMAAD2016 93  9999 9999 9999 9999 9999 9999 9999 9999
117HANIMAAD2016101  9999 9999 9999 9999 9999 9999 9999 9999 9999 9999 9999
117HANIMAAD2016102  9999 9999 9999 9999 9999 9999 9999 9999 9999 9999 9999
117HANIMAAD2016103  9999 9999 9999 9999 9999 9999 9999 9999 9999
117HANIMAAD2016111  9999 9999 9999 9999 9999 9999 9999 9999 9999 9999  946
117HANIMAAD2016112   945  943  939  942  954  959  972  975 1004 1012  999
117HANIMAAD2016113  1006 1038 1036 1020 1017  999 1001 1012
117HANIMAAD2016121  1028 1046 1043 1040 1060 1097 1127 1118 1113 1116 1113
117HANIMAAD2016122  1099 1083 1074 1071 1045 1046 1057 1046 1021  998 1023
117HANIMAAD2016123  1042 1038 1027 1036 1049 1064 1051 1032 1026
117HANIMAAD2017 11  1032 1037 1046 1049 1075 1071 1082 1087 1078 1084 1078
117HANIMAAD2017 12  1077 1080 1115 1118 1123 1127 1132 1129 1149 1148 1100
117HANIMAAD2017 13  1093 1106 1115 1102 1063 1072 1097 1102 1107
117HANIMAAD2017 21  1099 1098 1118 1135 1132 1114 1111 1120 1143 1138 1140
117HANIMAAD2017 22  1142 1109 1086 1100 1135 1135 1120 1137 1147 1149 1125
117HANIMAAD2017 23  1110 1134 1142 1140 1141 1157
117HANIMAAD2017 31  1169 1160 1171 1165 1139 1113 1098 1103 1110 1095 1069
117HANIMAAD2017 32  1047 1040 1056 1064 1061 1054 1036 1035 1048 1047 1049
117HANIMAAD2017 33  1054 1060 1081 1085 1075 1075 1083 1098 1106
117HANIMAAD2017 41  1099 1102 1102 1095 1097 1104 1105 1117 1125 1134 1125
117HANIMAAD2017 42  1107 1118 1127 1134 1124 1105 1097 1103 1112 1101 1111
117HANIMAAD2017 43  1125 1110 1100 1084 1078 1075 1049 1036
117HANIMAAD2017 51  1034 1022 1010 1027 1047 1057 1064 1071 1068 1062 1059
117HANIMAAD2017 52  1062 1044 1036 1047 1055 1047 1031 1041 1035 1026 1015
117HANIMAAD2017 53   999 1009 1017  991  967  972  981  990 1010
117HANIMAAD2017 61  1030 1039 1029 1006  988  982  973  957  960  963  958
117HANIMAAD2017 62   995 1015 1000 1022 1034 1019 1032 1034 1012 1013 1025
117HANIMAAD2017 63  1020 1028 1043 1049 1059 1078 1077 1058
117HANIMAAD2017 71  1069 1077 1065 1048 1029 1017 1029 1051 1042 1019 1032
117HANIMAAD2017 72  1051 1058 1074 1068 1051 1076 1093 1069 1047 1040 1038
117HANIMAAD2017 73  1028 1039 1050 1043 1027 1019 1014 1003  995
117HANIMAAD2017 81  1023 1021  996  981  987 1009 1011 1025 1014  998  979
117HANIMAAD2017 82   963  950  951  971  976  974  973  997  999  976  960
117HANIMAAD2017 83   969  989 1014 1008  989  994  982  950  950
117HANIMAAD2017 91   961  971  957  946  936  950  978  965  962  962  930
117HANIMAAD2017 92   919  896  895  919  913  919  932  917  940  946  939
117HANIMAAD2017 93   942  917  918  940  931  907  911  908
117HANIMAAD2017101   897  933  969  978  974  968  955  940  925  934  933
117HANIMAAD2017102   937  942  923  927  945  950  959  977  990  955  949
117HANIMAAD2017103   942  921  954  956  945  947  963  986 1007
117HANIMAAD2017111  1007  995  993  978  975  994  983  973  992 1000 1010
117HANIMAAD2017112  1020 1023 1024 1018 1017 1011 1011 1013 1013 1026 1026
117HANIMAAD2017113  1021 1015 1034 1044 1036 1047 1071 1068
117HANIMAAD2017121  1089 1076 1042 1003  961  978  985  961  975  999 1007
117HANIMAAD2017122  1011  996  991  985  999 1010 1005 1023 1000 1008 1057
117HANIMAAD2017123  1092 1078 1057 1058 1094 1110 1088 1090 1103
117HANIMAAD2018 11  1105 1127 1140 1172 1195 1193 1205 1205 1175 1164 1174
117HANIMAAD2018 12  1169 1142 1138 1167 1174 1166 1153 1141 1152 1157 1149
117HANIMAAD2018 13  1155 1163 1144 1127 9999 9999 9999 1121 1124
117HANIMAAD2018 21  1135 1155 1126 1114 1148 1137 1132 1118 1099 1110 1094
117HANIMAAD2018 22  1049 1028 1019 1031 1040 1077 1103 1130 1156 1173 1154
117HANIMAAD2018 23  1139 1141 1133 1136 1132 1126
117HANIMAAD2018 31  1143 1161 1152 1150 1134 1120 1113 1099 1095 1105 1130
117HANIMAAD2018 32  1125 1131 1120 1088 1104 1092 1069 1081 1101 1100 1066
117HANIMAAD2018 33  1010 1007 1024 1041 1052 1075 1096 1112 1120
117HANIMAAD2018 41  1132 1116 1101 1124 1129 1127 1149 1152 1142 1150 1148
117HANIMAAD2018 42  1178 1177 1170 1164 1159 1143 1122 1131 1130 1127 1119
117HANIMAAD2018 43  1121 1147 1131 1108 1115 1120 1114 1078
117HANIMAAD2018 51  1059 1067 1064 1053 1044 1068 1067 1064 1068 1072 1076
117HANIMAAD2018 52  1072 1070 1065 1076 1076 1066 1072 1083 1069 1073 1081
117HANIMAAD2018 53  1081 1090 1110 1102 1067 1053 1041 1020 1000
117HANIMAAD2018 61  1010  992  980  993  970  959  968  968  982 1002 1009
117HANIMAAD2018 62   995  991  995  980  971  965  979 1006 1031 1033 1023
117HANIMAAD2018 63  1019 1009 1017 1033 1032 1047 1067 1066
117HANIMAAD2018 71  1052 1055 1061 1050 1060 1080 1080 1085 1077 1057 1053
117HANIMAAD2018 72  1049 1058 1080 1084 1083 1076 1063 1058 1046 1024 1005
117HANIMAAD2018 73   998  982  975  981  986  980  975  979  939
117HANIMAAD2018 81   952  989 1001  991  970  976  970  970  989  978  984
117HANIMAAD2018 82  1004  996 1004 1017 1004  995  997  994  982  972  965
117HANIMAAD2018 83   953  952  977  981  972  978  966  976  978
117HANIMAAD2018 91   961  935  938  950  928  942  944  937  956  956  954
117HANIMAAD2018 92   946  929  902  905  922  928  922  907  911  925 9999
117HANIMAAD2018 93  9999  936  947  954  948  946  964  949
117HANIMAAD2018101   955  963  947  951  942  943  946  945  949  929  897
117HANIMAAD2018102   903  893  886  894  903  908  931  942  928  949  948
117HANIMAAD2018103   958  979  980  979  980  998  981  975  975
117HANIMAAD2018111   984 1004 1004 1007 1008 1008  993  978  991 1000  983
117HANIMAAD2018112   981  986  990  987  980 1005 1004  994 1009 1002 1004
117HANIMAAD2018113  1006  999 1004 1021 1027 1042 1064 1073
117HANIMAAD2018121  1093 1121 1138 1144 1131 1111 1109 1121 1111 1086 1083
117HANIMAAD2018122  1081 1065 1055 1063 1059 1043 1033 1037 1048 1060 1061
117HANIMAAD2018123  1057 1077 1089 1095 1108 1119 1134 1117 1094
117HANIMAAD2019 11  1099 1103 1087 1070 1064 1079 1091 1105 1111 1079 1049
117HANIMAAD2019 12  1084 1103 1104 1097 1105 1124 1134 1121 1123 1133 1136
117HANIMAAD2019 13  1140 1137 1131 1117 1108 1109 1099 1094 1104
117HANIMAAD2019 21  1092 1089 1093 1088 1088 1095 1119 1126 1105 1070 1076
117HANIMAAD2019 22  1088 1072 1068 1073 1090 1089 1096 1105 1094 1079 1114
117HANIMAAD2019 23  1142 1144 1132 1114 1100 1091
117HANIMAAD2019 31  1112 1129 1117 1102 1096 1077 1095 1096 1104 1100 1090
117HANIMAAD2019 32  1096 1089 1088 1074 1074 1077 1098 1101 1110 1111 1109
117HANIMAAD2019 33  1093 1082 1071 1065 1049 1055 1051 1051 1051
117HANIMAAD2019 41  1064 1087 1095 1090 1089 1092 1097 1079 1091 1103 1106
117HANIMAAD2019 42  1117 1110 1117 1128 1130 1146 1163 1172 1179 1154 1123
117HANIMAAD2019 43  1118 1127 1115 1107 1107 1110 1125 1128
117HANIMAAD2019 51  1126 1126 1100 1066 1063 1081 1071 1059 1060 1054 1059
117HANIMAAD2019 52  1053 1053 1080 1094 1082 1071 1067 1045 1029 1018 1009
117HANIMAAD2019 53  1001 1006 1009 1012 1030 1033 1038 1043 1035
117HANIMAAD2019 61  1046 1057 1043 1027 1009 1007 1027 1059 1075 1103 1107
117HANIMAAD2019 62  1111 1103 1097 1092 1083 1077 1059 1070 1101 1087 1084
117HANIMAAD2019 63  1107 1107 1087 1090 1092 1080 1068 1063
117HANIMAAD2019 71  1057 1060 1066 1099 1130 1139 1147 1141 1125 1122 1106
117HANIMAAD2019 72  1100 1105 1102 1090 1083 1091 1107 1103 1111 1112 1128
117HANIMAAD2019 73  1099 9999 9999 1072 1072 1094 1081 1089 1098
117HANIMAAD2019 81  1080 1082 1111 1139 1130 1126 1114 1108 1098 1081 1079
117HANIMAAD2019 82  1100 1075 1061 1039 1019 1047 1065 1062 1051 1029 1030
117HANIMAAD2019 83  1046 1027 1030 1035 1041 1040 1034 1050 1058
117HANIMAAD2019 91  1052 1071 1073 1057 1074 1072 1048 1047 1028 1031 1037
117HANIMAAD2019 92  1024 1023 1037 1041 1048 1069 1063 1067 1071 1071 1054
117HANIMAAD2019 93  1042 1046 1041 1019 1015 1040 1053 1051
117HANIMAAD2019101  1039 1025 1025 1039 1049 1026 1025 1015 1029 1061 1067
117HANIMAAD2019102  1069 1067 1081 1094 1090 1084 1063 1068 1083 1109 1130
117HANIMAAD2019103  1138 1144 1146 1147 1136 1129 9999 9999 1085
117HANIMAAD2019111  1070 1053 1050 1043 1033 1046 1039 1025 1046 9999 9999
117HANIMAAD2019112  9999 9999 9999 9999 1028 1033 1051 1058 9999 1069 1071
117HANIMAAD2019113  1096 1103 9999 9999 9999 9999 9999 9999
117HANIMAAD2019121  9999 9999 9999 9999 9999 9999 9999 9999 9999 9999 9999
117HANIMAAD2019122  9999 1149 1114 1101 1113 1115 1142 1173 1193 1204 1195
117HANIMAAD2019123  1178 1185 1169 1143 1149 1143 1124 1125 1126
117HANIMAAD2020 11  1114 1099 1107 1096 9999 9999 9999 9999 9999 9999 9999
117HANIMAAD2020 12  9999 9999 9999 9999 9999 1130 1128 1131 1133 1125 1151
117HANIMAAD2020 13  1175 1157 9999 9999 9999 1148 1145 1133 1124
117HANIMAAD2020 21  1120 1106 1108 1109 1105 9999 9999 1131 1136 1144 9999
117HANIMAAD2020 22  1191 1210 1194 1174 1187 9999 9999 9999 9999 9999 1159
117HANIMAAD2020 23  1182 1198 1201 1194 1182 1182 1181
117HANIMAAD2020 31  1188 1192 9999 9999 1152 1169 1179 1189 1182 1198 1213
117HANIMAAD2020 32  9999 9999 9999 1152 1154 1154 1172 1190 1203 1224 1198
117HANIMAAD2020 33  1190 1199 1196 1203 1190 1191 1190 1170 1174
117HANIMAAD2020 41  1177 1179 1182 9999 1183 1209 9999 1220 1195 1176 1172
117HANIMAAD2020 42  1178 9999 9999 9999 9999 9999 1206 1216 1221 1222 9999
117HANIMAAD2020 43  1223 1221 1199 1191 1163 9999 1175 1161
117HANIMAAD2020 51  1156 9999 1174 9999 1164 1181 1188 1165 9999 9999 9999
117HANIMAAD2020 52  1128 9999 1116 9999 9999 9999 9999 9999 1109 1079 1054
117HANIMAAD2020 53  1022 1001 1011 1028 1008 1007 9999 9999 9999
117HANIMAAD2020 61  1027 9999 9999 9999 9999 9999 9999 9999 9999 9999 9999
117HANIMAAD2020 62  1089 1085 1092 1085 1088 1098 1085 9999 9999 9999 9999
117HANIMAAD2020 63  9999 9999 9999 9999 9999 1165 9999 9999
117HANIMAAD2020 71  9999 9999 9999 1153 9999 9999 9999 9999 9999 9999 9999
117HANIMAAD2020 72  9999 9999 9999 9999 9999 9999 9999 9999 9999 9999 9999
117HANIMAAD2020 73  9999 9999 9999 9999 9999 9999 9999 9999 9999
117HANIMAAD2020 81  9999 9999 9999 9999 1156 9999 9999 9999 9999 1160 1140
117HANIMAAD2020 82  9999 1109 1119 1133 1132 1121 1124 1153 1170 1179 1182
117HANIMAAD2020 83  1164 1139 1100 1077 1058 1039 1038 1035 1020
117HANIMAAD2020 91  1003 1011 1035 1026 1014  992  986  994  974  982  981
117HANIMAAD2020 92   957  978 1001 1018 1051 1046 1045 1058 1060 1058 1031
117HANIMAAD2020 93   999  971  989  997 1003 1026 1017 1020
117HANIMAAD2020101  1010 1008 1034 1035 1039 1021  969  976  982  984 1007
117HANIMAAD2020102  1016 1033 1059 1062 1059 1051 1036 1008 1006  992  995
117HANIMAAD2020103  1003 1006 1006 1023 1032 9999 9999 9999  998
117HANIMAAD2020111   992  997 1005 1012 1006  995  993  997  998 1033 1055
117HANIMAAD2020112  1045 1042 1053 1039 1026 9999 1020 1027 1042 1049 1049
117HANIMAAD2020113  1038 1031 1037 1045 1054 1040 1043 1050
117HANIMAAD2020121  1039 1048 1044 1048 1060 1058 1032 1027 1049 1067 1066
117HANIMAAD2020122  1055 1042 1055 1068 1059 1070 1080 1095 1123 1142 1163
117HANIMAAD2020123  1183 1198 1204 1198 1189 1189 1196 1219 1238
117HANIMAAD2021 11  1271 1285 1297 1305 1328 1320 1307 1300 1261 1231 1189
117HANIMAAD2021 12  1160 1166 1174 1176 1166 1162 1165 1173 1188 1188 1173
117HANIMAAD2021 13  1148 1156 1165 1154 1157 1185 1211 1203 1205
117HANIMAAD2021 21  1219 1225 1250 1247 1222 1197 1182 1178 1169 1166 1193
117HANIMAAD2021 22  1205 1194 1191 1196 1208 1223 1226 1242 1246 1229 1227
117HANIMAAD2021 23  1233 1238 1237 1253 1281 1295
117HANIMAAD2021 31  1263 1248 1266 1268 1238 1221 1214 1203 1206 1205 1209
117HANIMAAD2021 32  1226 1230 1243 1256 1241 1257 1260 1243 1224 1230 1213
117HANIMAAD2021 33  1188 1180 1178 1212 1235 1245 1226 1234 1233
117HANIMAAD2021 41  1208 1176 1154 1117 1123 1150 1155 1141 1164 1180 1163
117HANIMAAD2021 42  1150 1163 1175 1154 1157 1178 1159 1150 1153 1160 1168
117HANIMAAD2021 43  1168 1193 1203 1201 1212 1198 1165 1170
117HANIMAAD2021 51  1162 1173 1191 1173 1176 1186 1177 1195 1199 1196 1179
117HANIMAAD2021 52  1168 1197 1242 1252 1213 1194 1219 1212 1192 1220 1229
117HANIMAAD2021 53  1201 1187 9999 1146 1117 1093 1084 1081 1064
117HANIMAAD2021 61  1078 1080 1066 1056 1024 1031 1037 1017 1010 1017 1018
117HANIMAAD2021 62  1022 1023 1023 1034 1066 1071 1067 1056 1068 1068 1070
117HANIMAAD2021 63  1075 1041 1018 1030 1050 1078 1084 1084
