127SYOWA         LAT=69 00.0S  LONG=039 36.0E
127SYOWA   1987 11  9999 9999 9999 9999 9999 9999 9999 9999 9999 9999 9999
127SYOWA   1987 12  9999 9999 9999 9999 9999 9999 9999 9999 9999 9999 9999
127SYOWA   1987 13  9999 9999 9999 9999 9999 9999 9999 9999 9999
127SYOWA   1987 21  2293 2248 2233 2231 2258 2291 2293 2282 2322 2393 2402
127SYOWA   1987 22  2407 2390 2388 2411 2411 2469 2487 2476 2500 2507 2540
127SYOWA   1987 23  2585 2571 2596 2573 2521 2494
127SYOWA   1987 31  2515 2540 2545 2557 2577 2570 2558 2571 2556 2564 2607
127SYOWA   1987 32  2600 2625 2620 2614 2610 2602 2587 2568 2598 2636 2655
127SYOWA   1987 33  2663 2662 2660 2635 2580 2543 2553 2576 2604
127SYOWA   1987 41  2643 2659 2637 2619 2641 2682 2704 2696 2686 2660 2635
127SYOWA   1987 42  2691 2714 2692 2688 2688 2701 2712 2716 2716 2710 2694
127SYOWA   1987 43  2683 2702 2672 2672 2708 9999 9999 9999
127SYOWA   1987 51  2802 2776 2755 2730 2697 2681 2694 2723 2763 2746 2697
127SYOWA   1987 52  2702 2732 2721 2683 2645 2625 2603 2645 2679 2640 2632
127SYOWA   1987 53  2632 2629 2632 2693 2749 2729 2713 2692 2655
127SYOWA   1987 61  2665 2677 2620 2601 2623 2652 2643 2658 2671 2706 2732
127SYOWA   1987 62  2729 2736 2735 2739 2756 2756 2724 9999 9999 9999 2728
127SYOWA   1987 63  2726 2734 2698 2692 2716 2699 2650 2671
127SYOWA   1987 71  2722 2729 2716 2696 2662 2649 2669 2719 2748 2752 2735
127SYOWA   1987 72  2691 2679 2662 2650 2611 2642 2691 2688 2659 2664 2687
127SYOWA   1987 73  2725 2692 2682 2688 9999 9999 9999 2644 2626
127SYOWA   1987 81  2619 2673 2718 2716 2747 2756 2732 2715 2735 2735 2673
127SYOWA   1987 82  2669 2719 2736 2715 2717 2720 2745 2741 2733 2765 2782
127SYOWA   1987 83  2762 2732 2696 2668 2696 2743 2762 2783 2809
127SYOWA   1987 91  2827 2815 2767 2739 2747 2732 2700 2696 2665 2651 2652
127SYOWA   1987 92  2647 2643 2662 2685 2672 2638 2596 2546 2545 2562 2543
127SYOWA   1987 93  2556 2602 2649 2650 2636 2614 2589 2609
127SYOWA   1987101  2637 2589 2557 2591 2611 2605 2613 2651 2684 2697 2688
127SYOWA   1987102  2697 2695 2655 2652 2639 2582 2588 2618 2611 2624 2643
127SYOWA   1987103  2663 2693 2710 2690 2678 2666 2643 2638 2658
127SYOWA   1987111  2650 2617 2633 2651 2664 2664 2690 2710 2701 2685 2647
127SYOWA   1987112  2635 2647 2659 2651 2619 2657 2667 2652 2658 2674 2680
127SYOWA   1987113  2673 2664 2655 2666 2638 2582 2563 2574
127SYOWA   1987121  2581 2594 9999 9999 2653 2610 2565 2548 2531 2470 2455
127SYOWA   1987122  2483 2448 2413 2411 2418 2422 2436 2493 2476 2423 2399
127SYOWA   1987123  2437 2408 2344 2352 2349 2356 2379 2380 2393
127SYOWA   1988 11  2411 2473 2529 2522 2483 2420 2383 2378 2361 2336 2358
127SYOWA   1988 12  2381 2392 2406 2477 2465 2458 2429 2355 2302 2251 2219
127SYOWA   1988 13  2210 2243 2306 2361 2386 2401 2382 2412 2430
127SYOWA   1988 21  2429 2485 2478 2435 2408 2444 2422 2401 2393 2383 2438
127SYOWA   1988 22  2516 2533 2520 2497 2477 2414 2373 2410 2446 2384 2361
127SYOWA   1988 23  2433 2450 2484 2525 2569 2649 2682
127SYOWA   1988 31  2676 2666 2667 2621 2599 2618 2614 2640 2636 2637 2640
127SYOWA   1988 32  2635 2620 2597 2571 2525 2491 2452 2442 2422 2511 2668
127SYOWA   1988 33  2709 2690 2708 2701 2658 2640 2624 2600 2580
127SYOWA   1988 41  2584 2593 2608 2646 2680 2710 2743 2729 2677 2687 2721
127SYOWA   1988 42  2720 2675 2663 2705 2739 2761 2767 2768 2780 2811 2817
127SYOWA   1988 43  2769 2764 2714 2608 2591 2590 2601 2638
127SYOWA   1988 51  2652 2662 2665 2689 2705 2715 2722 9999 9999 9999 2685
127SYOWA   1988 52  2704 2723 2694 2708 2755 2760 2738 2732 2759 2780 2723
127SYOWA   1988 53  2673 2677 2639 2595 2612 2605 2604 2668 2681
127SYOWA   1988 61  2668 2707 2739 2711 2672 2658 2667 2651 2581 2528 2522
127SYOWA   1988 62  2600 2684 2703 2672 2634 2624 2611 2565 2539 2572 2614
127SYOWA   1988 63  2650 2644 2619 2658 2699 2676 2626 2633
127SYOWA   1988 71  2658 2668 2660 2670 2692 2686 2718 2788 2774 2760 2746
127SYOWA   1988 72  2736 2745 2714 2663 2712 2794 2829 2824 2796 2798 2810
127SYOWA   1988 73  2814 2777 2753 2779 2771 2750 2732 2712 2702
127SYOWA   1988 81  2712 2711 2684 2703 2728 2745 2771 2785 2778 2769 2770
127SYOWA   1988 82  2780 2800 2768 2730 2722 2697 2678 2625 2566 2600 2608
127SYOWA   1988 83  2570 2576 2555 2517 2492 2472 2528 2625 2645
127SYOWA   1988 91  2636 2607 2621 2658 2687 2690 2658 2641 2640 2627 2580
127SYOWA   1988 92  2570 2593 2625 2597 2559 2569 2567 2540 2543 2555 2536
127SYOWA   1988 93  2509 2462 2421 2441 2480 2496 2466 2426
127SYOWA   1988101  2415 2427 2438 2461 2486 2508 2521 2496 2465 2430 2421
127SYOWA   1988102  2418 2383 9999 9999 9999 9999 2452 2455 2418 2380 2352
127SYOWA   1988103  2341 2349 2379 2417 2466 2495 2496 2484 2488
127SYOWA   1988111  2483 2478 2467 2444 2466 2477 2460 2434 2426 2457 2491
127SYOWA   1988112  2502 2504 2507 2474 2447 2437 2424 2401 2390 2410 2441
127SYOWA   1988113  2438 2441 2451 2491 2512 2488 2428 2386
127SYOWA   1988121  2370 2385 2402 2370 2354 2352 2346 2355 2366 2404 2398
127SYOWA   1988122  2357 2440 2398 2305 2316 2328 2334 2339 2321 2331 2317
127SYOWA   1988123  2326 2346 2344 2328 2345 2346 2359 2409 2378
127SYOWA   1989 11  2349 2357 2430 2425 2377 2391 2373 2326 2318 2393 2380
127SYOWA   1989 12  2319 2319 2338 2335 2361 2363 2344 2334 2345 2409 2389
127SYOWA   1989 13  2340 2322 2307 2308 2320 2337 2385 2384 2338
127SYOWA   1989 21  2377 2451 2478 2441 2452 2460 2430 2366 2321 2316 2353
127SYOWA   1989 22  2386 2410 2419 2469 2485 2468 2457 2437 2433 2457 2473
127SYOWA   1989 23  2447 2470 2507 2505 2505 2535
127SYOWA   1989 31  2547 2544 2541 2514 2451 2390 2383 2384 2429 2495 2537
127SYOWA   1989 32  2552 2527 2523 2507 2452 2430 2433 2476 2504 2506 2532
127SYOWA   1989 33  2547 2547 2524 2533 2551 2537 2531 2537 2537
127SYOWA   1989 41  2539 2574 2591 2559 2525 2508 2520 2574 2600 2584 2586
127SYOWA   1989 42  2632 2685 2682 2650 2601 2556 2559 2635 2697 2682 2615
127SYOWA   1989 43  2540 2523 2598 2665 2673 2673 2678 2705
127SYOWA   1989 51  2659 2601 2564 2555 2614 2659 2659 2694 2690 2693 2675
127SYOWA   1989 52  2639 2639 2668 2675 2653 2650 2682 2762 2772 2748 2757
127SYOWA   1989 53  2743 2708 2690 2684 2699 2654 2621 2644 2662
127SYOWA   1989 61  2624 2585 2599 2615 2629 2658 2653 2639 2642 2612 2623
127SYOWA   1989 62  2610 2602 2610 2641 2639 2670 2700 2716 2717 2704 2690
127SYOWA   1989 63  2697 2723 2694 2619 2561 2604 2670 2695
127SYOWA   1989 71  2696 2699 2698 2685 2651 2616 2618 2595 2617 2675 2673
127SYOWA   1989 72  2667 2701 2727 2727 2721 2736 2709 2688 2657 2593 2582
127SYOWA   1989 73  2635 2628 2640 2679 2699 2687 2689 2707 2697
127SYOWA   1989 81  2660 2703 2735 2706 2650 2604 2577 2561 2586 2621 2649
127SYOWA   1989 82  2708 2721 2675 2625 2628 2617 2616 2610 2599 2575 2566
127SYOWA   1989 83  2598 2685 2746 2732 2699 2651 2606 2569 2505
127SYOWA   1989 91  2422 2423 2460 2475 2508 2529 2503 2487 2520 2541 2549
127SYOWA   1989 92  2542 2533 2521 2459 2446 2494 2512 2553 2562 2523 2509
127SYOWA   1989 93  2497 2467 2439 2447 2466 2514 2564 2566
127SYOWA   1989101  2586 2597 2626 2629 2573 2524 2502 2493 2489 2467 2446
127SYOWA   1989102  2408 2359 2331 2340 2390 2431 2468 2513 2523 2467 2438
127SYOWA   1989103  2440 2464 2479 2465 2494 2544 2552 2537 2546
127SYOWA   1989111  2559 2560 2537 2513 2498 2492 2468 2442 2453 2457 2448
127SYOWA   1989112  2418 2386 2398 2427 2413 2383 2381 2391 2395 2380 2376
127SYOWA   1989113  2369 2377 2408 2401 2368 2366 2384 2375
127SYOWA   1989121  2346 2353 2369 2361 2346 2330 2302 2289 2286 2275 2273
127SYOWA   1989122  2294 2300 2308 2319 2292 2264 2272 2307 2291 2334 2360
127SYOWA   1989123  2318 2320 2341 2281 2350 2438 2362 2323 2302
127SYOWA   1990 11  2278 2346 2389 2335 2308 2326 2311 2334 2363 2399 2332
127SYOWA   1990 12  2302 2292 2260 2233 2217 2241 2188 2201 2219 2196 2231
127SYOWA   1990 13  2265 2286 2337 2340 2327 2320 9999 9999 9999
127SYOWA   1990 21  2367 2363 2399 2317 2274 2442 2492 2454 2425 2401 2342
127SYOWA   1990 22  2366 2471 2471 2392 2368 2381 2343 2312 2356 2382 2435
127SYOWA   1990 23  2374 2431 2462 2448 2398 2363
127SYOWA   1990 31  2337 2329 2387 2514 2490 2465 2377 2256 2287 2293 2255
127SYOWA   1990 32  2286 2331 2350 2419 2583 2569 2473 2475 2475 2405 2449
127SYOWA   1990 33  2577 2542 2430 2455 2528 2383 2442 2534 2461
127SYOWA   1990 41  2441 2523 2483 2421 2484 2527 2635 2661 2590 2569 2555
127SYOWA   1990 42  2597 2572 2601 2630 2661 2692 2628 2572 2560 2610 2573
127SYOWA   1990 43  2394 2263 2259 2380 2327 2221 2223 2298
127SYOWA   1990 51  2324 2337 2312 2292 2304 2305 2386 2452 2411 2398 2374
127SYOWA   1990 52  2398 2543 2601 2527 2514 2510 2457 2398 2311 2386 2570
127SYOWA   1990 53  2551 2540 2628 2578 2571 2545 2451 2467 2491
127SYOWA   1990 61  2402 2348 2466 2434 2377 2401 2453 2543 2582 2563 2480
127SYOWA   1990 62  2457 2504 2445 2302 2294 2386 2422 2400 2338 2356 2441
127SYOWA   1990 63  2490 2474 2448 2435 2429 2477 2466 2386
127SYOWA   1990 71  2382 2564 2509 2462 2581 2529 2522 2487 2462 2542 2440
127SYOWA   1990 72  2280 2415 2540 2440 2481 2557 2564 2500 2405 2360 2366
127SYOWA   1990 73  2368 2395 2399 2447 2441 2378 2564 2789 2731
127SYOWA   1990 81  2571 2468 2559 2569 2475 2438 2425 2361 2414 2569 2579
127SYOWA   1990 82  2411 2373 2420 2617 2587 2435 2495 2460 2410 2398 2455
127SYOWA   1990 83  2443 2331 2330 2437 2430 2363 2374 2400 2406
127SYOWA   1990 91  2387 2370 2351 2388 2461 2379 2440 2507 2584 2574 2413
127SYOWA   1990 92  2451 2441 2487 2558 2445 2318 2314 2390 2391 2567 2644
127SYOWA   1990 93  2474 2416 2430 2460 2464 2439 2415 2467
127SYOWA   1990101  2617 2487 2334 2289 2355 2353 2402 2458 2502 2493 2468
127SYOWA   1990102  2380 2334 2334 2286 2210 2273 2316 2339 2487 2557 2579
127SYOWA   1990103  2591 2525 2503 2436 2290 2348 2401 2362 2373
127SYOWA   1990111  2349 2346 2389 2385 2403 2424 2411 2349 2370 2478 2410
127SYOWA   1990112  2385 2411 2447 2448 2481 2459 2326 2280 2303 2349 2385
127SYOWA   1990113  2376 2351 2363 2347 2366 2367 2371 2377
127SYOWA   1990121  2428 2514 2578 2548 2505 2469 2431 2516 2425 2355 2391
127SYOWA   1990122  2313 2412 2449 2398 2407 2425 2379 2372 2372 2396 2388
127SYOWA   1990123  2355 2299 2245 2302 2325 2285 2267 2329 2406
127SYOWA   1991 11  2422 2466 2525 2461 2410 2414 2384 2366 2371 2377 2396
127SYOWA   1991 12  2406 2387 2409 2447 2488 2621 2571 2461 2498 2465 2455
127SYOWA   1991 13  2444 2386 2380 2396 2403 2425 2527 2360 9999
127SYOWA   1991 21  9999 9999 9999 2277 2390 2348 2298 2387 2422 2363 2335
127SYOWA   1991 22  2322 2332 2409 2404 2392 2309 2256 2244 2355 2437 2360
127SYOWA   1991 23  2368 2339 2257 2298 2429 2382
127SYOWA   1991 31  2370 2420 2417 2430 2456 2446 2438 2484 2532 2487 2466
127SYOWA   1991 32  2508 2538 2538 2403 2419 2440 2394 2467 2537 2394 2396
127SYOWA   1991 33  2541 2508 2479 2416 2387 2435 2434 2387 2411
127SYOWA   1991 41  2436 2466 2496 2441 2449 2470 2441 2464 2588 2538 2359
127SYOWA   1991 42  2375 2455 2491 2585 2597 2646 2652 2639 2599 2575 2535
127SYOWA   1991 43  2486 2516 2502 2427 2414 2512 2526 2445
127SYOWA   1991 51  2437 2462 2483 2607 2711 2622 2519 2451 2437 2447 2483
127SYOWA   1991 52  2524 2541 2576 2639 2723 2749 2641 2570 2556 2456 2329
127SYOWA   1991 53  2380 2462 2595 2675 2607 2639 2635 2536 2658
127SYOWA   1991 61  2675 2544 2444 2413 2445 2464 2398 2465 2492 2483 2470
127SYOWA   1991 62  2389 2274 2262 2307 2357 2375 2342 2384 2527 2560 2366
127SYOWA   1991 63  2394 2637 2653 2451 2443 2487 2416 2397
127SYOWA   1991 71  2618 2610 2463 2432 2413 2557 2596 2463 2385 2499 2519
127SYOWA   1991 72  2670 2652 2473 2412 2363 2346 2374 2359 2417 2438 2417
127SYOWA   1991 73  2407 2467 2504 2461 2412 2429 2395 2413 2524
127SYOWA   1991 81  2491 2473 2458 2526 2653 2543 2477 2561 2542 2439 2366
127SYOWA   1991 82  2343 2324 2261 2458 2738 2648 2554 2496 2470 2452 2501
127SYOWA   1991 83  2523 2415 2488 2491 2391 2462 2440 2361 2496
127SYOWA   1991 91  2596 2464 2408 2423 2366 2365 2538 2577 2402 2352 2379
127SYOWA   1991 92  2430 2419 2387 2361 2413 2396 2337 2387 2391 2513 2571
127SYOWA   1991 93  2426 2361 2378 2361 2363 2394 2356 2404
127SYOWA   1991101  2584 2484 2380 2360 2302 2267 2250 2252 2319 2312 2438
127SYOWA   1991102  2536 2523 2534 2497 2470 2428 2446 2405 2360 2417 2497
127SYOWA   1991103  2413 2312 2368 2577 2556 2422 2534 2557 2437
127SYOWA   1991111  2500 2463 2376 2370 2395 2385 2336 2343 2362 2393 2425
127SYOWA   1991112  2434 2387 2317 2334 2352 2310 2306 2327 2335 2308 2332
127SYOWA   1991113  2357 2373 2418 2432 2388 2365 2405 2350
127SYOWA   1991121  2324 2354 2341 2314 2364 2399 2361 2416 2412 2376 2387
127SYOWA   1991122  2365 2304 2273 2255 2228 2238 2262 2299 2405 2364 2270
127SYOWA   1991123  2230 2208 2170 2132 2140 2264 2309 2376 2380
127SYOWA   1992 11  2316 2352 2310 2280 2313 2302 2267 2304 2324 2292 2294
127SYOWA   1992 12  2285 2268 2314 2324 2265 2290 2284 2256 9999 9999 9999
127SYOWA   1992 13  9999 9999 9999 2327 2346 2357 2335 2332 2370
127SYOWA   1992 21  2387 2357 2347 2333 2363 2340 2260 2306 2442 2459 2439
127SYOWA   1992 22  2537 2365 2295 2305 2301 2270 2218 2208 2219 2221 2245
127SYOWA   1992 23  2243 2262 2306 2374 2357 2346 2392
127SYOWA   1992 31  2393 2317 2380 2384 2214 2220 2368 2328 2323 2491 2538
127SYOWA   1992 32  2474 2491 2462 2325 2408 2378 2193 2332 2501 2641 2703
127SYOWA   1992 33  2593 2526 2507 2450 2422 2376 2315 2259 2219
127SYOWA   1992 41  2348 2459 2446 2428 2358 2419 2526 2423 2553 2715 2664
127SYOWA   1992 42  2572 2530 2458 2492 2534 2343 2324 2520 2630 2556 2383
127SYOWA   1992 43  2452 2649 2513 2446 2490 2496 2418 2354
127SYOWA   1992 51  2385 2331 2326 2458 2504 2492 2476 2558 2619 2522 2501
127SYOWA   1992 52  2457 2295 2177 2297 2431 2355 2410 2476 2464 2435 2422
127SYOWA   1992 53  2582 2563 2344 2301 2393 2549 2561 2551 2570
127SYOWA   1992 61  2547 2388 2403 2585 2556 2406 2367 2365 2314 2398 2414
127SYOWA   1992 62  2397 2526 2556 2545 2456 2473 2465 2381 2333 2326 2355
127SYOWA   1992 63  2390 2389 2324 2251 2311 2433 2449 2445
127SYOWA   1992 71  2455 2394 2364 2396 2464 2479 2562 2589 2506 2452 2468
127SYOWA   1992 72  2361 2377 2515 2599 2669 2625 2538 2457 2419 2471 2474
127SYOWA   1992 73  2471 2625 2574 2427 2443 2536 2559 2526 2545
127SYOWA   1992 81  2420 2353 2400 2406 2441 2519 2640 2569 2388 2441 2582
127SYOWA   1992 82  2587 2447 2483 2457 2498 2524 2464 2483 2473 2457 2413
127SYOWA   1992 83  2406 2449 2443 2467 2500 2543 2542 2410 2362
127SYOWA   1992 91  2229 2172 2280 2456 2409 2380 2286 2249 2306 2393 2399
127SYOWA   1992 92  2413 2396 2419 2437 2422 2384 2405 2389 2350 2340 2385
127SYOWA   1992 93  2388 2364 2464 2533 2467 2434 2379 2330
127SYOWA   1992101  2372 2442 2478 2461 2427 2441 2443 2445 2373 2302 2341
127SYOWA   1992102  2339 2308 2386 2413 2320 2212 2250 2289 2253 2266 2305
127SYOWA   1992103  2268 2222 2269 2329 2347 2319 2273 2378 2569
127SYOWA   1992111  2604 2501 2411 2395 2389 2388 2378 2393 2462 2479 2446
127SYOWA   1992112  2442 2429 2335 2273 2271 2375 2387 2384 2398 2329 2329
127SYOWA   1992113  2378 2392 2296 2315 2351 2332 2299 2304
127SYOWA   1992121  2308 2282 2303 2352 2337 2335 2298 2298 2305 2308 2341
127SYOWA   1992122  2318 2257 2210 2173 2303 2366 2321 2368 2406 2381 2369
127SYOWA   1992123  2398 2379 2285 2289 2375 2351 2278 2292 2321
127SYOWA   1993 11  2312 2255 2237 2294 2268 2253 2294 2231 2212 2247 2280
127SYOWA   1993 12  2320 2264 2286 2296 2232 2224 2250 2220 2225 2264 2242
127SYOWA   1993 13  2227 2195 2193 2212 2256 2325 2318 2358 2280
127SYOWA   1993 21  2275 2319 2295 2271 2306 2353 2345 2325 2273 2274 2281
127SYOWA   1993 22  2248 2297 2373 2386 2399 2421 2420 2429 2457 2385 2324
127SYOWA   1993 23  2359 2353 2308 2379 2349 2331
127SYOWA   1993 31  2495 2511 2464 2450 2393 2304 2295 2328 2470 2539 2445
127SYOWA   1993 32  2437 2481 2437 2400 2385 2352 2338 2331 2340 2352 2390
127SYOWA   1993 33  2428 2488 2430 2276 2377 2398 2251 2265 2445
127SYOWA   1993 41  2354 2312 2367 2363 2339 2293 2381 2526 2501 2473 2471
127SYOWA   1993 42  2431 2521 2485 2386 2430 2494 2415 2489 2606 2555 2487
127SYOWA   1993 43  2503 2528 2524 2453 2348 2355 2364 2300
127SYOWA   1993 51  2268 2316 2446 2505 2464 2401 2521 2685 2672 2531 2453
127SYOWA   1993 52  2421 2474 2562 2565 2556 2562 2624 2645 2583 2559 2564
127SYOWA   1993 53  2420 2329 2365 2322 2418 2554 2507 2410 2331
127SYOWA   1993 61  2278 2318 2419 2422 2379 2375 2378 2357 2244 2171 2219
127SYOWA   1993 62  2421 2464 2454 2528 2567 2513 2471 2516 2492 2451 2497
127SYOWA   1993 63  2441 2284 2279 2342 2407 2424 2504 2670
127SYOWA   1993 71  2631 2531 2512 2450 2442 2282 2425 2510 2257 2330 2441
127SYOWA   1993 72  2372 2411 2573 2505 2431 2427 2462 2622 2542 2374 2499
127SYOWA   1993 73  2384 2316 2244 2157 2256 2426 2447 2377 2267
127SYOWA   1993 81  2383 2511 2589 2645 2514 2421 2327 2302 2464 2574 2401
127SYOWA   1993 82  2339 2525 2605 2514 2474 2436 2378 2305 2251 2267 2433
127SYOWA   1993 83  2441 2344 2361 2418 2522 2359 2316 2338 2288
127SYOWA   1993 91  2305 2344 2420 2538 2491 2354 2339 2377 2374 2341 2435
127SYOWA   1993 92  2472 2397 2366 2251 2224 2268 2354 2403 2379 2317 2348
127SYOWA   1993 93  2431 2440 2389 2261 2293 2395 2429 2333
127SYOWA   1993101  2238 2243 2290 2274 2361 2377 2328 2412 2400 2402 2436
127SYOWA   1993102  2471 2386 2282 2325 2475 2505 2437 2477 2461 2401 2304
127SYOWA   1993103  2189 2380 2494 2354 2245 2228 2236 2259 2245
127SYOWA   1993111  2214 2252 2334 2363 2309 2235 2259 2345 2353 2322 2311
127SYOWA   1993112  2301 2374 2444 2385 2327 2384 2447 2329 2296 2272 2300
127SYOWA   1993113  2429 2425 2344 2357 2424 2435 2402 2398
127SYOWA   1993121  2377 2343 2325 2315 2334 2394 2477 2469 2367 2382 2379
127SYOWA   1993122  2359 2417 2450 2442 2398 2389 2358 2291 2314 2414 2406
127SYOWA   1993123  2343 2437 2556 2451 2385 2429 2318 2367 2380
127SYOWA   1994 11  2294 2324 2314 2342 2339 2321 2311 2333 2343 2317 2293
127SYOWA   1994 12  2286 2242 2253 2322 2278 2270 2345 2438 2412 2352 2416
127SYOWA   1994 13  2445 2392 2352 2321 2341 2316 2250 2263 2300
127SYOWA   1994 21  2295 2410 2456 2352 2410 2412 2373 2415 2416 2346 2322
127SYOWA   1994 22  2381 2416 2425 2371 2396 2435 2452 2451 2420 2362 2326
127SYOWA   1994 23  2346 2356 2298 2238 2287 2300
127SYOWA   1994 31  2298 2409 2468 2469 2427 2380 2378 2438 2473 2371 2348
127SYOWA   1994 32  2436 2425 2403 2460 2430 2389 2533 2677 2566 2410 2475
127SYOWA   1994 33  2477 2428 2552 2483 2468 2498 2491 2543 2487
127SYOWA   1994 41  2452 2493 2458 2453 2444 2499 2464 2292 2370 2704 2772
127SYOWA   1994 42  2625 2579 2577 2573 2546 2508 2404 2330 2346 2390 2478
127SYOWA   1994 43  2486 2437 2420 2482 2519 2470 2607 2734
127SYOWA   1994 51  2528 2488 2597 2573 2523 2467 2484 2499 2614 2689 2604
127SYOWA   1994 52  2545 2492 2452 2684 2728 2526 2384 2411 2480 2545 2489
127SYOWA   1994 53  2412 2376 2271 2272 2372 2373 2384 2372 2285
127SYOWA   1994 61  2283 2334 2353 2366 2446 2415 2292 2260 2319 2303 2339
127SYOWA   1994 62  2402 2456 2432 2402 2386 2366 2344 2335 2333 2316 2345
127SYOWA   1994 63  2368 2406 2469 2474 2470 2463 2394 2308
127SYOWA   1994 71  2297 2353 2396 2448 2500 2534 2568 2492 2431 2362 2360
127SYOWA   1994 72  2426 2430 2387 2338 2384 2409 2357 2446 2619 2729 2623
127SYOWA   1994 73  2466 2434 2428 2432 2463 2475 2611 2639 2480
127SYOWA   1994 81  2382 2448 2616 2556 2435 2460 2460 2437 2500 2479 2411
127SYOWA   1994 82  2354 2371 2371 2378 2385 2380 2573 2487 2332 2381 2357
127SYOWA   1994 83  2238 2175 2292 2364 2371 2402 2384 2353 2364
127SYOWA   1994 91  2315 2369 2514 2449 2378 2476 2545 2508 2420 2511 2551
127SYOWA   1994 92  2445 2422 2373 2312 2199 2174 2190 2234 2300 2308 2267
127SYOWA   1994 93  2294 2299 2279 2248 2189 2263 2359 2393
127SYOWA   1994101  2394 2411 2373 2325 2307 2307 2239 2196 2330 2393 2318
127SYOWA   1994102  2317 2323 2355 2450 2416 2350 2291 2367 2521 2487 2382
127SYOWA   1994103  2386 2451 2377 2288 2280 2295 2272 2271 2296
127SYOWA   1994111  2239 2214 2288 2501 2510 2355 2265 2225 2281 2289 2257
127SYOWA   1994112  2363 2336 2280 2284 2293 2305 2275 2298 2281 2270 2363
127SYOWA   1994113  2414 2386 2358 2306 2254 2278 2321 2341
127SYOWA   1994121  2316 2240 2258 2417 2430 2366 2458 2548 2476 2390 2365
127SYOWA   1994122  2341 2399 2393 2368 2406 2435 2426 2354 2299 2322 2356
127SYOWA   1994123  2346 2352 2360 2298 2284 2264 2223 2274 2339
127SYOWA   1995 11  2351 2294 2260 2270 2257 2274 2281 2231 2244 2343 2414
127SYOWA   1995 12  2434 2446 2418 2381 2327 2324 2382 2341 2336 2340 2326
127SYOWA   1995 13  2321 2306 2313 2300 2289 2258 2190 2204 2281
127SYOWA   1995 21  2326 2408 2425 2366 2309 2327 2344 2346 2321 2321 2337
127SYOWA   1995 22  2431 2379 2297 2337 2382 2321 2296 2244 2203 2416 2475
127SYOWA   1995 23  2381 2303 2277 2233 2170 2204
127SYOWA   1995 31  2305 2307 2283 2265 2241 2273 2257 2402 2546 2466 2364
127SYOWA   1995 32  2281 2295 2385 2425 2375 2293 2363 2436 2345 2300 2363
127SYOWA   1995 33  2431 2512 2465 2437 2385 2315 2306 2407 2427
127SYOWA   1995 41  2364 2360 2349 2384 2521 2536 2439 2392 2417 2375 2373
127SYOWA   1995 42  2474 2485 2532 2599 2503 2532 2555 2427 2461 2540 2515
127SYOWA   1995 43  2571 2641 2469 2425 2495 2527 2401 2293
127SYOWA   1995 51  2366 2488 2626 2583 2595 2601 2629 2627 2503 2424 2406
127SYOWA   1995 52  2419 2432 2464 2457 2341 2267 2432 2560 2547 2580 2507
127SYOWA   1995 53  2411 2429 2476 2504 2533 2547 2504 2420 2464
127SYOWA   1995 61  2509 2532 2623 2500 2441 2513 2494 2397 2341 2387 2378
127SYOWA   1995 62  2360 2341 2414 2384 2320 2317 2296 2316 2366 2354 2314
127SYOWA   1995 63  2264 2334 2483 2389 2315 2363 2369 2294
127SYOWA   1995 71  2316 2359 2285 2266 2351 2346 2351 2470 2477 2445 2501
127SYOWA   1995 72  2426 2461 2343 2177 2219 2365 2417 2422 2393 2340 2337
127SYOWA   1995 73  2265 2259 2339 2409 2535 2655 2537 2407 2406
127SYOWA   1995 81  2313 2141 2209 2322 2358 2405 2287 2258 2303 2281 2268
127SYOWA   1995 82  2175 2286 2439 2427 2400 2505 2491 2333 2296 2348 2366
127SYOWA   1995 83  2362 2359 2267 2339 2421 2312 2305 2293 2427
127SYOWA   1995 91  2521 2515 2483 2439 2425 2345 2325 2361 2391 2341 2366
127SYOWA   1995 92  2413 2399 2529 2488 2467 2539 2470 2442 2458 2483 2455
127SYOWA   1995 93  2378 2381 2397 2477 2505 2410 2352 2300
127SYOWA   1995101  2399 2472 2376 2344 2301 2174 2228 2321 2371 2378 2322
127SYOWA   1995102  2520 2799 2654 2466 2485 2469 2388 2389 2304 2236 2322
127SYOWA   1995103  2260 2253 2287 2236 2152 2248 2317 2384 2336
127SYOWA   1995111  2319 2378 2353 2352 2399 2346 2332 2327 2340 2296 2284
127SYOWA   1995112  2366 2394 2392 2389 2347 2335 2304 2308 2398 2344 2324
127SYOWA   1995113  2332 2288 2283 2231 2126 2173 2197 2177
127SYOWA   1995121  2215 2274 2459 2508 2451 2423 2354 2278 2326 2448 2463
127SYOWA   1995122  2417 2400 2343 2330 2382 2409 2375 2238 2198 2301 2386
127SYOWA   1995123  2255 2208 2233 2264 2301 2284 2241 2217 2308
127SYOWA   1996 11  2403 2473 2451 2364 2348 2305 2258 2245 2265 2260 2287
127SYOWA   1996 12  2310 2290 2279 2282 2254 2265 2339 2379 2275 2210 2257
127SYOWA   1996 13  2285 2314 2302 2235 2204 2228 2220 2205 2206
127SYOWA   1996 21  2176 2272 2340 2321 2324 2288 2261 2258 2262 2270 2227
127SYOWA   1996 22  2185 2403 2574 2449 2429 2359 2256 2221 2229 2233 2384
127SYOWA   1996 23  2571 2530 2441 2387 2375 2384 2429
127SYOWA   1996 31  2465 2382 2352 2450 2480 2455 2504 2531 2400 2367 2464
127SYOWA   1996 32  2529 2490 2485 2541 2528 2493 2432 2463 2459 2418 2486
127SYOWA   1996 33  2474 2474 2493 2565 2599 2564 2557 2526 2398
127SYOWA   1996 41  2462 2618 2647 2499 2439 2514 2501 2600 2714 2581 2575
127SYOWA   1996 42  2645 2555 2460 2428 2627 2470 2284 2388 2664 2646 2566
127SYOWA   1996 43  2564 2532 2459 2434 2410 2447 2558 2510
127SYOWA   1996 51  2406 2455 2496 2448 2471 2533 2643 2637 2539 2506 2489
127SYOWA   1996 52  2574 2520 2387 2440 2498 2475 2467 2545 2465 2412 2456
127SYOWA   1996 53  2469 2447 2438 2561 2796 2606 2571 2497 2422
127SYOWA   1996 61  2430 2548 2672 2577 2492 2574 2407 2327 2467 2663 2640
127SYOWA   1996 62  2509 2448 2420 2433 2455 2594 2668 2563 2523 2470 2388
127SYOWA   1996 63  2417 2448 2401 2382 2347 2327 2416 2345
127SYOWA   1996 71  2330 2410 2406 2414 2417 2317 2436 2607 2559 2428 2393
127SYOWA   1996 72  2414 2408 2378 2325 2293 2224 2198 2219 2240 2195 2183
127SYOWA   1996 73  2301 2318 2249 2192 2306 2547 2522 2419 2415
127SYOWA   1996 81  2492 2391 2311 2352 2383 2386 2417 2599 2481 2396 2535
127SYOWA   1996 82  2465 2336 2292 2338 2517 2595 2418 2427 2484 2442 2444
127SYOWA   1996 83  2399 2305 2190 2169 2189 2246 2227 2143 2179
127SYOWA   1996 91  2188 2192 2250 2260 2267 2311 2421 2520 2468 2381 2309
127SYOWA   1996 92  2276 2266 2257 2336 2297 2271 2429 2469 2454 2440 2302
127SYOWA   1996 93  2379 2458 2258 2202 2239 2276 2285 2295
127SYOWA   1996101  2325 2354 2330 2337 2324 2335 2473 2517 2495 2470 2420
127SYOWA   1996102  2323 2298 2266 2277 2421 2381 2530 2616 2536 2365 2372
127SYOWA   1996103  2485 2424 2293 2256 2394 2393 2307 2302 2393
127SYOWA   1996111  2390 2306 2258 2254 2236 2231 2249 2192 2230 2328 2289
127SYOWA   1996112  2236 2259 2257 2169 2240 2347 2271 2266 2290 2292 2377
127SYOWA   1996113  2365 2301 2333 2464 2536 2487 2355 2328
127SYOWA   1996121  2304 2318 2413 2295 2241 2338 2305 2315 2364 2337 2301
127SYOWA   1996122  2295 2295 2275 2267 2284 2312 2282 2316 2418 2411 2407
127SYOWA   1996123  2482 2462 2348 2352 2410 2373 2311 2291 2304
127SYOWA   1997 11  2356 2352 2316 2338 2434 2433 2318 2293 2297 2263 2266
127SYOWA   1997 12  2254 2219 2248 2225 2212 2287 2311 2289 2333 2365 2325
127SYOWA   1997 13  2385 2395 2345 2269 2278 2308 2263 2292 2342
127SYOWA   1997 21  2269 2377 2406 2331 2391 2413 2366 2399 2350 2264 2217
127SYOWA   1997 22  2259 2350 2359 2383 2383 2341 2336 2396 2450 2402 2419
127SYOWA   1997 23  2497 2411 2300 2269 2257 2354
127SYOWA   1997 31  2452 2449 2377 2390 2471 2415 2440 2395 2351 2373 2373
127SYOWA   1997 32  2386 2452 2514 2513 2504 2469 2460 2461 2439 2452 2464
127SYOWA   1997 33  2476 2518 2505 2487 2484 2460 2465 2463 2449
127SYOWA   1997 41  2450 2444 2355 2234 2396 2612 2537 2623 2664 2549 2479
127SYOWA   1997 42  2525 2599 2589 2544 2551 2516 2421 2436 2447 2507 2680
127SYOWA   1997 43  2572 2550 2649 2643 2724 2476 2553 2712
127SYOWA   1997 51  2603 2514 2413 2444 2519 2477 2457 2573 2589 2498 2439
127SYOWA   1997 52  2439 2441 2484 2480 2470 2502 2550 2491 2581 2601 2507
127SYOWA   1997 53  2569 2576 2413 2336 2414 2537 2505 2506 2542
127SYOWA   1997 61  2443 2387 2455 2484 2521 2582 2605 2509 2545 2579 2459
127SYOWA   1997 62  2446 2466 2350 2423 2293 2317 2405 2301 2351 2339 2325
127SYOWA   1997 63  2346 2364 2364 2377 2328 2299 2357 2335
127SYOWA   1997 71  2320 2408 2475 2460 2402 2422 2530 2549 2490 2457 2478
127SYOWA   1997 72  2597 2586 2425 2339 2423 2428 2373 2375 2425 2465 2415
127SYOWA   1997 73  2344 2294 2246 2275 2389 2399 2407 2528 2473
127SYOWA   1997 81  2424 2495 2577 2421 2374 2444 2476 2467 2273 2276 2356
127SYOWA   1997 82  2348 2336 2437 2486 2414 2322 2273 2337 2452 2366 2337
127SYOWA   1997 83  2387 2305 2384 2423 2415 2524 2554 2532 2488
127SYOWA   1997 91  2477 2443 2408 2246 2183 2290 2326 2363 2376 2259 2212
127SYOWA   1997 92  2244 2346 2396 2232 2157 2297 2359 2241 2180 2221 2306
127SYOWA   1997 93  2339 2372 2293 2301 2323 2268 2280 2314
127SYOWA   1997101  2363 2355 2341 2361 2360 2352 2442 2440 2366 2309 2310
127SYOWA   1997102  2346 2355 2280 2263 2267 2220 2261 2332 2421 2375 2287
127SYOWA   1997103  2386 2479 2452 2402 2360 2361 2481 2477 2387
127SYOWA   1997111  2339 2323 2412 2328 2167 2201 2227 2163 2174 2119 2084
127SYOWA   1997112  2121 2128 2067 2145 2333 2262 2124 2174 2197 2175 2161
127SYOWA   1997113  2162 2165 2143 2141 2223 2306 2398 2458
127SYOWA   1997121  2401 2329 2322 2346 2308 2242 2241 2316 2344 2300 2371
127SYOWA   1997122  2367 2325 2309 2325 2329 2341 2418 2353 2285 2310 2319
127SYOWA   1997123  2262 2267 2291 2264 2284 2303 2351 2385 2445
127SYOWA   1998 11  2477 2416 2410 2371 2304 2288 2261 2226 2291 2364 2345
127SYOWA   1998 12  2340 2370 2417 2396 2377 2367 2344 2348 2383 2400 2379
127SYOWA   1998 13  2365 2405 2404 2408 2446 2423 2364 2332 2312
127SYOWA   1998 21  2331 2419 2474 2502 2586 2583 2471 2452 2402 2340 2388
127SYOWA   1998 22  2393 2417 2478 2488 2438 2389 2380 2418 2514 2548 2514
127SYOWA   1998 23  2487 2455 2450 2459 2427 2428
127SYOWA   1998 31  2386 2373 2505 2505 2459 2592 2581 2433 2481 2480 2407
127SYOWA   1998 32  2398 2470 2494 2437 2417 2553 2625 2618 2783 2795 2690
127SYOWA   1998 33  2661 2651 2581 2492 2504 2498 2507 2557 2623
127SYOWA   1998 41  2699 2618 2565 2552 2585 2675 2603 2469 2519 2662 2638
127SYOWA   1998 42  2564 2572 2559 2558 2595 2624 2563 2559 2627 2712 2655
127SYOWA   1998 43  2560 2463 2392 2436 2562 2632 2473 2494
127SYOWA   1998 51  2662 2630 2592 2625 2568 2536 2586 2467 2468 2561 2363
127SYOWA   1998 52  2288 2246 2232 2340 2425 2470 2410 2335 2294 2323 2519
127SYOWA   1998 53  2531 2473 2505 2576 2434 2443 2626 2704 2575
127SYOWA   1998 61  2475 2565 2611 2590 2573 2422 2558 2485 2473 2601 2543
127SYOWA   1998 62  2376 2359 2468 2590 2545 2488 2491 2446 2414 2453 2517
127SYOWA   1998 63  2536 2492 2434 2427 2383 2354 2414 2602
127SYOWA   1998 71  2435 2412 2542 2518 2601 2473 2339 2507 2625 2602 2722
127SYOWA   1998 72  2595 2477 2407 2309 2383 2476 2425 2376 2393 2396 2438
127SYOWA   1998 73  2492 2391 2358 2468 2394 2445 2643 2613 2490
127SYOWA   1998 81  2477 2480 2405 2376 2401 2554 2486 2408 2498 2599 2471
127SYOWA   1998 82  2341 2322 2340 2265 2243 2365 2354 2335 2413 2317 2220
127SYOWA   1998 83  2288 2401 2412 2414 2454 2521 2575 2473 2386
127SYOWA   1998 91  2443 2356 2261 2427 2440 2303 2330 2327 2253 2206 2292
127SYOWA   1998 92  2361 2402 2586 2504 2444 2384 2382 2517 2478 2424 2383
127SYOWA   1998 93  2343 2411 2375 2332 2376 2416 2395 2365
127SYOWA   1998101  2523 2462 2336 2361 2331 2240 2254 2439 2621 2444 2341
127SYOWA   1998102  2377 2489 2578 2483 2409 2378 2376 2446 2434 2375 2390
127SYOWA   1998103  2346 2246 2261 2338 2393 2400 2439 2433 2467
127SYOWA   1998111  2432 2327 2281 2331 2336 2335 2418 2493 2427 2403 2640
127SYOWA   1998112  2636 2467 2453 2386 2397 2515 2501 2384 2394 2387 2411
127SYOWA   1998113  2556 2599 2558 2517 2398 2381 2443 2364
127SYOWA   1998121  2246 2308 2399 2368 2505 2446 2357 2442 2429 2464 2478
127SYOWA   1998122  2445 2421 2379 2365 2362 2406 2451 2398 2357 2314 2185
127SYOWA   1998123  2305 2365 2319 2310 2279 2215 2211 2276 2303
127SYOWA   1999 11  2358 2457 2437 2402 2348 2325 2422 2457 2437 2328 2331
127SYOWA   1999 12  2347 2252 2252 2348 2450 2413 2355 2306 2276 2274 2278
127SYOWA   1999 13  2341 2327 2299 2292 2321 2471 2506 2437 2454
127SYOWA   1999 21  2431 2352 2350 2372 2374 2380 2396 2344 2287 2337 2376
127SYOWA   1999 22  2356 2333 2329 2328 2380 2393 2334 2273 2267 2298 2317
127SYOWA   1999 23  2308 2467 2512 2330 2340 2391
127SYOWA   1999 31  2377 2427 2469 2494 2552 2529 2535 2492 2400 2423 2510
127SYOWA   1999 32  2519 2466 2439 2428 2395 2398 2403 2383 2377 2423 2479
127SYOWA   1999 33  2520 2566 2496 2427 2439 2493 2524 2560 2604
127SYOWA   1999 41  2610 2495 2470 2473 2522 2535 2531 2529 2549 2609 2610
127SYOWA   1999 42  2531 2430 2442 2601 2659 2522 2437 2440 2644 2670 2608
127SYOWA   1999 43  2685 2627 2473 2416 2524 2582 2585 2567
127SYOWA   1999 51  2485 2463 2492 2576 2583 2446 2479 2599 2586 2558 2611
127SYOWA   1999 52  2611 2530 2484 2440 2575 2695 2587 2553 2498 2526 2608
127SYOWA   1999 53  2668 2466 2424 2480 2448 2404 2396 2491 2564
127SYOWA   1999 61  2616 2660 2645 2604 2520 2485 2556 2485 2330 2352 2516
127SYOWA   1999 62  2548 2560 2593 2483 2339 2348 2354 2376 2401 9999 9999
127SYOWA   1999 63  9999 9999 9999 9999 2391 2407 2424 2487
127SYOWA   1999 71  2648 2704 2665 2597 2571 2566 2537 2522 2447 2386 2389
127SYOWA   1999 72  2356 2361 9999 9999 9999 2317 2333 2423 2394 2302 2316
127SYOWA   1999 73  2475 2491 2629 2796 2691 2575 2534 2523 2370
127SYOWA   1999 81  2238 2226 2284 2359 2285 2218 2330 2460 2571 2572 2556
127SYOWA   1999 82  2449 2347 2512 2432 2355 2535 2543 2411 2374 2462 2402
127SYOWA   1999 83  2284 2271 2353 2477 2429 2365 2242 2289 2351
127SYOWA   1999 91  2432 2483 2443 2446 2400 2260 2281 2322 2355 2248 2112
127SYOWA   1999 92  2159 2288 2324 2360 2317 2298 2438 2507 2446 2437 2424
127SYOWA   1999 93  2346 2315 2319 2322 2324 2267 2315 2382
127SYOWA   1999101  2386 2492 2408 2423 2732 2709 2484 2419 2469 2453 2439
127SYOWA   1999102  2493 2441 2440 2466 2405 2386 2319 2220 2314 2467 2399
127SYOWA   1999103  2312 2340 2385 2483 2462 2558 2537 2379 2381
127SYOWA   1999111  2387 2353 2381 2392 2320 2276 2195 2215 2328 2359 2362
127SYOWA   1999112  2367 2387 2371 2370 2383 2376 2324 2407 2435 2366 2330
127SYOWA   1999113  2328 2308 2305 2370 2333 2323 2367 2440
127SYOWA   1999121  2459 2400 2422 2478 2431 2493 2611 2612 2522 2455 2407
127SYOWA   1999122  2477 2496 2444 2418 2362 2348 2340 2294 2261 2265 2346
127SYOWA   1999123  2442 2415 2330 2328 2342 2322 2326 2324 2289
127SYOWA   2000 11  2343 2412 2462 2438 2387 2428 2451 2356 2358 2478 2519
127SYOWA   2000 12  2444 2386 2425 2461 2432 2438 2429 2369 2401 2398 2337
127SYOWA   2000 13  2342 2365 2363 2359 2372 2392 2373 2332 2313
127SYOWA   2000 21  2325 2378 2439 2444 2532 2544 2427 2398 2396 2374 2310
127SYOWA   2000 22  2391 2479 2450 2368 2434 2566 2510 2501 2522 2441 2313
127SYOWA   2000 23  2383 2417 2390 2400 2584 2655 2500
127SYOWA   2000 31  2463 2471 2451 2330 2259 2346 2490 2488 2427 2389 2374
127SYOWA   2000 32  2370 2379 2368 2331 2377 2464 2410 2421 2521 2493 2441
127SYOWA   2000 33  2509 2498 2472 2564 2611 2588 2558 2514 2501
127SYOWA   2000 41  2463 2404 2573 2657 2558 2576 2547 2600 2614 2575 2545
127SYOWA   2000 42  2487 2443 2481 2509 2523 2499 2418 2380 2378 2381 2461
127SYOWA   2000 43  2707 2663 2629 2606 2553 2605 2703 2569
127SYOWA   2000 51  2508 2460 2345 2388 2530 2636 2582 2701 2769 2648 2658
127SYOWA   2000 52  2685 2638 2593 2577 2587 2680 2668 2656 2617 2601 2590
127SYOWA   2000 53  2621 2674 2528 2375 2325 2334 2373 2506 2585
127SYOWA   2000 61  2560 2464 2453 2458 2431 2559 2654 2526 2407 2465 2607
127SYOWA   2000 62  2691 2677 2533 2433 2546 2689 2628 2615 2633 2618 2552
127SYOWA   2000 63  2516 2505 2433 2386 2467 2684 2548 2428
127SYOWA   2000 71  2701 2688 2551 2558 2499 2445 2487 2476 2420 2549 2724
127SYOWA   2000 72  2622 2524 2393 2370 2475 2462 2388 2381 2378 2399 2400
127SYOWA   2000 73  2388 2391 2420 2605 2669 2597 2570 2508 2473
127SYOWA   2000 81  2439 2343 2336 2459 2546 2539 2581 2461 2363 2407 2501
127SYOWA   2000 82  2667 2669 2525 2456 2432 2508 2558 2466 2394 2367 2425
127SYOWA   2000 83  2418 2315 2398 2510 2603 2540 2496 2498 2416
127SYOWA   2000 91  2294 2331 2381 2340 2283 2263 2349 2429 2359 2308 2342
127SYOWA   2000 92  2358 2356 2352 2407 2441 2350 2365 2502 2584 2433 2307
127SYOWA   2000 93  2335 2357 2268 2355 2462 2451 2399 2381
127SYOWA   2000101  2407 2477 2484 2430 2486 2547 2485 2434 2470 2478 2497
127SYOWA   2000102  2482 2399 2346 2344 2324 2356 2470 2412 2436 2527 2480
127SYOWA   2000103  2379 2330 2342 2351 2375 2444 2457 2494 2402
127SYOWA   2000111  2321 2391 2486 2437 2401 2452 2385 2319 2326 2388 2353
127SYOWA   2000112  2306 2365 2357 2338 2263 2147 2276 2310 2271 2300 2377
127SYOWA   2000113  2367 2371 2417 2418 2383 2374 2368 2364
127SYOWA   2000121  2360 2381 2363 2317 2286 2276 2329 2314 2290 2312 2281
127SYOWA   2000122  2291 2317 2290 2288 2292 2295 2312 2418 2468 2451 2423
127SYOWA   2000123  2381 2318 2268 2282 2337 2411 2449 2418 2394
127SYOWA   2001 11  2358 2323 2323 2324 2379 2410 2403 2505 2505 2419 2431
127SYOWA   2001 12  2390 2358 2363 2314 2267 2331 2370 2305 2300 2352 2450
127SYOWA   2001 13  2513 2455 2464 2447 2295 2310 2384 2315 2231
127SYOWA   2001 21  2244 2306 2339 2453 2513 2401 2317 2318 2377 2418 2442
127SYOWA   2001 22  2317 2307 2608 2674 2508 2429 2440 2401 2405 2461 2472
127SYOWA   2001 23  2450 2437 2448 2492 2508 2475
127SYOWA   2001 31  2489 2474 2515 2659 2686 2595 2530 2513 2525 2578 2553
127SYOWA   2001 32  2431 2467 2603 2615 2477 2488 2559 2546 2552 2595 2620
127SYOWA   2001 33  2535 2466 2468 2459 2528 2602 2633 2676 2598
127SYOWA   2001 41  2527 2568 2654 2513 2575 2841 2679 2525 2526 2474 2637
127SYOWA   2001 42  2715 2695 2731 2686 2685 2682 2688 2683 2614 2567 2737
127SYOWA   2001 43  2721 2590 2612 2632 2560 2538 2514 2628
127SYOWA   2001 51  2785 2724 2660 2553 2434 2364 2399 2550 2651 2690 2673
127SYOWA   2001 52  2623 2557 2537 2582 2647 2629 2590 2532 2419 2518 2605
127SYOWA   2001 53  2498 2399 2442 2623 2735 2740 2672 2559 2513
127SYOWA   2001 61  2515 2607 2669 2644 2571 2502 2504 2646 2590 2396 2325
127SYOWA   2001 62  2343 2374 2407 2387 2307 2292 2414 2452 2451 2518 2457
127SYOWA   2001 63  2504 2648 2425 2292 2413 2379 2342 2470
127SYOWA   2001 71  2598 2573 2517 2553 2602 2708 2685 2554 2536 2500 2439
127SYOWA   2001 72  2478 2530 2494 2412 2401 2410 2452 2442 2352 2349 2486
127SYOWA   2001 73  2543 2522 2543 2460 2394 2478 2471 2515 2675
127SYOWA   2001 81  2697 2701 2698 2720 2644 2490 2431 2427 2432 2555 2603
127SYOWA   2001 82  2463 2460 2561 2527 2465 2369 2325 2396 2398 2522 2562
127SYOWA   2001 83  2508 2551 2467 2444 2506 2461 2418 2471 2468
127SYOWA   2001 91  2439 2485 2552 2435 2355 2437 2522 2550 2454 2433 2452
127SYOWA   2001 92  2406 2396 2388 2383 2357 2355 2579 2645 2492 2463 2488
127SYOWA   2001 93  2539 2492 2434 2440 2491 2601 2633 2583
127SYOWA   2001101  2557 2555 2550 2380 2317 2413 2423 2394 2442 2496 2506
127SYOWA   2001102  2525 2534 2484 2401 2340 2403 2480 2466 2416 2409 2502
127SYOWA   2001103  2499 2388 2446 2456 2398 2400 2294 2151 2164
127SYOWA   2001111  2308 2374 2372 2440 2537 2518 2528 2518 2473 2505 2456
127SYOWA   2001112  2418 2437 2422 2399 2517 2636 2521 2455 2448 2414 2495
127SYOWA   2001113  2520 2424 2483 2561 2498 2457 2623 2504
127SYOWA   2001121  2477 2546 2550 2624 2628 2428 2410 2498 2529 2547 2444
127SYOWA   2001122  2390 2416 2439 2448 2512 2617 2599 2531 2558 2557 2522
127SYOWA   2001123  2509 2391 2370 2459 2456 2349 2361 2351 2386
127SYOWA   2002 11  2454 2369 2341 2391 2373 2319 2304 2343 2374 2384 2399
127SYOWA   2002 12  2408 2382 2394 2361 2399 2445 2449 2437 2410 2414 2471
127SYOWA   2002 13  2466 2477 2525 2507 2473 2444 2461 2479 2459
127SYOWA   2002 21  2477 2488 2442 2416 2423 2473 2510 2531 2586 2552 2458
127SYOWA   2002 22  2494 2770 2615 2372 2325 2355 2490 2440 2372 2483 2590
127SYOWA   2002 23  2628 2547 2578 2526 2446 2389
127SYOWA   2002 31  2380 2434 2487 2548 2544 2503 2476 2500 2592 2665 2596
127SYOWA   2002 32  2552 2461 2430 2432 2420 2447 2494 2483 2462 2502 2506
127SYOWA   2002 33  2433 2377 2424 2536 2516 2470 2392 2360 2538
127SYOWA   2002 41  2535 2530 2560 2568 2627 2635 2604 2500 2461 2472 2571
127SYOWA   2002 42  2534 2480 2492 2412 2440 2474 2477 2531 2558 2568 2553
127SYOWA   2002 43  2544 2569 2511 2405 2377 2439 2661 2632
127SYOWA   2002 51  2473 2599 2910 2846 2640 2492 2357 2378 2408 2436 2475
127SYOWA   2002 52  2476 2520 2501 2471 2523 2687 2760 2624 2556 2478 2353
127SYOWA   2002 53  2277 2324 2389 2347 2374 2387 2468 2567 2541
127SYOWA   2002 61  2514 2541 2555 2487 2450 2551 2673 2541 2437 2504 2594
127SYOWA   2002 62  2501 2474 2441 2372 2441 2470 2462 2512 2524 2529 2508
127SYOWA   2002 63  2558 2684 2626 2555 2598 2681 2600 2381
127SYOWA   2002 71  2392 2478 2421 2493 2507 2429 2393 2416 2388 2382 2499
127SYOWA   2002 72  2461 2364 2333 2550 2539 2351 2455 2491 2434 2561 2691
127SYOWA   2002 73  2634 2639 2620 2647 2648 2658 2692 2636 2636
127SYOWA   2002 81  2550 2496 2576 2565 2535 2720 2726 2574 2517 2574 2509
127SYOWA   2002 82  2465 2543 2481 2374 2472 2581 2637 2567 2457 2405 2407
127SYOWA   2002 83  2448 2511 2620 2528 2496 2600 2408 2419 2370
127SYOWA   2002 91  2423 2585 2552 2496 2487 2448 2417 2315 2200 2267 2390
127SYOWA   2002 92  2446 2448 2444 2673 2567 2506 2493 2467 2492 2506 2508
127SYOWA   2002 93  2416 2400 2401 2337 2363 2527 2523 2442
127SYOWA   2002101  2357 2261 2327 2339 2326 2347 2284 2269 2399 2405 2292
127SYOWA   2002102  2355 2387 2412 2448 2388 2365 2406 2472 2506 2527 2470
127SYOWA   2002103  2323 2330 2413 2456 2473 2414 2349 2327 2308
127SYOWA   2002111  2310 2267 2267 2283 2278 2324 2391 2416 2432 2467 2480
127SYOWA   2002112  2412 2438 2502 2480 2439 2468 2536 2512 2471 2503 2563
127SYOWA   2002113  2555 2484 2444 2438 2427 2441 2399 2329
127SYOWA   2002121  2413 2482 2410 2406 2423 2389 2406 2545 2565 2466 2491
127SYOWA   2002122  2465 2365 2332 2345 2366 2367 2474 2520 2469 2486 2452
127SYOWA   2002123  2468 2545 2454 2336 2323 2310 2307 2307 2345
127SYOWA   2003 11  2368 2368 2322 2298 2307 2296 2304 2306 2252 2227 2236
127SYOWA   2003 12  2248 2331 2348 2279 2290 2313 2241 2209 2252 2387 2407
127SYOWA   2003 13  2304 2298 2289 2306 2402 2494 2540 2503 2467
127SYOWA   2003 21  2501 2497 2455 2429 2408 2397 2431 2442 2432 2410 2443
127SYOWA   2003 22  2514 2492 2407 2360 2421 2590 2502 2474 2515 2418 2361
127SYOWA   2003 23  2428 2459 2414 2440 2529 2506
127SYOWA   2003 31  2510 2520 2415 2386 2444 2431 2473 2631 2663 2634 2594
127SYOWA   2003 32  2570 2541 2592 2695 2693 2698 2673 2607 2586 2580 2535
127SYOWA   2003 33  2517 2588 2706 2763 2690 2641 2690 2634 2574
127SYOWA   2003 41  2680 2674 2580 2501 2535 2686 2699 2619 2579 2613 2784
127SYOWA   2003 42  2751 2646 2575 2619 2728 2806 2777 2719 2813 2662 2759
127SYOWA   2003 43  2739 2695 2675 2575 2524 2591 2581 2464
127SYOWA   2003 51  2392 2429 2430 2560 2731 2718 2651 2621 2677 2700 2719
127SYOWA   2003 52  2835 2745 2602 2580 2554 2601 2540 2554 2687 2572 2405
127SYOWA   2003 53  2338 2365 2535 2463 2436 2615 2563 2659 2755
127SYOWA   2003 61  2677 2593 2558 2544 2590 2619 2626 2655 2633 2633 2690
127SYOWA   2003 62  2604 2573 2707 2712 2675 2673 2649 2603 2538 2516 2726
127SYOWA   2003 63  2761 2775 2727 2600 2516 2543 2578 2562
127SYOWA   2003 71  2616 2593 2430 2393 2456 2351 2281 2458 2482 2549 2834
127SYOWA   2003 72  2778 2606 2623 2602 2630 2745 2761 2705 2616 2536 2552
127SYOWA   2003 73  2762 2811 2536 2471 2556 2639 2540 2405 2571
127SYOWA   2003 81  2668 2594 2583 2520 2397 2397 2580 2613 2505 2474 2528
127SYOWA   2003 82  2550 2608 2482 2455 2544 2534 2413 2379 2509 2617 2650
127SYOWA   2003 83  2579 2537 2474 2344 2393 2616 2596 2525 2481
127SYOWA   2003 91  2536 2693 2721 2644 2583 2541 2470 2460 2422 2606 2685
127SYOWA   2003 92  2571 2500 2496 2642 2674 2540 2495 2544 2554 2568 2525
127SYOWA   2003 93  2444 2388 2389 2425 2415 2467 2548 2516
127SYOWA   2003101  2483 2466 2450 2497 2535 2457 2396 2413 2464 2483 2505
127SYOWA   2003102  2515 2467 2363 2371 2469 2488 2556 2570 2511 2539 2480
127SYOWA   2003103  2454 2464 2408 2329 2363 2422 2409 2341 2317
127SYOWA   2003111  2364 2426 2447 2460 2472 2469 2465 2443 2455 2479 2506
127SYOWA   2003112  2490 2480 2488 2561 2658 2566 2464 2425 2429 2418 2443
127SYOWA   2003113  2518 2571 2480 2436 2529 2511 2466 2472
127SYOWA   2003121  2481 2494 2465 2437 2429 2472 2530 2522 2508 2476 2441
127SYOWA   2003122  2373 2355 2376 2410 2421 2384 2372 2429 2475 2439 2444
127SYOWA   2003123  2477 2414 2412 2450 2368 2310 2373 2460 2459
127SYOWA   2004 11  2524 2552 2529 2555 2505 2509 2537 2494 2487 2521 2498
127SYOWA   2004 12  2454 2427 2442 2448 2464 2661 2670 2562 2589 2578 2575
127SYOWA   2004 13  2552 2525 2492 2404 2324 2349 2426 2391 2354
127SYOWA   2004 21  2433 2597 2591 2410 2386 2420 2394 2363 2410 2388 2374
127SYOWA   2004 22  2391 2399 2401 2480 2536 2455 2545 2510 2446 2327 2303
127SYOWA   2004 23  2437 2492 2477 2484 2534 2625 2641
127SYOWA   2004 31  2675 2765 2763 2617 2602 2642 2565 2674 2624 2635 2669
127SYOWA   2004 32  2656 2757 2709 2651 2605 2633 2600 2478 2508 2531 2607
127SYOWA   2004 33  2716 2717 2658 2623 2669 2791 2836 2746 2731
127SYOWA   2004 41  2630 2551 2571 2497 2613 2801 2744 2468 2516 2744 2757
127SYOWA   2004 42  2601 2585 2604 2655 2682 2538 2479 2544 2493 2468 2600
127SYOWA   2004 43  2668 2588 2572 2631 2623 2569 2529 2520
127SYOWA   2004 51  2506 2478 2473 2527 2510 2483 2614 2631 2586 2592 2581
127SYOWA   2004 52  2569 2567 2447 2367 2457 2592 2648 2720 2755 2796 2794
127SYOWA   2004 53  2707 2652 2610 2547 2581 2824 2740 2571 2755
127SYOWA   2004 61  2777 2646 2633 2570 2638 2649 2555 2718 2592 2477 2482
127SYOWA   2004 62  2406 2462 2475 2533 2621 2637 2572 2595 2611 2656 2503
127SYOWA   2004 63  2474 2702 2755 2679 2660 2604 2553 2615
127SYOWA   2004 71  2589 2559 2723 2777 2649 2614 2613 2609 2570 2440 2451
127SYOWA   2004 72  2529 2466 2538 2614 2630 2658 2649 2635 2623 2590 2541
127SYOWA   2004 73  2663 2747 2707 2649 2604 2552 2497 2467 2495
127SYOWA   2004 81  2506 2492 2476 2424 2426 2502 2440 2422 2409 2435 2667
127SYOWA   2004 82  2763 2740 2594 2469 2548 2724 2647 2516 2523 2437 2369
127SYOWA   2004 83  2411 2631 2764 2607 2596 2634 2667 2548 2445
127SYOWA   2004 91  2471 2448 2484 2571 2541 2549 2615 2584 2579 2633 2602
127SYOWA   2004 92  2574 2525 2414 2388 2415 2333 2399 2536 2445 2420 2521
127SYOWA   2004 93  2544 2484 2577 2654 2443 2315 2331 2378
127SYOWA   2004101  2384 2359 2406 2477 2454 2434 2452 2462 2482 2400 2421
127SYOWA   2004102  2466 2447 2448 2434 2485 2619 2573 2473 2576 2586 2594
127SYOWA   2004103  2698 2651 2550 2529 2530 2546 2529 2463 2482
127SYOWA   2004111  2579 2678 2583 2478 2504 2451 2414 2402 2352 2383 2412
127SYOWA   2004112  2376 2375 2454 2580 2621 2560 2560 2529 2510 2528 2512
127SYOWA   2004113  2467 2484 2503 2515 2526 2501 2466 2487
127SYOWA   2004121  2570 2632 2607 2557 2483 2424 2473 2496 2443 2400 2445
127SYOWA   2004122  2498 2470 2432 2439 2407 2399 2420 2417 2430 2466 2435
127SYOWA   2004123  2448 2503 2495 2516 2611 2584 2506 2522 2614
127SYOWA   2005 11  2607 2538 2543 2510 2464 2483 2513 2530 2502 2479 2438
127SYOWA   2005 12  2398 2338 2319 2352 2371 2408 2433 2465 2478 2462 2465
127SYOWA   2005 13  2474 2494 2490 2476 2463 2411 2390 2424 2460
127SYOWA   2005 21  2549 2563 2574 2567 2543 2485 2461 2493 2495 2515 2542
127SYOWA   2005 22  2590 2641 2602 2549 2499 2533 2556 2558 2604 2595 2559
127SYOWA   2005 23  2470 2489 2649 2535 2406 2430
127SYOWA   2005 31  2477 2427 2516 2622 2532 2423 2486 2602 2537 2524 2610
127SYOWA   2005 32  2578 2596 2616 2582 2600 2583 2655 2660 2603 2861 2759
127SYOWA   2005 33  2597 2578 2495 2412 2517 2604 2540 2541 2571
127SYOWA   2005 41  2577 2595 2648 2602 2549 2671 2779 2718 2612 2578 2621
127SYOWA   2005 42  2634 2645 2814 2846 2677 2602 2605 2691 2584 2564 2595
127SYOWA   2005 43  2537 2543 2582 2634 2669 2615 2605 2753
127SYOWA   2005 51  2763 2681 2766 2640 2519 2620 2572 2614 2680 2664 2659
127SYOWA   2005 52  2610 2606 2776 2855 2765 2622 2669 2632 2603 2717 2724
127SYOWA   2005 53  2726 2940 3024 2825 2637 2599 2681 2599 2443
127SYOWA   2005 61  2482 2608 2767 2764 2689 2715 2762 2661 2640 2724 2593
127SYOWA   2005 62  2587 2670 2545 2477 2476 2404 2411 2503 2631 2688 2620
127SYOWA   2005 63  2557 2483 2464 2476 2427 2365 2350 2411
127SYOWA   2005 71  2586 2600 2534 2776 2937 2768 2710 2568 2596 2786 2709
127SYOWA   2005 72  2564 2652 2696 2560 2472 2452 2521 2536 2590 2508 2352
127SYOWA   2005 73  2453 2539 2455 2493 2514 2498 2607 2681 2649
127SYOWA   2005 81  2559 2486 2468 2511 2552 2616 2661 2663 2779 2767 2498
127SYOWA   2005 82  2476 2497 2519 2574 2552 2557 2523 2447 2444 2439 2392
127SYOWA   2005 83  2385 2393 2557 2472 2457 2764 2622 2545 2710
127SYOWA   2005 91  2598 2461 2445 2453 2405 2495 2504 2671 2731 2717 2732
127SYOWA   2005 92  2628 2507 2489 2470 2510 2627 2608 2492 2563 2605 2560
127SYOWA   2005 93  2578 2559 2561 2572 2558 2624 2588 2468
127SYOWA   2005101  2471 2557 2652 2604 2579 2653 2713 2579 2487 2507 2504
127SYOWA   2005102  2551 2477 2366 2390 2485 2488 2449 2386 2322 2361 2472
127SYOWA   2005103  2571 2573 2483 2421 2439 2542 2538 2520 2489
127SYOWA   2005111  2423 2445 2501 2509 2516 2575 2549 2539 2448 2444 2550
127SYOWA   2005112  2483 2375 2352 2391 2393 2400 2506 2548 2474 2456 2444
127SYOWA   2005113  2429 2430 2381 2315 2422 2579 2466 2449
127SYOWA   2005121  2518 2475 2396 2344 2414 2516 2492 2307 2277 2330 2345
127SYOWA   2005122  2370 2367 2405 2524 2519 2418 2409 2400 2333 2327 2370
127SYOWA   2005123  2354 2310 2293 2317 2383 2431 2408 2416 2527
127SYOWA   2006 11  2545 2474 2471 2407 2382 2475 2511 2511 2524 2515 2491
127SYOWA   2006 12  2480 2437 2464 2606 2579 2454 2449 2446 2420 2389 2429
127SYOWA   2006 13  2495 2534 2548 2548 2586 2650 2527 2423 2402
127SYOWA   2006 21  2379 2399 2445 2469 2450 2460 2510 2597 2624 2569 2556
127SYOWA   2006 22  2569 2517 2463 2437 2444 2470 2477 2512 2609 2647 2661
127SYOWA   2006 23  2647 2593 2543 2531 2479 2375
127SYOWA   2006 31  2371 2474 2703 2736 2629 2603 2669 2692 2715 2720 2700
127SYOWA   2006 32  2734 2707 2701 2770 2851 2829 2736 2695 2769 2806 2789
127SYOWA   2006 33  2749 2738 2810 2765 2779 2762 2673 2644 2693
127SYOWA   2006 41  2760 2713 2679 2718 2762 2821 2676 2595 2714 2805 2672
127SYOWA   2006 42  2594 2721 2766 2681 2659 2741 2743 2758 2761 2657 2634
127SYOWA   2006 43  2620 2593 2651 2622 2578 2635 2691 2627
127SYOWA   2006 51  2692 2881 2858 2743 2592 2598 2696 2762 2715 2797 2851
127SYOWA   2006 52  2707 2681 2643 2646 2685 2736 2714 2535 2541 2635 2601
127SYOWA   2006 53  2510 2560 2611 2665 2785 2767 2686 2728 2760
127SYOWA   2006 61  2691 2633 2584 2683 2849 2775 2723 2623 2535 2644 2681
127SYOWA   2006 62  2590 2582 2574 2533 2552 2551 2536 2544 2509 2469 2446
127SYOWA   2006 63  2501 2522 2506 2553 2666 2744 2801 2797
127SYOWA   2006 71  2661 2592 2548 2587 2641 2527 2500 2572 2639 2710 2756
127SYOWA   2006 72  2615 2680 2693 2628 2551 2522 2568 2587 2645 2835 2734
127SYOWA   2006 73  2624 2534 2622 2639 2470 2529 2553 2437 2414
127SYOWA   2006 81  2323 2281 2296 2386 2437 2384 2344 2379 2376 2328 2291
127SYOWA   2006 82  2252 2289 2464 2434 2369 2434 2447 2447 2478 2586 2686
127SYOWA   2006 83  2578 2585 2600 2665 2497 2445 2628 2576 2557
127SYOWA   2006 91  2665 2754 2680 2641 2551 2409 2341 2317 2513 2504 2495
127SYOWA   2006 92  2551 2531 2596 2601 2519 2470 2498 2538 2434 2356 2403
127SYOWA   2006 93  2497 2515 2468 2453 2516 2528 2473 2429
127SYOWA   2006101  2421 2465 2494 2566 2519 2321 2332 2568 2693 2519 2530
127SYOWA   2006102  2527 2511 2588 2580 2547 2667 2693 2601 2543 2506 2529
127SYOWA   2006103  2552 2509 2591 2700 2566 2459 2485 2496 2437
127SYOWA   2006111  2402 2458 2473 2444 2347 2417 2650 2621 2581 2655 2543
127SYOWA   2006112  2397 2364 2445 2474 2498 2521 2563 2538 2433 2468 2488
127SYOWA   2006113  2457 2483 2534 2572 2542 2443 2414 2426
127SYOWA   2006121  2413 2421 2402 2380 2469 2588 2563 2569 2597 2567 2513
127SYOWA   2006122  2495 2477 2424 2444 2506 2489 2505 2527 2519 2493 2516
127SYOWA   2006123  2551 2599 2566 2458 2457 2460 2427 2445 2495
127SYOWA   2007 11  2559 2571 2524 2513 2520 2478 2477 2506 2467 2389 2358
127SYOWA   2007 12  2432 2513 2522 2542 2503 2437 2478 2427 2342 2432 2510
127SYOWA   2007 13  2470 2450 2459 2520 2519 2453 2497 2549 9999
127SYOWA   2007 21  9999 9999 9999 9999 9999 9999 9999 9999 9999 9999 9999
127SYOWA   2007 22  9999 9999 9999 9999 9999 9999 9999 9999 9999 9999 9999
127SYOWA   2007 23  9999 9999 9999 9999 9999 9999
127SYOWA   2007 31  9999 9999 9999 9999 9999 9999 9999 9999 9999 9999 9999
127SYOWA   2007 32  9999 9999 9999 9999 9999 9999 9999 9999 9999 9999 9999
127SYOWA   2007 33  9999 9999 9999 9999 9999 9999 9999 9999 9999
127SYOWA   2007 41  9999 9999 9999 9999 9999 9999 9999 9999 9999 9999 9999
127SYOWA   2007 42  9999 9999 9999 9999 9999 9999 9999 9999 9999 9999 9999
127SYOWA   2007 43  9999 9999 9999 9999 9999 9999 9999 9999
127SYOWA   2007 51  9999 9999 9999 9999 9999 9999 9999 9999 9999 9999 9999
127SYOWA   2007 52  9999 9999 9999 9999 9999 9999 9999 9999 9999 9999 9999
127SYOWA   2007 53  9999 9999 9999 9999 9999 9999 9999 9999 9999
127SYOWA   2007 61  9999 9999 9999 9999 9999 9999 9999 9999 9999 9999 9999
127SYOWA   2007 62  9999 9999 9999 9999 9999 9999 9999 9999 9999 9999 9999
127SYOWA   2007 63  9999 9999 9999 9999 9999 9999 9999 9999
127SYOWA   2007 71  9999 9999 9999 9999 9999 9999 9999 9999 9999 9999 9999
127SYOWA   2007 72  9999 9999 9999 9999 9999 9999 9999 9999 9999 9999 9999
127SYOWA   2007 73  9999 9999 9999 9999 9999 9999 9999 9999 9999
127SYOWA   2007 81  9999 9999 9999 9999 9999 9999 9999 9999 9999 9999 9999
127SYOWA   2007 82  9999 9999 9999 9999 9999 9999 9999 9999 9999 9999 9999
127SYOWA   2007 83  9999 9999 9999 9999 9999 9999 9999 9999 9999
127SYOWA   2007 91  9999 9999 9999 9999 9999 9999 9999 9999 9999 9999 9999
127SYOWA   2007 92  9999 9999 9999 9999 9999 9999 9999 9999 9999 9999 9999
127SYOWA   2007 93  9999 9999 9999 9999 9999 9999 9999 9999
127SYOWA   2007101  9999 9999 9999 9999 9999 9999 9999 9999 9999 9999 9999
127SYOWA   2007102  9999 9999 9999 9999 9999 9999 9999 9999 9999 9999 9999
127SYOWA   2007103  9999 9999 9999 9999 9999 9999 9999 9999 9999
127SYOWA   2007111  9999 9999 9999 9999 9999 9999 9999 9999 9999 9999 9999
127SYOWA   2007112  9999 9999 9999 9999 9999 9999 9999 9999 9999 9999 9999
127SYOWA   2007113  9999 9999 9999 9999 9999 9999 9999 9999
127SYOWA   2007121  9999 9999 9999 9999 9999 9999 9999 9999 9999 9999 9999
127SYOWA   2007122  9999 9999 9999 9999 9999 9999 9999 9999 9999 9999 9999
127SYOWA   2007123  9999 9999 9999 9999 9999 9999 9999 9999 9999
127SYOWA   2008 11  2447 2535 2510 2497 2514 2551 2588 2548 2500 2485 2472
127SYOWA   2008 12  2428 2411 2410 2475 2491 2461 2468 2475 2484 2474 2428
127SYOWA   2008 13  2414 2433 2392 2409 2455 2438 2451 2532 2605
127SYOWA   2008 21  2626 2604 2548 2602 2677 2584 2501 2510 2528 2475 2456
127SYOWA   2008 22  2504 2543 2501 2498 2637 2710 2614 2547 2544 2578 2572
127SYOWA   2008 23  2571 2511 2444 2465 2519 2506 2527
127SYOWA   2008 31  2560 2689 2729 2683 2679 2580 2483 2443 2398 2532 2682
127SYOWA   2008 32  2538 2564 2557 2481 2484 2558 2598 2606 2541 2577 2547
127SYOWA   2008 33  2514 2527 2529 2535 2546 2512 2480 2469 2444
127SYOWA   2008 41  2554 2693 2499 2493 2505 2528 2649 2687 2611 2625 2654
127SYOWA   2008 42  2711 2653 2610 2574 2469 2468 2541 2540 2589 2675 2733
127SYOWA   2008 43  2619 2531 2615 2686 2701 2552 2506 2565
127SYOWA   2008 51  2482 2487 2476 2347 2366 2442 2455 2502 2513 2498 2518
127SYOWA   2008 52  2550 2496 2500 2643 2611 2648 2755 2625 2567 2581 2684
127SYOWA   2008 53  2628 2555 2731 2736 2625 2637 2574 2438 2418
127SYOWA   2008 61  2434 2456 2533 2461 2337 2386 2528 2570 2550 2463 2353
127SYOWA   2008 62  2534 2689 2559 2537 2542 2641 2676 2674 2652 2583 2549
127SYOWA   2008 63  2478 2439 2744 2822 2613 2588 2527 2515
127SYOWA   2008 71  2565 2507 2470 2490 2605 2508 2440 2675 2767 2569 2341
127SYOWA   2008 72  2475 2651 2544 2538 2709 2820 2633 2529 2634 2610 2694
127SYOWA   2008 73  2725 2527 2726 2906 2712 2668 2707 2687 2629
127SYOWA   2008 81  2550 2507 2561 2656 2630 2601 2643 2670 2557 2439 2545
127SYOWA   2008 82  2677 2579 2491 2610 2699 2620 2540 2519 2516 2555 2494
127SYOWA   2008 83  2493 2523 2539 2549 2627 2482 2284 2397 2383
127SYOWA   2008 91  2399 2525 2604 2707 2666 2618 2619 2705 2774 2667 2601
127SYOWA   2008 92  2562 2514 2522 2537 2438 2379 2473 2721 2747 2504 2549
127SYOWA   2008 93  2673 2557 2504 2448 2582 2597 2472 2525
127SYOWA   2008101  2574 2688 2574 2545 2620 2633 2601 2525 2524 2512 2509
127SYOWA   2008102  2527 2574 2513 2433 2454 2544 2589 2485 2548 2673 2583
127SYOWA   2008103  2515 2496 2484 2465 2465 2466 2484 2523 2530
127SYOWA   2008111  2535 2517 2550 2519 2462 2489 2509 2647 2657 2549 2562
127SYOWA   2008112  2515 2488 2584 2641 2530 2500 2557 2598 2587 2471 2418
127SYOWA   2008113  2494 2559 2465 2433 2524 2555 2580 2718
127SYOWA   2008121  2888 2801 2677 2681 2670 2627 2581 2514 2649 2627 2547
127SYOWA   2008122  2625 2614 2487 2461 2525 2505 2469 2464 2456 2474 2496
127SYOWA   2008123  2438 2400 2446 2422 2417 2390 2390 2390 2377
127SYOWA   2009 11  2371 2417 2481 2459 2410 2400 2466 2496 2564 2660 2686
127SYOWA   2009 12  2632 2496 2448 2470 2508 2557 2529 2499 2522 2486 2475
127SYOWA   2009 13  2478 2556 2547 2498 2507 2541 2500 2412 2350
127SYOWA   2009 21  2338 2428 2585 2660 2634 2539 2490 2450 2408 2474 2508
127SYOWA   2009 22  2521 2498 2476 2505 2532 2539 2470 2621 2941 2615 2498
127SYOWA   2009 23  2740 2691 2520 2539 2561 2589
127SYOWA   2009 31  2544 2505 2608 2734 2615 2511 2499 2735 2614 2569 2660
127SYOWA   2009 32  2630 2716 2848 2704 2589 2603 2628 2643 2656 2631 2588
127SYOWA   2009 33  2523 2489 2487 2542 2540 2521 2618 2653 2662
127SYOWA   2009 41  2682 2645 2581 2529 2552 2618 2575 2534 2601 2616 2545
127SYOWA   2009 42  2561 2722 2774 2736 2679 2674 2613 2509 2489 2597 2673
127SYOWA   2009 43  2589 2561 2690 2755 2692 2609 2510 2538
127SYOWA   2009 51  2615 2602 2524 2478 2436 2394 2467 2531 2558 2570 2598
127SYOWA   2009 52  2685 2667 2558 2499 2430 2487 2855 2734 2636 2748 2580
127SYOWA   2009 53  2469 2456 2300 2190 2339 2445 2422 2479 2421
127SYOWA   2009 61  2358 2420 2496 2587 2625 2594 2496 2624 2699 2612 2517
127SYOWA   2009 62  2539 2612 2505 2559 2564 2532 2744 2620 2557 2641 2535
127SYOWA   2009 63  2432 2442 2512 2553 2456 2408 2503 2509
127SYOWA   2009 71  2453 2493 2767 2766 2520 2551 2571 2518 2516 2571 2549
127SYOWA   2009 72  2483 2443 2446 2512 2498 9999 9999 9999 2740 2685 2622
127SYOWA   2009 73  2665 2629 2530 2435 2398 2440 2555 2561 2541
127SYOWA   2009 81  2532 2419 2429 2457 2555 2757 2702 2580 2570 2545 2425
127SYOWA   2009 82  2428 2520 2494 2422 2596 2595 2643 2513 2386 2546 2607
127SYOWA   2009 83  2497 2524 2678 2682 2613 2516 2461 2465 2508
127SYOWA   2009 91  2442 2430 2566 2558 2391 2366 2486 2601 2725 2743 2763
127SYOWA   2009 92  2615 2537 2507 2468 2450 2476 2519 2493 2433 2404 2429
127SYOWA   2009 93  2406 2396 2566 2787 2878 2754 2591 2463
127SYOWA   2009101  2448 2499 2509 2480 2502 2502 2495 2618 2579 2471 2481
127SYOWA   2009102  2490 2396 2376 2391 2343 2374 2461 2510 2516 2541 2513
127SYOWA   2009103  2462 2548 2681 2598 2469 2461 2535 2586 2488
127SYOWA   2009111  2461 2455 2461 2556 2539 2496 2390 2375 2425 2412 2397
127SYOWA   2009112  2386 2429 2452 2528 2527 2437 2478 2561 2693 2715 2612
127SYOWA   2009113  2637 2646 2549 2451 2441 2490 2599 2533
127SYOWA   2009121  2488 2508 2540 2524 2486 2443 2414 2409 2453 2457 2436
127SYOWA   2009122  2501 2552 2532 2554 2643 2614 2618 2651 2624 2551 2497
127SYOWA   2009123  2460 2459 2458 2461 2437 2430 2491 2552 2491
127SYOWA   2010 11  2402 2354 2335 2345 2324 2343 2389 2437 2481 2473 2514
127SYOWA   2010 12  2557 2526 2467 2587 2636 2499 2460 2512 2480 2451 2498
127SYOWA   2010 13  2494 2491 2497 2531 2485 2420 2445 2451 2397
127SYOWA   2010 21  2331 2427 2460 2276 2282 2449 2380 2349 2449 2367 2422
127SYOWA   2010 22  2497 9999 9999 9999 9999 9999 9999 9999 9999 9999 9999
127SYOWA   2010 23  9999 9999 9999 9999 9999 9999
127SYOWA   2010 31  9999 9999 9999 9999 9999 9999 9999 9999 9999 9999 9999
127SYOWA   2010 32  9999 9999 9999 9999 9999 9999 9999 9999 9999 9999 9999
127SYOWA   2010 33  9999 9999 2613 2588 2550 2638 2680 2616 2633
127SYOWA   2010 41  2626 2581 2605 2610 2570 2610 2705 2679 2575 2579 2645
127SYOWA   2010 42  2619 2666 2693 2603 2568 2660 2669 2626 2506 2520 2599
127SYOWA   2010 43  2603 2651 2887 2995 2747 2615 2655 2653
127SYOWA   2010 51  2605 2620 2730 2773 2675 2548 2544 2538 2492 2592 2674
127SYOWA   2010 52  2681 2651 2740 3013 2907 2726 2979 3198 2922 2742 2759
127SYOWA   2010 53  2677 2658 2655 2562 2579 2664 2732 2676 2667
127SYOWA   2010 61  2663 2699 2727 2706 2755 2825 2709 2636 2660 2595 2700
127SYOWA   2010 62  2845 2825 2674 2580 2615 2635 2589 2558 2594 2732 2811
127SYOWA   2010 63  2730 2667 2637 2585 2605 2698 2688 2565
127SYOWA   2010 71  2561 2601 2594 2629 2668 2710 2819 2673 2667 2784 2705
127SYOWA   2010 72  2572 2545 2521 2615 2698 2550 2464 2486 2560 2609 2763
127SYOWA   2010 73  2860 2595 2529 2693 2748 2583 2503 2476 2566
127SYOWA   2010 81  2665 2606 2531 2520 2534 2474 2484 2514 2585 2599 2555
127SYOWA   2010 82  2529 2480 2496 2672 2891 2763 2640 2715 2764 2681 2742
127SYOWA   2010 83  2657 2526 2408 2430 2484 2697 2625 2585 2776
127SYOWA   2010 91  2757 2572 2493 2632 2673 2361 2436 2643 2571 2577 2555
127SYOWA   2010 92  2553 2529 2408 2521 2641 2510 2436 2538 2499 2420 2410
127SYOWA   2010 93  2414 2378 2393 2423 2441 2585 2591 2502
127SYOWA   2010101  2530 2512 2443 2452 2424 2353 2359 2378 2396 2408 2399
127SYOWA   2010102  2581 2689 2642 2590 2527 2611 2573 2519 2475 2464 2494
127SYOWA   2010103  2550 2558 2553 2579 2614 2624 2765 2759 2428
127SYOWA   2010111  2413 2400 2304 2429 2627 2490 2312 2397 2587 2611 2517
127SYOWA   2010112  2549 2612 2604 2524 2551 2612 2615 2592 2565 2610 2619
127SYOWA   2010113  2576 2535 2516 2588 2639 2657 2585 2527
127SYOWA   2010121  2548 2519 2515 2430 2295 2307 2423 2556 2621 2574 2445
127SYOWA   2010122  2539 2559 2448 2444 2427 2463 2584 2629 2606 2573 2543
127SYOWA   2010123  2479 2393 2360 2343 2346 2350 2372 2425 2470
127SYOWA   2011 11  2488 2485 2650 2657 2590 2573 2434 2367 2410 2448 2494
127SYOWA   2011 12  2540 2463 2414 2451 2422 2497 2543 2462 2528 2524 2501
127SYOWA   2011 13  2539 2497 2413 2478 2557 2489 2521 2541 2518
127SYOWA   2011 21  2469 2405 2407 2490 2499 2427 2394 2422 2457 2470 2528
127SYOWA   2011 22  2509 2455 2378 2367 2508 2421 2402 2576 2392 2340 2513
127SYOWA   2011 23  2612 2585 2530 2540 2539 2493
127SYOWA   2011 31  2491 2537 2508 2418 2475 2499 2378 2455 2609 2575 2567
127SYOWA   2011 32  2625 2606 2598 2773 2772 2621 2448 2472 2462 2422 2448
127SYOWA   2011 33  2381 2303 2371 2409 2391 2397 2409 2469 2465
127SYOWA   2011 41  2385 2375 2583 2580 2417 2539 2676 2636 2537 2466 2518
127SYOWA   2011 42  2626 2513 2427 2523 2455 2444 2507 2562 2549 2443 2427
127SYOWA   2011 43  2533 2581 2587 2553 2437 2395 2401 2522
127SYOWA   2011 51  2628 2591 2558 2567 2677 2730 2585 2593 2630 2485 2432
127SYOWA   2011 52  2533 2570 2536 2490 2484 2638 2670 2591 2555 2488 2612
127SYOWA   2011 53  2538 2538 2813 2726 2587 2550 2487 2525 2595
127SYOWA   2011 61  2629 2725 2704 2600 2538 2654 2678 2533 2391 2500 2702
127SYOWA   2011 62  2583 2523 2623 2663 2586 2480 2375 2382 2466 2497 2615
127SYOWA   2011 63  2494 2281 2369 2476 2537 2610 2574 2553
127SYOWA   2011 71  2574 2543 2669 2815 2700 2562 2505 2465 2487 2590 2431
127SYOWA   2011 72  2415 2622 2748 2622 2513 2577 2622 2547 2468 2560 2734
127SYOWA   2011 73  2543 2408 2446 2338 2276 2418 2443 2357 2346
127SYOWA   2011 81  2426 2418 2452 2527 2488 2431 2441 2453 2488 2637 2559
127SYOWA   2011 82  2312 2373 2419 2404 2511 2506 2413 2434 2420 2432 2572
127SYOWA   2011 83  2540 2430 2477 2549 2582 2562 2499 2395 2488
127SYOWA   2011 91  2611 2553 2531 2653 2741 2684 2482 2408 2502 2475 2445
127SYOWA   2011 92  2472 2433 2415 2454 2470 2516 2458 2440 2531 2594 2569
127SYOWA   2011 93  2683 2607 2502 2440 2352 2366 2423 2463
127SYOWA   2011101  2475 2415 2334 2437 2559 2468 2461 2577 2525 2466 2546
127SYOWA   2011102  2516 2486 2621 2633 2539 2636 2557 2503 2473 2508 2616
127SYOWA   2011103  2508 2313 2383 2370 2311 2372 2384 2348 2293
127SYOWA   2011111  2243 2275 2364 2422 2458 2490 2498 2533 2556 2574 2544
127SYOWA   2011112  2504 2502 2501 2464 2485 2532 2478 2428 2511 2569 2652
127SYOWA   2011113  2642 2596 2531 2556 2569 2537 2612 2669
127SYOWA   2011121  2585 2530 2515 2544 2547 2535 2503 2514 2610 2624 2555
127SYOWA   2011122  2543 2553 2462 2363 2397 2427 2438 2506 2518 2602 2548
127SYOWA   2011123  2525 2591 2512 2425 2514 2490 2436 2464 2412
127SYOWA   2012 11  2502 2583 2608 2685 2644 2592 2657 2652 2609 2626 2577
127SYOWA   2012 12  2534 2570 2601 2538 2517 2516 2495 2548 2555 2510 2548
127SYOWA   2012 13  2563 2497 2532 2562 2606 2614 2625 2677 2605
127SYOWA   2012 21  2562 2682 2685 2585 2509 2482 2431 2359 2328 2325 2374
127SYOWA   2012 22  2397 2431 2453 2462 2453 2422 2470 2492 2451 2525 2576
127SYOWA   2012 23  2526 2588 2712 2766 2665 2617 2671
127SYOWA   2012 31  2629 2584 2547 2497 2517 2505 2469 2460 2516 2575 2569
127SYOWA   2012 32  2580 2578 2628 2624 2550 2530 2538 2512 2472 2458 2481
127SYOWA   2012 33  2551 2645 2678 2574 2590 2840 2836 2665 2587
127SYOWA   2012 41  2553 2589 2621 2631 2698 2591 2519 2653 2764 2717 2706
127SYOWA   2012 42  2736 2690 2695 2667 2860 2822 2738 2718 2684 2667 2765
127SYOWA   2012 43  2881 2822 2809 2814 2745 2722 2669 2601
127SYOWA   2012 51  2623 2578 2588 2637 2731 2761 2600 2591 2625 2528 2480
127SYOWA   2012 52  2532 2591 2643 2713 2685 2674 9999 9999 9999 9999 9999
127SYOWA   2012 53  9999 2722 2643 2501 2597 2667 2668 2592 2594
127SYOWA   2012 61  2584 2474 2440 2579 2495 2436 2528 2583 2577 2554 2539
127SYOWA   2012 62  2613 2686 2658 2633 2790 2872 2857 2805 2804 2857 2766
127SYOWA   2012 63  2585 2563 2546 2402 2363 2484 2478 2386
127SYOWA   2012 71  2405 2454 2513 2665 2722 2660 2592 2526 2528 2620 2718
127SYOWA   2012 72  2743 2649 2737 2790 2693 2733 2809 2739 2816 2837 2714
127SYOWA   2012 73  2654 2566 2535 2552 2510 2571 2595 2568 2537
127SYOWA   2012 81  2487 2553 2599 2587 2608 2478 2457 2507 2488 2581 2727
127SYOWA   2012 82  2727 2776 2703 2497 2507 2658 2687 2567 2498 2473 2464
127SYOWA   2012 83  2559 2684 2631 2598 2537 2536 2565 2526 2592
127SYOWA   2012 91  2609 2576 2633 2637 2556 2512 2532 2550 2559 2563 2569
127SYOWA   2012 92  2543 2491 2493 2550 2658 2581 2502 9999 9999 9999 2610
127SYOWA   2012 93  2568 2725 2741 2540 2506 2483 2440 2608
127SYOWA   2012101  2795 2750 2685 2662 2686 2632 2651 2631 2536 2543 2526
127SYOWA   2012102  2546 2580 2599 2561 2466 2463 2543 2566 2588 2596 2512
127SYOWA   2012103  2512 2493 2500 2598 2746 2600 2397 2503 2507
127SYOWA   2012111  2480 2553 2485 2378 2356 2357 2344 2437 2455 2398 2472
127SYOWA   2012112  2510 2470 2488 2518 2553 2540 2484 2509 2509 2535 2602
127SYOWA   2012113  2594 2559 2611 2687 2643 2625 2703 2657
127SYOWA   2012121  2628 2639 2577 2532 2554 2507 2486 2469 2469 2508 2502
127SYOWA   2012122  2523 2554 2553 2505 2451 2418 2434 2466 2454 2458 2505
127SYOWA   2012123  2552 2514 2431 2458 2489 2557 2696 2589 2518
127SYOWA   2013 11  2456 2454 2456 2432 2491 2529 2563 2564 2516 2460 2459
127SYOWA   2013 12  2455 2450 2506 2556 2552 2523 2508 2508 2469 2514 2597
127SYOWA   2013 13  2643 2693 2686 2632 2578 2451 2419 2538 2512
127SYOWA   2013 21  2412 2464 2523 2530 2575 2583 2533 2498 2524 2474 2549
127SYOWA   2013 22  2600 2449 2470 2638 2695 2627 2554 2513 2674 2726 2615
127SYOWA   2013 23  2534 2547 2534 2463 2470 2600
127SYOWA   2013 31  2673 2616 2590 2595 2592 2614 2638 2540 2531 2647 2593
127SYOWA   2013 32  2574 2674 2683 2678 2766 2697 2687 2771 2824 2745 2707
127SYOWA   2013 33  2781 2880 2675 2666 2700 2661 2636 2704 2653
127SYOWA   2013 41  2573 2724 2779 2685 2551 2499 2562 2644 2703 2779 2840
127SYOWA   2013 42  2832 2740 2703 2652 2565 2711 2912 2863 2753 2662 2627
127SYOWA   2013 43  2636 2689 2706 2722 2722 2704 2697 2689
127SYOWA   2013 51  2703 2655 2625 2626 2676 2713 2788 2736 2650 2642 2699
127SYOWA   2013 52  2697 2581 2617 2732 2714 2596 2551 2540 2558 2558 2580
127SYOWA   2013 53  2641 2651 2606 2653 2703 2624 2526 2432 2368
127SYOWA   2013 61  2375 2398 2406 2516 2621 2627 2604 2635 2665 2726 2647
127SYOWA   2013 62  2582 2571 2553 2567 2525 2458 2509 2582 2618 2578 2528
127SYOWA   2013 63  2516 2468 2436 2448 2441 2557 2689 2720
127SYOWA   2013 71  2772 2758 2770 2703 2609 2539 2638 2576 2482 2554 2608
127SYOWA   2013 72  2588 2592 2576 2544 2553 2600 2547 2554 2610 2517 2505
127SYOWA   2013 73  2598 2536 2493 2647 2724 2640 2534 2507 2470
127SYOWA   2013 81  2531 2604 2583 2463 2469 2422 2496 2541 2485 2453 2383
127SYOWA   2013 82  2302 2343 2441 2422 2438 2466 2420 2374 2324 2375 2521
127SYOWA   2013 83  2568 2592 2598 2546 2573 2615 2623 2521 2381
127SYOWA   2013 91  2430 2490 2671 2593 2561 2570 2508 2613 2527 2367 2450
127SYOWA   2013 92  2513 2513 2497 2586 2622 2630 2487 2421 2490 2448 2362
127SYOWA   2013 93  2394 2406 2394 2429 2520 2472 2411 2424
127SYOWA   2013101  2466 2558 2600 2570 2541 2517 2502 2497 2512 2491 2492
127SYOWA   2013102  2513 2487 2419 2406 2631 2711 2627 2598 2516 2509 2481
127SYOWA   2013103  2480 2461 2411 2382 2466 2558 2480 2445 2395
127SYOWA   2013111  2384 2463 2564 2530 2403 2408 2405 2373 2411 2392 2388
127SYOWA   2013112  2405 2423 2439 2394 2395 2504 2620 2560 2432 2448 2515
127SYOWA   2013113  2542 2537 2550 2574 2523 2492 2543 2516
127SYOWA   2013121  2484 2503 2572 2580 2578 2624 2534 2468 2505 2478 2390
127SYOWA   2013122  2439 2496 2423 2444 2531 2514 2458 2464 2496 2497 2475
127SYOWA   2013123  2450 2473 2431 2380 2396 2391 2468 2525 9999
