129PORTLAND      LAT=38 20.6S  LONG=141 36.8E
129PORTLAND1991 11   430  474  492  524  547  541  478  441  481  533  519
129PORTLAND1991 12   451  433  380  298  280  300  339  432  450  410  443
129PORTLAND1991 13   530  677  721  652  617  635  573  509  424
129PORTLAND1991 21   387  416  480  495  420  451  510  583  549  465  453
129PORTLAND1991 22   466  489  406  354  343  382  398  357  392  424  391
129PORTLAND1991 23   368  414  395  271  281  340
129PORTLAND1991 31   290  294  361  362  377  511  527  560  539  539  543
129PORTLAND1991 32   463  424  422  420  414  441  478  509  530  527  445
129PORTLAND1991 33   387  413  509  587  592  577  629  690  806
129PORTLAND1991 41   694  554  521  516  506  467  441  459  473  513  569
129PORTLAND1991 42   577  585  606  582  604  641  558  547  637  569  486
129PORTLAND1991 43   632  772  716  606  576  570  573  623
129PORTLAND1991 51   705  638  526  513  571  605  576  482  418  402  357
129PORTLAND1991 52   324  328  342  367  370  367  398  437  485  500  499
129PORTLAND1991 53   515  552  573  562  507  488  442  445  531
129PORTLAND1991 61   640  710  675  601  628  634  601  542  457  429  483
129PORTLAND1991 62   498  459  512  655  762  637  552  585  608  568  646
129PORTLAND1991 63   750  775  806  694  743  847  783  676
129PORTLAND1991 71   588  552  655  784  723  689  675  696  699  680  601
129PORTLAND1991 72   551  498  480  453  511  587  664  706  671  660  616
129PORTLAND1991 73   606  564  456  541  694  602  572  595  587
129PORTLAND1991 81   566  602  660  816  950  943  961  760  547  454  502
129PORTLAND1991 82   647  718  733  669  479  424  500  719  847  820  867
129PORTLAND1991 83   802  611  535  609  704  723  795  703  557
129PORTLAND1991 91   538  549  505  487  444  485  550  520  615  689  615
129PORTLAND1991 92   505  568  655  701  809  871  778  720  814  658  470
129PORTLAND1991 93   407  413  437  460  567  593  562  565
129PORTLAND1991101   512  399  376  397  462  505  562  516  472  454  464
129PORTLAND1991102   432  437  590  641  481  417  428  493  575  591  518
129PORTLAND1991103   520  525  464  384  356  374  486  505  399
129PORTLAND1991111   356  415  529  564  585  672  693  645  539  457  405
129PORTLAND1991112   356  357  432  485  500  496  521  462  367  345  329
129PORTLAND1991113   359  476  570  525  458  493  438  380
129PORTLAND1991121   403  505  574  568  546  493  447  446  444  381  366
129PORTLAND1991122   394  413  508  528  491  505  488  473  430  370  372
129PORTLAND1991123   393  429  473  510  468  429  422  466  515
129PORTLAND1992 11   472  454  475  466  420  389  373  352 9999 9999 9999
129PORTLAND1992 12  9999 9999 9999 9999 9999 9999 9999 9999 9999 9999 9999
129PORTLAND1992 13  9999 9999 9999 9999 9999  401  336  327  307
129PORTLAND1992 21   309  390  458  509  537  488  443  404  394  424  456
129PORTLAND1992 22   429  386  357  385  456  475  419  430  466  524  543
129PORTLAND1992 23   473  360  284  250  247  286  344
129PORTLAND1992 31   390  466  501  470  435  440  414  356  361  402  356
129PORTLAND1992 32   383  436  422  369  297  275  292  323  347  360  416
129PORTLAND1992 33   435  422  488  510  495  496  436  413  387
129PORTLAND1992 41   327  365  413  458  502  497  396  355  366  370  386
129PORTLAND1992 42   429  487  546  495  419  437  504  647  674  559  520
129PORTLAND1992 43   521  539  550  560  604  574  471  473
129PORTLAND1992 51   593  657  641  630  613  623  669  640  596  615  723
129PORTLAND1992 52   802  731  651  562  481  429  422  407  414  463  477
129PORTLAND1992 53   439  499  690  694  581  501  486  526  623
129PORTLAND1992 61   688  683  736  767  740  678  629  661  770  763  721
129PORTLAND1992 62   601  484  472  505  614  748  789  698  576  623  719
129PORTLAND1992 63   664  570  538  533  540  567  626  705
129PORTLAND1992 71   810  930 1012  934  979  882  684  636  530  512  630
129PORTLAND1992 72   592  514  518  470  504  625  753  711  559  533  538
129PORTLAND1992 73   524  609  530  479  660  712  689  606  529
129PORTLAND1992 81   561  500  445  520  649  691  712  591  594  759  844
129PORTLAND1992 82   908  806  700  694  730  659  656  582  478  504  569
129PORTLAND1992 83   423  343  350  431  539  587  808  939  882
129PORTLAND1992 91   736  605  607  596  578  599  512  457  493  618  669
129PORTLAND1992 92   527  528  661  689  615  518  412  351  375  464  498
129PORTLAND1992 93   482  451  374  415  510  546  509  490
129PORTLAND1992101   439  417  499  547  525  432  458  626  616  610  449
129PORTLAND1992102   400  426  464  498  545  573  585  542  398  376  391
129PORTLAND1992103   430  450  423  476  509  523  567  580  479
129PORTLAND1992111   442  481  459  384  350  372  468  633  710  731  597
129PORTLAND1992112   450  424  443  451  463  518  558  609  677  793  850
129PORTLAND1992113   826  807  724  644  573  487  428  425
129PORTLAND1992121   454  486  525  564  502  405  382  389  400  444  446
129PORTLAND1992122   548  611  464  377  308  266  339  434  432  375  375
129PORTLAND1992123   464  504  476  561  641  579  491  472  442
129PORTLAND1993 11   452  530  473  428  440  454  477  487  470  413  379
129PORTLAND1993 12   332  392  470  517  549  506  463  488  463  419  481
129PORTLAND1993 13   551  480  340  433  457  434  398  353  378
129PORTLAND1993 21   447  505  514  419  345  419  421  371  372  486  502
129PORTLAND1993 22   378  381  412  375  375  385  436  531  543  515  522
129PORTLAND1993 23   512  488  603  672  707  713
129PORTLAND1993 31   625  513  408  377  362  369  369  331  311  284  289
129PORTLAND1993 32   343  404  433  423  344  305  354  427  422  409  446
129PORTLAND1993 33   443  429  442  483  529  527  456  451  469
129PORTLAND1993 41   405  388  442  490  530  579  588  474  441  491  529
129PORTLAND1993 42   586  571  525  455  415  409  442  476  502  558  596
129PORTLAND1993 43   608  522  497  536  511  463  461  426
129PORTLAND1993 51   452  525  502  425  427  511  533  485  527  549  554
129PORTLAND1993 52   597  588  473  361  366  367  394  437  531  633  639
129PORTLAND1993 53   647  644  565  498  473  512  682  807  712
129PORTLAND1993 61   626  580  514  466  478  530  578  607  634  729  826
129PORTLAND1993 62   701  552  458  467  557  644  780  855  810  749  679
129PORTLAND1993 63   546  475  448  397  355  387  494  626
129PORTLAND1993 71   664  795  817  692  613  568  518  503  508  507  561
129PORTLAND1993 72   610  636  689  623  531  545  495  458  458  483  563
129PORTLAND1993 73   639  704  712  679  686  618  674  749  740
129PORTLAND1993 81   796  679  507  455  463  512  631  673  730  683  654
129PORTLAND1993 82   666  642  672  774  668  554  454  440  516  538  533
129PORTLAND1993 83   541  525  499  448  410  445  490  552  579
129PORTLAND1993 91   613  503  369  382  398  454  545  508  420  422  426
129PORTLAND1993 92   308  306  366  379  397  462  628  677  611  580  491
129PORTLAND1993 93   443  397  337  368  466  510  502  540
129PORTLAND1993101   486  519  560  516  595  594  627  722  716  515  438
129PORTLAND1993102   409  379  377  408  472  594  651  657  583  471  452
129PORTLAND1993103   515  625  637  535  610  587  507  471  522
129PORTLAND1993111   579  605  682  586  523  485  453  440  375  352  433
129PORTLAND1993112   544  569  509  483  513  550  567  522  469  532  471
129PORTLAND1993113   432  401  416  498  440  390  396  463
129PORTLAND1993121   436  421  462  411  394  385  326  326  383  466  465
129PORTLAND1993122   439  548  624  601  532  476  440  419  455  604  671
129PORTLAND1993123   609  610  655  609  532  471  432  388  404
129PORTLAND1994 11   518  597  656  769  866  882  924  828  661  605  566
129PORTLAND1994 12   554  495  424  513  615  667  677  662  675  587  530
129PORTLAND1994 13   491  495  594  539  437  424  394  385  441
129PORTLAND1994 21   430  405  452  484  523  515  498  551  585  604  528
129PORTLAND1994 22   493  515  571  617  623  522  415  354  396  469  470
129PORTLAND1994 23   489  497  513  545  457  364
129PORTLAND1994 31   389  422  411  426  410  368  365  401  439  424  351
129PORTLAND1994 32   364  407  460  484  457  384  348  368  419  436  417
129PORTLAND1994 33   416  445  478  468  461  486  490  522  564
129PORTLAND1994 41   537  493  484  514  573  575  539  556  629  605  523
129PORTLAND1994 42   508  481  465  467  555  607  594  595  574  568  578
129PORTLAND1994 43   599  604  664  703  683  681  617  635
129PORTLAND1994 51   630  551  468  437  458  488  453  411  437  460  419
129PORTLAND1994 52   477  636  608  558  625  800  828  681  727  842  792
129PORTLAND1994 53   779  866  995 1042  880  724  687  726  628
129PORTLAND1994 61   543  528  567  616  604  520  415  412  481  524  589
129PORTLAND1994 62   636  715  696  641  680  703  759  701  588  651  830
129PORTLAND1994 63  1021  959  802  667  563  515  494  484
129PORTLAND1994 71   479  575  668  627  536  564  568  549  567  627  726
129PORTLAND1994 72   737  648  657  665  548  536  520  491  515  458  411
129PORTLAND1994 73   465  587  588  559  589  687  793  828  798
129PORTLAND1994 81   679  538  470  447  539  652  597  424  319  372  538
129PORTLAND1994 82   678  566  430  396  426  349  286  313  378  523  634
129PORTLAND1994 83   545  490  438  437  515  496  412  371  396
129PORTLAND1994 91   438  478  502  511  525  453  428  423  430  473  556
129PORTLAND1994 92   620  585  554  556  536  597  560  467  415  440  518
129PORTLAND1994 93   518  484  487  507  511  590  538  527
129PORTLAND1994101   590  588  640  624  621  667  674  571  506  443  338
129PORTLAND1994102   335  337  378  418  480  456  410  368  326  323  344
129PORTLAND1994103   380  449  487  488  516  546  569  599  696
129PORTLAND1994111   661  552  505  595  758  853  722  569  491  473  468
129PORTLAND1994112   482  526  525  450  456  392  440  584  573  467  416
129PORTLAND1994113   440  496  558  628  517  506  543  429
129PORTLAND1994121   370  366  374  417  510  566  497  352  330  388  477
129PORTLAND1994122   517  442  378  400  445  489  506  485  514  465  389
129PORTLAND1994123   369  379  461  527  575  577  531  535  550
129PORTLAND1995 11   439  355  406  415  454  399  336  329  373  419  395
129PORTLAND1995 12   391  425  451  445  425  387  382  482  455  343  361
129PORTLAND1995 13   381  332  312  367  465  492  489  416  368
129PORTLAND1995 21   472  525  530  639  608  500  476  423  390  375  408
129PORTLAND1995 22   437  444  494  551  517  492  458  403  388  430  399
129PORTLAND1995 23   369  413  449  428  428  406
129PORTLAND1995 31   353  301  337  389  408  433  521  526  417  387  475
129PORTLAND1995 32   440  396  375  335  371  451  483  452  457  500  492
129PORTLAND1995 33   530  496  468  519  512  540  581  597  593
129PORTLAND1995 41   640  563  591  610  607  729  706  627  592  463  373
129PORTLAND1995 42   340  355  432  591  694  672  667  606  613  577  591
129PORTLAND1995 43   596  560  576  505  481  556  611  617
129PORTLAND1995 51   607  601  543  485  432  389  386  406  472  546  634
129PORTLAND1995 52   802  848  749  660  596  587  642  603  506  476  463
129PORTLAND1995 53   516  729  874  811  630  534  515  503  481
129PORTLAND1995 61   456  437  416  468  596  685  678  734  856  956  846
129PORTLAND1995 62   704  661  627  580  535  440  367  355  357  320  337
129PORTLAND1995 63   451  610  685  760  857  868  835  860
129PORTLAND1995 71   751  739  653  544  514  470  444  474  631  818  892
129PORTLAND1995 72   960  991  878  760  734  759  700  556  566  774  848
129PORTLAND1995 73   704  579  606  651  679  628  564  699  742
129PORTLAND1995 81   767  687  571  483  470  423  382  341  319  331  359
129PORTLAND1995 82   407  467  506  565  621  613  533  563  599  575  639
129PORTLAND1995 83   548  589  662  624  507  530  682  746  713
129PORTLAND1995 91   581  571  673  617  412  326  406  472  504  523  452
129PORTLAND1995 92   494  560  509  478  427  437  548  579  640  619  615
129PORTLAND1995 93   551  409  375  389  358  360  468  571
129PORTLAND1995101   617  548  459  524  600  626  570  457  515  514  486
129PORTLAND1995102   580  533  411  369  426  464  535  508  338  366  382
129PORTLAND1995103   369  419  442  440  454  484  490  390  420
129PORTLAND1995111   565  613  625  661  602  521  505  527  595  601  512
129PORTLAND1995112   482  531  585  529  502  532  467  394  409  491  520
129PORTLAND1995113   523  463  480  590  654  667  690  672
129PORTLAND1995121   602  665  731  616  524  530  508  533  616  660  579
129PORTLAND1995122   498  503  493  476  494  609  698  675  601  532  480
129PORTLAND1995123   468  438  412  414  412  381  368  376  427
129PORTLAND1996 11   418  367  361  369  403  387  348  397  401  392  396
129PORTLAND1996 12   410  490  527  486  482  453  474  584  561  491  477
129PORTLAND1996 13   574  669  768  759  630  566  542  680  814
129PORTLAND1996 21   779  686  618  588  527  536  616  659  626  517  420
129PORTLAND1996 22   362  392  462  537  617  631  562  463  428  461  443
129PORTLAND1996 23   425  469  537  564  532  491  486
129PORTLAND1996 31   481  445  398  405  476  434  366  331  325  374  411
129PORTLAND1996 32   405  386  417  594  647  568  563  554  502  448  420
129PORTLAND1996 33   400  413  467  475  515  591  642  670  678
129PORTLAND1996 41   636  590  560  531  539  536  534  532  519  487  459
129PORTLAND1996 42   567  686  629  605  589  525  501  506  579  567  602
129PORTLAND1996 43   685  777  838  793  641  548  516  537
129PORTLAND1996 51   552  497  471  508  521  480  481  496  604  660  561
129PORTLAND1996 52   460  461  506  476  455  490 9999 9999 9999 9999 9999
129PORTLAND1996 53  9999  506  456  514  627  636  593  608  686
129PORTLAND1996 61   742  666  716  698  722  714  644  559  487  422  402
129PORTLAND1996 62   417  478  529  520  554  646  765  789  680  664  760
129PORTLAND1996 63   770  802  898  862  685  702  713  636
129PORTLAND1996 71   695  622  617  684  710  665  539  530  595  656  685
129PORTLAND1996 72   676  611  581  581  622  698  823  894  800  755  800
129PORTLAND1996 73   803  719  668  592  619  699  693  684  815
129PORTLAND1996 81   913 1020  997  853  828  882  711  590  554  543  634
129PORTLAND1996 82   642  641  596  621  700  692  534  444  403  487  549
129PORTLAND1996 83   550  575  531  500  533  492  440  417  502
129PORTLAND1996 91   593  552  582  675  635  667  694  696  717  673  862
129PORTLAND1996 92   901  838  796  784  724  681  803  801  695  738  827
129PORTLAND1996 93   767  701  699  618  535  607  780  847
129PORTLAND1996101   718  615  551  579  527  473  422  462  563  656  687
129PORTLAND1996102   582  521  504  576  555  575  674  550  387  336  342
129PORTLAND1996103   432  465  406  418  480  547  564  487  493
129PORTLAND1996111   536  562  513  449  432  408  455  520  518  519  613
129PORTLAND1996112   698  740  680  665  691  603  543  574  535  442  355
129PORTLAND1996113   387  513  578  614  657  655  727  721
129PORTLAND1996121   676  577  561  564  621  644  593  670  636  540  437
129PORTLAND1996122   324  317  452  564  539  468  461  446  433  508  495
129PORTLAND1996123   513  615  588  510  557  557  510  487  421
129PORTLAND1997 11   385  384  365  440  529  529  483  461  404  339  320
129PORTLAND1997 12   376  484  575  543  461  408  403  475  551  575  556
129PORTLAND1997 13   488  431  470  575  564  460  417  408  421
129PORTLAND1997 21   394  365  388  478  524  516  537  558  515  435  411
129PORTLAND1997 22   436  448  484  469  442  473  479  498  522  551  531
129PORTLAND1997 23   458  402  396  370  420  536
129PORTLAND1997 31   501  487  486  414  412  462  462  392  358  382  462
129PORTLAND1997 32   482  442  477  466  427  440  515  582  551  482  550
129PORTLAND1997 33   563  523  541  594  539  426  438  415  386
129PORTLAND1997 41   454  477  520  576  562  504  387  360  346  370  416
129PORTLAND1997 42   471  477  466  488  495  493  463  479  535  517  509
129PORTLAND1997 43   516  461  473  501  545  600  602  595
129PORTLAND1997 51   618  619  693  700  710  764  717  614  456  400  372
129PORTLAND1997 52   366  368  377  398  448  511  557  555  500  487  514
129PORTLAND1997 53   487  486  585  660  752  795  661  532  494
129PORTLAND1997 61   494  546  624  709  808  835  711  601  598  658  737
129PORTLAND1997 62   836  808  660  530  462  405  379  363  406  483  527
129PORTLAND1997 63   544  453  379  351  360  390  405  413
129PORTLAND1997 71   424  393  363  322  301  407  643  758  597  444  475
129PORTLAND1997 72   480  486  621  667  532  386  326  318  326  332  302
129PORTLAND1997 73   298  367  518  632  607  495  419  413  381
129PORTLAND1997 81   371  365  353  362  466  663  745  641  560  634  638
129PORTLAND1997 82   565  543  545  635  751  667  498  418  403  473  606
129PORTLAND1997 83   602  492  508  496  448  426  386  424  511
129PORTLAND1997 91   562  610  598  575  585  676  752  649  503  380  324
129PORTLAND1997 92   340  374  430  381  312  289  337  390  385  367  317
129PORTLAND1997 93   273  320  444  525  460  367  366  435
129PORTLAND1997101   564  561  422  395  357  358  448  440  461  593  653
129PORTLAND1997102   573  607  657  627  592  453  363  327  242  234  259
129PORTLAND1997103   306  346  380  402  414  435  433  498  492
129PORTLAND1997111   464  431  384  376  374  344  296  285  350  445  428
129PORTLAND1997112   407  434  398  390  417  413  466  465  423  454  497
129PORTLAND1997113   443  432  497  538  506  505  506  523
129PORTLAND1997121   655  582  480  457  404  371  362  351  285  333  407
129PORTLAND1997122   444  506  554  542  516  493  425  455  602  666  597
129PORTLAND1997123   547  510  455  423  395  391  337  351  431
129PORTLAND1998 11   476  432  406  394  338  319  305  332  343  293  282
129PORTLAND1998 12   342  435  450  377  444  482  426  431  412  470  469
129PORTLAND1998 13   456  479  421  419  490  479  473  436  397
129PORTLAND1998 21   439  469  448  469  440  478  537  445  402  412  425
129PORTLAND1998 22   409  411  445  443  421  492  586  616  571  572  505
129PORTLAND1998 23   442  495  563  519  387  350
129PORTLAND1998 31   329  358  440  426  419  370  309  315  332  376  469
129PORTLAND1998 32   510  515  475  458  480  488  465  491  513  551  623
129PORTLAND1998 33   584  517  499  525  576  549  524  591  550
129PORTLAND1998 41   432  435  443  458  478  548  630  584  532  513  590
129PORTLAND1998 42   705  618  524  472  438  421  434  513  624  634  570
129PORTLAND1998 43   588  735  714  565  557  579  649  597
129PORTLAND1998 51   500  461  454  498  574  602  556  561  564  670  680
129PORTLAND1998 52   598  579  605  592  533  518  619  649  554  582  741
129PORTLAND1998 53   807  630  511  547  613  673  654  531  535
129PORTLAND1998 61   551  519  571  641  737  688  578  589  586  625  831
129PORTLAND1998 62   896  866  872  751  571  495  445  509  673  652  562
129PORTLAND1998 63   596  598  550  580  690  726  649  592
129PORTLAND1998 71   548  506  481  602  788  764  799  816  645  530  535
129PORTLAND1998 72   546  530  521  497  447  459  546  633  699  674  547
129PORTLAND1998 73   439  406  458  624  876  947  735  568  512
129PORTLAND1998 81   526  598  632  599  548  563  522  514  536  568  581
129PORTLAND1998 82   604  544  426  335  363  412  401  431  527  743  784
129PORTLAND1998 83   610  552  505  380  346  338  326  388  437
129PORTLAND1998 91   431  484  577  595  530  467  394  357  361  408  530
129PORTLAND1998 92   596  615  712  675  589  607  618  521  452  521  608
129PORTLAND1998 93   592  520  566  545  613  711  632  586
129PORTLAND1998101   593  618  622  614  754  698  560  535  518  507  568
129PORTLAND1998102   666  664  602  514  599  734  740  672  587  560  561
129PORTLAND1998103   602  641  691  654  506  466  489  458  365
129PORTLAND1998111   360  378  461  537  515  550  531  460  433  435  443
129PORTLAND1998112   440  463  484  471  445  385  321  332  414  467  504
129PORTLAND1998113   485  423  457  622  608  537  539  475
129PORTLAND1998121   492  546  548  551  541  516  466  422  419  484  551
129PORTLAND1998122   501  426  408  407  465  511  519  596  584  547  559
129PORTLAND1998123   555  531  588  593  526 9999 9999 9999 9999
129PORTLAND1999 11  9999 9999 9999 9999 9999 9999 9999 9999 9999 9999 9999
129PORTLAND1999 12  9999 9999 9999 9999 9999 9999 9999 9999 9999  458  496
129PORTLAND1999 13   451  425  405  350  407  511  467  375  348
129PORTLAND1999 21   370  408  428  484  554  551  447  382  391  417  440
129PORTLAND1999 22   466  503  526  547  676  728  611  557  527  456  486
129PORTLAND1999 23   484  406  378  357  378  387
129PORTLAND1999 31   441  519  538  524  568  557  441  458  491  447  476
129PORTLAND1999 32   532  557  518  472  435  417  414  450  553  582  462
129PORTLAND1999 33   504  604  602  661  660  509  527  506  432
129PORTLAND1999 41   416  404  417  504  567  539  551  543  518  513  532
129PORTLAND1999 42   580  578  508  461  454  513  568  658  626  486  492
129PORTLAND1999 43   541  574  637  609  531  533  535  525
129PORTLAND1999 51   562  628  623  541  515  598  666  640  616  640  707
129PORTLAND1999 52   771  854  896  704  586  623  681  721  764  756  779
129PORTLAND1999 53   794  820  832  760  637  680  790  794  681
129PORTLAND1999 61   632  565  578  687  782  802  657  609  685  642  608
129PORTLAND1999 62   739  921  897  752  698  804  815  761  768  666  558
129PORTLAND1999 63   555  555 9999 9999 9999 9999 9999 9999
129PORTLAND1999 71  9999 9999 9999 9999 9999 9999  624  611  661  673  625
129PORTLAND1999 72   550  467  448  493  578  776  933  933  842  754  596
129PORTLAND1999 73   536  463  394  498  548  539  632  580  493
129PORTLAND1999 81   503  503  489  449  398  437  618  785  743  622  669
129PORTLAND1999 82   753  747  563  470  470  518  618  635  533  469  442
129PORTLAND1999 83   451  569  683  667  567  492  472  512  540
129PORTLAND1999 91   532  586  702  809  784  653  553  536  468  400  455
129PORTLAND1999 92   506  525  666  792  920  818  609  478  484  553  559
129PORTLAND1999 93   533  462  416  374  420  534  525  516
129PORTLAND1999101   526  535  626  573  456  465  524  587  654  724  712
129PORTLAND1999102   668  665  710  671  636  615  518  507  556  566  460
129PORTLAND1999103   408  435  531  606  643  621  628  680  605
129PORTLAND1999111   500  459  473  493  541  524  494  538  496  430  455
129PORTLAND1999112   558  611  638  603  480  422  393  429  613  739  650
129PORTLAND1999113   570  530  484  395  381  387  410  487
129PORTLAND1999121   576  660  639  579  536  526  600  652  608  611  544
129PORTLAND1999122   456  447  483  590  610  528  449  356  335  329  343
129PORTLAND1999123   334  367  435  502  540  514  505  476  419
129PORTLAND2000 11   404  465  515  452  413  403  411  485  522  523  518
129PORTLAND2000 12   533  581  593  546  482  520  614  713  741  653  565
129PORTLAND2000 13   470  450  453  421  380  384  368  383  414
129PORTLAND2000 21   467  513  551  599  516  476  477  477  548  577  528
129PORTLAND2000 22   444  362  432  533  537  499  554  640  582  585  609
129PORTLAND2000 23   559  539  555  479  422  397  433
129PORTLAND2000 31   534  551  494  495  491  410  354  349  420  483  503
129PORTLAND2000 32   572  614  575  577  572  608  545  533  493  541  613
129PORTLAND2000 33   512  505  545  578  612  622  646  705  671
129PORTLAND2000 41   561  598  625  601  508  463  466  504  510  479  514
129PORTLAND2000 42   601  688  706  776  815  750  703  691  675  572  494
129PORTLAND2000 43   448  406  407  445  536  686  850  824
129PORTLAND2000 51   742  743  775  743  625  538  550  593  578  582  657
129PORTLAND2000 52   844 1025  929  769  717  601  601  652  583  566  629
129PORTLAND2000 53   734  807  899  980  975  898  723  580  551
129PORTLAND2000 61   545  561  674  725  653  603  618  637  543  469  440
129PORTLAND2000 62   377  386  506  658  686  588  556  632  792  960  946
129PORTLAND2000 63   811  722  703  765  853  818  664  547
129PORTLAND2000 71   485  465  470  534  689  776  777  796  780  723  755
129PORTLAND2000 72   714  660  755  735  647  645  818  936 1025  922  869
129PORTLAND2000 73   953  972  913  743  594  560  585  545  508
129PORTLAND2000 81   510  519  506  502  552  612  688  761  718  583  468
129PORTLAND2000 82   436  501  624  583  441  398  464  616  702  795  840
129PORTLAND2000 83   823  751  675  696  711  653  646  675  715
129PORTLAND2000 91   797  803  785  837  766  751  815  809  775  801  749
129PORTLAND2000 92   623  664  611  554  587  634  713  685  628  597  566
129PORTLAND2000 93   492  425  444  511  571  663  760  821
129PORTLAND2000101   714  626  561  556  591  603  602  545  590  549  564
129PORTLAND2000102   698  738  738  630  539  615  637  491  485  541  556
129PORTLAND2000103   593  536  510  567  533  452  458  516  615
129PORTLAND2000111   728  746  630  540  461  446  508  580  602  572  485
129PORTLAND2000112   406  364  380  426  429  431  461  474  422  375  377
129PORTLAND2000113   403  435  456  432  511  536  539  557
129PORTLAND2000121   506  536  522  528  491  442  454  431  435  480  514
129PORTLAND2000122   548  513  481  477  513  529  511  498  504  577  634
129PORTLAND2000123   733  717  697  688  580  491  435  349  349
129PORTLAND2001 11   473  551  578  583  541  515  442  387  421  473  455
129PORTLAND2001 12   434  478  518  472  431  411  422  493  507  522  527
129PORTLAND2001 13   522  552  589  632  649  655  625  513  464
129PORTLAND2001 21   524  568  554  495  401  414  523  586  552  530  543
129PORTLAND2001 22   595  600  528  421  372  392  437  475  556  542  489
129PORTLAND2001 23   520  542  558  559  557  508
129PORTLAND2001 31   458  441  425  387  375  426  448  455  489  459  503
129PORTLAND2001 32   503  449  454  532  625  574  528  564  689  704  658
129PORTLAND2001 33   688  738  808  745  576  475  478  498  524
129PORTLAND2001 41   520  490  506  520  499  573  678  671  649  655  557
129PORTLAND2001 42   475  530  585  588  603  651  698  611  548  554  542
129PORTLAND2001 43   564  611  683  700  642  571  538  556
129PORTLAND2001 51   550  525  550  576  540  513  548  608  597  617  660
129PORTLAND2001 52   651  648  707  912  943  698  506  487  521  512  531
129PORTLAND2001 53   606  656  746  863  842  694  612  571  516
129PORTLAND2001 61   538  563  536  562  585  648  768  788  637  534  582
129PORTLAND2001 62   710  748  611  507  461  462  527  652  703  630  616
129PORTLAND2001 63   666  756  761  610  571  575  573  597
129PORTLAND2001 71   618  611  637  732  757  741  656  569  504  428  432
129PORTLAND2001 72   509  575  658  661  632  562  500  468  482  502  492
129PORTLAND2001 73   475  482  519  587  582  550  541  616  716
129PORTLAND2001 81   607  550  620  770  785  757  823  758  706  618  598
129PORTLAND2001 82   528  484  558  666  803  853  823  859  848  800  617
129PORTLAND2001 83   525  643  729  671  614  589  571  598  661
129PORTLAND2001 91   721  717  655  559  531  596  778  828  687  622  578
129PORTLAND2001 92   551  559  593  630  549  468  516  512  437  407  462
129PORTLAND2001 93   565  672  611  518  499  537  645  748
129PORTLAND2001101   746  733  633  551  643  744  571  438  469  563  683
129PORTLAND2001102   766  680  566  583  606  663  603  483  445  478  541
129PORTLAND2001103   618  744  798  701  650  665  698  732  661
129PORTLAND2001111   583  488  495  551  531  456  454  515  551  554  515
129PORTLAND2001112   448  380  387  382  412  514  405  320  343  382  504
129PORTLAND2001113   679  799  790  636  524  519  549  557
129PORTLAND2001121   562  487  338  326  403  458  433  467  568  577  476
129PORTLAND2001122   446  444  448  451  468  488  506  545  565  611  648
129PORTLAND2001123   706  790  765  651  608  639  621  634  771
129PORTLAND2002 11   807  702  592  551  551  619  672  597  576  607  552
129PORTLAND2002 12   543  534  483  453  412  376  408  476  474  456  440
129PORTLAND2002 13   420  428  469  505  593  611  526  484  474
129PORTLAND2002 21   498  422  365  357  356  445  555  520  477  426  410
129PORTLAND2002 22   452  500  575  581  558  552  506  590  643  608  532
129PORTLAND2002 23   450  434  461  425  398  425
129PORTLAND2002 31   423  414  400  420  464  473  443  412  465  559  507
129PORTLAND2002 32   459  462  441  469  534  589  605  616  577  478  461
129PORTLAND2002 33   508  585  668  647  561  526  479  437  427
129PORTLAND2002 41   453  542  518  429  395  386  449  517  517  500  511
129PORTLAND2002 42   504  460  455  488  488  459  465  482  484  510  557
129PORTLAND2002 43   608  620  630  548  455  396  398  405
129PORTLAND2002 51   407  416  449  501  528  550  563  623  669  609  653
129PORTLAND2002 52   673  626  649  748  765  737  829  805  741  652  567
129PORTLAND2002 53   497  458  459  506  550  559  575  619  550
129PORTLAND2002 61   477  471  482  533  622  769  912  930  916  880  886
129PORTLAND2002 62   965  916  897  842  773  655  558  665  730  686  632
129PORTLAND2002 63   607  706  681  697  796  513  428  493
129PORTLAND2002 71   582  749  818  914  945  803  756  828  696  628  703
129PORTLAND2002 72   741  775  726  767  757  614  608  712  609  503  555
129PORTLAND2002 73   519  462  561  623  667  635  563  614  689
129PORTLAND2002 81   658  700  658  611  730  759  648  546  538  664  754
129PORTLAND2002 82   661  525  411  373  371  347  375  436  466  483  404
129PORTLAND2002 83   293  259  270  329  435  579  711  662  559
129PORTLAND2002 91   599  776  839  787  764  750  714  735  628  432  375
129PORTLAND2002 92   403  416  479  603  609  699  780  613  560  504  491
129PORTLAND2002 93   537  576  640  699  696  549  449  449
129PORTLAND2002101   504  532  481  416  462  582  701  636  463  349  377
129PORTLAND2002102   497  630  624  589  553  568  643  578  512  557  700
129PORTLAND2002103   676  647  505  370  345  380  484  539  493
129PORTLAND2002111   481  529  559  526  462  465  524  520  474  426  518
129PORTLAND2002112   564  528  471  389  435  459  454  446  374  373  417
129PORTLAND2002113   498  506  496  434  417  476  438  397
129PORTLAND2002121   489  521  637  788  693  499  510  505  381  353  406
129PORTLAND2002122   427  412  397  380  396  425  429  479  518  520  425
129PORTLAND2002123   355  318  306  312  303  369  479  612  719
129PORTLAND2003 11   678  577  481  408  396  456  464  392  341  319  331
129PORTLAND2003 12   428  455  436  437  445  471  422  444  474  434  376
129PORTLAND2003 13   395  488  514  453  444  522  635  626  527
129PORTLAND2003 21   459  420  443  463  424  413  378  365  412  435  470
129PORTLAND2003 22   454  415  414  435  393  302  298  318  409  516  538
129PORTLAND2003 23   526  501  502  531  574  612
129PORTLAND2003 31   511  399  379  342  314  353  370  311  293  316  365
129PORTLAND2003 32   443  446  443  453  484  535  635  619  531  503  443
129PORTLAND2003 33   418  438  421  415  452  472  461  426  429
129PORTLAND2003 41   458  439  381  373  390  496  532  450  401  416  478
129PORTLAND2003 42   574  685  765  629  470  420  430  444  437  427  439
129PORTLAND2003 43   465  452  451  502  572  629  618  538
129PORTLAND2003 51   507  514  422  332  344  396  480  552  555  529  501
129PORTLAND2003 52   477  511  526  528  585  677  786  914  853  710  639
129PORTLAND2003 53   601  569  510  458  448  442  476  567  646
129PORTLAND2003 61   737  827  872  975 1097 1116  864  684  638  646  735
129PORTLAND2003 62   827  864  762  633  529  489  486  477  549  644  574
129PORTLAND2003 63   498  472  534  750  858  834  795  726
129PORTLAND2003 71   660  661  660  619  597  647  656  600  589  644  797
129PORTLAND2003 72   728  629  686  632  473  408  374  353  415  573  713
129PORTLAND2003 73   883  868  724  619  677  722  607  480  471
129PORTLAND2003 81   499  544  670  800  844  771  716  641  483  487  546
129PORTLAND2003 82   610  592  460  445  538  559  432  381  443  583  709
129PORTLAND2003 83   788  731  619  497  446  493  647  684  572
129PORTLAND2003 91   490  460  417  529  523  446  404  456  562  617  661
129PORTLAND2003 92   741  900  927  847  809  775  728  637  584  611  655
129PORTLAND2003 93   771  878  829  672  532  550  452  466
129PORTLAND2003101   505  401  363  378  395  406  464  464  479  355  273
129PORTLAND2003102   267  315  401  432  447  502  582  659  757  683  623
129PORTLAND2003103   581  498  464  437  493  511  510  629  634
129PORTLAND2003111   574  470  442  450  455  415  394  390  380  370  334
129PORTLAND2003112   303  366  459  436  318  346  443  510  474  444  482
129PORTLAND2003113   442  385  337  281  325  445  548  517
129PORTLAND2003121   456  437  424  436  415  399  432  467  531  608  681
129PORTLAND2003122   722  615  536  533  507  463  495  500  524  655  612
129PORTLAND2003123   568  605  592  551  474  473  560  563  543
129PORTLAND2004 11   540  541  540  492  517  681  743  632  631  617  510
129PORTLAND2004 12   518  538  471  524  600  508  445  561  579  566  541
129PORTLAND2004 13   516  489  451  444  477  501  485  470  471
129PORTLAND2004 21   429  413  442  503  513  427  450  490  451  431  407
129PORTLAND2004 22   416  450  499  423  403  413  405  473  526  534  515
129PORTLAND2004 23   437  406  459  510  542  560  441
129PORTLAND2004 31   425  468  516  525  541  546  568  611  502  454  456
129PORTLAND2004 32   429  415  452  447  439  417  426  472  461  400  359
129PORTLAND2004 33   385  487  497  443  503  596  587  529  555
129PORTLAND2004 41   517  453  374  338  414  394  379  400  410  476  504
129PORTLAND2004 42   517  597  634  648  651  597  573  556  580  634  631
129PORTLAND2004 43   550  507  528  512  489  563  674  717
129PORTLAND2004 51   654  599  648  641  543  556  572  523  470  496  547
129PORTLAND2004 52   592  652  736  823  748  742  719  671  631  590  625
129PORTLAND2004 53   684  784  731  620  589  573  583  657  734
129PORTLAND2004 61   719  725  681  561  545  605  675  726  708  599  632
129PORTLAND2004 62   761  928  992  800  636  790  982  875  676  550  568
129PORTLAND2004 63   754  866  778  603  692  793  828  845
129PORTLAND2004 71   769  693  775  822  754  687  558  488  588  714  688
129PORTLAND2004 72   531  511  520  591  554  369  326  344  368  368  421
129PORTLAND2004 73   584  758  757  667  718  686  621  576  572
129PORTLAND2004 81   681  842  856  792  668  592  582  600  578  522  530
129PORTLAND2004 82   674  730  570  502  468  480  508  559  628  633  550
129PORTLAND2004 83   553  592  615  624  614  654  691  609  484
129PORTLAND2004 91   381  387  428  398  410  495  638  671  642  625  533
129PORTLAND2004 92   461  470  494  450  432  412  375  366  427  546  601
129PORTLAND2004 93   583  565  579  562  509  534  515  477
129PORTLAND2004101   504  522  529  524  497  575  627  533  501  526  561
129PORTLAND2004102   609  600  588  521  497  444  346  378  471  513  544
129PORTLAND2004103   481  446  504  527  443  384  378  434  530
129PORTLAND2004111   628  608  564  616  606  523  425  370  393  481  572
129PORTLAND2004112   677  673  632  559  551  634  617  511  447  393  315
129PORTLAND2004113   303  314  379  480  499  530  628  678
129PORTLAND2004121   595  553  580  541  558  596  486  421  450  522  574
129PORTLAND2004122   580  547  489  460  436  469  571  534  495  516  549
129PORTLAND2004123   540  472  470  486  427  354  329  367  421
129PORTLAND2005 11   428  449  573  729  677  573  455  385  347  424  519
129PORTLAND2005 12   522  532  491  478  438  422  468  508  488  510  468
129PORTLAND2005 13   409  400  468  504  551  592  554  580  681
129PORTLAND2005 21   703  657  646  583  526  550  598  648  610  562  540
129PORTLAND2005 22   470  464  489  475  450  492  527  494  513  509  499
129PORTLAND2005 23   554  570  530  437  415  464
129PORTLAND2005 31   441  428  510  590  534  473  449  426  399  400  432
129PORTLAND2005 32   517  624  632  556  464  439  437  436  407  403  412
129PORTLAND2005 33   430  450  427  431  418  395  414  425  466
129PORTLAND2005 41   527  630  523  400  421  356  359  462  521  477  448
129PORTLAND2005 42   504  548  470  476  554  658  609  509  475  469  440
129PORTLAND2005 43   500  573  540  514  543  582  622  675
129PORTLAND2005 51   606  581  582  593  551  490  466  499  562  599  576
129PORTLAND2005 52   578  600  591  518  511  530  514  550  607  636  646
129PORTLAND2005 53   669  645  560  623  629  530  482  522  503
129PORTLAND2005 61   493  536  615  619  605  655  669  679  739  866  888
129PORTLAND2005 62   925 1016 1016  944  798  653  679  849  940  851  671
129PORTLAND2005 63   500  446  421  432  433  402  423  576
129PORTLAND2005 71   676  643  632  672  749  764  719  699  651  559  529
129PORTLAND2005 72   584  657  681  716  777  624  525  444  411  478  554
129PORTLAND2005 73   644  744  794  745  680  714  693  622  551
129PORTLAND2005 81   529  633  685  578  578  661  655  694  777  678  560
129PORTLAND2005 82   508  570  724  666  569  587  642  667  718  685  503
129PORTLAND2005 83   412  382  336  307  373  481  651  801  683
129PORTLAND2005 91   572  569  539  496  497  569  633  666  717  779  748
129PORTLAND2005 92   664  633  620  664  720  627  569  532  488  502  517
129PORTLAND2005 93   535  530  500  473  591  742  728  759
129PORTLAND2005101   741  718  615  597  581  552  651  650  629  656  556
129PORTLAND2005102   569  577  480  446  404  412  461  515  609  668  672
129PORTLAND2005103   667  699  754  709  620  632  563  489  491
129PORTLAND2005111   547  666  683  584  580  613  700  774  707  640  644
129PORTLAND2005112   596  554  509  374  395  534  582  531  525  478  390
129PORTLAND2005113   379  495  581  531  489  447  486  553
129PORTLAND2005121   659  712  732  733  723  762  783  767  752  648  671
129PORTLAND2005122   732  746  783  785  804  815  721  631  629  571  595
129PORTLAND2005123   698  725  722  695  714  709  724  678  659
129PORTLAND2006 11   591  579  528  477  451  436  460  526  567  558  544
129PORTLAND2006 12   550  539  505  496  528  456  414  471  496  567  630
129PORTLAND2006 13   556  483  525  572  513  482  438  381  400
129PORTLAND2006 21   385  373  401  413  465  426  413  515  473  455  507
129PORTLAND2006 22   516  462  480  522  585  614  620  577  534  522  489
129PORTLAND2006 23   523  581  532  466  438  395
129PORTLAND2006 31   371  440  450  424  505  529  522  555  544  521  584
129PORTLAND2006 32   656  609  588  667  666  622  578  502  463  455  452
129PORTLAND2006 33   448  490  573  629  555  509  501  530  578
129PORTLAND2006 41   509  497  533  636  735  671  596  543  538  643  727
129PORTLAND2006 42   714  737  679  591  645  799  907  960  886  721  628
129PORTLAND2006 43   525  479  469  534  632  722  751  695
129PORTLAND2006 51   719  833  840  773  716  841  826  780  778  590  500
129PORTLAND2006 52   518  539  528  550  591  592  614  608  547  528  491
129PORTLAND2006 53   506  544  537  563  595  544  501  570  697
129PORTLAND2006 61   735  669  556  477  454  454  479  471  532  566  445
129PORTLAND2006 62   421  467  512  503  460  461  480  500  528  567  648
129PORTLAND2006 63   652  587  542  568  558  553  650  798
129PORTLAND2006 71   768  591  523  558  584  531  529  576  711  797  645
129PORTLAND2006 72   511  447  480  509  434  355  314  306  294  345  413
129PORTLAND2006 73   403  405  409  413  514  629  673  711  581
129PORTLAND2006 81   567  610  528  445  419  377  406  531  521  468  457
129PORTLAND2006 82   499  582  558  557  652  634  601  572  579  652  628
129PORTLAND2006 83   567  498  499  543  513  454  422  428  493
129PORTLAND2006 91   542  585  553  511  527  431  412  407  250  201  229
129PORTLAND2006 92   284  358  371  378  424  493  572  660  682  757  785
129PORTLAND2006 93   812  724  593  633  574  539  513  506
129PORTLAND2006101   509  403  450  527  474  527  537  372  303  366  500
129PORTLAND2006102   554  539  500  427  453  558  559  556  448  336  326
129PORTLAND2006103   393  443  410  487  496  400  413  423  417
129PORTLAND2006111   501  540  501  447  399  367  323  312  359  420  489
129PORTLAND2006112   544  507  624  536  390  396  377  404  538  569  517
129PORTLAND2006113   508  500  451  403  418  412  418  516
129PORTLAND2006121   560  496  462  540  574  489  447  463  489  480  384
129PORTLAND2006122   342  461  442  357  349  372  378  361  405  527  502
129PORTLAND2006123   472  496  407  391  398  387  396  447  462
129PORTLAND2007 11   489  500  483  503  577  657  574  522  546  601  576
129PORTLAND2007 12   583  562  528  536  562  513  543  613  696  679  620
129PORTLAND2007 13   561  475  480  543  540  520  532  482  384
129PORTLAND2007 21   410  438  426  478  450  408  418  418  442  394  328
129PORTLAND2007 22   343  375  400  466  480  476  473  453  428  420  437
129PORTLAND2007 23   476  456  403  399  415  458
129PORTLAND2007 31   479  532  555  533  467  452  504  496  522  589  519
129PORTLAND2007 32   410  361  435  517  481  438  432  476  505  499  587
129PORTLAND2007 33   616  500  467  501  582  692  762  635  507
129PORTLAND2007 41   474  436  409  449  431  390  374  411  457  485  480
129PORTLAND2007 42   500  552  604  558  552  615  663  674  665  618  522
129PORTLAND2007 43   456  437  465  539  666  787  803  743
129PORTLAND2007 51   807  937 1044 1004  922  813  801  713  605  562  542
129PORTLAND2007 52   541  582  629  697  748  785  837  839  834  853  801
129PORTLAND2007 53   794  781  689  652  725  833  881  833  779
129PORTLAND2007 61   721  688  592  490  484  509  476  485  557  580  555
129PORTLAND2007 62   558  510  492  502  535  536  502  480  510  440  409
129PORTLAND2007 63   453  564  655  650  619  669  777  784
129PORTLAND2007 71   785  786  857  952  934  915  738  582  556  582  586
129PORTLAND2007 72   549  523  502  557  703  685  527  476  450  461  531
129PORTLAND2007 73   615  683  709  750  754  696  656  638  780
129PORTLAND2007 81   875  844  757  702  611  600  705  796  873  905  740
129PORTLAND2007 82   555  482  484  544  602  574  498  465  446  378  400
129PORTLAND2007 83   465  511  548  576  632  604  609  718  649
129PORTLAND2007 91   615  576  420  377  373  393  436  463  580  732  671
129PORTLAND2007 92   640  702  647  712  748  610  687  691  608  542  519
129PORTLAND2007 93   578  544  553  611  793  802  748  724
129PORTLAND2007101   643  697  703  692  676  591  569  530  518  583  606
129PORTLAND2007102   570  560  611  644  510  494  539  464  520  540  466
129PORTLAND2007103   477  482  462  529  659  756  803  691  570
129PORTLAND2007111   548  543  565  455  385  344  327  331  370  407  413
129PORTLAND2007112   429  509  525  545  579  557  560  567  537  521  562
129PORTLAND2007113   572  521  471  457  486  463  473  485
129PORTLAND2007121   536  637  730  711  662  703  685  758  729  628  581
129PORTLAND2007122   540  541  539  512  454  421  476  537  603  723  657
129PORTLAND2007123   625  561  480  503  542  591  531  520  589
129PORTLAND2008 11   534  453  451  547  584  526  500  509  562  637  658
129PORTLAND2008 12   725  661  579  562  477  449  502  548  467  380  366
129PORTLAND2008 13   387  406  462  539  566  557  529  511  480
129PORTLAND2008 21   480  478  464  476  468  471  446  415  374  384  430
129PORTLAND2008 22   412  356  372  367  350  385  477  527  489  537  566
129PORTLAND2008 23   563  517  487  509  501  449  428
129PORTLAND2008 31   416  475  515  520  555  524  524  528  552  506  469
129PORTLAND2008 32   509  623  656  632  658  657  572  610  572  491  529
129PORTLAND2008 33   581  658  747  657  580  657  732  748  675
129PORTLAND2008 41   769  848  727  675  604  563  565  621  656  712  768
129PORTLAND2008 42   736  700  670  602  534  502  512  517  534  553  558
129PORTLAND2008 43   587  664  751  830  810  673  597  643
129PORTLAND2008 51   700  690  670  695  721  729  665  616  576  537  549
129PORTLAND2008 52   584  613  653  749  929  929  817  763  661  553  517
129PORTLAND2008 53   495  532  599  603  564  535  541  542  522
129PORTLAND2008 61   541  534  515  526  495  457  425  474  564  693  807
129PORTLAND2008 62   869  703  566  559  583  650  678  606  586  543  533
129PORTLAND2008 63   552  614  757  727  629  682  846 1017
129PORTLAND2008 71  1014  803  615  554  596  718  744  661  764  789  643
129PORTLAND2008 72   698  760  769  670  674  770  765  806  791  640  520
129PORTLAND2008 73   479  541  627  651  560  489  550  643  762
129PORTLAND2008 81   746  687  700  610  587  626  566  575  621  572  543
129PORTLAND2008 82   539  478  514  538  491  462  495  621  656  541  444
129PORTLAND2008 83   432  453  531  487  412  423  501  637  674
129PORTLAND2008 91   646  492  394  422  458  473  450  429  448  523  641
129PORTLAND2008 92   709  763  859  845  611  587  670  735  725  739  693
129PORTLAND2008 93   533  492  558  559  576  547  504  563
129PORTLAND2008101   649  650  612  596  667  612  576  538  492  461  486
129PORTLAND2008102   543  488  447  425  419  452  484  425  405  356  313
129PORTLAND2008103   360  467  594  628  561  461  501  579  500
129PORTLAND2008111   469  471  423  451  482  569  724  684  595  553  543
129PORTLAND2008112   591  623  581  519  437  440  465  516  603  694  599
129PORTLAND2008113   513  448  428  559  658  637  653  744
129PORTLAND2008121   737  701  620  620  664  627  539  564  532  468  542
129PORTLAND2008122   631  598  601  639  632  617  584  533  542  619  627
129PORTLAND2008123   619  637  598  631  699  724  727  743  721
129PORTLAND2009 11   596  464  464  468  511  586  596  545  554  558  522
129PORTLAND2009 12   534  577  536  553  497  457  504  591  628  717  784
129PORTLAND2009 13   798  729  645  611  622  649  630  584  492
129PORTLAND2009 21   473  488  520  586  589  633  615  535  506  466  400
129PORTLAND2009 22   340  307  313  314  374  455  538  593  565  511  536
129PORTLAND2009 23   510  434  422  487  555  583
129PORTLAND2009 31   585  647  747  720  656  626  539  458  425  406  458
129PORTLAND2009 32   526  615  725  739  677  639  650  625  672  706  631
129PORTLAND2009 33   624  634  607  555  554  590  527  467  500
129PORTLAND2009 41   539  590  593  574  547  446  411  429  488  493  522
129PORTLAND2009 42   568  648  784  818  777  671  572  517  496  495  540
129PORTLAND2009 43   684  859 1020  926  722  609  570  595
129PORTLAND2009 51   558  519  501  477  519  548  518  500  516  550  584
129PORTLAND2009 52   667  784  888  934  797  652  617  611  587  556  589
129PORTLAND2009 53   640  740  806  739  659  566  459  395  432
129PORTLAND2009 61   457  504  619  663  689  805  867  852  735  598  608
129PORTLAND2009 62   701  817  849  744  623  551  547  627  733  746  743
129PORTLAND2009 63   803  821  767  701  722  836  934 1048
129PORTLAND2009 71  1091 1023  830  698  598  549  526  498  532  674  833
129PORTLAND2009 72   893  892  821  724  608  612  705  762  794  818  717
129PORTLAND2009 73   603  625  644  641  628  627  597  616  590
129PORTLAND2009 81   564  610  606  586  634  722  599  588  628  631  643
129PORTLAND2009 82   627  584  612  767  832  731  675  647  717  767  765
129PORTLAND2009 83   875  955  941  883  784  733  725  700  642
129PORTLAND2009 91   568  638  705  704  688  730  666  609  577  597  703
129PORTLAND2009 92   723  671  616  611  649  604  628  646  632  718  727
129PORTLAND2009 93   732  871  857  747  653  581  615  627
129PORTLAND2009101   561  510  501  521  496  443  383  342  304  340  510
129PORTLAND2009102   740  877  816  671  503  420  405  474  494  431  411
129PORTLAND2009103   413  374  317  306  290  335  454  459  455
129PORTLAND2009111   475  573  640  573  457  413  404  391  411  450  468
129PORTLAND2009112   464  508  527  558  552  535  569  597  610  646  611
129PORTLAND2009113   529  511  522  569  650  746  660  482
129PORTLAND2009121   412  460  459  517  567  584  574  577  680  689  624
129PORTLAND2009122   593  511  472  548  615  582  564  514  532  537  525
129PORTLAND2009123   605  559  463  469  477  437  407  500  545
129PORTLAND2010 11   516  478  433  466  463  436  444  471  442  492  583
129PORTLAND2010 12   535  476  475  522  566  532  473  492  480  503  487
129PORTLAND2010 13   431  483  532  499  488  477  426  478  464
129PORTLAND2010 21   415  465  506  494  428  398  403  385  405  440  432
129PORTLAND2010 22   412  439  447  416  442  406  365  449  528  539  531
129PORTLAND2010 23   441  380  375  419  356  290
129PORTLAND2010 31   246  264  350  481  554  579  646  654  494  356  268
129PORTLAND2010 32   217  247  335  397  432  447  517  545  540  514  478
129PORTLAND2010 33   434  438  479  430  454  537  484  485  512
129PORTLAND2010 41   465  404  382  419  471  542  590  563  594  671  622
129PORTLAND2010 42   505  472  443  416  442  489  521  580  589  575  609
129PORTLAND2010 43   715  734  650  693  712  726  623  602
129PORTLAND2010 51   639  585  685  770  746  738  732  693  720  778  700
129PORTLAND2010 52   609  602  603  602  625  657  647  628  575  548  572
129PORTLAND2010 53   608  677  746  721  721  809  798  637  610
129PORTLAND2010 61   618  579  581  630  611  545  586  746  755  679  625
129PORTLAND2010 62   564  550  549  601  809  901  853  742  595  505  488
129PORTLAND2010 63   550  665  669  597  646  766  749  648
129PORTLAND2010 71   582  550  516  558  614  608  547  507  557  714  768
129PORTLAND2010 72   792  893  825  671  619  678  704  651  607  546  477
129PORTLAND2010 73   467  494  470  455  450  500  620  758  837
129PORTLAND2010 81   759  574  612  604  513  505  579  639  596  649  643
129PORTLAND2010 82   575  669  835  842  695  654  805  862  799  679  649
129PORTLAND2010 83   705  797  851  784  590  450  430  477  572
129PORTLAND2010 91   540  432  550  674  585  548  516  610  727  731  716
129PORTLAND2010 92   694  595  609  654  548  508  485  416  371  342  354
129PORTLAND2010 93   408  528  575  624  694  604  501  492
129PORTLAND2010101   445  434  490  524  563  577  495  453  409  410  483
129PORTLAND2010102   489  546  688  671  592  605  525  446  459  541  591
129PORTLAND2010103   547  540  610  615  591  681  707  635  576
129PORTLAND2010111   556  530  469  412  427  524  599  598  627  621  656
129PORTLAND2010112   645  584  586  577  593  625  537  448  416  429  494
129PORTLAND2010113   531  542  558  621  613  533  502  468
129PORTLAND2010121   487  524  531  512  557  658  741  743  741  814  860
129PORTLAND2010122   758  700  720  680  746  839  875  826  698  599  536
129PORTLAND2010123   449  488  574  580  540  574  569  576  602
129PORTLAND2011 11   571  518  489  496  531  604  600  516  445  476  572
129PORTLAND2011 12   643  704  695  665  665  674  648  636  656  562  532
129PORTLAND2011 13   608  616  602  580  548  561  604  664  739
129PORTLAND2011 21   695  605  584  652  630  514  472  440  502  573  514
129PORTLAND2011 22   458  422  396  457  528  503  593  653  592  501  441
129PORTLAND2011 23   434  465  541  623  630  631
129PORTLAND2011 31   573  557  530  452  400  446  544  588  594  555  557
129PORTLAND2011 32   557  487  469  452  404  402  398  435  543  636  709
129PORTLAND2011 33   728  661  521  436  432  468  527  491  480
129PORTLAND2011 41   490  464  443  401  396  432  484  601  746  767  684
129PORTLAND2011 42   673  655  586  552  537  589  678  682  714  791  747
129PORTLAND2011 43   682  623  555  501  532  603  670  723
129PORTLAND2011 51   733  710  705  653  601  629  671  635  624  716  756
129PORTLAND2011 52   768  706  561  539  527  529  583  630  719  833  934
129PORTLAND2011 53   920  730  647  655  648  593  568  581  616
129PORTLAND2011 61   660  768  821  855  862  790  704  543  446  384  360
129PORTLAND2011 62   355  383  426  516  696  767  774  889 1052  994  859
129PORTLAND2011 63   740  667  689  683  570  525  499  512
129PORTLAND2011 71   610  748  883 1023  985  838  655  629  670  635  546
129PORTLAND2011 72   584  510  396  392  515  638  596  507  477  448  501
129PORTLAND2011 73   616  678  610  517  520  561  624  655  678
129PORTLAND2011 81   709  713  722  722  752  768  759  712  681  587  559
129PORTLAND2011 82   560  543  577  631  714  872  764  538  449  389  389
129PORTLAND2011 83   458  552  569  545  613  671  579  527  502
129PORTLAND2011 91   440  460  568  613  723  745  649  669  624  563  505
129PORTLAND2011 92   534  596  540  546  591  610  646  787  764  779  776
129PORTLAND2011 93   643  586  546  564  655  792  854  815
129PORTLAND2011101   605  495  472  478  511  584  602  625  637  627  544
129PORTLAND2011102   498  518  611  659  541  454  482  530  539  513  510
129PORTLAND2011103   552  483  393  405  518  587  524  456  449
129PORTLAND2011111   509  544  524  539  614  624  648  666  655  619  632
129PORTLAND2011112   659  719  700  641  565  608  616  566  592  657  605
129PORTLAND2011113   458  448  526  593  591  659  734  631
129PORTLAND2011121   553  559  514  436  434  480  519  542  560  574  571
129PORTLAND2011122   569  507  464  395  383  480  602  596  505  456  507
129PORTLAND2011123   566  605  613  576  541  532  520  519  524
129PORTLAND2012 11   552  617  631  575  549  581  676  728  760  781  643
129PORTLAND2012 12   586  569  512  502  555  590  569  587  568  543  582
129PORTLAND2012 13   605  574  505  464  465  539  689  641  487
129PORTLAND2012 21   472  515  591  692  728  691  645  613  634  603  559
129PORTLAND2012 22   527  492  503  596  617  550  553  575  580  540  514
129PORTLAND2012 23   516  547  624  693  676  624  619
129PORTLAND2012 31   553  522  616  624  546  451  393  476  539  567  582
129PORTLAND2012 32   598  621  680  745  707  592  545  605  733  761  833
129PORTLAND2012 33   806  671  629  612  590  621  682  768  745
129PORTLAND2012 41   766  828  779  761  780  785  750  775  634  478  455
129PORTLAND2012 42   492  571  652  651  608  585  611  667  683  767  909
129PORTLAND2012 43   897  768  683  651  644  618  544  597
129PORTLAND2012 51   606  555  578  586  595  654  764  823  790  822  804
129PORTLAND2012 52   771  674  559  536  545  620  690  611  627  726  810
129PORTLAND2012 53   856  787  780  710  624  547  479  488  517
129PORTLAND2012 61   551  597  652  596  441  394  409  418  404  390  500
129PORTLAND2012 62   629  724  797  856  834  733  673  677  830  823  679
129PORTLAND2012 63   654  612  537  502  581  755  867  813
129PORTLAND2012 71   689  636  583  492  473  489  524  554  610  696  726
129PORTLAND2012 72   744  746  747  726  722  767  718  659  552  475  468
129PORTLAND2012 73   484  564  743  784  650  562  463  415  433
129PORTLAND2012 81   511  610  682  773  792  673  724  744  608  489  436
129PORTLAND2012 82   465  589  660  719  843  768  589  566  593  690  789
129PORTLAND2012 83   813  801  710  596  603  690  737  624  500
129PORTLAND2012 91   478  477  478  631  812  904  805  593  509  495  543
129PORTLAND2012 92   594  560  521  501  515  519  526  551  583  562  647
129PORTLAND2012 93   650  580  619  701  786  836  717  562
129PORTLAND2012101   426  419  514  546  493  468  496  541  564  603  490
129PORTLAND2012102   442  447  490  560  585  528  552  571  571  523  479
129PORTLAND2012103   522  559  572  538  450  441  503  552  578
129PORTLAND2012111   522  473  484  538  604  642  694  669  559  518  564
129PORTLAND2012112   513  512  539  521  474  487  479  469  510  494  515
129PORTLAND2012113   544  517  495  486  434  508  597  606
129PORTLAND2012121   606  632  723  745  680  613  618  590  473  439  456
129PORTLAND2012122   517  554  601  665  640  645  706  692  618  616  664
129PORTLAND2012123   694  602  555  581  584  528  499  498  524
129PORTLAND2013 11   517  527  616  665  569  532  642  709  670  680  633
129PORTLAND2013 12   569  539  535  540  556  649  607  576  625  683  680
129PORTLAND2013 13   688  750  671  630  640  580  560  633  621
129PORTLAND2013 21   543  524  528  496  513  603  676  735  706  610  559
129PORTLAND2013 22   501  487  492  497  514  586  614  539  523  504  520
129PORTLAND2013 23   568  538  484  519  520  456
129PORTLAND2013 31   389  363  395  431  485  549  559  594  633  651  673
129PORTLAND2013 32   696  672  671  674  582  472  474  498  638  770  764
129PORTLAND2013 33   791  756  686  754  780  751  741  750  697
129PORTLAND2013 41   689  607  522  478  493  538  536  535  553  550  527
129PORTLAND2013 42   611  697  687  632  629  667  596  525  619  831  895
129PORTLAND2013 43   809  767  788  811  860  776  682  671
129PORTLAND2013 51   589  613  665  553  552  574  616  620  599  651  765
129PORTLAND2013 52   839  901  952  910  767  674  653  686  707  695  680
129PORTLAND2013 53   632  664  675  618  596  631  701  752  814
129PORTLAND2013 61   779  712  720  731  821  883  757  720  772  816  777
129PORTLAND2013 62   728  652  569  528  572  622  584  595  694  728  643
129PORTLAND2013 63   540  519  552  597  648  615  592  679
129PORTLAND2013 71   773  807  914 1041 1001  838  683  571  544  557  570
129PORTLAND2013 72   608  701  739  685  668  717  887  993  909  775  641
129PORTLAND2013 73   509  496  550  563  641  746  725  667  660
129PORTLAND2013 81   750  861  877  854  909  833  687  702  772  717  809
129PORTLAND2013 82   840  895  868  784  874  943 1003  810  660  735  787
129PORTLAND2013 83   677  596  583  560  558  627  748  730  701
129PORTLAND2013 91   623  541  571  642  621  612  555  590  727  772  706
129PORTLAND2013 92   557  546  645  701  691  744  793  792  737  679  690
129PORTLAND2013 93   792  821  842  792  842  844  862  895
129PORTLAND2013101   906  898  699  711  722  661  651  665  721  691  719
129PORTLAND2013102   783  680  639  765  866  739  687  697  620  556  585
129PORTLAND2013103   599  554  518  467  462  459  446  446  458
129PORTLAND2013111   510  538  450  375  464  552  516  491  433  404  401
129PORTLAND2013112   419  432  397  366  352  382  485  470  420  462  510
129PORTLAND2013113   446  415  427  490  595  581  453  432
129PORTLAND2013121   499  527  624  685  604  558  609  623  636  652  615
129PORTLAND2013122   592  527  474  458  422  390  474  548  495  522  589
129PORTLAND2013123   564  588  612  558  602  549  481  507  555
129PORTLAND2014 11   614  621  654  700  732  568  493  479  498  529  524
129PORTLAND2014 12   513  562  564  549  621  602  539  501  489  442  400
129PORTLAND2014 13   468  455  368  393  477  478  407  428  437
129PORTLAND2014 21   501  543  425  312  378  473  502  534  496  464  468
129PORTLAND2014 22   483  553  633  590  516  546  612  634  529  441  409
129PORTLAND2014 23   415  466  537  518  459  438
129PORTLAND2014 31   426  414  436  488  450  434  422  461  501  491  503
129PORTLAND2014 32   486  518  614  692  709  674  577  534  571  488  469
129PORTLAND2014 33   504  473  419  437  491  507  524  561  617
129PORTLAND2014 41   673  647  578  535  522  515  526  549  612  587  481
129PORTLAND2014 42   481  466  433  457  524  593  613  617  643  692  675
129PORTLAND2014 43   705  658  702  642  572  692  723  713
129PORTLAND2014 51   840  884  772  753  669  532  479  521  614  653  625
129PORTLAND2014 52   615  657  730  718  686  684  677  675  642  674  735
129PORTLAND2014 53   729  727  723  820  937  857  749  703  754
129PORTLAND2014 61   739  683  674  645  618  575  539  513  513  571  698
129PORTLAND2014 62   811  789  675  696  689  586  575  700  819  770  872
129PORTLAND2014 63  1096 1087  985  940 1059 1053  861  704
129PORTLAND2014 71   569  574  731  870  794  701  792  953  957  885  819
129PORTLAND2014 72   623  514  560  705  846  795  593  532  524  504  503
129PORTLAND2014 73   557  634  635  588  680  808  879  950 1045
129PORTLAND2014 81   788  596  577  563  548  552  503  524  575  501  412
129PORTLAND2014 82   369  357  398  449  479  513  543  525  491  477  508
129PORTLAND2014 83   568  574  517  494  491  487  499  564  670
129PORTLAND2014 91   649  543  545  504  446  454  494  632  752  763  642
129PORTLAND2014 92   536  556  563  580  631  570  487  459  367  366  440
129PORTLAND2014 93   481  527  559  570  622  720  749  704
129PORTLAND2014101   541  486  522  532  551  647  560  537  560  555  583
129PORTLAND2014102   653  505  432  488  428  396  447  374  310  386  417
129PORTLAND2014103   462  506  509  649  695  670  657  675  733
129PORTLAND2014111   639  546  580  509  504  605  630  556  541  512  481
129PORTLAND2014112   511  566  524  501  522  517  501  567  607  639  642
129PORTLAND2014113   626  621  581  556  510  505  554  633
129PORTLAND2014121   675  630  574  607  612  548  538  505  506  475  376
129PORTLAND2014122   426  544  555  625  674  665  642  569  571  560  568
129PORTLAND2014123   540  593  628  581  571  669  727  633  600
129PORTLAND2015 11   578  625  618  502  442  469  546  551  492  417  408
129PORTLAND2015 12   525  636  564  567  622  566  516  579  615  584  642
129PORTLAND2015 13   667  718  674  607  555  484  456  483  487
129PORTLAND2015 21   424  372  387  365  325  393  457  410  444  473  441
129PORTLAND2015 22   420  451  492  520  496  483  434  433  459  527  579
129PORTLAND2015 23   501  455  511  546  592  600
129PORTLAND2015 31   520  508  520  575  591  621  616  639  596  598  599
129PORTLAND2015 32   517  541  578  546  627  716  793  759  612  600  686
129PORTLAND2015 33   645  645  752  680  535 9999 9999 9999  533
129PORTLAND2015 41   574  475  467  520  625  638  526  480  444  445  464
129PORTLAND2015 42   440  502  618  623  594  663  615  452  396  422  460
129PORTLAND2015 43   554  661  626  578  524  482  487  529
129PORTLAND2015 51   638  717  754  913 1002  950  846  834  942  946  898
129PORTLAND2015 52   820  586  456  432  437  460  599  743  706  595  509
129PORTLAND2015 53   519  546  530  604  707  729  688  740  656
129PORTLAND2015 61   488  464  532  628  575  612  753  804  615  455  434
129PORTLAND2015 62   453  481  491  559  648  569  478  433  418  489  637
129PORTLAND2015 63   739  653  520  493  464  433  429  460
129PORTLAND2015 71   538  475  488  556  623  629  550  533  611  769  841
129PORTLAND2015 72   729  694  683  512  422  378  340  368  470  646  638
129PORTLAND2015 73   660  787  851  740  527  450  550  624  631
129PORTLAND2015 81   648  648  530  586  582  498  472  505  607  764  868
129PORTLAND2015 82   743  603  501  462  558  505  409  422  520  630  618
129PORTLAND2015 83   512  376  364  415  396  342  341  364  401
129PORTLAND2015 91   525  611  528  475  508  611  580  500  415  397  441
129PORTLAND2015 92   443  509  549  532  511  448  423  451  509  465  337
129PORTLAND2015 93   284  266  256  307  388  483  477  426
129PORTLAND2015101   368  436  537  536  603  503  346  354  414  467  491
129PORTLAND2015102   437  427  503  515  465  441  430  503  566  519  461
129PORTLAND2015103   430  476  533  425  396  382  392  460  540
129PORTLAND2015111   529  459  442  502  572  534  467  477  491  422  412
129PORTLAND2015112   426  406  373  366  431  463  493  503  457  444  507
129PORTLAND2015113   529  619  678  580  546  531  544  586
129PORTLAND2015121   554  499  467  452  443  478  570  628  632  674  598
129PORTLAND2015122   532  549  509  497  520  509  517  595  531  426  426
129PORTLAND2015123   430  520  588  462  398  402  405  493  514
129PORTLAND2016 11   448  405  364  361  382  357  318  312  352  437  462
129PORTLAND2016 12   491  516  391  330  334  383  439  490  511  538  525
129PORTLAND2016 13   492  498  453  467  561  633  630  620  598
129PORTLAND2016 21   593  566  477  464  468  466  455  412  416  433  445
129PORTLAND2016 22   500  537  556  591  542  547  556  473  398  379  433
129PORTLAND2016 23   504  557  577  544  532  521  519
129PORTLAND2016 31   533  503  505  512  472  434  442  493  474  470  476
129PORTLAND2016 32   436  425  403  393  492  621  567  467  440  417  445
129PORTLAND2016 33   441  411  420  414  407  408  410  454  567
129PORTLAND2016 41   633  511  473  573  623  550  537  570  628  633  563
129PORTLAND2016 42   508  469  490  511  476  477  536  575  607  536  453
129PORTLAND2016 43   434  449  487  565  616  656  745  830
129PORTLAND2016 51   836  954  979  866  828  736  719  806  936  955  910
129PORTLAND2016 52   808  743  766  743  774  755  799  789  698  732  821
129PORTLAND2016 53   816  843  892  866  812  726  682  620  625
129PORTLAND2016 61   651  590  581  683  798  845  806  791  806  778  597
129PORTLAND2016 62   510  518  490  534  664  644  578  601  707  876  930
129PORTLAND2016 63   971  819  730  761  697  654  775  869
129PORTLAND2016 71   729  669  687  691  563  485  515  511  535  739 1064
129PORTLAND2016 72  1106  837  695  610  580  663  714  635  610  775  888
129PORTLAND2016 73   817  896  929  838  680  618  593  644  665
129PORTLAND2016 81   581  478  431  406  413  438  500  635  790  808  753
129PORTLAND2016 82   720  634  567  589  589  561  696  766  764  693  592
129PORTLAND2016 83   568  575  556  566  594  530  507  597  634
129PORTLAND2016 91   600  581  565  538  504  458  529  642  620  606  580
129PORTLAND2016 92   518  581  643  581  593  623  614  651  641  539  523
129PORTLAND2016 93   600  631  637  681  674  809  888  869
129PORTLAND2016101   803  807  866  849  756  695  577  595  746  718  659
129PORTLAND2016102   592  514  588  712  747  791  743  675  722  622  494
129PORTLAND2016103   481  566  608  535  503  517  649  740  748
129PORTLAND2016111   733  662  668  703  660  698  661  566  551  531  563
129PORTLAND2016112   722  717  588  508  519  548  493  493  576  586  542
129PORTLAND2016113   529  523  494  471  504  526  527  546
129PORTLAND2016121   589  566  599  640  585  603  737  716  560  525  496
129PORTLAND2016122   571  597  491  493  588  541  548  642  604  543  552
129PORTLAND2016123   570  538  578  578  647  723  742  819  828
129PORTLAND2017 11   666  515  467  447  437  488  561  580  607  639  598
129PORTLAND2017 12   662  694  574  552  574  525  446  516  481  488  573
129PORTLAND2017 13   611  520  511  536  559  545  612  642  603
129PORTLAND2017 21   602  590  614  653  608  473  444  522  522  548  594
129PORTLAND2017 22   586  495  506  551  552  603  622  593  524  567  662
129PORTLAND2017 23   647  595  534  508  509  526
129PORTLAND2017 31   556  496  459  514  489  443  459  524  536  531  604
129PORTLAND2017 32   619  565  554  574  518  496  537  564  570  546  485
129PORTLAND2017 33   455  482  510  598  636  694  715  614  638
129PORTLAND2017 41   586  481  448  466  496  538  606  714  716  610  593
129PORTLAND2017 42   588  575  571  599  602  571  546  566  600  613  549
129PORTLAND2017 43   511  607  702  610  575  613  615  644
129PORTLAND2017 51   698  588  510  533  622  623  523  493  521  582  606
129PORTLAND2017 52   599  558  546  585  628  638  664  695  682  662  708
129PORTLAND2017 53   760  774  745  724  813  787  732  596  451
129PORTLAND2017 61   424  418  445  528  544  469  497  486  444  504  581
129PORTLAND2017 62   557  557  594  615  646  631  593  620  658  621  685
129PORTLAND2017 63   724  668  651  592  601  608  548  512
129PORTLAND2017 71   575  666  813  868  783  769  802  802  714  585  508
129PORTLAND2017 72   565  718  721  668  766  880  869  694  582  594  695
129PORTLAND2017 73   712  709  749  704  744  773  824  751  675
129PORTLAND2017 81   603  589  688  844  932  944  754  601  657  783  827
129PORTLAND2017 82   766  688  705  867  974  980  765  577  605  621  662
129PORTLAND2017 83   616  520  542  558  462  472  491  434  436
129PORTLAND2017 91   520  696  851  867  781  657  578  485  439  506  595
129PORTLAND2017 92   668  671  636  620  506  581  647  566  603  609  669
129PORTLAND2017 93   788  802  689  666  693  686  710  604
129PORTLAND2017101   516  501  511  573  519  449  534  596  573  612  670
129PORTLAND2017102   616  560  501  446  455  517  562  542  496  527  544
129PORTLAND2017103   566  546  548  624  684  754  853  730  679
129PORTLAND2017111   656 9999 9999 9999 9999 9999 9999 9999 9999 9999 9999
129PORTLAND2017112  9999 9999  599  614  552  510  484  443  443  518  602
129PORTLAND2017113   622  629  620  567  488  490  565  628
129PORTLAND2017121   601  550  527  547  584  613  572  540  551  524  498
129PORTLAND2017122   582  667  663  676  625  608  695  767  750  733  739
129PORTLAND2017123   690  562  489  536  591  599  654  641  675
129PORTLAND2018 11   692  657  608  577  597  598  579  600  563  575  675
129PORTLAND2018 12   746  694  594  506  455  507  579  532  494  536  567
129PORTLAND2018 13   583  581  591  600  665  701  617  520  455
129PORTLAND2018 21   407  380  346  330  398  464  500  514  592  648  622
129PORTLAND2018 22   616  684  660  619  606  621  569  473  497  543  589
129PORTLAND2018 23   623  591  518  527  602  571
129PORTLAND2018 31   539  592  572  533  485  418  393  392  408  457  461
129PORTLAND2018 32   446  435  473  500  544  650  721  674  512  451  498
129PORTLAND2018 33   577  685  772  689  681  664  663  656  688
129PORTLAND2018 41   705  631  599  596  570  541  555  570  596  621  643
129PORTLAND2018 42   711  933 1062  978  773  617  609  618  626  622  604
129PORTLAND2018 43   654  701  740  683  619  567  520  539
129PORTLAND2018 51   600  700  808  800  708  709  746  715  822  740  548
129PORTLAND2018 52   481  486  522  487  496  579  592  620  662  661  622
129PORTLAND2018 53   602  564  549  605  685  825  853  790  669
129PORTLAND2018 61   616  614  629  557  499  534  687  747  638  630  800
129PORTLAND2018 62   941  956 1001  924  778  587  512  567  600  616  643
129PORTLAND2018 63   592  537  547  556  586  682  790  723
129PORTLAND2018 71   643  675  773  827  903 1012  939  718  580  616  606
129PORTLAND2018 72   543  551  624  723  818  900  957  934  753  678  736
129PORTLAND2018 73   861  869  755  705  692  781  816  832  838
129PORTLAND2018 81   648  715  811  859  928  892  872  779  752  777  699
129PORTLAND2018 82   633  592  736  772  669  757  701  553  627  623  581
129PORTLAND2018 83   544  556  603  527  435  438  483  674  775
129PORTLAND2018 91   643  493  406  459  564  607  608  625  551  531  630
129PORTLAND2018 92   611  641  737  631  556  663  683  593  517  487  435
129PORTLAND2018 93   327  290  317  420  529  517  439  426
129PORTLAND2018101   413  486  440  371  350  358  388  426  365  301  308
129PORTLAND2018102   367  434  496  570  617  616  586  597  541  597  622
129PORTLAND2018103   517  505  512  483  454  454  491  474  488
129PORTLAND2018111   610  645  587  636  697  695  643  603  604  538  514
129PORTLAND2018112   570  585  530  459  410  387  455  530  614  750  717
129PORTLAND2018113   602  569  522  563  562  520  545  581
129PORTLAND2018121   651  700  684  594  551  588  599  538  474  461  549
129PORTLAND2018122   685  688  595  594  561  462  430  434  453  458  398
129PORTLAND2018123   431  448  392  443  518  512  487  463  488
129PORTLAND2019 11   508  525  580  565  535  522  550  570  552  548  537
129PORTLAND2019 12   456  470  543  560  589  620  557  492  486  496  475
129PORTLAND2019 13   450  527  545  576  603  638  684  675  526
129PORTLAND2019 21   483  526  512  436  450  498  563  675  698  698  816
129PORTLAND2019 22   781  616  536  488  524  608  633  623  595  506  414
129PORTLAND2019 23   374  431  468  448  471  500
129PORTLAND2019 31   529  547  537  540  598  547  541  531  535  598  647
129PORTLAND2019 32   611  586  608  576  576  556  513  500  486  463  506
129PORTLAND2019 33   578  762  795  658  667  736  742  705  650
129PORTLAND2019 41   608  614  500  525  665  678  772  781  636  557  546
129PORTLAND2019 42   555  517  533  588  647  627  534  576  693  709  684
129PORTLAND2019 43   652  663  723  668  613  566  595  681
129PORTLAND2019 51   713  787  784  658  595  624  713  777  798  664  623
129PORTLAND2019 52   598  599  542  505  535  519  518  642  799  792  684
129PORTLAND2019 53   698  775  856  913  894  943  762  552  477
129PORTLAND2019 61   482  522  456  426  450  448  480  567  715  792  828
129PORTLAND2019 62   870  863  821  755  714  747  650  547  522  476  444
129PORTLAND2019 63   423  421  460  534  591  703  803  813
129PORTLAND2019 71   833  675  495  432  451  491  554  633  737  904  976
129PORTLAND2019 72   919  755  682  583  589  641  641  634  721  766  864
129PORTLAND2019 73   847  727  684  606  581  586  495  417  414
129PORTLAND2019 81   396  387  383  425  528  614  692  861  839  735  550
129PORTLAND2019 82   448  460  532  605  552  623  689  632  679  612  495
129PORTLAND2019 83   586  589  487  481  526  466  378  438  539
129PORTLAND2019 91   583  609  628  640  727  771  710  630  461  413  479
129PORTLAND2019 92   472  459  507  507  419  397  469  563  624  631  606
129PORTLAND2019 93   537  473  451  509  486  464  414  353
129PORTLAND2019101   410  497  506  438  525  602  584  464  397  416  399
129PORTLAND2019102   410  499  541  558  603  629  686  608  484  441  445
129PORTLAND2019103   500  646  738  687  566  549  577  599  672
129PORTLAND2019111   655  637  638  613  682  821  835  681  597  613  631
129PORTLAND2019112   552  560  612  565  489  484  525  527  640  626  594
129PORTLAND2019113   606  652  677  605  616  588  545  646
129PORTLAND2019121   796  748  717  696  643  557  517  541  510  495  523
129PORTLAND2019122   518  550  599  577  515  503  497  514  552  449  432
129PORTLAND2019123   436  471  479  471  500  496  555  588  537
129PORTLAND2020 11   549  560  586  517  508  493  458  462  548  552  487
129PORTLAND2020 12   506  515  540  544  467  481  546  546  515  621  744
129PORTLAND2020 13   771  751  720  665  615  576  582  619  630
129PORTLAND2020 21   640  686  565  485  470  448  405  387  416  479  504
129PORTLAND2020 22   491  511  524  491  506  543  536  508  491  452  465
129PORTLAND2020 23   474  479  548  556  561  540  575
129PORTLAND2020 31   575  463  445  518  533  452  412  366  323  359  438
129PORTLAND2020 32   484  436  356  313  343  420  491  577  554  540  488
129PORTLAND2020 33   448  458  405  390  461  560  625  618  632
129PORTLAND2020 41   653  727  834  842  741  591  510  455  499  627  578
129PORTLAND2020 42   538  591  615  693  725  709  698  767  770  739  724
129PORTLAND2020 43   729  728  775  708  706  834  866  885
129PORTLAND2020 51   881  695  554  514  528  637  802  916  893  757  750
129PORTLAND2020 52   743  617  561  551  536  527  620  761  800  727  695
129PORTLAND2020 53   640  554  540  608  668  665  684  832  958
129PORTLAND2020 61   907  776  593  565  592  576  526  500  539  598  613
129PORTLAND2020 62   720  858  917  915  746  615  667  733  783  812  738
129PORTLAND2020 63   607  596  573  548  548  533  616  743
129PORTLAND2020 71   856  817  696  603  537  503  500  514  579  681  700
129PORTLAND2020 72   613  520  510  554  585  646  780  826  676  585  549
129PORTLAND2020 73   553  546  554  618  560  581  602  543  585
129PORTLAND2020 81   626  621  666  589  481  403  379  354  353  435  560
129PORTLAND2020 82   626  658  672  630  633  701  813  861  888  865  704
129PORTLAND2020 83   569  481  423  495  556  507  596  611  550
129PORTLAND2020 91   658  714  736  714  600  593  631  527  459  510  532
129PORTLAND2020 92   538  519  492  533  535  400  387  529  657  764  810
129PORTLAND2020 93   748  760  701  564  459  421  520  631
129PORTLAND2020101   637  619  600  565  449  470  624  660  562  496  479
129PORTLAND2020102   469  436  537  529  518  512  495  519  519  501  520
129PORTLAND2020103   566  466  360  344  378  463  499  494  449
129PORTLAND2020111   425  466  548  567  552  505  417  435  501  601  715
129PORTLAND2020112   823  801  747  739  674  653  670  650  607  621  613
129PORTLAND2020113   625  675  644  571  619  623  569  661
129PORTLAND2020121   654  570  604  675  816  876  765  618  530  376  304
129PORTLAND2020122   363  482  542  529  566  629  620  623  647  659  599
129PORTLAND2020123   546  501  495  591  574  514  528  497  437
129PORTLAND2021 11   482  538  490  442  423  390  369  394  456  562  618
129PORTLAND2021 12   575  613  641  651  592  572  523  452  468  541  561
129PORTLAND2021 13   595  683  737  648  547  555  585  549  575
129PORTLAND2021 21   553  489  551  652  730  700  562  479  463  543  633
129PORTLAND2021 22   636  576  511  488  519  549  605  629  629  631  580
129PORTLAND2021 23   537  579  590  541  538  538
129PORTLAND2021 31   475  409  427  482  477  493  541  543  523  555  610
129PORTLAND2021 32   675  610  553  555  537  538  520  469  463  532  639
129PORTLAND2021 33   720  745  745  780  745  669  603  553  567
129PORTLAND2021 41   589  611  657  630  568  535  590  683  729  712  567
129PORTLAND2021 42   583  738  778  717  664  692  772  847  788  771  768
129PORTLAND2021 43   691  631  577  559  566  600  620  637
129PORTLAND2021 51   665  702  672  570  558  611  649  652  752  726  578
129PORTLAND2021 52   678  790  766  692  677  609  603  638  610  604  619
129PORTLAND2021 53   619  720  869  832  678  515  462  499  592
129PORTLAND2021 61   643  683  692  662  683  761  906  816  669  623  637
129PORTLAND2021 62   601  605  671  741  849  897  746  616  590  590  661
129PORTLAND2021 63   870  953  810  719  630  585  620  691
