130CASEY         LAT=66 17.0S  LONG=110 32.0E
130CASEY   1996 11  9999 9999 9999 9999 9999 9999 9999 9999  900 1039  982
130CASEY   1996 12   825  936 1253 1168 1059  908  871 1025 1000  929 1007
130CASEY   1996 13  1058 1028  907 1028 1082  949  902  892  863
130CASEY   1996 21  1017 1042  790  841  928  868  942 1080  835  751  916
130CASEY   1996 22  1062 1034  887 1028 1147  919  919  969  978  995 1014
130CASEY   1996 23  1040 1028  899  891 1032 1096  997
130CASEY   1996 31   947  946  892  856 1047 1113  989 1022 1021 1019 1039
130CASEY   1996 32  1043 1023 1028 1027 1025 1057 1119  982  862  868  914
130CASEY   1996 33   914  903  991  970  822  790  839  818  798
130CASEY   1996 41   834  953 1080  967  919 1028  859  718  759  908  967
130CASEY   1996 42  1003  953  764  833  934  935  966  964  883  956 1034
130CASEY   1996 43   806  662  693  809  760  718  765  749
130CASEY   1996 51   791 1000 1200 1135  792  686  973 1133  970  914  928
130CASEY   1996 52   910  943  876  826  878  760  739  813  826  831  854
130CASEY   1996 53   871  825  784  829  810  830  967  902  938
130CASEY   1996 61  1069  951  875  934 1004 1004 1099 1219 1185 1229 1268
130CASEY   1996 62  1067  988 1053 1007  944  953  916  863  921 1002  903
130CASEY   1996 63   814  800  776  828  946 1014  941  799
130CASEY   1996 71   792  782  790  826  840  902  961  961  918  776  803
130CASEY   1996 72   842  830  776  798  852  821  824  913  999 1093 1068
130CASEY   1996 73   929  953 1047  931  879  941  949  913 1113
130CASEY   1996 81  1247 1118 1000  905  878  913  934  985  903  847  878
130CASEY   1996 82   910  937  972  908  906  896  885  971  944  827  921
130CASEY   1996 83   981  962  917  985 1062  960  858  897  954
130CASEY   1996 91   945  874  830  844  824  796  802  874 1084 1114  903
130CASEY   1996 92   729  732  751  723  765  927 1036  949  848  778  833
130CASEY   1996 93   832  803  883  914  880  856  856  886
130CASEY   1996101   917  992 1045  803  860 1008  908  818  839  880  863
130CASEY   1996102   895  877  933  966  878  859  819  804  866  869  869
130CASEY   1996103   896  897  847  872  942  943  949  972  902
130CASEY   1996111   862 9999 9999 9999 9999 9999 9999 9999 9999 9999 9999
130CASEY   1996112  9999 9999 9999 9999 9999 9999 9999 9999 9999 9999 9999
130CASEY   1996113  9999 9999 9999 9999 9999 9999 9999 9999
130CASEY   1996121  9999 9999 9999 9999 9999 9999 9999 9999 9999 9999 9999
130CASEY   1996122  9999 9999 9999 9999 9999 9999 9999 9999 9999 9999 9999
130CASEY   1996123  9999 9999 9999 9999 9999 9999 9999 9999 9999
130CASEY   1997 11   814  814  965 1206 1141 1011  968  930  907  958  978
130CASEY   1997 12   830  836  832  884  926  877  852  826  861  974  985
130CASEY   1997 13   943  919  897  882  883  892  968 1002  907
130CASEY   1997 21   893  948  940  949  991  936  918  940  934 1009 1051
130CASEY   1997 22  1020  964 1009 1013  961  937  962 1084 1047  971  944
130CASEY   1997 23   871  870  992 1047  978 1086
130CASEY   1997 31  1315 1121 1064 1156 1101  931  861  908  941  879  876
130CASEY   1997 32  1012 1056  970  905  865  896  962 1054  989  947 1011
130CASEY   1997 33   924  890  956  997  983  879  878  998 1034
130CASEY   1997 41   982  881  857  885  834  939 1092 1018  950  962 1033
130CASEY   1997 42  1137 1030  976  941  857  832  923  965  989 1009 1029
130CASEY   1997 43  1032 1145 1116 1058 1074 1119 1103  967
130CASEY   1997 51   886  849  880  878  888  896  897 1026 1089  999  964
130CASEY   1997 52   855  778  732  800  975 1045  916  880 1040  980  882
130CASEY   1997 53   857  954 1077 1054  947  898  916 1001  953
130CASEY   1997 61   823  946 1088 1036 1005 1127 1093 1048 1069 1018  918
130CASEY   1997 62   939  990  980  863  872  792  787  953  998 1045 1055
130CASEY   1997 63  1003  951 1066 1030  898  895  931  897
130CASEY   1997 71   957 1046  937  881  838  813  778  977 1007  972 1178
130CASEY   1997 72  1286 1027  894  868  892  911  974 1102 1101  965  881
130CASEY   1997 73   902  947  974  948 1077 1173 1000  946 1157
130CASEY   1997 81  1119 1002  992  880  799  881  990  929 1022 1031  938
130CASEY   1997 82   868  872  916  803  794  882  968 1012  865  717  752
130CASEY   1997 83   932  903  874  916 1050 1109  962  836  870
130CASEY   1997 91   873  891  877  851  931  901  948 1091 1036  852  830
130CASEY   1997 92   776  746  793  796  910 1040 1010  914  928 1060 1258
130CASEY   1997 93  1159 1017  968  962  951  923  871  864
130CASEY   1997101   892  905  928  904  850  855  829  807  853  892  910
130CASEY   1997102   864  794  793  797  830  834  831 1021  984  819  825
130CASEY   1997103   955 1024 1063 1008  908  946 1039 1200 1122
130CASEY   1997111   962  869  877 1040 1038  829  843  915  827  772  787
130CASEY   1997112   800  758  765  811  821  875  974  976  972  958  921
130CASEY   1997113   876  807  789  804  773  770  800  837
130CASEY   1997121   836  819  825  888  906  915  966  966  898  871  855
130CASEY   1997122   842  864  908  922  821  813  905  993 1000  956  850
130CASEY   1997123   845 1024  949  903  951  955 1000 1021  954
130CASEY   1998 11   887  894  932  949  921  892  855  933 1122 1011  854
130CASEY   1998 12   888  890  854  864  880  920 1010 1078 1025  932  929
130CASEY   1998 13  1055 1074 1000  996 1004  921  835  825  866
130CASEY   1998 21   912  947  975  979  924  929 1031  994  936 1023 1075
130CASEY   1998 22  1016 1007 1035 1003  926  904  959  942  892  919 1060
130CASEY   1998 23  1149 1070  984  961 1003 1022
130CASEY   1998 31   999  909  919  946  952 1045 1050 1116 1149 1107 1041
130CASEY   1998 32   998  939 1044 1118 1088 1064 1000 1026 1104 1087 1110
130CASEY   1998 33  1046 1004 1015  967 1005  954  855  802  920
130CASEY   1998 41   962  949 1048 1100 1059  977  909  927 1049 1203 1112
130CASEY   1998 42  1093 1104 1081 1061 1042 1011 1115 1203 1182 1181 1095
130CASEY   1998 43   973 1031 1186 1140 1058  972  981 1058
130CASEY   1998 51  1079  955  962 1039 1024 1187 1185  855  791  938 1124
130CASEY   1998 52  1162 1065  950 1028 1261 1114  969  952  939  962 1024
130CASEY   1998 53  1124  954  943 1053  991 1003 1053  934  876
130CASEY   1998 61  1002  912  914 1007 1097 1078  895  812  911 1003 1039
130CASEY   1998 62  1021  950  995  995  976 1006 1001  934  874  966 1017
130CASEY   1998 63   882  752  758  842  849  889  927  910
130CASEY   1998 71   950 1030 1126 1231 1189 1131 1085 1090  994  932  993
130CASEY   1998 72   961  920  898  815  804  919  961 1066 1232 1127 1020
130CASEY   1998 73   977  914  838  693  688  701  665  672  720
130CASEY   1998 81   862  880  968 1054 1131 1030  901  927  880  841  925
130CASEY   1998 82   954  913  798  863 1137 1064  763  895 1024  933  862
130CASEY   1998 83   867  940 1069  984  865  915  797  816  949
130CASEY   1998 91  1042 1109 1061 1013  919  865  841  750  692  756  780
130CASEY   1998 92   785  898  951  982 1037 1067 1121 1192  999  892  790
130CASEY   1998 93   915 1020  935  927  943  938  991 1010
130CASEY   1998101   896  838  917  984  962 1020  962  859  885  920  863
130CASEY   1998102   822  798  844  945  873  794 1028 1220 1125 1025  996
130CASEY   1998103  1043  933  834  998 1131 1059  975  928  836
130CASEY   1998111   883  886  796  815  753  814  929 1026 1021  951  882
130CASEY   1998112   901 1035  944  806  792  888  846  793  783  710  807
130CASEY   1998113   801  677  743  879  923  928  849  750
130CASEY   1998121   874  860  835  960  975 1035 1124 1021 1018 1098  965
130CASEY   1998122   895  878  872  894  919  993  907  918  957  860 1000
130CASEY   1998123  1001  836  833  881  898  897  877  862  866
130CASEY   1999 11   869  879  885  897  869  855  833  891  914  922  965
130CASEY   1999 12   954  978 1026 1004  942  903  853  826  843  893 1006
130CASEY   1999 13   998  909  878  900  861  856  938 1029 1009
130CASEY   1999 21   887 1010 1090 1011  991 1085 1022  832  810  943  916
130CASEY   1999 22   914  930  867  849  867  889  890  862  858  845  868
130CASEY   1999 23   931  913  844  755  733  799
130CASEY   1999 31   826  981  950  882  948  978  977  968  969  968  933
130CASEY   1999 32  1019 1049  991  930  922  934  934  893  874  900  983
130CASEY   1999 33  1040  994  943  874  997 1101  929  849  933
130CASEY   1999 41  1020 1067 1079  985  889  872  898  991 1061  928  901
130CASEY   1999 42   861  830  745  821  834  844  870  865  950 1001 1101
130CASEY   1999 43  1100  925  912  973  914  869  873  955
130CASEY   1999 51  1075 1224 1192 1055  988  982 1058 1067  964  918  911
130CASEY   1999 52   705  647  813  865  920  977  971  984 1055 1114 1101
130CASEY   1999 53   934  847  895  874  811  883  994  996 1078
130CASEY   1999 61  1116 1096 1012  960 1074 1154 1070  990  913  825  733
130CASEY   1999 62   719  697  650  666  733  847  839  770  835  938  999
130CASEY   1999 63   977  869  857  884  917  930  865  831
130CASEY   1999 71   943 1005  921  843  888 1009 1038  985  954 1007  942
130CASEY   1999 72   944  998  934  868  848  745  688  715  805  978 1007
130CASEY   1999 73   939  880 1019 1158 1004  921 1027  972  841
130CASEY   1999 81   824  882  956  880  781  799  858 1039 1072 1020  976
130CASEY   1999 82   962 1049  886  840  981  868  739  985 1088  932  839
130CASEY   1999 83   804 1111 1284 1124 1007  917  945 1079  985
130CASEY   1999 91   933  840  938  994  893  922  931 1008 1138  926  776
130CASEY   1999 92   763  692  692  707  786  833  803  849  966  978  965
130CASEY   1999 93   943  948  941  831  772  807  924 1064
130CASEY   1999101   991  896  927  949  902  833  898  965  894  883  907
130CASEY   1999102   955  971  967  799  825  867  821  886  862  893 1023
130CASEY   1999103   970  966  968  950 1018  978  883  866  979
130CASEY   1999111   970  858  932  929  858  829  825  821  827  786  785
130CASEY   1999112   764  730  826  885  865  854  986  957  838  867  936
130CASEY   1999113   942  882  884  991  956  856  856  872
130CASEY   1999121   893  953  992 1010 1051 1042  957  915  951 1009  981
130CASEY   1999122   922  917  851  778  705  755  807  785  775  785  991
130CASEY   1999123  1110  889  930  979  885  935  867  871  935
130CASEY   2000 11   934  932  953 9999 9999 9999 9999 9999 9999 9999 9999
130CASEY   2000 12  9999 9999 9999 9999 9999 9999 9999 9999 9999 9999 9999
130CASEY   2000 13  9999 9999 9999 9999 9999 9999 9999 9999 9999
130CASEY   2000 21  9999 9999 9999 9999 9999 9999 9999 9999 9999 9999 9999
130CASEY   2000 22  9999 9999 9999 9999 9999 9999 9999 9999 9999 9999 9999
130CASEY   2000 23  9999 9999 9999 9999 9999 9999 9999
130CASEY   2000 31  9999 9999 9999 9999 9999 9999 9999 9999 9999 9999 9999
130CASEY   2000 32  9999 9999 9999 9999 9999 9999 9999 9999 9999 9999 9999
130CASEY   2000 33  9999 9999 9999 9999 9999 9999 9999 9999 9999
130CASEY   2000 41  9999 9999 9999 9999 9999 9999 9999 9999 9999 9999 9999
130CASEY   2000 42  9999 9999 9999 9999 9999 9999 9999 9999 9999 9999 9999
130CASEY   2000 43  9999 9999 9999 9999 9999 9999 9999 9999
130CASEY   2000 51  9999 9999 9999 9999 9999 9999 9999 9999 9999 9999 9999
130CASEY   2000 52  9999 9999 9999 9999 9999 9999 9999 9999 9999 9999 9999
130CASEY   2000 53  9999 9999 9999 9999 9999 9999 9999 9999 9999
130CASEY   2000 61  9999 9999 9999 9999 9999 9999 9999 9999 9999 9999 9999
130CASEY   2000 62  9999 9999 1075 1043 9999 9999 9999 9999 9999 9999 9999
130CASEY   2000 63  9999 9999 9999 9999 9999 9999 9999  938
130CASEY   2000 71   909  911  910  943  986 1040  961  882  913  980 1030
130CASEY   2000 72   973  919  947 1084 1039 1019 1016  986  981  913  824
130CASEY   2000 73   808  846  897  898 1017 1002  968 1039 1112
130CASEY   2000 81   979  831  908  943  927  857  777  845  974 1018 1114
130CASEY   2000 82  1102 1036  967  877 1004 1052  919  886  846  918  900
130CASEY   2000 83   943 1048  965 1059 1046  770  700  687  745
130CASEY   2000 91   893  947  853  735  725  824  967  971  884  897  945
130CASEY   2000 92  1030 1020 1026  955  833  850  939  975  918  850  931
130CASEY   2000 93  1067  981  854  990 1062  992  962  988
130CASEY   2000101  1097 1040 1016 1020 1010 1003  982  934  948  961  892
130CASEY   2000102   863  918  915  901  939  921  900  945 1007  947  934
130CASEY   2000103  1012  915  820  887 1062 1088  840  705  876
130CASEY   2000111   915  895  907  763  816  847  796  927 1020  853  838
130CASEY   2000112   852  795  823  823  676  779 1004  897  847  850  776
130CASEY   2000113   859  958  901  815  880  995  988  981
130CASEY   2000121  1002 1042  966  845  831  888  931  924  939  930  867
130CASEY   2000122   840  857  874  851  836  819  824  807  801  879  949
130CASEY   2000123   921  870  800  753  731  839  923  901  897
130CASEY   2001 11   870  884  901  946  999  916  911  970  910  875  836
130CASEY   2001 12   801  837  933  995 1028  995  891  869  910  929  886
130CASEY   2001 13   890 1063 1160  931  893  974  897  806  809
130CASEY   2001 21   830  817  838  864  840  860  902  859  794  787  788
130CASEY   2001 22   794  807  817  823  856  922  958  936  951  997  942
130CASEY   2001 23   903  921  917  918  966  993
130CASEY   2001 31  1003 1035 1003  946  857  832  933  970  913  858  932
130CASEY   2001 32  1059 1039  931  984 1165 1280 1199 1070 1097 1091  987
130CASEY   2001 33   939 1031  945  934 1004  976 1146 1141 1005
130CASEY   2001 41  1174 1224  989  977 1025  979 1013 1152 1060  931 1005
130CASEY   2001 42  1054 1121 1067 1007 1013  955  801  808  925  936 1051
130CASEY   2001 43  1023 1101 1185 1076 1085 1112 1181 1070
130CASEY   2001 51   936  987  992  910  870  869  887  883  999 1079  961
130CASEY   2001 52   985  999  963 1043 1040 1042 1036  858  888 1051 1086
130CASEY   2001 53   926  957 1179  994  970  962  940  931  924
130CASEY   2001 61  1122 1223  954  938  967  921  882 1050 1086 1001  927
130CASEY   2001 62   928 1048 1012  875  776  820  876  923 1046 1043 1037
130CASEY   2001 63  1105 1061  955  900  943 1024 1140 1192
130CASEY   2001 71   932  843  996 1031 1035 1002  883  886 1059 1061  954
130CASEY   2001 72   930  961  906  887  871 1065 1097  994 1022  986  901
130CASEY   2001 73  1099 1147 1016  973  892  840 1126 1233 1135
130CASEY   2001 81  1074 1059 1027 1162 1033  848  872  998 1109 1013  914
130CASEY   2001 82   961 1053 1021 1000  916  856  908  898  837  826  797
130CASEY   2001 83   865  931  986  933  815  753  899 1026 1036
130CASEY   2001 91  1112 1126  994  877  884 1013 1127  977 1003 1134 1199
130CASEY   2001 92  1117 1073 1042 1026  987  979  939  897  901  971 1148
130CASEY   2001 93  1160 1022 1075 1000  910  952 1027 1017
130CASEY   2001101   888  825 1028 1033  885 1010 1070  990  926  911  906
130CASEY   2001102   898  863  897  968  894  760  763  883  907  904  909
130CASEY   2001103   884  938  908  892  929  922  918  879  897
130CASEY   2001111   899  840  853  868  905 1040 1078  945  956  919  831
130CASEY   2001112   876  879  820  795  807  818  855  879  811  825  915
130CASEY   2001113   871  958 1146 1088  856  832  729  659
130CASEY   2001121   854 1032  971  836  773  901 1007  923  797  828  950
130CASEY   2001122   988  836  744  858  972  953  912  909  998  934  810
130CASEY   2001123   791  900  998  934  856  994  845  762  816
130CASEY   2002 11   829  813  815  775  792  836  890  976  962  972  952
130CASEY   2002 12   943 1055 1087 1086 1009 1009 1065 1014  953  946  925
130CASEY   2002 13  1025 1098 1033 1074 1087 1019  933  951 1004
130CASEY   2002 21   928  830  901  976  948  939  952  988  955  909 1014
130CASEY   2002 22  1069  964  914  870  925 1017  921  892  961  995  923
130CASEY   2002 23  1009 1082 1043  955  921  901
130CASEY   2002 31   871  884 1043 1186 1016  994 1020  913  858  864  875
130CASEY   2002 32   917  947  808  689  760  816  811  781  803  834  837
130CASEY   2002 33   849  897  962 1005  920  778  824 1241 1305
130CASEY   2002 41  1013  968 1011 1093 1042 1168 1365 1239 1118 1128 1137
130CASEY   2002 42  1062 1093 1148 1081 1099 1071 1171 1101  982  942  843
130CASEY   2002 43   815  848  772  871 1037  964  940  962
130CASEY   2002 51   969  964  915  915  930  867  906  935  939  993  980
130CASEY   2002 52  1048 1104 1050 1070 1077  894  868 1168 1059  787  825
130CASEY   2002 53   799  843  817  868  919  958  965  980  983
130CASEY   2002 61  1002  979  999 1066  963  930 1044 1037  915  849  898
130CASEY   2002 62  1017  900  725  936 1078  974  936  893  820  832  954
130CASEY   2002 63   997  970  979  999 1093 1026  925  902
130CASEY   2002 71   883  827  981 1124 1000  923  978 1014  961 1057 1059
130CASEY   2002 72   906  864  907  770  740  912  935  869  959 1017  971
130CASEY   2002 73  1118 1043  966 1102 1089  947  947 1024 1006
130CASEY   2002 81   951  970 1034 1094 1086 1061  946  905  907  944 1001
130CASEY   2002 82  1107 1166 1043 1118 1158 1106 1099 1039  989  989 1037
130CASEY   2002 83  1016 1102  997  906  984  959  929  972 1089
130CASEY   2002 91  1059  958  945  963  978  985  889  789  848  899  869
130CASEY   2002 92  1064 1199 1026  948  997 1030  957  841  834  846  775
130CASEY   2002 93   753  756  801  928 1023  942  934  997
130CASEY   2002101  1005  955  878  848  832  743  719  993 1007  948  907
130CASEY   2002102   841  825  843  901  906  858  865  825  768  815  858
130CASEY   2002103   857  845  903  967  923  877  855  785  799
130CASEY   2002111   822  823  878  914  974 1018 1020  972  964 1078 1106
130CASEY   2002112   992  894  905 1028 1036 1032 1009  883 9999 9999 9999
130CASEY   2002113  9999 1124 1045 1021 1016  961  900  821
130CASEY   2002121   796  864 1024  994  947  924  968  981  953  995 1025
130CASEY   2002122   941  865  897  958  979  974  976  954  926  937  919
130CASEY   2002123   893  909  913  987  991  889  830  864  946
130CASEY   2003 11   993  921  872  935  983  948  937  933  910  868  807
130CASEY   2003 12   948 1022  912  921  927  849  834  877  877  854  814
130CASEY   2003 13   839  868  931  956  934  938  961 1004 1024
130CASEY   2003 21   972  896  906  953  994  960  913  909  946  976  965
130CASEY   2003 22   994 1005  968  892  836  796  819  953  888  862 1043
130CASEY   2003 23  1225 1275 1197 1024  885  935
130CASEY   2003 31  1066 1032  949 1005 1011  904  940  945  929  979 1036
130CASEY   2003 32  1095 1191 1122 1025 1030 1044 1049 1059  981  988  928
130CASEY   2003 33   968 1159 1245 1063 1036 1204 1100 1034 1041
130CASEY   2003 41  1022 1050  919  952 1098 1065  984 1032 1123 1092  953
130CASEY   2003 42   943  985 1031  951 1018 1103  963  989 1036 1022 1027
130CASEY   2003 43  1224 1198  832  922 1066  958  926  958
130CASEY   2003 51   894  819 1010 1214 1171 1031  985  986  931 1008 1077
130CASEY   2003 52   993  941  997 1050  980  867  800  898 1012  852  799
130CASEY   2003 53   869  976  934  929  963  915  891  931  909
130CASEY   2003 61   862  856  928  994 1020 1126 1131 1060  967  937  941
130CASEY   2003 62   923  875  882 1026 1088  900  804  799 9999 9999 9999
130CASEY   2003 63  9999 9999 9999 9999 9999 9999 9999 9999
130CASEY   2003 71  9999 9999 9999 9999 9999 9999 9999 9999 9999 9999 9999
130CASEY   2003 72  9999 9999 9999 9999 9999 9999 9999 9999 9999 9999 9999
130CASEY   2003 73  9999 9999 9999 9999 9999 9999 9999 9999 9999
130CASEY   2003 81  9999 9999 9999 9999 9999 9999 9999 9999 9999 9999 9999
130CASEY   2003 82  9999 9999 9999 9999 9999 9999 9999 9999 9999 9999 9999
130CASEY   2003 83  9999 9999 9999 9999 9999 9999 9999 9999 9999
130CASEY   2003 91  9999 9999 9999 9999 9999 9999 9999 9999 9999 9999 9999
130CASEY   2003 92  9999 9999 9999 9999 9999 9999 9999 9999 9999 9999 9999
130CASEY   2003 93  9999 9999 9999 9999 9999 9999 9999 9999
130CASEY   2003101  9999 9999 9999 9999 9999 9999 9999 9999 9999 9999 9999
130CASEY   2003102  9999 9999 9999 9999 9999 9999 9999 9999 9999 9999 9999
130CASEY   2003103  9999 9999 9999 9999 9999 9999 9999 9999 9999
130CASEY   2003111  9999 9999 9999 9999 9999 9999 9999 9999 9999 9999 9999
130CASEY   2003112  9999  940  900 1080 1090  992  919  898  937  877  919
130CASEY   2003113  1128 1101  893  925  936  938  922  944
130CASEY   2003121   942  968  918  873  949  963  893  832  900  943  919
130CASEY   2003122   910  871  833  836  823  791  790  806  871  975 1044
130CASEY   2003123  1118 1135 1086  983  955 1075 1213 1120 1020
130CASEY   2004 11  1040 1016 1024 1042 1014  997 1070 1037  998 1056 1017
130CASEY   2004 12   963  986  923  907  995  957  928 1033 1037  956  911
130CASEY   2004 13   934 1013 1026  903  840  922  903  816 1033
130CASEY   2004 21  1172 1035  970 1025 1057 1019  984  982  948  944  982
130CASEY   2004 22   983 1025 1215 1219 1120 1112 1095  991  951  949 1035
130CASEY   2004 23  1023  997 1002 1022  998 1016 1053
130CASEY   2004 31  1075 1043 1038 1215 1244 1096 1006 1148 1309 1233 1181
130CASEY   2004 32  1159 1158 1120 1050 1033 1047 1051 1048  993  916  984
130CASEY   2004 33  1012 1069 1132 1060 1139 1263 1176 1110 1053
130CASEY   2004 41  1051 1044  966 1024 1202 1146  903  876 1016 1109  988
130CASEY   2004 42   990 1058 1101 1081  954 1047 1203 1112  974 1017 1069
130CASEY   2004 43  1050 1097 1161 1149 1097 1010  938  996
130CASEY   2004 51  1007  933  939  945  862  822  926  985  927  945  863
130CASEY   2004 52   901  750  662  884  980  940 1038 1031  973 1005 1004
130CASEY   2004 53  1043 1150 1217 1119  982  983 1049 1134 1190
130CASEY   2004 61  1118 1041 1064 1094 1221 1181 1217 1084 1015 1048  879
130CASEY   2004 62   741  772  802  915  971  935  928 1093 1162 1033  964
130CASEY   2004 63  1068 1098 1007  999 1051 1074 1060 1074
130CASEY   2004 71  1085 1123 1036  921  987 1098  980  893  925 1057 1204
130CASEY   2004 72   887  865 1049 1041 1231 1213 1110 1133 1120 1157 1251
130CASEY   2004 73  1157  963  895  943 1016 1011 1058 1176 1083
130CASEY   2004 81   906  864  915 1120 1125 1022 1029  999  925  960  996
130CASEY   2004 82  1079 1122 1167 1224 1054  908  741  662  672  829 1036
130CASEY   2004 83  1161 1058  946 1107 1053 1090 1107  817  899
130CASEY   2004 91   997 1001  986 1013 1006 1023 1134 1021  993 1211 1266
130CASEY   2004 92  1257 1119 1044  988  902  996 1110  944  940 1071 1132
130CASEY   2004 93  1121 1103 1092 1000  970  958  939  963
130CASEY   2004101  1045 1087  988  925 1044 1149 1162 1108  924  911  961
130CASEY   2004102   889  848  930 1007 1144 1166  997 1076 1246 1118 1048
130CASEY   2004103  1016  939  989 1002  907  954  997  947  974
130CASEY   2004111  1119 1114 1087 1052  999  856  729  723  788  852  905
130CASEY   2004112  1051 1041  994 1009  972  965  994  969  887  963  975
130CASEY   2004113   894  818  854  927 1019 1000  941 1003
130CASEY   2004121  1004  948  945  980 1004 1023  926  820  750  835  991
130CASEY   2004122  1036  981  938  905  904  948  966  968  967  934 1035
130CASEY   2004123  1104 1045  952 1035 1013  920  909  901  895
130CASEY   2005 11   860  976 1023  942  953 1086 1124 1099 1034  940  966
130CASEY   2005 12   936  869  847  968 1069 1007  973 1013  992  979 1008
130CASEY   2005 13  1015  981  980  974  968  984  977  940  932
130CASEY   2005 21  1041 1109 1040 1013 1018  961  972 1055 1092 1035  996
130CASEY   2005 22   992 1024 1084 1098 1143 1161 1147 1121 1141 1107 1004
130CASEY   2005 23  1066 1090  972  889 1104 1241
130CASEY   2005 31  1142 1150 1139 1056 1074 1040  938  866  983 1098 1182
130CASEY   2005 32  1139 1098 1060 1049 1127 1148 1068 1117 1215 1089  929
130CASEY   2005 33   873  885  863  904 1069 1148 1057  952 1010
130CASEY   2005 41  1100 1090 1141 1125 1093 1132 1064 1005 1016 1043 1074
130CASEY   2005 42  1162 1238 1123 1087 1116 1261 1300 1134 1030  973 1023
130CASEY   2005 43  1250 1202 1139 1067  962  986 1037 1083
130CASEY   2005 51  1171 1171 1101 1014  929  958 1001 1021  991  907  871
130CASEY   2005 52   819  797  843 1015 1149 1081 1007 1022 1026 1104 1133
130CASEY   2005 53  1109 1053  996  960  949 1069 1227 1224 1006
130CASEY   2005 61   996 1017 1035 1083 1079 1126 1075 1027 1166 1030  820
130CASEY   2005 62   889  901  873  971  972  940  855  815  909  992  949
130CASEY   2005 63   893  937  901  920  893  870  865  922
130CASEY   2005 71   970  979  996  898  924 1072 1014 1096 1142 1117 1000
130CASEY   2005 72   834  779  797  811  958 1060 1003 1002 1037 1004  956
130CASEY   2005 73   928  948  967 1001  901  965 1157 1169  998
130CASEY   2005 81   989 1121 1283 1111  962  955  880  811  865  924  917
130CASEY   2005 82  1008  948  950  936  922  904  932  990  930  923  967
130CASEY   2005 83   973  995  996 1079 1187 1102  897 1007 1104
130CASEY   2005 91   996  977 1083 1033  927  915 1149 1108  876  874  925
130CASEY   2005 92   862  785  720  793 1043 1011  887 1034 1073 1027 1001
130CASEY   2005 93  1054 1069 1032  963 1123 1314 1318 1183
130CASEY   2005101  1066 1004 1018 1182 1277 1213 1099  925  897  903  909
130CASEY   2005102   905  945  932  890  906 1069  939  832  906  873  880
130CASEY   2005103   945  965  976 1001 1039 1074 1115  964  898
130CASEY   2005111   983 1033 1011 1098 1097 1053 1046  942  848  915  941
130CASEY   2005112   914  829  915  943  865  904  915  980 1079 1124 1147
130CASEY   2005113  1067  949  867  945 1082  868  781  895
130CASEY   2005121   962  883  751  744  771  874  868  854  867  832  878
130CASEY   2005122   883  831  954  988  903 1022 1083  933  910  923  908
130CASEY   2005123   880  865  890  937  994 1012  963 1001  992
130CASEY   2006 11   948  978  948  961 1026  976  929  925  937  985 1020
130CASEY   2006 12  1002  989  991  941  882  934  974  932  917 1042 1120
130CASEY   2006 13  1032  979 1002  961  891  988 1021  991  940
130CASEY   2006 21   899  908  967 1002  958  925  986 1067 1101 1095 1075
130CASEY   2006 22  1125 1128 1052 1011 1018  992  995 1049 1012  984 1063
130CASEY   2006 23  1056 1001 1031 1020  921  957
130CASEY   2006 31  1092 1211 1215 1089 1054 1006 1028 1049  977  877  905
130CASEY   2006 32   960  976 1062 1331 1339 1185 1155 1192 1128 1063 1202
130CASEY   2006 33  1350 1109  897  991 1144 1130 1036  996 1236
130CASEY   2006 41  1243 1125 1065 1011 1023  918  984 1262 1150  900  888
130CASEY   2006 42  1048 1080  965  994 1146 1105  979 1022 1120 1048 1062
130CASEY   2006 43   914 1003 1164 1103 1022 1055 1059 1065
130CASEY   2006 51  1173 1205 1196 1098 1035 1072 1040  979 1094 1208 1046
130CASEY   2006 52   914  971 1050 1119 1110 1080 1051  969  984 1027  985
130CASEY   2006 53  1010 1025 1049 1161 1042  947  992  947  883
130CASEY   2006 61   896  960 1109 1099 1090 1082 1047  952  859  821  967
130CASEY   2006 62  1101 1005  899 1055 1080 1019  995 1042 1005  927 1062
130CASEY   2006 63  1134 1266 1273 1147 1076 1052 1083 1094
130CASEY   2006 71  1032  953 1152 1384 1230 1068 1042  988  942  986  995
130CASEY   2006 72  1172 1162 1181 1226 1006  918  998 1093 1131 1095 1006
130CASEY   2006 73  1161 1366 1192  922 1150 1177 1048 1088 1025
130CASEY   2006 81   891  938 1059 1158 1138 1066 1135 1039  918  831  914
130CASEY   2006 82  1140 1093 1014  967  917  885  876 1000 1031  903  878
130CASEY   2006 83   994  947  896  935 1008 1033  886  955 1166
130CASEY   2006 91  1186 1092 1079 1207 1187  991  874 1061  981  864 1017
130CASEY   2006 92   954  979  919  761  761  934 1042  976  880  819  840
130CASEY   2006 93   972  965 1002 1114  957  867  921  968
130CASEY   2006101  1056 1079 1002  956  947  945  927  871 1015 1167 1109
130CASEY   2006102  1039 1032 1011 1099 1108 1071 1077 1022  944  944 1094
130CASEY   2006103  1047  931  870  834  948 1002  999 1015 1021
130CASEY   2006111  1002 1003  979  871  768  745  771  842  931  982  979
130CASEY   2006112   960  894  867  954 1017  927  890  847  915 1067 1098
130CASEY   2006113  1138 1114 1003  926  891  889  904 9999
130CASEY   2006121  9999 9999 9999 9999 9999 9999 9999 9999 9999 9999 9999
130CASEY   2006122  9999 9999 9999 9999 9999 9999 9999 9999 9999 9999 9999
130CASEY   2006123  9999 9999 9999 9999 9999 9999 9999 9999 9999
130CASEY   2007 11  9999 9999 9999 9999 9999 9999 9999 9999 9999 9999 9999
130CASEY   2007 12  9999 9999 9999 9999 9999 9999 9999 9999 9999 9999 9999
130CASEY   2007 13  9999 9999 9999 9999 9999 9999 9999 9999 9999
130CASEY   2007 21  9999 9999 9999 9999 9999 9999 9999 9999 9999 9999 9999
130CASEY   2007 22  9999 9999 9999 9999 9999 9999 9999 9999 9999 9999 9999
130CASEY   2007 23  9999 9999 9999 9999 9999 9999
130CASEY   2007 31  9999 9999 9999 9999 9999 9999 9999 9999 9999 9999 9999
130CASEY   2007 32  9999 9999 9999 9999 9999 9999 9999 9999 9999 9999 9999
130CASEY   2007 33  9999 9999 9999 9999 9999 9999 9999 9999 9999
130CASEY   2007 41  9999 9999 9999 9999 9999 9999 9999 9999 9999 9999 9999
130CASEY   2007 42  9999 9999 9999 9999 9999 9999 9999 9999 9999 9999 9999
130CASEY   2007 43  9999 9999 9999 9999 9999 9999 9999 9999
130CASEY   2007 51  9999 9999 9999 9999 9999 9999 9999 9999 9999 9999 9999
130CASEY   2007 52  9999 9999 9999 9999 9999 9999 9999 9999 9999 9999 9999
130CASEY   2007 53  9999 9999 9999 9999 9999 9999 9999 9999 9999
130CASEY   2007 61  9999 9999 9999 9999 9999 9999 9999 9999 9999 9999 9999
130CASEY   2007 62  9999 9999 9999 9999 9999 9999 9999 9999 9999 9999 9999
130CASEY   2007 63  9999 9999 9999 9999 9999 9999 9999 9999
130CASEY   2007 71  9999 9999 9999 9999 9999 9999 9999 9999 9999 9999 9999
130CASEY   2007 72  9999 9999 9999 9999 9999 9999 9999 9999 9999 9999 9999
130CASEY   2007 73  9999 9999 9999 9999 9999 9999 9999 9999 9999
130CASEY   2007 81  9999 9999 9999 9999 9999 9999 9999 9999 9999 9999 9999
130CASEY   2007 82  9999 9999 9999 9999 9999 9999 9999 9999 9999 9999 9999
130CASEY   2007 83  9999 9999 9999 9999 9999 9999 9999 9999 9999
130CASEY   2007 91  9999 9999 9999 9999 9999 9999 9999 9999 9999 9999 9999
130CASEY   2007 92  9999 9999 9999 9999 9999 9999 9999 9999 9999 9999 9999
130CASEY   2007 93  9999 9999 9999 9999 9999 9999 9999 9999
130CASEY   2007101  9999 9999 9999 9999 9999 9999 9999 9999 9999 9999 9999
130CASEY   2007102  9999 9999 9999 9999 9999 9999 9999 9999 9999 9999 9999
130CASEY   2007103  9999 9999 9999 9999 9999 9999 9999 9999 9999
130CASEY   2007111  9999 9999 9999 9999 9999 9999 9999 9999 9999 9999 9999
130CASEY   2007112  9999 9999 9999 9999 9999 9999 9999 9999 9999 9999 9999
130CASEY   2007113  9999 9999 9999 9999 9999 9999 9999 9999
130CASEY   2007121  9999 9999 9999 9999 9999 9999 9999 9999 9999 9999 9999
130CASEY   2007122  9999 9999 9999 9999 9999 9999 9999 9999 9999 9999 9999
130CASEY   2007123  9999 9999 9999 9999 9999 9999 9999 9999 9999
130CASEY   2008 11  9999 9999 9999 9999 9999 9999 9999 9999 9999 9999 9999
130CASEY   2008 12  9999 9999 9999 9999 9999 9999 9999 9999 9999 9999 9999
130CASEY   2008 13  9999 9999 9999 9999 9999 9999 9999 9999 9999
130CASEY   2008 21  9999 9999 9999 9999 9999 9999 9999 9999 9999 9999 9999
130CASEY   2008 22  9999 9999  948 1024  961  938  990 1013  941  938  940
130CASEY   2008 23   891  845  834  870  954 1033 1128
130CASEY   2008 31  1183 1008  896  948  960  971  952  943  979 1030 1012
130CASEY   2008 32  1030 1050  965  947  959  957  960  967 1080 1166 1116
130CASEY   2008 33  1003  927  935  960  968  984 1017  978  953
130CASEY   2008 41   831  832  964 1005  983  960 1041 1030  999 1097 1095
130CASEY   2008 42   998 1063 1105  989  907 1082 1104  900  950 1007  848
130CASEY   2008 43   836  935  890  827  870  940 1084  906
130CASEY   2008 51   830  915  833  805  848  855  877  956  981  944  905
130CASEY   2008 52   911  994 1069 1022 1040 1106 1078  955  886  920 1086
130CASEY   2008 53  1036 1099 1167  907  869  953  869  861  937
130CASEY   2008 61   930 1146 1212 1004  890  922  964  963  970  853  756
130CASEY   2008 62   856  937  935  943  968 1047 1066 1006  898  841  842
130CASEY   2008 63   968 1076 1039  938  886  869  860  874
130CASEY   2008 71   899  888  928  986  905  957 1146 1081  986  833  777
130CASEY   2008 72   886  922  974 1088 1033  935 1026 1084  854  831  977
130CASEY   2008 73  9999 9999 9999 9999 9999 9999 9999 9999 9999
130CASEY   2008 81  9999 9999 9999  956  963 1128  969  794  821  859  875
130CASEY   2008 82   897  932  851  903  835  789  955  905  803  866  972
130CASEY   2008 83   940  922 1033 1236 1143  972 1003 1024 1012
130CASEY   2008 91  9999 9999 9999 9999 9999 9999 9999 9999 9999 9999 9999
130CASEY   2008 92  9999 9999 9999 9999 9999 9999 9999 9999 9999 9999 9999
130CASEY   2008 93  1051 1035 1054 1090 1043  916  902  953
130CASEY   2008101  1026 1031 1048 1003  945  871  959 1128 1114  977  937
130CASEY   2008102   978  958  924  893  810  884  949  962  997 1027  936
130CASEY   2008103   937  982  999  969  910  880  920  994 1055
130CASEY   2008111   963  795  792  877  929  930 1027 1073  971  928  930
130CASEY   2008112   930  879  862  858 9999 9999 9999 9999 9999 9999 9999
130CASEY   2008113  9999 9999 9999 9999 9999 9999 9999 9999
