149LAMU          LAT=02 16.3S  LONG=040 54.2E
149LAMU    1995 61  9999 9999 9999 9999 9999 9999 9999 9999 9999 9999 9999
149LAMU    1995 62  9999 9999 9999 9999 9999 9999 9999 9999 9999 9999 9999
149LAMU    1995 63  9999 9999 9999 9999 9999 9999 9999 2314
149LAMU    1995 71  2315 2331 2341 2329 2336 2312 2307 2311 2287 2284 2301
149LAMU    1995 72  2304 2330 2332 2338 2360 2338 2315 2300 2325 2339 2313
149LAMU    1995 73  2305 2311 2315 2312 2306 2294 2309 2308 2317
149LAMU    1995 81  2310 2326 2323 2304 2292 2290 2283 2285 2297 2296 2309
149LAMU    1995 82  2299 2312 2332 2307 2304 2335 2326 2316 2304 2273 2284
149LAMU    1995 83  2303 2318 2320 2331 2349 2348 2330 2318 2308
149LAMU    1995 91  2289 2296 2311 2305 2282 2293 2323 2317 2325 2333 2325
149LAMU    1995 92  2316 2300 2298 2307 2302 2303 2300 2294 2299 2292 2304
149LAMU    1995 93  2329 2341 2355 2358 2373 2376 2343 2332
149LAMU    1995101  2319 2308 2309 2297 2289 2280 2292 2327 2335 2321 2302
149LAMU    1995102  2308 2305 2282 2276 2282 2280 2281 2295 2301 2313 2305
149LAMU    1995103  2301 2307 2307 2311 2315 2318 2316 2305 2304
149LAMU    1995111  2310 2306 2297 2292 2292 2286 2289 2296 2293 2275 2262
149LAMU    1995112  2273 2276 2255 2252 2276 2286 2276 2283 2268 2265 2267
149LAMU    1995113  2273 2277 2282 2263 2230 2208 2197 2193
149LAMU    1995121  2191 2196 2194 2194 2183 2170 2165 2164 2171 2168 2162
149LAMU    1995122  2184 2215 2227 2243 2250 2241 2232 2217 2245 2262 2277
149LAMU    1995123  2269 2262 2275 2276 2278 2261 2238 2224 2209
149LAMU    1996 11  2196 2189 2206 2239 2262 2263 2270 2287 2281 2283 2281
149LAMU    1996 12  2283 2271 2251 2258 2266 2255 2270 2274 2278 2271 2298
149LAMU    1996 13  2309 2324 2325 2303 2294 2260 2222 2216 2213
149LAMU    1996 21  2198 2219 2237 2229 2237 2258 2265 2261 2276 2312 2329
149LAMU    1996 22  2345 2347 2344 2337 2350 2352 2341 2351 2358 2355 2350
149LAMU    1996 23  2345 2308 2276 2283 2317 2321 2301
149LAMU    1996 31  2294 2278 2292 2284 2270 2257 2258 2272 2279 2281 2294
149LAMU    1996 32  2301 2292 2299 2317 2339 2374 2418 2446 2453 2424 2388
149LAMU    1996 33  2364 2357 2342 2344 2363 2373 2391 2380 2386
149LAMU    1996 41  2373 2364 2373 2382 2388 2380 2358 2344 2352 2345 2326
149LAMU    1996 42  2326 2335 2349 2382 2404 2379 2359 2315 2288 2275 2250
149LAMU    1996 43  2261 2288 2301 2324 2361 2394 2419 2407
149LAMU    1996 51  2405 2407 2400 2403 2380 2367 2367 2349 2332 2316 2291
149LAMU    1996 52  2287 2298 2279 2250 2249 2260 2275 2284 2286 2303 2297
149LAMU    1996 53  2312 2317 2316 2333 2316 2312 2335 2343 2341
149LAMU    1996 61  2347 2326 2333 2346 2371 2394 2383 2373 2363 2350 2360
149LAMU    1996 62  2388 2383 2363 2338 2332 2318 2295 2295 2318 2317 2306
149LAMU    1996 63  2303 2272 2276 2275 2268 2268 2296 2351
149LAMU    1996 71  2364 2335 2317 2314 2312 2305 2280 2274 2276 2264 2238
149LAMU    1996 72  2214 2204 2207 2223 2238 2244 2236 2235 2249 2257 2245
149LAMU    1996 73  2229 2252 2268 2273 2289 2301 2285 2297 2315
149LAMU    1996 81  2297 2277 2265 2246 2234 2237 2235 2228 2209 2204 2212
149LAMU    1996 82  2198 2198 2220 2224 2224 2225 2252 2272 2253 2236 2208
149LAMU    1996 83  2198 2201 2207 2199 2231 2265 2263 2258 2279
149LAMU    1996 91  2265 2233 2229 2228 2223 2215 2214 2217 2239 2220 2216
149LAMU    1996 92  2220 2240 2262 2236 2219 2229 2232 2221 2232 2243 2223
149LAMU    1996 93  2228 2247 2265 2291 2293 2290 2295 2263
149LAMU    1996101  2256 2239 2244 2257 2272 2272 2259 2275 2280 2274 2263
149LAMU    1996102  2260 2250 2242 2240 2235 2229 2221 2237 2253 2271 2278
149LAMU    1996103  2273 2269 2267 2266 2275 2249 2217 2214 2228
149LAMU    1996111  2238 2237 2236 2245 2240 2236 2226 2218 2234 2232 2211
149LAMU    1996112  2206 2202 2202 2202 2222 2222 2227 2223 2218 2226 2232
149LAMU    1996113  2218 2197 2189 2191 2168 2157 2163 2179
149LAMU    1996121  2180 2162 2172 2175 2179 2209 2221 2220 2216 2213 2220
149LAMU    1996122  2225 2234 2234 2239 2237 2227 2209 2203 2189 2197 2203
149LAMU    1996123  2197 2194 2185 2179 2178 2173 2178 2183 2151
149LAMU    1997 11  2183 2197 2194 2189 2185 2176 2176 2189 2201 2220 2220
149LAMU    1997 12  2225 2216 2230 2235 2243 2252 2252 2225 2213 2219 2224
149LAMU    1997 13  2220 2201 2169 2170 2162 2155 2148 2130 2138
149LAMU    1997 21  2129 2102 2085 2070 2097 2120 2116 2149 2172 2171 2191
149LAMU    1997 22  2210 2203 2194 2181 2168 2156 2164 2162 2168 2178 2195
149LAMU    1997 23  2201 2203 2204 2212 2232 2224
149LAMU    1997 31  2205 2197 2195 2208 2219 2238 2257 2273 2309 2326 2332
149LAMU    1997 32  2295 2268 2278 2276 2271 2272 2278 2288 2301 2308 2308
149LAMU    1997 33  2332 2378 2397 2380 2369 2379 2383 2342 2307
149LAMU    1997 41  2317 2337 2345 2318 2332 2363 2365 2334 2310 2317 2313
149LAMU    1997 42  2296 2275 2300 2313 2315 2354 2382 2378 2357 2334 2319
149LAMU    1997 43  2330 2309 2257 2241 2257 2264 2241 2250
149LAMU    1997 51  2286 2316 2329 2348 2363 2348 2357 2326 2270 2264 2265
149LAMU    1997 52  2270 2267 2276 2259 2234 2244 2280 2286 2286 2292 2282
149LAMU    1997 53  2275 2258 2252 2250 2242 2223 2229 2250 2266
149LAMU    1997 61  2256 2248 2269 2275 2273 2269 2287 2304 2297 2307 2317
149LAMU    1997 62  2295 2282 2282 2267 2241 2250 2235 2230 2256 2264 2291
149LAMU    1997 63  2296 2311 2359 2378 2383 2366 2342 2317
149LAMU    1997 71  2322 2297 2278 2295 2327 2367 2395 2364 2335 2356 2356
149LAMU    1997 72  2308 2305 2301 2291 2271 2258 2267 2292 2296 2302 2287
149LAMU    1997 73  2304 2314 2307 2276 2259 2243 2236 2258 2273
149LAMU    1997 81  2270 2259 2252 2260 2277 2283 2298 2296 2281 2269 2279
149LAMU    1997 82  2286 2290 2287 2276 2269 2275 2283 2290 2297 2297 2315
149LAMU    1997 83  2309 2297 2295 2281 2265 2251 2253 2289 2302
149LAMU    1997 91  2304 2300 2297 2291 2279 2282 2275 2258 2263 2269 2260
149LAMU    1997 92  2260 2261 2247 2247 2272 2298 2319 2313 2293 2292 2283
149LAMU    1997 93  2271 2275 2264 2259 2266 2278 2290 2294
149LAMU    1997101  2301 2309 2350 2373 2396 2394 2361 2324 2329 2352 2362
149LAMU    1997102  2371 2385 2387 2384 2379 2380 2380 2355 2356 2368 2355
149LAMU    1997103  2367 2369 2328 2325 2325 2310 2297 2284 2274
149LAMU    1997111  2282 2289 2296 2280 2287 2311 2314 2323 2341 2345 2359
149LAMU    1997112  2373 2356 2339 2321 2291 2281 2282 2265 2255 2257 2262
149LAMU    1997113  2262 2291 2316 2312 2313 2327 2326 2318
149LAMU    1997121  2316 2324 2343 2354 2376 2403 2411 2400 2415 2410 2396
149LAMU    1997122  2387 2386 2397 2369 2366 2370 2371 2356 2343 2335 2322
149LAMU    1997123  2342 2343 2360 2359 2343 2338 2350 2383 2385
149LAMU    1998 11  2403 2402 2402 2405 2405 2410 2408 2392 2354 2339 2345
149LAMU    1998 12  2343 2351 2358 2346 2340 2342 2321 2305 2304 2304 2318
149LAMU    1998 13  2336 2339 2344 2359 2369 2386 2387 2399 2394
149LAMU    1998 21  2400 2402 2381 2350 2350 2344 2341 2361 2373 2387 2409
149LAMU    1998 22  2425 2425 2427 2418 2417 2397 2389 2390 2381 2373 2371
149LAMU    1998 23  2370 2358 2352 2352 2373 2406
149LAMU    1998 31  2408 2410 2411 2402 2421 2438 2436 2444 2451 2446 2453
149LAMU    1998 32  2475 2478 2483 2506 2518 2493 2473 2468 2472 2461 2440
149LAMU    1998 33  2441 2474 2495 2500 2491 2480 2490 2479 2452
149LAMU    1998 41  2425 2402 2401 2411 2437 2459 2467 2482 2498 2519 2510
149LAMU    1998 42  2496 2467 2446 2426 2416 2415 2454 2516 2544 2539 2532
149LAMU    1998 43  2539 2564 2548 2523 2496 2475 2441 2400
149LAMU    1998 51  2387 2394 2406 2401 2379 2375 2372 2360 2361 2365 2350
149LAMU    1998 52  2346 2356 2338 2356 2398 2412 2393 2374 2424 2477 2488
149LAMU    1998 53  2470 2455 2433 2430 2430 2431 2379 2348 2365
149LAMU    1998 61  2357 2349 2306 2293 2302 2283 2289 2273 2276 2318 2358
149LAMU    1998 62  2364 2363 2363 2375 2350 2355 2386 2387 2368 2335 2369
149LAMU    1998 63  2387 2373 2352 2342 2343 2323 2330 2334
149LAMU    1998 71  2323 2332 2288 2273 2283 2266 2267 2290 2300 2294 2293
149LAMU    1998 72  2308 2327 2354 2360 2338 2335 2320 2330 2323 2321 2327
149LAMU    1998 73  2321 2349 2374 2392 2373 2352 2337 2332 2331
149LAMU    1998 81  2307 2314 2321 2327 2332 2310 2319 2320 2330 2354 2375
149LAMU    1998 82  2366 2358 2359 2360 2349 2337 2341 2345 2353 2377 2382
149LAMU    1998 83  2381 2384 2386 2372 2385 2401 2398 2392 2380
149LAMU    1998 91  2371 2358 2355 2353 2356 2371 2383 2391 2393 2393 2365
149LAMU    1998 92  2344 2330 2329 2340 2343 2342 2341 2344 2354 2367 2362
149LAMU    1998 93  2357 2378 2365 2342 2338 2320 2304 2297
149LAMU    1998101  2312 2303 2300 2309 2329 2351 2335 2332 2312 2310 2300
149LAMU    1998102  2291 2288 2295 2325 2329 2329 2316 2316 2330 2326 2308
149LAMU    1998103  2284 2282 2278 2264 2284 2285 2283 2294 2299
149LAMU    1998111  2291 2315 2339 2310 2270 2270 2263 2236 2248 2270 2275
149LAMU    1998112  2254 2220 2236 2258 2262 2266 2236 2208 2209 2232 2232
149LAMU    1998113  2234 2231 2209 2207 2199 2209 2232 2262
149LAMU    1998121  2265 2251 2248 2243 2232 2240 2238 2242 2242 2241 2261
149LAMU    1998122  2294 2338 2342 2332 2324 2313 2300 2294 2293 2291 2264
149LAMU    1998123  2239 2248 2252 2261 2308 2312 2259 2256 2263
149LAMU    1999 11  2275 2275 2285 2296 2300 2296 2303 2315 2320 2298 2277
149LAMU    1999 12  2282 2270 2280 2265 2258 2279 2284 2279 2287 2287 2275
149LAMU    1999 13  2261 2255 2242 2231 2235 2245 2248 2243 2247
149LAMU    1999 21  2261 2259 2246 2226 2210 2209 2188 2178 2162 2164 2162
149LAMU    1999 22  2170 2193 2222 2271 2284 2289 2274 2244 2255 2289 2309
149LAMU    1999 23  2319 2329 2317 2308 2283 2274
149LAMU    1999 31  2277 2280 2289 2290 2324 2351 2343 2337 2326 2324 2328
149LAMU    1999 32  2330 2318 2324 2344 2364 2379 2361 2349 2333 2302 2270
149LAMU    1999 33  2246 2225 2217 2228 2241 2265 2300 2356 2366
149LAMU    1999 41  2360 2348 2331 2330 2301 2287 2294 2283 2284 2278 2300
149LAMU    1999 42  2321 2313 2339 2371 2385 2351 2316 2308 2308 2285 2269
149LAMU    1999 43  2281 2296 2298 2299 2322 2328 2299 2289
149LAMU    1999 51  2261 2255 2275 2279 2300 2302 2319 2329 2325 2328 2339
149LAMU    1999 52  2353 2361 2371 2403 2383 2360 2373 2336 2302 2307 2307
149LAMU    1999 53  2302 2288 2289 2295 2300 2301 2298 2306 2282
149LAMU    1999 61  2263 2255 2281 2309 2309 2327 2333 2320 2312 2331 2328
149LAMU    1999 62  2311 2325 2318 2325 2314 2301 2302 2314 2318 2309 2335
149LAMU    1999 63  2357 2377 2373 2380 2385 2394 2383 2368
149LAMU    1999 71  2352 2340 2323 2339 2330 2327 2349 2353 2369 2373 2365
149LAMU    1999 72  2355 2346 2329 2325 2295 2294 2288 2278 2291 2310 2321
149LAMU    1999 73  2305 2293 2286 2290 2274 2278 2300 2318 2321
149LAMU    1999 81  2328 2304 2313 2298 2270 2254 2261 2253 2246 2256 2264
149LAMU    1999 82  2290 2316 2314 2309 2322 2308 2292 2326 2313 2316 2321
149LAMU    1999 83  2319 2317 2317 2332 2343 2359 2367 2354 2349
149LAMU    1999 91  2333 2317 2325 2338 2346 2341 2347 2338 2333 2345 2365
149LAMU    1999 92  2363 2348 2332 2314 2300 2281 2257 2268 2286 2309 2311
149LAMU    1999 93  2318 2335 2363 2392 2377 2367 2354 2338
149LAMU    1999101  2337 2332 2321 2307 2319 2345 2343 2325 2345 2343 2317
149LAMU    1999102  2308 2294 2279 2264 2249 2227 2239 2253 2243 2229 2247
149LAMU    1999103  2274 2294 2302 2283 2265 2252 2223 2198 2204
149LAMU    1999111  2212 2197 2213 2213 2215 2210 2217 2223 2227 2234 2231
149LAMU    1999112  2232 2224 2238 2249 2251 2271 2271 2297 2301 2287 2288
149LAMU    1999113  2299 2276 2266 2281 2260 2250 2258 2255
149LAMU    1999121  2268 2267 2261 2254 2256 2274 2273 2263 2257 2261 2267
149LAMU    1999122  2238 2219 2229 2237 2214 2188 2197 2212 2212 2199 2186
149LAMU    1999123  2179 2217 2216 2226 2237 2243 2241 2233 2229
149LAMU    2000 11  2253 2228 2202 2210 2214 2220 2246 2246 2221 2217 2205
149LAMU    2000 12  2191 2183 2177 2163 2169 2169 2180 2164 2165 2228 2280
149LAMU    2000 13  2307 2298 2291 2281 2276 2261 2247 2217 2183
149LAMU    2000 21  2164 2162 2177 2202 2219 2229 2240 2287 2329 2297 2258
149LAMU    2000 22  2237 2214 2227 2235 2223 2219 2232 2240 2242 2243 2237
149LAMU    2000 23  2242 2217 2186 2195 2223 2226 2248
149LAMU    2000 31  2256 2252 2260 2264 2268 2289 2314 2288 2280 2310 2310
149LAMU    2000 32  2302 2284 2267 2258 2248 2246 2269 2287 2289 2309 2303
149LAMU    2000 33  2310 2292 2263 2254 2248 2257 2246 2232 2256
149LAMU    2000 41  2280 2296 2311 2324 2329 2326 2305 2284 2269 2268 2282
149LAMU    2000 42  2300 2311 2304 2320 2328 2299 2295 2326 2313 2294 2314
149LAMU    2000 43  2292 2262 2240 2249 2238 2247 2272 2277
149LAMU    2000 51  2296 2321 2308 2269 2251 2252 2246 2258 2277 2281 2287
149LAMU    2000 52  2278 2288 2283 2288 2308 2315 2305 2311 2311 2326 2321
149LAMU    2000 53  2315 2335 2326 2334 2333 2329 2315 2327 2316
149LAMU    2000 61  2296 2299 2320 2313 2301 2304 2300 2300 2301 2281 2278
149LAMU    2000 62  2264 2241 2227 2215 2216 2220 2230 2240 2249 2240 2245
149LAMU    2000 63  2240 2263 2266 2259 2259 2267 2283 2293
149LAMU    2000 71  2304 2323 2332 2311 2282 2273 2274 2262 2245 2237 2239
149LAMU    2000 72  2213 2209 2191 2170 2166 2168 2189 2218 2216 2198 2205
149LAMU    2000 73  2229 2220 2235 2257 2269 2284 2285 2265 2283
149LAMU    2000 81  2319 2309 2296 2298 2265 2258 2241 2250 2235 2226 2245
149LAMU    2000 82  2234 2229 2253 2266 2283 2298 2307 2291 2270 2270 2268
149LAMU    2000 83  2276 2255 2237 2248 2252 2254 2258 2265 2269
149LAMU    2000 91  2245 2215 2224 2203 2188 2193 2224 2233 2229 2245 2254
149LAMU    2000 92  2243 2281 2286 2288 2312 2331 2313 2309 2308 2293 2294
149LAMU    2000 93  2295 2299 2292 2287 2308 2306 2288 2273
149LAMU    2000101  2280 2282 2253 2229 2241 2247 2248 2254 2272 2278 2267
149LAMU    2000102  2286 2300 2286 2281 2282 2247 2218 2231 2243 2252 2257
149LAMU    2000103  2272 2277 2268 2284 2265 2229 2245 2220 2193
149LAMU    2000111  2190 2206 2237 2254 2240 2256 2269 2263 2255 2265 2270
149LAMU    2000112  2272 2278 2265 2241 2221 2221 2224 2238 2228 2204 2180
149LAMU    2000113  2179 2197 2204 2199 2196 2196 2197 2175
149LAMU    2000121  2173 2189 2201 2207 2218 2228 2248 2260 2251 2247 2264
149LAMU    2000122  2276 2266 2279 2264 2268 2269 2249 2230 2242 2223 2215
149LAMU    2000123  2207 2186 2171 2158 2155 2153 2158 2189 2180
149LAMU    2001 11  2207 2222 2227 2235 2244 2236 2212 2215 2216 2191 2211
149LAMU    2001 12  2230 2225 2231 2233 2227 2218 2195 2177 2170 2148 2133
149LAMU    2001 13  2131 2133 2151 2149 2161 2194 2205 2213 2218
149LAMU    2001 21  2220 2221 2215 2184 2166 2169 2191 2231 2252 2273 2279
149LAMU    2001 22  2273 2256 2224 2220 2208 2190 2191 2191 2213 2228 2256
149LAMU    2001 23  2261 2242 2253 2259 2243 2221
149LAMU    2001 31  2194 2157 2167 2180 2192 2187 2175 2186 2200 2224 2247
149LAMU    2001 32  2277 2280 2275 2266 2269 2280 2288 2277 2269 2263 2286
149LAMU    2001 33  2339 2367 2382 2368 2343 2344 2347 2341 2303
149LAMU    2001 41  2265 2269 2292 2286 2297 2333 2320 2281 2291 2302 2279
149LAMU    2001 42  2277 2309 2295 2265 2256 2253 2259 2277 2312 2321 2331
149LAMU    2001 43  2325 2308 2306 2262 2251 2268 2283 2258
149LAMU    2001 51  2251 2280 2319 2323 2297 2302 2312 2314 2306 2297 2295
149LAMU    2001 52  2283 2268 2290 2278 2285 2286 2275 2304 2294 2294 2324
149LAMU    2001 53  2312 2296 2294 2297 2284 2277 2324 2365 2352
149LAMU    2001 61  2313 2305 2319 2329 2314 2327 2324 2317 2329 2328 2335
149LAMU    2001 62  2346 2323 2307 2310 2325 2322 2312 2284 2241 2247 2238
149LAMU    2001 63  2236 2262 2276 2281 2262 2247 2270 2286
149LAMU    2001 71  2262 2235 2225 2206 2219 2250 2240 2238 2268 2280 2257
149LAMU    2001 72  2262 2285 2246 2218 2239 2239 2256 2267 2266 2256 2264
149LAMU    2001 73  2309 2308 2292 2269 2266 2233 2193 2210 2242
149LAMU    2001 81  2249 2239 2234 2257 2276 2276 2275 2255 2204 2190 2199
149LAMU    2001 82  2190 2169 2151 2151 2173 2179 2203 2234 2248 2257 2257
149LAMU    2001 83  2247 2261 2246 2235 2236 2226 2218 2204 2205
149LAMU    2001 91  2208 2232 2242 2250 2234 2244 2256 2240 2235 2231 2214
149LAMU    2001 92  2188 2190 2191 2201 2244 2282 2278 2289 2287 2270 2263
149LAMU    2001 93  2244 2223 2222 2204 2191 2202 2211 2207
149LAMU    2001101  2208 2200 2207 2220 2229 2261 2281 2275 2275 2274 2265
149LAMU    2001102  2283 2282 2287 2281 2270 2263 2254 2236 2197 2186 2186
149LAMU    2001103  2174 2180 2189 2188 2186 2210 2226 2218 2231
149LAMU    2001111  2248 2253 2265 2272 2252 2263 2270 2265 2282 2305 2333
149LAMU    2001112  2365 2352 2325 2282 2256 2265 2241 2228 2221 2206 2195
149LAMU    2001113  2195 2181 2174 2173 2175 2182 2204 2198
149LAMU    2001121  2186 2188 2181 2177 2179 2193 2180 2188 2193 2179 2178
149LAMU    2001122  2191 2199 2205 2204 2207 2214 2191 2175 2177 2178 2196
149LAMU    2001123  2192 2198 2201 2192 2171 2151 2160 2155 2133
149LAMU    2002 11  2165 2162 2156 2180 2181 2212 2213 2213 2244 2259 2274
149LAMU    2002 12  2275 2257 2240 2224 2208 2215 2207 2181 2157 2167 2179
149LAMU    2002 13  2175 2172 2173 2160 2162 2189 2226 2239 2224
149LAMU    2002 21  2230 2201 2178 2198 2211 2209 2202 2198 2201 2218 2234
149LAMU    2002 22  2228 2227 2228 2192 2200 2212 2223 2239 2205 2204 2207
149LAMU    2002 23  2189 2194 2224 2241 2271 2316
149LAMU    2002 31  2351 2370 2363 2351 2343 2316 2296 2286 2302 2302 2274
149LAMU    2002 32  2268 2285 2306 2302 2295 2299 2317 2330 2330 2327 2333
149LAMU    2002 33  2356 2357 2364 2386 2387 2398 2383 2372 2360
149LAMU    2002 41  2342 2324 2312 2317 2310 2308 2316 2311 2313 2321 2335
149LAMU    2002 42  2341 2331 2314 2289 2258 2245 2258 2277 2270 2295 2343
149LAMU    2002 43  2357 2368 2396 2399 2380 2368 2334 2301
149LAMU    2002 51  2300 2324 2355 2338 2322 2307 2282 2296 2325 2346 2359
149LAMU    2002 52  2328 2310 2317 2324 2342 2351 2351 2358 2379 2359 2343
149LAMU    2002 53  2304 2298 2271 2229 2188 2176 2167 2162 2154
149LAMU    2002 61  2169 2173 2201 2270 2332 2342 2323 2319 2310 2301 2322
149LAMU    2002 62  2316 2295 2319 2349 2358 2350 2317 2311 2296 2277 2293
149LAMU    2002 63  2308 2271 2264 2285 2290 2282 2259 2245
149LAMU    2002 71  2245 2248 2249 2228 2231 2224 2231 2235 2212 2200 2199
149LAMU    2002 72  2224 2218 2221 2243 2245 2229 2218 2215 2217 2211 2216
149LAMU    2002 73  2230 2241 2264 2246 2253 2275 2275 2298 2278
149LAMU    2002 81  2282 2317 2306 2279 2252 2264 2258 2268 2291 2328 2340
149LAMU    2002 82  2346 2319 2300 2291 2279 2250 2242 2244 2236 2239 2233
149LAMU    2002 83  2235 2242 2242 2250 2260 2280 2274 2259 2253
149LAMU    2002 91  2250 2238 2237 2245 2242 2254 2303 2343 2348 2312 2282
149LAMU    2002 92  2246 2230 2245 2289 2283 2290 2311 2303 2280 2266 2273
149LAMU    2002 93  2289 2310 2319 2305 2276 2269 2272 2254
149LAMU    2002101  2255 2232 2233 2258 2277 2314 2314 2300 2285 2287 2277
149LAMU    2002102  2258 2260 2265 2293 2327 2331 2307 2298 2304 2322 2306
149LAMU    2002103  2291 2279 2241 2222 2207 2209 2219 2218 2220
149LAMU    2002111  2250 2280 2293 2294 2287 2271 2244 2236 2250 2252 2254
149LAMU    2002112  2253 2249 2278 2303 2308 2283 2275 2289 2275 2270 2265
149LAMU    2002113  2257 2237 2250 2248 2230 2266 2268 2271
149LAMU    2002121  2286 2301 2306 2279 2271 2271 2286 2265 2224 2211 2204
149LAMU    2002122  2215 2218 2214 2204 2213 2218 2230 2213 2212 2232 2234
149LAMU    2002123  2227 2218 2237 2251 2215 2212 2220 2206 2193
149LAMU    2003 11  2180 2187 2185 2185 2198 2186 2166 2144 2142 2163 2167
149LAMU    2003 12  2166 2161 2160 2154 2159 2153 2176 2210 2247 2272 2296
149LAMU    2003 13  2304 2286 2279 2265 2271 2254 2232 2219 2221
149LAMU    2003 21  2221 2221 2238 2248 2253 2254 2252 2267 2267 2260 2250
149LAMU    2003 22  2255 2254 2245 2253 2259 2272 2276 2279 2301 2289 2261
149LAMU    2003 23  2255 2253 2229 2196 2191 2182
149LAMU    2003 31  2186 2207 2209 2199 2202 2225 2239 2259 2262 2255 2258
149LAMU    2003 32  2264 2261 2270 2296 2308 2331 2363 2396 2433 2433 2412
149LAMU    2003 33  2373 2337 2325 2305 2313 2337 2353 2371 2390
149LAMU    2003 41  2404 2418 2410 2373 2373 2400 2374 2346 2349 2350 2351
149LAMU    2003 42  2378 2384 2392 2407 2430 2449 2447 2428 2410 2387 2381
149LAMU    2003 43  2384 2364 2376 2400 2458 2472 2421 2427
149LAMU    2003 51  2414 2396 2360 2353 2355 2377 2367 2357 2374 2358 2341
149LAMU    2003 52  2333 2329 2333 2344 2356 2339 2322 2317 2345 2339 2338
149LAMU    2003 53  2327 2321 2342 2324 2297 2279 2273 2259 2249
149LAMU    2003 61  2256 2291 2305 2296 2289 2289 2312 2348 2374 2390 2395
149LAMU    2003 62  2424 2434 2421 2401 2375 2387 2378 2382 2390 2380 2399
149LAMU    2003 63  2401 2363 2333 2319 2306 2298 2292 2303
149LAMU    2003 71  2307 2306 2293 2282 2301 2359 2402 2437 2430 2411 2371
149LAMU    2003 72  2336 2306 2309 2323 2321 2314 2306 2303 2299 2269 2256
149LAMU    2003 73  2267 2276 2260 2240 2237 2264 2279 2324 2352
149LAMU    2003 81  2335 2327 2293 2302 2301 2274 2284 2290 2300 2301 2279
149LAMU    2003 82  2280 2300 2301 2282 2278 2284 2274 2279 2262 2250 2248
149LAMU    2003 83  2236 2237 2244 2272 2299 2331 2353 2371 2369
149LAMU    2003 91  2332 2302 2272 2266 2280 2293 2291 2304 2328 2305 2290
149LAMU    2003 92  2298 2296 2310 2308 2307 2298 2282 2280 2283 2283 2302
149LAMU    2003 93  2319 2323 2339 2347 2348 2328 2318 2316
149LAMU    2003101  2292 2273 2268 2277 2278 2275 2295 2336 2346 2343 2321
149LAMU    2003102  2310 2294 2275 2254 2253 2243 2247 2267 2253 2246 2275
149LAMU    2003103  2301 2328 2339 2352 2347 2345 2316 2298 2280
149LAMU    2003111  2268 2276 2242 2241 2267 2282 2271 2268 2283 2288 2255
149LAMU    2003112  2252 2231 2207 2216 2242 2258 2276 2302 2310 2309 2315
149LAMU    2003113  2310 2316 2299 2277 2263 2287 2294 2295
149LAMU    2003121  2308 2297 2292 2288 2285 2263 2262 2268 2234 2201 2205
149LAMU    2003122  2200 2194 2192 2203 2197 2205 2239 2272 2272 2248 2229
149LAMU    2003123  2196 2195 2221 2239 2263 2283 2280 2274 2267
149LAMU    2004 11  2250 2245 2224 2212 2209 2207 2232 2270 2298 2315 2308
149LAMU    2004 12  2314 2296 2316 2333 2306 2278 2265 2261 2253 2266 2281
149LAMU    2004 13  2304 2311 2309 2312 2305 2283 2246 2229 2245
149LAMU    2004 21  2253 2256 2263 2255 2232 2243 2263 2284 2320 2348 2339
149LAMU    2004 22  2320 2311 2317 2321 2334 2330 2338 2345 2360 2378 2370
149LAMU    2004 23  2361 2341 2330 2312 2317 2298 2291
149LAMU    2004 31  2292 2275 2254 2253 2284 2299 2321 2293 2273 2279 2253
149LAMU    2004 32  2204 2179 2162 2179 2208 2253 2302 2328 2349 2357 2370
149LAMU    2004 33  2362 2326 2294 2316 2309 2300 2314 2304 2316
149LAMU    2004 41  2312 2290 2321 2346 2360 2356 2362 2350 2341 2375 2337
149LAMU    2004 42  2311 2327 2353 2340 2323 2382 2398 2399 2384 2317 2371
149LAMU    2004 43  2366 2340 2357 2346 2347 2368 2386 2402
149LAMU    2004 51  2409 2404 2405 2405 2405 2412 2391 2359 2341 2345 2346
149LAMU    2004 52  2336 2340 2329 2286 2281 2277 2281 2307 2311 2322 2313
149LAMU    2004 53  2330 2331 2331 2336 2331 2343 2339 2326 2313
149LAMU    2004 61  2325 2354 2367 2322 2308 2343 2357 2345 2333 2364 2402
149LAMU    2004 62  2395 2393 2368 2333 2315 2275 2257 2260 2263 2290 2312
149LAMU    2004 63  2326 2313 2290 2281 2295 2315 2285 2279
149LAMU    2004 71  2284 2291 2307 2320 2311 2320 2361 2381 2373 2349 2337
149LAMU    2004 72  2340 2304 2303 2312 2316 2323 2332 2332 2337 2332 2334
149LAMU    2004 73  2332 2311 9999 9999 2262 2258 2263 2255 2261
149LAMU    2004 81  2278 2283 2280 2282 2276 2281 2259 2257 2233 2222 2253
149LAMU    2004 82  2242 2243 2252 2262 2270 2278 2289 2294 2300 2292 2289
149LAMU    2004 83  2280 2257 2245 2226 2228 2253 2290 2322 2322
149LAMU    2004 91  2318 2319 2308 2311 2296 2284 2296 2291 2289 2301 2288
149LAMU    2004 92  2295 2313 2330 2355 2365 2366 2370 2371 2370 2362 2372
149LAMU    2004 93  2347 2317 2323 2351 2362 2355 2365 2352
149LAMU    2004101  2345 2330 2311 2310 2314 2313 2318 2319 2328 2316 2294
149LAMU    2004102  2287 2308 2322 2312 2309 2276 2259 2279 2278 2300 2327
149LAMU    2004103  2344 2352 2352 2361 2352 2354 2340 2332 2336
149LAMU    2004111  2330 2318 2307 2308 2339 2370 2360 2373 2375 2354 2353
149LAMU    2004112  2312 2300 2297 2276 2259 2268 2263 2260 2288 2300 2309
149LAMU    2004113  2303 2292 2270 2264 2247 2230 2214 2200
149LAMU    2004121  2211 2230 2260 2283 2316 2340 2339 2343 2335 2324 2313
149LAMU    2004122  2290 2276 2262 2258 2258 2279 2273 2276 2286 2285 2287
149LAMU    2004123  2293 2278 2257 2270 2266 2236 2232 2201 2174
149LAMU    2005 11  2154 2141 2160 2161 2142 2122 2145 2174 2153 2156 2184
149LAMU    2005 12  2210 2235 2252 2246 2255 2278 2277 2284 2282 2261 2240
149LAMU    2005 13  2235 2253 2267 2254 2269 2261 2251 2244 2255
149LAMU    2005 21  2242 2214 2210 2220 2229 2237 2223 2227 2256 2278 2293
149LAMU    2005 22  2299 2287 2267 2254 2231 2232 2259 2238 2229 2216 2212
149LAMU    2005 23  2220 2257 2279 2247 2246 2256
149LAMU    2005 31  2266 2254 2237 2216 2233 2242 2264 2293 2320 2339 2333
149LAMU    2005 32  2348 2341 2326 2304 2303 2309 2321 2338 2352 2365 2366
149LAMU    2005 33  2389 2383 2384 2392 2389 2373 2329 2290 2276
149LAMU    2005 41  2268 2279 2306 2348 2401 2434 2465 2495 2489 2485 2455
149LAMU    2005 42  2436 2403 2368 2366 2352 2349 2340 2295 2311 2320 2311
149LAMU    2005 43  2330 2341 2333 2299 2319 2336 2325 2363
149LAMU    2005 51  2356 2342 2341 2369 2408 2423 2408 2366 2348 2334 2334
149LAMU    2005 52  2327 2335 2335 2347 2344 2338 2353 2363 2358 2379 2391
149LAMU    2005 53  2347 2319 2301 2291 2299 2299 2296 2318 2335
149LAMU    2005 61  2345 2346 2338 2325 2316 2339 2339 2328 2323 2324 2312
149LAMU    2005 62  9999 9999 2315 2301 2300 2287 2295 2306 2285 2277 9999
149LAMU    2005 63  9999 9999 9999 2283 2316 9999 9999 2299
149LAMU    2005 71  2317 2318 2305 2333 2354 2337 2347 2362 2347 2307 2309
149LAMU    2005 72  2317 2334 2342 2327 2310 2290 2275 2252 2248 2263 2263
149LAMU    2005 73  2268 2258 2263 2284 2293 2273 2272 2283 2269
149LAMU    2005 81  2269 2276 2290 2290 2294 2298 2305 2335 2340 2309 2302
149LAMU    2005 82  2288 2273 2250 2247 2234 2252 2295 2314 2344 2347 2361
149LAMU    2005 83  2365 2344 2306 2272 2269 2282 2277 2277 2287
149LAMU    2005 91  2300 2326 2320 2306 2308 2298 2279 2275 2266 2267 2264
149LAMU    2005 92  2260 2248 2282 2318 2330 2336 2322 2312 2330 2319 2293
149LAMU    2005 93  2288 2290 2292 2304 2321 2315 2311 2308
149LAMU    2005101  2314 2349 2348 2349 2350 2333 2320 2322 2323 2305 2294
149LAMU    2005102  2318 2337 2330 2351 2372 2369 2353 2318 2299 2289 2275
149LAMU    2005103  2262 2269 2267 2253 2254 2265 2248 2249 2278
149LAMU    2005111  2292 2285 2268 2260 2245 2216 2205 2237 2255 2256 2266
149LAMU    2005112  2267 2239 2220 2231 2244 2260 2248 2249 2261 2268 2300
149LAMU    2005113  2297 2297 2306 2306 2291 2302 2275 2269
149LAMU    2005121  2255 2251 2240 2219 2226 2265 2273 2275 2277 2292 2296
149LAMU    2005122  2279 2271 2254 2249 2261 2262 2248 2237 2240 2226 2225
149LAMU    2005123  2232 2240 2244 2247 2235 2209 2210 2193 2192
149LAMU    2006 11  2215 2222 2243 2259 2252 2245 2244 2237 2241 2241 2237
149LAMU    2006 12  2229 2205 2219 2237 2234 2245 2250 2246 2241 2250 2242
149LAMU    2006 13  2215 2186 2173 2168 2165 2198 2256 2309 2311
149LAMU    2006 21  2281 2265 2245 2245 2231 2206 2218 2235 2242 2249 2292
149LAMU    2006 22  2314 2324 2347 2353 2341 2334 2323 2300 2307 2290 2262
149LAMU    2006 23  2278 2306 2325 2333 2362 2395
149LAMU    2006 31  2386 2379 2360 2331 2281 2227 2230 2238 2218 2210 2241
149LAMU    2006 32  2258 2252 2276 2344 2404 2423 2406 2373 2348 2342 2352
149LAMU    2006 33  2342 2348 2354 2332 2314 2334 2364 2360 2356
149LAMU    2006 41  2349 2328 2324 2344 2312 2306 2317 2333 2379 2357 2332
149LAMU    2006 42  2339 2347 2352 2338 2353 2382 2358 2353 2394 2433 2432
149LAMU    2006 43  2413 2402 2382 2411 2415 2409 2416 2382
149LAMU    2006 51  2366 2318 2305 2346 2367 2367 2356 2331 2310 2307 2341
149LAMU    2006 52  2342 2328 2336 2323 2298 2304 2323 2335 2350 2368 2362
149LAMU    2006 53  2384 2375 2351 2362 2351 2331 2318 2361 2413
149LAMU    2006 61  2417 2409 2417 2402 2383 2385 2402 2379 2321 2326 2298
149LAMU    2006 62  2259 2284 2310 2322 2310 2322 2336 2358 2345 2322 2313
149LAMU    2006 63  2329 2332 2354 2364 2378 2399 2371 2355
149LAMU    2006 71  2359 2346 2342 2331 2310 2310 2304 2277 2247 2252 2270
149LAMU    2006 72  2296 2304 2309 2323 2303 2295 2316 2303 2261 2266 2252
149LAMU    2006 73  2252 2256 2247 2264 2255 2237 2231 2210 2193
149LAMU    2006 81  2158 9999 9999 9999 9999 2258 2259 2289 2310 2333 2354
149LAMU    2006 82  2383 2400 2380 2362 2366 2360 2341 2348 2350 2346 2330
149LAMU    2006 83  2308 2316 2326 2309 2297 2294 2286 2293 2294
149LAMU    2006 91  2313 2342 2327 2321 2358 2372 2387 2384 2388 2385 2358
149LAMU    2006 92  2329 2293 2270 2277 2290 2281 2277 2283 2276 2264 2269
149LAMU    2006 93  2287 2287 2273 2287 2291 2293 2294 2295
149LAMU    2006101  2287 2289 2297 2296 2313 2317 2338 2346 2309 2268 2244
149LAMU    2006102  2237 2257 2307 2351 2360 2365 2352 2374 2371 2358 2354
149LAMU    2006103  2332 2334 2332 2317 2312 2328 2363 2359 2321
149LAMU    2006111  2304 2304 2320 2338 2325 2308 2279 2252 2241 2233 9999
149LAMU    2006112  9999 9999 9999 9999 9999 9999 9999 9999 9999 9999 9999
149LAMU    2006113  9999 9999 9999 9999 9999 9999 9999 9999
149LAMU    2006121  9999 9999 9999 9999 9999 9999 9999 9999 9999 9999 9999
149LAMU    2006122  2264 2288 2275 2268 2285 2257 2244 2270 2269 2287 2305
149LAMU    2006123  2307 2355 2367 2335 2305 2289 2269 2247 2240
149LAMU    2007 11  2235 2188 2168 2179 2180 2173 2173 2185 2196 2178 2189
149LAMU    2007 12  2210 2214 2212 2227 2241 2258 2276 2285 2298 2304 2292
149LAMU    2007 13  2268 2267 2251 2243 2245 2229 2227 2224 2230
149LAMU    2007 21  2245 2262 2282 2299 2303 2311 2299 2296 2279 2260 2257
149LAMU    2007 22  2234 2197 2192 2227 2249 2274 2312 2350 2385 2399 2386
149LAMU    2007 23  2372 2329 2302 2311 2339 2325
149LAMU    2007 31  2299 2315 2318 2301 2273 2271 2278 2274 2264 2266 2262
149LAMU    2007 32  2267 2302 2336 2351 2382 2400 2422 2434 2417 2389 2370
149LAMU    2007 33  2360 2342 2319 2307 2312 2313 2304 2327 2377
149LAMU    2007 41  2419 2434 2454 2428 2382 2346 2329 2315 2318 2331 2347
149LAMU    2007 42  2356 2374 2383 2408 2435 2415 2396 2378 2356 2337 2330
149LAMU    2007 43  2350 2368 2363 2378 2368 2350 2345 2346
149LAMU    2007 51  2334 2320 2321 2341 2351 2351 2350 2352 2367 2378 2381
149LAMU    2007 52  2417 2460 2502 2492 2433 2395 2369 2343 2328 2338 2345
149LAMU    2007 53  2364 2369 2381 2427 2463 2457 2438 2450 2467
149LAMU    2007 61  2432 2395 2368 2395 2431 2414 2409 2416 2415 2382 2371
149LAMU    2007 62  2369 2374 2356 2365 2375 2387 2439 2430 2406 2411 2424
149LAMU    2007 63  2424 2381 2360 2369 2336 2327 2311 2297
149LAMU    2007 71  2305 2301 2330 2342 2343 2347 2342 2338 2345 2347 2358
149LAMU    2007 72  2369 2356 2354 2354 2353 2346 2347 2363 2362 2347 2324
149LAMU    2007 73  2327 2329 2327 2310 2293 2296 2321 2309 2325
149LAMU    2007 81  2357 2383 2393 2359 2340 2336 2327 2305 2324 2347 2353
149LAMU    2007 82  2367 2365 2360 2379 2387 2360 2332 2306 2308 2338 2345
149LAMU    2007 83  2325 2330 2322 2340 2380 2403 2423 2441 2424
149LAMU    2007 91  2400 2343 2308 2306 2307 2302 2311 2336 2357 2358 2355
149LAMU    2007 92  2365 2354 2336 2337 2323 2334 2353 2339 2346 2359 2392
149LAMU    2007 93  2396 2388 2412 2422 2402 2413 2392 2355
149LAMU    2007101  2326 2309 2311 2302 2320 2334 2312 2321 2321 2332 2327
149LAMU    2007102  2323 2311 2281 2248 2221 2248 2275 2290 2300 2298 2316
149LAMU    2007103  2349 2357 2345 2338 2319 2296 2295 2305 2317
149LAMU    2007111  2326 2340 2349 2354 2340 2328 2314 2301 2294 2271 2264
149LAMU    2007112  2267 2251 2248 2253 2226 2213 2243 2260 2267 2268 2279
149LAMU    2007113  2279 2262 2272 2278 2262 2233 2235 2244
149LAMU    2007121  2259 2264 2254 2243 2249 2248 2225 2221 2214 2215 2214
149LAMU    2007122  2200 2191 2194 2211 2217 2230 2237 2223 2214 2229 2236
149LAMU    2007123  2245 2239 2221 2213 2215 2193 2171 2195 2199
149LAMU    2008 11  2194 2186 2164 2152 2142 2148 2170 2175 2166 2191 2223
149LAMU    2008 12  2244 2252 2252 2272 2278 2235 2205 2215 2236 2281 2319
149LAMU    2008 13  2336 2330 2320 2302 2271 2255 2230 2219 2218
149LAMU    2008 21  2219 2201 2179 2183 2194 2208 2223 2221 2217 2189 2186
149LAMU    2008 22  2178 2177 2199 2215 2202 2201 2217 2216 2195 2189 2191
149LAMU    2008 23  2177 2166 2151 2172 2204 2226 2240
149LAMU    2008 31  2254 2248 2251 2278 2290 2323 2335 2330 2330 2303 2313
149LAMU    2008 32  2294 2270 2239 2214 2230 2261 2295 2331 2356 2368 2388
149LAMU    2008 33  2359 2328 2320 2307 2294 2256 2274 2289 2294
149LAMU    2008 41  2304 2318 2306 2289 2285 2288 2284 2287 2264 2225 2202
149LAMU    2008 42  2186 2178 2194 2210 2207 2227 2252 2261 2265 2256 2255
149LAMU    2008 43  2240 2223 2227 2244 2264 2289 2320 2339
149LAMU    2008 51  2322 2325 2352 2362 2323 2281 2250 2235 2226 2193 2184
149LAMU    2008 52  2205 2217 2209 2211 2216 2211 2229 2247 2270 2290 2302
149LAMU    2008 53  2295 2293 2292 2310 2342 2347 2343 2323 2309
149LAMU    2008 61  2300 2271 2253 2269 2269 2264 2276 2297 2290 2307 2333
149LAMU    2008 62  2328 2328 2333 2307 2268 2269 2244 2253 2263 2254 2237
149LAMU    2008 63  2242 2258 2294 2291 2260 2254 2260 2282
149LAMU    2008 71  2279 2278 2305 2314 2312 2317 2300 2306 2309 2297 9999
149LAMU    2008 72  9999 9999 9999 9999 9999 9999 9999 9999 9999 9999 9999
149LAMU    2008 73  9999 9999 9999 9999 9999 9999 9999 9999 9999
149LAMU    2008 81  9999 9999 9999 9999 9999 9999 9999 9999 9999 9999 9999
149LAMU    2008 82  9999 9999 9999 9999 9999 9999 9999 9999 9999 9999 9999
149LAMU    2008 83  9999 9999 9999 9999 9999 9999 9999 9999 9999
149LAMU    2008 91  9999 9999 9999 9999 9999 9999 9999 9999 9999 9999 9999
149LAMU    2008 92  9999 9999 9999 9999 9999 9999 9999 9999 9999 9999 9999
149LAMU    2008 93  9999 9999 9999 9999 9999 9999 9999 9999
149LAMU    2008101  9999 9999 2301 2309 2304 2311 2341 2348 2336 2328 2316
149LAMU    2008102  2321 2322 2313 2309 2297 2288 2266 2262 2289 2309 2313
149LAMU    2008103  2308 2307 2280 2297 2326 2327 2324 2304 2293
149LAMU    2008111  2297 2283 2291 2267 2244 2248 2276 2283 2280 2277 2272
149LAMU    2008112  2258 2236 2218 2238 2267 2253 2258 2246 2244 2266 2286
149LAMU    2008113  2295 2290 2271 2236 2246 2263 2243 2217
149LAMU    2008121  2232 2255 2254 2259 2244 2233 2242 2247 2245 2249 2230
149LAMU    2008122  2235 2267 2276 2302 2301 2301 2291 2272 2245 2239 2219
149LAMU    2008123  2213 2203 2198 2181 2179 2167 2158 2158 2160
149LAMU    2009 11  2158 2159 2157 2137 2124 2120 2120 2126 2134 2146 2159
149LAMU    2009 12  2173 2193 2202 2195 2180 2176 2179 2185 2189 2173 2172
149LAMU    2009 13  2206 2229 2262 2288 2312 2332 2363 2365 2338
149LAMU    2009 21  2309 2271 2264 2253 2216 2199 2227 2244 2247 2273 2306
149LAMU    2009 22  2319 2321 2327 2334 2337 2342 2338 2339 2345 2334 2340
149LAMU    2009 23  2342 2358 2372 2371 2362 2333
149LAMU    2009 31  2306 2297 2284 2259 2241 2231 2234 2269 2314 2371 2415
149LAMU    2009 32  2430 2418 2363 2314 2322 2320 2317 2292 2271 2310 2339
149LAMU    2009 33  2348 2368 2402 2421 2420 2433 2428 2443 2469
149LAMU    2009 41  2421 2378 2362 2387 2402 2401 2394 2399 2391 2361 2373
149LAMU    2009 42  2391 2398 2395 2393 2400 2405 2392 2380 2357 2341 2336
149LAMU    2009 43  2325 2332 2335 2315 2316 2287 2256 2259
149LAMU    2009 51  2268 2251 2261 2282 2297 2311 2295 2271 2257 2258 2251
149LAMU    2009 52  2272 2279 2319 2359 2352 2312 2311 2330 2317 2312 2297
149LAMU    2009 53  2269 2284 2297 2309 2324 2314 2308 2331 2322
149LAMU    2009 61  2311 2295 2286 2268 2255 2257 2263 2257 2264 2253 2281
149LAMU    2009 62  2328 2344 2340 2337 2323 2316 2311 2309 2299 2286 2289
149LAMU    2009 63  2292 2294 2301 2318 2296 2293 2305 2344
149LAMU    2009 71  2376 2364 2378 2371 2366 2364 2335 2315 2326 2319 2305
149LAMU    2009 72  2310 2293 2286 2295 2284 2272 2284 2288 2301 2324 2342
149LAMU    2009 73  2357 2354 2358 2370 2382 2359 2335 2327 2302
149LAMU    2009 81  2272 2264 2260 2276 2310 2317 2320 2333 2342 2353 2346
149LAMU    2009 82  2317 2312 2294 2290 2293 2293 2318 2354 2402 2402 2380
149LAMU    2009 83  2374 2345 2309 2293 2297 2298 2299 2296 2301
149LAMU    2009 91  2297 2300 2305 2311 2329 2318 2322 2323 2329 2313 2291
149LAMU    2009 92  2298 2322 2327 2335 2365 2399 2390 2374 2371 2361 2342
149LAMU    2009 93  2315 2289 2279 2281 2275 2270 2276 2276
149LAMU    2009101  2284 2300 2312 2326 2340 2341 2349 2347 2320 2293 2297
149LAMU    2009102  2315 2334 2341 2354 2359 2356 2360 2351 2336 2317 2308
149LAMU    2009103  2313 2327 2371 2394 2370 2385 2390 2372 2393
149LAMU    2009111  2388 2390 2400 2373 2358 2370 2364 2342 2318 2312 2319
149LAMU    2009112  2343 2347 2336 2327 2313 2283 2271 2257 2232 2232 2257
149LAMU    2009113  2291 2309 2316 2324 2322 2319 2307 2294
149LAMU    2009121  2272 2248 2242 2235 2231 2232 2244 2264 2273 2284 2290
149LAMU    2009122  2291 2284 2266 2251 2266 2264 2263 2274 2273 2243 2272
149LAMU    2009123  2312 2311 2297 2294 2296 2294 2279 2280 2284
149LAMU    2010 11  2276 2263 2256 2255 2240 2226 2225 2227 2221 2221 2208
149LAMU    2010 12  2172 2158 2161 2158 2160 2177 2186 2208 2234 2235 2247
149LAMU    2010 13  2253 2276 2283 2278 2271 2250 2252 2266 2268
149LAMU    2010 21  2278 2276 2268 2244 2225 2247 2258 2255 2278 2302 2322
149LAMU    2010 22  2349 2350 2341 2361 2358 2338 2330 2307 2277 2270 2272
149LAMU    2010 23  2280 2322 2373 2395 2413 2440
149LAMU    2010 31  2468 2475 2439 2410 2402 2362 2314 2287 2285 2294 2292
149LAMU    2010 32  2295 2329 2352 2348 2319 2310 2337 2321 2325 2357 2365
149LAMU    2010 33  2370 2402 2412 2415 2461 2466 2484 2530 2492
149LAMU    2010 41  2461 2432 2404 2380 2346 2347 2362 2363 2367 2389 2409
149LAMU    2010 42  2406 2428 9999 9999 9999 2306 2300 2303 2316 2330 2337
149LAMU    2010 43  2377 2405 2418 2413 2388 2377 2348 2360
149LAMU    2010 51  2364 2369 2399 2420 2420 9999 9999 9999 9999 9999 2406
149LAMU    2010 52  2378 2360 2355 2347 2333 2366 2412 2415 2409 2415 2408
149LAMU    2010 53  2439 2455 2413 2363 2347 2345 2297 2302 2367
149LAMU    2010 61  2385 2380 2399 2410 2414 2427 2444 2424 2414 2405 2408
149LAMU    2010 62  2442 2428 2432 2446 2458 2431 2449 2447 2435 2439 2453
149LAMU    2010 63  2418 2398 2412 2408 2405 2421 2441 2456
149LAMU    2010 71  2436 2429 2417 2394 2345 2313 2331 2306 2294 2324 2331
149LAMU    2010 72  2318 2306 2327 2344 2320 2294 2280 2271 2283 2296 2288
149LAMU    2010 73  2305 2322 2322 2341 2328 2299 2315 2304 2325
149LAMU    2010 81  2343 2350 2338 2303 2317 2329 2321 2346 2338 2341 2375
149LAMU    2010 82  2428 2440 2409 2409 2412 2386 2382 2369 2352 2360 2383
149LAMU    2010 83  2381 2370 2362 2340 2344 2353 2329 2283 2273
149LAMU    2010 91  2307 2337 2323 2332 2363 2355 2351 2351 2372 2410 2405
149LAMU    2010 92  2359 2366 2369 2351 2363 2357 2337 2347 2344 2365 2398
149LAMU    2010 93  2362 2362 2368 2336 2313 2296 2279 9999
149LAMU    2010101  9999 9999 9999 9999 9999 9999 9999 9999 9999 9999 9999
149LAMU    2010102  9999 9999 9999 9999 9999 9999 9999 9999 9999 9999 9999
149LAMU    2010103  9999 9999 9999 9999 9999 9999 9999 9999 9999
149LAMU    2010111  9999 9999 9999 9999 2338 2374 2385 2382 2386 9999 9999
149LAMU    2010112  9999 9999 9999 9999 9999 2320 2317 9999 9999 9999 9999
149LAMU    2010113  9999 9999 9999 9999 9999 9999 9999 9999
149LAMU    2010121  9999 9999 9999 9999 9999 9999 9999 9999 9999 9999 9999
149LAMU    2010122  9999 9999 9999 9999 9999 9999 9999 9999 9999 9999 2280
149LAMU    2010123  2306 2325 2329 2318 2309 2303 2297 2285 2283
149LAMU    2011 11  2290 2302 2306 2308 2321 2326 2304 2291 2304 2309 2293
149LAMU    2011 12  2284 2273 2258 2245 2263 2287 2289 2307 2328 2331 2365
149LAMU    2011 13  2388 2362 2342 2321 2313 2289 2321 2358 2340
149LAMU    2011 21  2324 2334 2346 2335 2343 2361 2372 2368 2352 9999 9999
149LAMU    2011 22  2373 2355 2344 2373 2378 2391 2396 2386 2347 2319 2296
149LAMU    2011 23  2294 2307 2331 2328 2331 2357
149LAMU    2011 31  2382 2400 2425 2415 2412 2425 2395 2379 2353 2307 2301
149LAMU    2011 32  2309 2310 2305 2308 2326 2348 2366 2392 2394 2365 2347
149LAMU    2011 33  2338 2328 2316 2315 2325 2346 2360 2381 2377
149LAMU    2011 41  2361 2365 2370 2359 2349 2351 2348 2360 2383 2385 2406
149LAMU    2011 42  2430 2443 2460 2468 2490 2510 2497 2471 2459 2437 2421
149LAMU    2011 43  2397 2391 2384 2375 2371 2363 2379 2384
149LAMU    2011 51  2385 2397 2426 2419 2396 2354 2328 2354 2385 2397 2409
149LAMU    2011 52  2416 2409 2401 2408 2389 2349 2335 2325 2327 2333 2355
149LAMU    2011 53  2377 2376 2387 2400 2384 2382 2389 2377 2370
149LAMU    2011 61  2371 2389 2402 2417 2422 2420 2431 2448 2457 2444 2421
149LAMU    2011 62  2388 2380 2387 2390 2392 2385 2376 2393 2418 2426 2407
149LAMU    2011 63  2406 2372 2366 2367 2346 2337 2345 2362
149LAMU    2011 71  2386 2400 2387 2360 2383 2395 2408 2406 2418 2418 2389
149LAMU    2011 72  2407 2402 2384 2386 2391 2391 2399 2387 2386 2396 2378
149LAMU    2011 73  2333 2338 2330 2310 2319 2333 2363 2365 2400
149LAMU    2011 81  2419 2413 2424 2423 2413 2383 2374 2386 2382 2393 2384
149LAMU    2011 82  2378 2394 2389 2372 2381 2379 2364 2366 2363 2347 2355
149LAMU    2011 83  2356 2374 2393 2374 2365 2362 2383 2410 2421
149LAMU    2011 91  2406 2400 2377 2349 2355 2361 2367 2370 2392 2407 2403
149LAMU    2011 92  2408 2409 2395 2392 2374 2351 2355 2354 2344 2356 2363
149LAMU    2011 93  2383 2370 2357 2382 2397 2403 2407 2399
149LAMU    2011101  2385 2370 2358 2347 2354 2362 2365 2393 2397 2391 2417
149LAMU    2011102  2431 2404 2394 2413 9999 9999 2406 2410 2401 2390 2414
149LAMU    2011103  2443 2455 2439 2411 2373 2357 2336 2330 2336
149LAMU    2011111  2351 2341 2340 2365 2384 2375 2357 2346 2360 2369 2359
149LAMU    2011112  2353 2336 2338 2305 2299 2314 2323 2342 2357 2360 2345
149LAMU    2011113  2355 2357 2355 2368 2377 2378 2363 2363
149LAMU    2011121  2359 2344 2338 2317 2308 2288 2285 2289 2297 2279 2267
149LAMU    2011122  2292 2330 2333 2331 2343 2348 2346 2319 2275 2273 2274
149LAMU    2011123  2258 2278 2315 2316 2322 2316 2288 2258 2233
149LAMU    2012 11  2221 2223 2218 2222 2220 2209 2198 2196 2210 2199 2217
149LAMU    2012 12  2237 2247 2277 2278 2274 2290 2284 2282 2284 2279 2268
149LAMU    2012 13  2230 2206 2214 2188 2159 2166 2177 2186 2160
149LAMU    2012 21  2155 2204 2261 2291 2301 2330 2360 2370 2361 2348 2330
149LAMU    2012 22  2312 2310 2278 2245 2243 2268 2282 2298 2315 2327 2352
149LAMU    2012 23  2344 2321 2310 2319 2324 2338 2376
149LAMU    2012 31  2361 2319 2309 2308 2319 2312 2324 2343 2357 2343 2343
149LAMU    2012 32  2329 2308 2300 2295 2293 2290 2311 2328 2332 2342 2361
149LAMU    2012 33  2359 2357 2348 2335 2332 2327 2324 2309 2306
149LAMU    2012 41  2299 2300 2310 2328 2352 2375 2384 2376 2375 2390 2418
149LAMU    2012 42  2450 2469 2487 2507 2509 2485 2463 2444 2459 2465 2463
149LAMU    2012 43  2428 2408 2412 2397 2399 2393 2384 2392
149LAMU    2012 51  2421 2396 2372 2366 2359 2355 2336 2315 2315 2306 2318
149LAMU    2012 52  2331 2327 2336 2361 2379 2375 2387 2379 2352 2342 2349
149LAMU    2012 53  2376 2394 2385 2382 2368 2340 2329 2314 2319
149LAMU    2012 61  2339 2343 2345 2371 2369 2345 2345 2336 2294 2295 2296
149LAMU    2012 62  2297 2310 2311 2293 2289 2288 2276 2285 2296 2308 2319
149LAMU    2012 63  2310 2323 2315 2299 2312 2295 2291 2289
149LAMU    2012 71  2287 2286 2265 2291 2305 2332 2329 2309 2321 2316 2326
149LAMU    2012 72  2329 2325 2314 2318 2325 2330 2356 2353 2340 2356 2383
149LAMU    2012 73  2385 2396 2392 2372 2389 2392 2372 2361 2379
149LAMU    2012 81  2374 2359 2351 2352 2352 2356 2363 2346 2326 2343 2365
149LAMU    2012 82  2366 2353 2331 2328 2352 2368 2399 2409 2387 2380 2362
149LAMU    2012 83  2330 2336 2330 2315 2297 2291 2302 2331 2343
149LAMU    2012 91  2333 2321 2317 2326 2321 2306 2288 2303 2319 2323 2329
149LAMU    2012 92  2343 2362 2365 2380 2407 2405 2393 2372 2351 2336 2328
149LAMU    2012 93  2317 2328 2328 2342 2338 2326 2349 2353
149LAMU    2012101  2342 2347 2332 2334 2317 2315 2331 2356 2382 2366 2367
149LAMU    2012102  2371 2369 2371 2376 2357 2352 2356 2337 2304 2284 2293
149LAMU    2012103  2305 2324 2319 2314 2299 2299 2298 2318 2319
149LAMU    2012111  2307 2308 2289 2319 2359 2369 2379 2375 2364 2353 2361
149LAMU    2012112  2352 2348 2365 2391 2370 2343 2340 2316 2310 2309 2288
149LAMU    2012113  2273 2277 2303 2308 2292 2289 2295 2295
149LAMU    2012121  2277 2302 2334 2349 2340 2320 2325 2333 2328 2329 2298
149LAMU    2012122  2280 2265 2256 2277 2285 2305 2294 2278 2278 2276 2271
149LAMU    2012123  2276 2302 2313 2311 2306 2291 2277 2273 2272
149LAMU    2013 11  2285 2284 2279 2270 2254 2257 2270 2279 2262 2267 2301
149LAMU    2013 12  2318 2325 2330 2322 2319 2318 2275 2253 2237 2218 2222
149LAMU    2013 13  2238 2250 2259 2267 2269 2286 2330 2361 2369
149LAMU    2013 21  2317 2284 2264 2242 2229 2222 2214 2227 2264 2316 2354
149LAMU    2013 22  2365 2370 2376 2351 2323 2300 2275 2261 2255 2238 2228
149LAMU    2013 23  2229 2233 2245 2285 2343 2369
149LAMU    2013 31  2385 2378 2388 2374 2392 2435 2444 2431 2407 2406 2410
149LAMU    2013 32  2419 2418 2351 2321 2324 2322 2343 2361 2358 2358 2372
149LAMU    2013 33  2388 2396 2408 2422 2447 2421 2387 2370 2358
149LAMU    2013 41  2345 2385 2411 2420 2417 2418 2452 2463 2459 2464 2434
149LAMU    2013 42  2400 2364 2338 2371 2413 2419 2428 2414 2369 2356 2352
149LAMU    2013 43  2347 2362 2366 2385 2386 2354 2341 2334
149LAMU    2013 51  2359 2384 2390 2388 2390 2401 2404 2408 2391 2348 2322
149LAMU    2013 52  2323 2313 2321 2351 2359 2372 2362 2375 2380 2375 2352
149LAMU    2013 53  2337 2327 2311 2334 2350 2340 2378 2395 2369
149LAMU    2013 61  2336 2300 2279 2304 2301 2278 2315 2323 2312 2311 2306
149LAMU    2013 62  2332 2354 2331 2314 2335 2357 2376 2409 2416 2411 2416
149LAMU    2013 63  2401 2386 2374 2355 2354 2340 2327 2317
149LAMU    2013 71  2307 2291 2285 2266 2253 2274 2281 2270 2288 2309 2346
149LAMU    2013 72  2356 2350 2349 2329 2351 2340 2310 2318 2340 2340 2342
149LAMU    2013 73  2348 2350 2372 2386 2387 2367 2329 2318 2305
149LAMU    2013 81  2319 2331 2339 2346 2353 2360 2360 2363 2350 2346 2334
149LAMU    2013 82  2301 2304 2308 2293 2298 2318 2333 2324 2319 2343 2370
149LAMU    2013 83  2355 2353 2366 2355 2358 2359 2345 2330 2326
149LAMU    2013 91  2343 2357 2363 2374 2356 2345 2352 2372 2350 2335 2327
149LAMU    2013 92  2331 2332 2344 2355 2345 2359 2371 2376 2365 2355 2352
149LAMU    2013 93  2333 2313 2292 2308 2341 2339 2309 2307
149LAMU    2013101  2326 2367 2389 2393 2409 2436 2432 2429 2425 2408 2375
149LAMU    2013102  2354 2374 2397 2404 2402 2382 2337 2328 2338 2352 2347
149LAMU    2013103  2343 2342 2342 2357 2378 2383 2380 2376 2372
149LAMU    2013111  2378 2373 2340 2350 2364 2334 2312 2318 2293 2299 2303
149LAMU    2013112  2308 2319 2325 2315 2283 2305 2328 2315 2305 2306 2283
149LAMU    2013113  2285 2294 2303 2283 2267 2273 2300 2295
149LAMU    2013121  2302 2301 2293 2299 2312 2305 2299 2273 2291 2303 2299
149LAMU    2013122  2290 2281 2271 2267 2237 2228 2240 2215 2231 2254 2263
149LAMU    2013123  2272 2257 2215 2214 2220 2215 2236 2253 2260
149LAMU    2014 11  2283 2305 2323 2318 2291 2269 2267 2248 2232 2227 2204
149LAMU    2014 12  2204 2210 2214 2210 2184 2203 2238 2268 2271 2268 2279
149LAMU    2014 13  2289 2310 2307 2294 2297 2296 2305 2313 2328
149LAMU    2014 21  2352 2354 2338 2329 2291 2266 2245 2233 2228 2224 2236
149LAMU    2014 22  2248 2276 2281 2266 2313 2326 2322 2318 2295 2263 2246
149LAMU    2014 23  2222 2215 2249 2255 2292 2310
149LAMU    2014 31  2326 2328 2335 2349 2324 2324 2329 2320 2312 2316 2328
149LAMU    2014 32  2329 2343 2362 2354 2352 2363 2353 2373 2363 2343 2382
149LAMU    2014 33  2403 2409 2436 2442 2443 2435 2425 2431 2413
149LAMU    2014 41  2402 2412 2400 2375 2387 2395 2391 2386 2377 2394 2424
149LAMU    2014 42  2438 2446 2450 2423 2378 2367 2389 2340 2348 2378 2387
149LAMU    2014 43  2391 2375 2367 2374 2375 2388 2410 2418
149LAMU    2014 51  2378 2351 2385 2378 2371 2369 2385 2399 2389 2400 2418
149LAMU    2014 52  2417 2396 2378 2414 2446 2439 2431 2435 2463 2470 2435
149LAMU    2014 53  2428 2433 2427 2413 2397 2392 2383 2366 2356
149LAMU    2014 61  2365 2381 2367 2367 2340 2339 2379 2376 2376 2377 2396
149LAMU    2014 62  2390 2400 2406 2398 2397 2386 2378 2381 2350 2343 2375
149LAMU    2014 63  2382 2382 2367 2334 2328 2322 2332 2334
149LAMU    2014 71  2337 2344 2336 2328 2322 2314 2292 2268 2280 2321 2353
149LAMU    2014 72  2356 2352 2369 2387 2380 2367 2367 2360 2350 2330 2319
149LAMU    2014 73  2319 2312 2280 2293 2298 2294 2297 2307 2328
149LAMU    2014 81  2344 2358 2354 2332 2346 2356 2336 2332 2335 2339 2378
149LAMU    2014 82  2386 2364 2355 2362 2350 2336 2327 2326 2315 2308 2317
149LAMU    2014 83  2337 2373 2362 2345 2359 2363 2359 2348 2353
149LAMU    2014 91  2362 2389 2415 2413 2418 2441 2431 2432 2431 2440 2418
149LAMU    2014 92  2393 2389 2376 2378 2375 2376 2364 2355 2331 2333 2354
149LAMU    2014 93  2367 2383 2419 2407 2396 2359 2327 2353
149LAMU    2014101  2379 2398 2397 2377 2389 2415 2448 2433 2437 2432 2410
149LAMU    2014102  2390 2371 2364 2349 2343 2345 2328 2319 2336 2349 2355
149LAMU    2014103  2351 2357 2370 2382 2390 2377 2362 2368 2371
149LAMU    2014111  2378 2372 2346 2354 2365 2347 2311 2305 2318 2314 2305
149LAMU    2014112  2317 2342 2346 2336 2317 2333 2339 2344 2345 2309 2314
149LAMU    2014113  2327 2341 2378 2360 2368 2375 2350 2345
149LAMU    2014121  2329 2306 2288 2297 2302 2311 2291 2282 2316 2337 2317
149LAMU    2014122  2298 2290 2288 2292 2292 2299 2284 2298 2299 2298 2307
149LAMU    2014123  2302 2295 2301 2298 2288 2287 2260 2250 2231
149LAMU    2015 11  2217 2214 2202 2214 2229 2196 2163 2158 2177 2212 2226
149LAMU    2015 12  2229 2222 2200 2204 2210 2210 2210 2206 2215 2246 2299
149LAMU    2015 13  2372 2389 2383 2369 2373 2367 2355 2356 2354
149LAMU    2015 21  2338 2341 2349 2349 2351 2364 2350 2343 2326 2316 2344
149LAMU    2015 22  2369 2388 2399 2397 2390 2391 2402 2417 2429 2428 2403
149LAMU    2015 23  2366 2343 2347 2359 2364 2355
149LAMU    2015 31  2360 2353 2346 2361 2371 2344 2324 2314 2293 2271 2257
149LAMU    2015 32  2248 2280 2326 2367 2385 2391 2412 2434 2449 2467 2467
149LAMU    2015 33  2453 2444 2425 2403 2405 2411 2399 2400 2417
149LAMU    2015 41  2449 2477 2477 2472 2467 2472 2482 2465 2445 2446 2442
149LAMU    2015 42  2439 2442 2439 2444 2461 2442 2432 2453 2458 2446 2421
149LAMU    2015 43  2404 2407 2418 2416 2425 2409 2411 2433
149LAMU    2015 51  2415 2397 2405 2414 2411 2415 2415 2425 2467 2463 2450
149LAMU    2015 52  2436 2425 2436 2448 2425 2432 2454 2455 2438 2422 2423
149LAMU    2015 53  2414 2385 2385 2409 2392 2378 2371 2375 2381
149LAMU    2015 61  2378 2366 2375 2379 2396 2404 2434 2467 2455 2463 2482
149LAMU    2015 62  2484 2463 2476 2513 2474 2442 2425 2399 2369 2392 2377
149LAMU    2015 63  2371 2359 2326 2328 2332 2323 2330 2349
149LAMU    2015 71  2343 2341 2375 2381 2385 2387 2401 2407 2415 2400 2380
149LAMU    2015 72  2403 2410 2386 2375 2374 2383 2373 2357 2359 2340 2324
149LAMU    2015 73  2332 2324 2316 2310 2297 2302 2321 2341 2363
149LAMU    2015 81  2358 2378 2427 2449 2441 2415 2395 2372 2354 2352 2364
149LAMU    2015 82  2356 2366 2368 2378 2378 2360 2377 2384 2365 2361 2370
149LAMU    2015 83  2356 2371 2386 2368 2381 2407 2403 2413 2424
149LAMU    2015 91  2432 2427 2405 2395 2394 2380 2381 2380 2360 2362 2366
149LAMU    2015 92  2378 2403 2436 2456 2457 2469 2461 2428 2389 2389 2393
149LAMU    2015 93  2393 2380 2379 2390 2402 2418 2420 2413
149LAMU    2015101  2399 2374 2343 2317 2327 2358 2377 2397 2404 2400 2410
149LAMU    2015102  2418 2406 2396 2396 2389 2356 2344 2360 2352 2342 2344
149LAMU    2015103  2349 2361 2398 2407 2400 2421 2430 2394 2375
149LAMU    2015111  2368 2362 2364 2358 2353 2384 2420 2411 2391 2386 2386
149LAMU    2015112  2378 2374 2362 2352 2351 2352 2382 2376 2374 2380 2336
149LAMU    2015113  2306 2328 2362 2386 2345 2321 2335 2324
149LAMU    2015121  2329 2328 2333 2344 2358 2357 2363 2361 2341 2341 2338
149LAMU    2015122  2339 2360 2356 2357 2348 2334 2327 2310 2295 2302 2320
149LAMU    2015123  2302 2311 2306 2297 2325 2318 2311 2314 2306
149LAMU    2016 11  2309 2311 2323 2320 2305 2320 2329 2325 2324 2321 2304
149LAMU    2016 12  2320 2346 2355 2335 2306 2293 2284 2280 2259 2240 2237
149LAMU    2016 13  2233 2239 2270 2307 2318 2301 2301 2309 2291
149LAMU    2016 21  2282 2243 2224 2254 2260 2263 2261 2287 2323 2365 2426
149LAMU    2016 22  2414 2397 2383 2370 2350 2357 2371 2346 2310 2316 2342
149LAMU    2016 23  2351 2362 2384 2375 2386 2385 2382
149LAMU    2016 31  2380 2396 2395 2370 2369 2413 2455 2485 2479 2499 2497
149LAMU    2016 32  2480 2475 2452 2436 2420 2417 2418 2427 2429 2418 2427
149LAMU    2016 33  2422 2414 2405 2392 2385 2384 2391 2393 2400
149LAMU    2016 41  2405 2416 2431 2468 2495 2516 2537 2552 2554 2525 2506
149LAMU    2016 42  2504 2506 2525 2529 2515 2495 2477 2463 2438 2422 2434
149LAMU    2016 43  2428 2401 2397 2410 2408 2413 2398 2413
149LAMU    2016 51  2434 2436 2438 2447 2483 2545 2580 2563 2570 2549 2502
149LAMU    2016 52  2471 2472 2466 2473 2437 2431 2420 2424 2409 2391 2382
149LAMU    2016 53  2389 2384 2352 2346 2342 2349 2348 2360 2370
149LAMU    2016 61  2366 2367 2349 2333 2322 2323 2324 2361 2357 2335 2327
149LAMU    2016 62  2331 2366 2396 2401 2364 2350 2364 2370 2365 2367 2383
149LAMU    2016 63  2405 2401 2402 2377 2349 2312 2311 2307
149LAMU    2016 71  2310 2303 2317 2347 2375 2375 2340 2334 2336 2354 2357
149LAMU    2016 72  2354 2333 2329 2324 2329 2346 2337 2339 2361 2367 2371
149LAMU    2016 73  2358 2347 2352 2343 2324 2324 2324 2319 2296
149LAMU    2016 81  2313 2317 2341 2343 2333 2354 2334 2339 2323 2303 2292
149LAMU    2016 82  2287 2297 2287 2275 2269 2302 2344 2349 2347 2356 2387
149LAMU    2016 83  2363 2352 2332 2323 2328 2356 2360 2373 2395
149LAMU    2016 91  2393 2401 2401 2381 2374 2366 2351 2351 2358 2344 2342
149LAMU    2016 92  2351 2359 2368 2357 2359 2396 2418 2404 2388 2355 2352
149LAMU    2016 93  2350 2339 2341 2337 2337 2338 2337 2341
149LAMU    2016101  2345 2352 2331 2297 2284 2284 2277 2280 2293 2281 2301
149LAMU    2016102  2322 2328 2338 2355 2363 2364 2362 2336 2320 2310 2298
149LAMU    2016103  2303 2313 2315 2336 2334 2316 2317 2337 2346
149LAMU    2016111  2333 2326 2300 2288 2297 2315 2309 2292 2313 2328 2337
149LAMU    2016112  2348 2349 2333 2323 2334 2342 2319 2303 2314 2321 2317
149LAMU    2016113  2319 2340 2333 2311 2292 2277 2258 2226
149LAMU    2016121  2214 2194 2181 2193 2202 2230 2237 2230 2253 2252 2252
149LAMU    2016122  2262 2253 2258 2282 2283 2275 2273 2266 2230 2208 2217
149LAMU    2016123  2221 2233 2227 2232 2252 2275 2280 2286 2284
149LAMU    2017 11  2281 2284 2278 2255 2268 2264 2296 2320 2306 2299 2292
149LAMU    2017 12  2292 2280 2317 2324 2310 2305 2285 2268 2261 2255 2245
149LAMU    2017 13  2238 2230 2229 2233 2251 2281 2307 2340 2305
149LAMU    2017 21  2285 2275 2251 2222 2204 2198 2196 2207 2223 2206 2215
149LAMU    2017 22  2235 2250 2291 2296 2279 2276 2305 2301 2288 2284 2263
149LAMU    2017 23  2262 2266 2281 2314 2337 2340
149LAMU    2017 31  2346 2320 2336 2355 2349 2340 2347 2365 2373 2383 2373
149LAMU    2017 32  2343 2324 2360 2416 2441 2446 2422 2411 2410 2388 2391
149LAMU    2017 33  2389 2372 2371 2388 2382 2379 2401 2414 2385
149LAMU    2017 41  2379 2389 2392 2417 2451 2413 2359 2351 2345 2353 2356
149LAMU    2017 42  2348 2352 2349 2356 2358 2334 2302 2306 2316 2317 2338
149LAMU    2017 43  2356 2387 2424 2423 2418 2452 2446 2404
149LAMU    2017 51  2388 2382 2364 2353 2329 2319 2331 2305 2304 2322 2332
149LAMU    2017 52  2343 2332 2328 2319 2317 2332 2337 2336 2328 2333 2343
149LAMU    2017 53  2341 2350 2382 2413 2414 2381 2330 2295 2313
149LAMU    2017 61  2345 2350 2353 2363 2343 2349 2361 2348 2335 2351 2349
149LAMU    2017 62  2348 2379 2381 2383 2360 2359 2364 2357 2366 2397 2416
149LAMU    2017 63  2413 2391 2390 2406 2394 2392 2382 2378
149LAMU    2017 71  2363 2369 2356 2320 2316 2328 2335 2339 2343 2344 2335
149LAMU    2017 72  2324 2345 2345 2352 2340 2340 2330 2311 2302 2298 2296
149LAMU    2017 73  2318 2326 2345 2351 2347 2325 2322 2311 2298
149LAMU    2017 81  2317 2294 2266 2274 2287 2314 2326 2344 2360 2372 2363
149LAMU    2017 82  2343 2347 2360 2367 2361 2346 2351 2379 2392 2386 2398
149LAMU    2017 83  2442 2454 2433 2428 2429 2397 2386 2382 2380
149LAMU    2017 91  2382 2403 2397 2388 2396 2421 2458 2437 2393 2402 2368
149LAMU    2017 92  2340 2324 2325 2331 2332 2332 2328 2322 2353 2358 2340
149LAMU    2017 93  2328 2327 2322 2326 2326 2318 2329 2322
149LAMU    2017101  2315 2346 2391 2409 2415 2431 2419 2402 2372 2343 2315
149LAMU    2017102  2309 2311 2309 2317 2335 2339 2335 2337 2353 2349 2371
149LAMU    2017103  2387 2372 2342 2314 2307 2304 2299 2327 2336
149LAMU    2017111  2340 2365 2377 2363 2376 2394 2373 2342 2330 2327 2328
149LAMU    2017112  2318 2315 2314 2303 2298 2298 2298 2311 2302 2311 2324
149LAMU    2017113  2311 2315 2315 2302 2260 2276 2315 2313
149LAMU    2017121  2320 2341 2353 2328 2290 2290 2301 2311 2311 2291 2269
149LAMU    2017122  2247 2226 2226 2230 2225 2212 2213 2215 2175 2162 2198
149LAMU    2017123  2254 2242 2232 2251 2257 2250 2242 2246 2257
149LAMU    2018 11  2276 2289 2296 2309 2311 2322 2298 2283 2268 2249 2228
149LAMU    2018 12  2194 2173 2206 2234 2223 2206 2205 2209 2217 2239 2279
149LAMU    2018 13  2271 2260 2279 2288 2299 2288 2304 2340 2316
149LAMU    2018 21  2311 2315 2285 2258 2264 2245 2228 2212 2195 2192 2208
149LAMU    2018 22  2262 2293 2240 2270 2241 2262 2366 2385 2409 2380 2354
149LAMU    2018 23  2349 2319 2307 2331 2315 2323
149LAMU    2018 31  2371 2347 2213 2262 2304 2277 2264 2259 2264 2285 2299
149LAMU    2018 32  2306 2319 2347 2358 2353 2364 2386 2384 2399 2386 2333
149LAMU    2018 33  2338 2337 2340 2355 2351 2360 2377 2406 2441
149LAMU    2018 41  2456 2459 2441 2428 2434 2433 2438 2429 2406 2419 2414
149LAMU    2018 42  2388 2380 2386 2436 2453 2424 2405 2370 2357 2373 2362
149LAMU    2018 43  2344 2361 2357 2360 2358 2368 2362 2347
149LAMU    2018 51  2343 2341 2345 2372 2403 2441 2428 2437 2444 2449 2459
149LAMU    2018 52  2468 2462 2441 2448 2458 2459 2446 2419 2421 2391 2374
149LAMU    2018 53  2371 2386 2407 2423 2460 2437 2403 2371 2336
149LAMU    2018 61  2307 2285 2284 2317 2349 2358 2386 2394 2375 2371 2370
149LAMU    2018 62  2355 2338 2314 2318 2345 2328 2335 2334 2321 2336 2343
149LAMU    2018 63  2335 2331 2320 2303 2322 2343 2352 2348
149LAMU    2018 71  2335 2335 2350 2344 2356 2361 2372 2366 2355 2347 9999
149LAMU    2018 72  9999 2299 2292 2282 2285 2312 2329 2319 2292 2272 2267
149LAMU    2018 73  2269 2272 2273 2266 2271 2294 2286 2271 2261
149LAMU    2018 81  2293 2314 2305 2301 2276 2268 2263 2270 2277 2294 2314
149LAMU    2018 82  2320 2324 2329 2340 2325 2319 2300 2308 2337 2315 2299
149LAMU    2018 83  2302 2312 2333 2340 2317 2343 2364 2350 2343
149LAMU    2018 91  2329 2315 2322 2315 2281 2290 2284 2240 2221 2316 2378
149LAMU    2018 92  2396 2374 2321 2311 2301 2305 2315 2300 2311 2345 2365
149LAMU    2018 93  2374 2388 2384 2377 2363 2362 2339 2327
149LAMU    2018101  2391 2399 2411 2422 2409 2427 2440 2448 2461 2444 2416
149LAMU    2018102  2409 2383 2367 2363 2373 2372 2359 2334 2319 2330 2336
149LAMU    2018103  2386 2430 2426 2417 2407 2401 2354 2338 2352
149LAMU    2018111  2353 2367 2383 2392 2391 2391 2378 2374 2357 2332 2346
149LAMU    2018112  2355 2361 2390 2382 2375 2386 2381 2361 2358 2344 2339
149LAMU    2018113  2340 2351 2321 2308 2307 2285 2282 2279
149LAMU    2018121  2282 2309 2348 2357 2340 2339 2337 2344 2328 2303 2290
149LAMU    2018122  2283 2278 2268 2283 2274 2272 2295 2301 2306 2301 2309
149LAMU    2018123  2315 2289 2276 2277 2269 2268 2282 2278 2275
149LAMU    2019 11  2284 2289 2262 2244 2263 2291 2310 2325 2324 2316 2319
149LAMU    2019 12  2330 2321 2317 2299 2299 2312 2329 2328 2323 2300 2292
149LAMU    2019 13  2289 2290 2272 2250 2262 2269 2262 2269 2306
149LAMU    2019 21  2319 2338 2360 2364 2352 2361 2362 2351 2332 2300 2297
149LAMU    2019 22  2332 2339 2308 2337 2367 2372 2377 2388 2402 2394 2398
149LAMU    2019 23  2409 2408 2408 2399 2375 2380
149LAMU    2019 31  2374 2385 2399 2400 2405 2392 2375 2348 2328 2307 2294
149LAMU    2019 32  2275 2255 2259 2277 2305 2329 2371 2394 2416 2440 2457
149LAMU    2019 33  2454 2422 2377 2357 2359 2384 2377 2381 2401
149LAMU    2019 41  2410 2424 2456 2491 2503 2497 2460 2454 2468 2445 2428
149LAMU    2019 42  2408 2399 2406 2398 2424 2425 2449 2479 2500 2490 2461
149LAMU    2019 43  2458 2427 2416 2405 2397 2390 2409 2395
149LAMU    2019 51  2387 2415 2436 2424 2387 2391 2407 2419 2410 2383 2383
149LAMU    2019 52  2379 2399 2418 2447 2437 2409 2404 2384 2373 2382 2389
149LAMU    2019 53  2428 2441 2429 2453 2460 2443 2437 2442 2445
149LAMU    2019 61  2444 2445 2429 2415 2403 2393 2380 2376 2407 2463 2464
149LAMU    2019 62  2461 2465 2458 2465 2441 2387 2355 2389 2427 2401 2399
149LAMU    2019 63  2398 2405 2408 2399 2385 2395 2398 2369
149LAMU    2019 71  2362 2352 2358 2395 2416 2410 2405 2392 2382 2390 2394
149LAMU    2019 72  2396 2382 2371 2378 2361 2351 2361 2369 2356 2352 2393
149LAMU    2019 73  2441 2437 2417 2409 2399 2396 2398 2372 2378
149LAMU    2019 81  2393 2402 2402 2409 2396 2379 2364 2340 2309 2312 2327
149LAMU    2019 82  2339 2332 2333 2326 2338 2362 2388 2418 2420 2406 2437
149LAMU    2019 83  2429 2420 2419 2397 2390 2406 2430 2437 2465
149LAMU    2019 91  2478 2449 2417 2375 2368 2351 2348 2365 2374 2390 2393
149LAMU    2019 92  2366 2375 2389 2383 2373 2379 2368 2356 2347 2340 2357
149LAMU    2019 93  2344 2359 2404 2428 2456 2487 2490 2514
149LAMU    2019101  2515 2498 2469 2459 2448 2444 2439 2425 2443 2461 2461
149LAMU    2019102  2477 2465 2432 2448 2451 2430 2415 2426 2414 2438 2445
149LAMU    2019103  2440 2430 2434 2454 2463 2468 2463 2431 2407
149LAMU    2019111  2395 2402 2402 2405 2422 2441 2418 2417 2442 2469 2483
149LAMU    2019112  2464 2442 2421 2419 2403 2383 2378 2383 2403 2423 2428
149LAMU    2019113  2428 2421 2400 2372 2377 2372 2368 2384
149LAMU    2019121  2382 2397 2414 2409 2425 2442 2455 2456 2459 2451 2438
149LAMU    2019122  2402 2406 2426 2413 2431 2414 2409 2432 2427 2439 2440
149LAMU    2019123  2432 2434 2430 2434 2447 2432 2403 2408 2425
149LAMU    2020 11  2417 2409 2411 2418 2423 2407 2399 2388 2402 2403 2415
149LAMU    2020 12  2430 2415 2407 2378 2349 2335 2321 2308 2305 2307 2307
149LAMU    2020 13  2301 2289 2294 2306 2332 2371 2397 2390 2394
149LAMU    2020 21  2402 2398 2387 2391 2400 2392 2403 2414 2405 2424 2443
149LAMU    2020 22  2435 2407 2371 2322 2310 2335 2354 2361 2363 2381 2403
149LAMU    2020 23  2395 2413 2431 2419 2423 2415 2427
149LAMU    2020 31  2463 2473 2477 2489 2523 2540 2545 2568 2570 2575 2561
149LAMU    2020 32  2544 2523 2466 2435 2424 2421 2420 2418 2432 2452 2453
149LAMU    2020 33  2473 2497 2512 2536 2506 2467 2450 2454 2455
149LAMU    2020 41  2453 2461 2468 2482 2499 2531 2555 2568 2553 2535 2543
149LAMU    2020 42  2534 2523 2513 2499 2501 2521 2485 2493 2501 2480 2482
149LAMU    2020 43  2492 2513 2498 2506 2503 2504 2498 2508
149LAMU    2020 51  2522 2522 2522 2518 2502 2506 2532 2539 2581 2565 2522
149LAMU    2020 52  2510 2478 2433 2431 2436 2446 2492 2507 2502 2469 2448
149LAMU    2020 53  2424 2395 2401 2417 2395 2388 2383 2403 2432
149LAMU    2020 61  2445 2455 2482 2492 2503 2514 2488 2447 2445 2426 2434
149LAMU    2020 62  2445 2439 2435 2455 2459 2462 2435 2432 9999 9999 9999
149LAMU    2020 63  2450 2446 2447 2467 2476 2488 2483 2478
149LAMU    2020 71  2440 2431 2425 2410 2428 2468 2457 2467 2469 2461 2469
149LAMU    2020 72  2454 2450 2446 2431 2439 2481 2500 2475 2451 2479 2533
149LAMU    2020 73  2531 2517 2533 2516 2475 2469 2454 2398 2383
149LAMU    2020 81  2425 2426 2423 2435 2411 2398 2408 2397 2398 2406 2419
149LAMU    2020 82  2401 2372 2390 2397 2379 2380 2369 2391 2403 2394 2403
149LAMU    2020 83  2427 2421 2405 2383 2369 2376 2388 2399 2403
149LAMU    2020 91  2405 2412 2417 2395 2415 2424 2395 2408 2426 2435 2430
149LAMU    2020 92  2410 2421 2435 2428 2456 2453 2430 2445 2415 2386 2375
149LAMU    2020 93  2352 2347 2375 2378 2402 2413 2400 2395
149LAMU    2020101  2395 2388 2407 2411 2420 2423 2382 2381 2392 2394 2400
149LAMU    2020102  2405 2406 2407 2442 2503 2519 2526 2506 2494 2473 2455
149LAMU    2020103  2461 2466 2471 2450 2435 9999 9999 9999 2408
149LAMU    2020111  2386 2370 2363 2368 2361 2336 2342 2355 2346 2349 2348
149LAMU    2020112  2356 2358 2372 2368 2364 2360 2363 2371 2364 2354 2376
149LAMU    2020113  2406 2415 2421 2421 2420 2409 2402 2406
149LAMU    2020121  2400 2376 2342 2328 2335 2344 2355 2370 2368 2357 2340
149LAMU    2020122  2342 2328 2314 2324 2355 2383 2369 2356 2354 2358 2372
149LAMU    2020123  2363 2384 2410 2388 2373 2360 2354 2348 2354
149LAMU    2021 11  2376 2371 2358 2376 2378 2368 2359 2373 2366 2351 2337
149LAMU    2021 12  2322 2326 2346 2363 2360 2361 2367 2358 2332 2298 2264
149LAMU    2021 13  2251 2256 2257 2278 2296 2318 2341 2346 2367
149LAMU    2021 21  2357 2317 2363 2399 2377 2366 2349 2326 2324 2321 2316
149LAMU    2021 22  2321 2306 2282 2265 2254 2240 2236 2253 2246 2220 2231
149LAMU    2021 23  2239 2250 2272 2295 2336 2377
149LAMU    2021 31  2383 2399 2422 2425 2417 2384 2363 2344 2334 2337 2354
149LAMU    2021 32  2386 2402 2400 2406 2410 2421 2409 2399 2402 2421 2414
149LAMU    2021 33  2411 2421 2450 2478 2478 2502 2507 2510 2528
149LAMU    2021 41  2536 2536 2533 2505 2477 2467 2460 2453 2474 2470 2455
149LAMU    2021 42  2453 2450 2448 2435 2441 2447 2442 2461 2477 2458 2441
149LAMU    2021 43  2456 2449 2455 2463 2477 2450 2404 2372
149LAMU    2021 51  2347 2365 2358 2356 2406 2428 2437 2443 2423 2402 2391
149LAMU    2021 52  2386 2373 2355 2353 2385 2387 2367 2365 2373 2379 2384
149LAMU    2021 53  2393 2385 2394 2372 2337 2320 2318 2326 2311
149LAMU    2021 61  2299 2316 2316 2305 2288 2336 2376 2361 2346 2339 2352
149LAMU    2021 62  2336 2318 2336 2336 2357 2355 2344 2350 2349 2339 2362
149LAMU    2021 63  2386 2364 2328 2331 2340 2356 2373 2379
