157VISHAKHA      LAT=17 41.0N  LONG=083 17.0E
157VISHAKHA2011101   860  846  851 9999  936  980 1035 1094 1121 1098 1080
157VISHAKHA2011102  9999 1042 1021 1018 1041 1084 1146 1204 1267 1295 1237
157VISHAKHA2011103  1183 1172 1143 1108 1111 1135 1153 1159 1137
157VISHAKHA2011111  1091 1062 1022  968  938  907  881  889  938  974  956
157VISHAKHA2011112   936  924  931  960  973  989 1022 9999 9999 1056 1035
157VISHAKHA2011113  1039 1058 1062 1054 1036 1021 1011 1002
157VISHAKHA2011121  1006 1024 1019  985  944  909 9999 9999 9999 9999 9999
157VISHAKHA2011122  9999 9999 9999 1017 1010  998 1004 1000  966  977 1001
157VISHAKHA2011123  1017 1043 1095 1093 1115 1163 1153 9999 9999
157VISHAKHA2012 11  1067 1082 1044 1022 1015  994  959  945  958  977 1024
157VISHAKHA2012 12  1070 1042 1000  960  927  897  856  835  834  847  861
157VISHAKHA2012 13  9999 9999 9999  874  888  887  852  831  792
157VISHAKHA2012 21   806  805  825  839 9999 9999  792 9999 9999  825  850
157VISHAKHA2012 22   853  847  835  828  811  808  812  793  787  776 9999
157VISHAKHA2012 23  9999  807  832  847 9999 9999 9999
157VISHAKHA2012 31  9999  695  671  712  771 9999  779  771 9999  800  784
157VISHAKHA2012 32   773  747  720  711  737 9999 9999  668  702  761  764
157VISHAKHA2012 33   750  764  785  768  736  724  738  762  800
157VISHAKHA2012 41   826 9999 9999 9999  848  863  866  835  797  762  807
157VISHAKHA2012 42   869  841  861  892  875  843  807  774  767  784  814
157VISHAKHA2012 43   812  791  780  787  803  803  804  817
157VISHAKHA2012 51   812 9999 9999  871  922  899  874 9999 9999  850  889
157VISHAKHA2012 52   912  923  915  925  915  893  881  864  873  870  883
157VISHAKHA2012 53   897  938  985 1016 1033 1032 1032 1056 1072
157VISHAKHA2012 61  1077 1115 1124 1074 1014  988  995 1026 1050 9999 1031
157VISHAKHA2012 62   996  990 1009 1023 1034 1050 1038 1045 1060 1037 1045
157VISHAKHA2012 63  1042 1017  985  936  901  900  938  992
157VISHAKHA2012 71   988  985  962  956  973 1002  999  957  936  938  907
157VISHAKHA2012 72   931  944  920  887  860  840  830  800  810  878  903
157VISHAKHA2012 73   901  899  886  895  907 9999 9999 9999 9999
157VISHAKHA2012 81  9999  861  885  915  934 9999 9999  983  998  984  950
157VISHAKHA2012 82   911  876  869  901  950  987  985  959  929  886  832
157VISHAKHA2012 83   851  893  922  958  959  930  942  968  955
157VISHAKHA2012 91   900  887  952  928  837  841  920 1000 1031 1012 1014
157VISHAKHA2012 92  1004  970  953  953  990 1012 1029 1060 1046 1003  967
157VISHAKHA2012 93   974  998 1017 1028 1051 1086 1143 1187
157VISHAKHA2012101  1159 1049  947  858  816  859  911  979 9999 9999 1015
157VISHAKHA2012102   989  968  963  978  986  997 1051 1104 1123 1121 1116
157VISHAKHA2012103  1113 1088 1058 1036 1028 1037 1070 1134 1198
157VISHAKHA2012111  1165 1132 1107 1133 1076 1010  986  974 1003 1046 1070
157VISHAKHA2012112  1089 1119 1155 1190 9999 1280 1322 1328 1305 1244 1188
157VISHAKHA2012113  1178 1191 1181 1170 1118 1072 1069 1043
157VISHAKHA2012121  1031 1070 1104 1129 1136 1117 1116 1111 1067 1017  967
157VISHAKHA2012122   930  893  870  892  933  987  993  968  953  940  942
157VISHAKHA2012123   939  937  931  937  954  961  966  963  941
157VISHAKHA2013 11   936  928  895  864  851  857  854  849  892  907  903
157VISHAKHA2013 12   908  930  935  915  905 9999  929  928  914  902  917
157VISHAKHA2013 13   945  949  951  956  946  928  905  877  870
157VISHAKHA2013 21   856  855  855  834  821  830  841  851  896  931  929
157VISHAKHA2013 22   907  884  859  846  850  858  891  915  897  858  827
157VISHAKHA2013 23   798  754  714  706  725  733
157VISHAKHA2013 31   734  727  737  737  738  770  814  836  820  791  778
157VISHAKHA2013 32   775  786  776  780  794  807  817  811  795  791  779
157VISHAKHA2013 33   768  777  803  817  811  796  788  785  757
157VISHAKHA2013 41   719  731  759  772  763  762  772  743  695  652  630
157VISHAKHA2013 42   636  656  692  747  793  792  778  829  860  841  860
157VISHAKHA2013 43   880  881  876  871  882  868  855  860
157VISHAKHA2013 51   844  823  796  797  814  847  879  877  880  902  928
157VISHAKHA2013 52   939  979 1006 1018 1029 1063 1069 1074 1065 1065 1097
157VISHAKHA2013 53  1122 1136 1117 1125 1147 1169 1176 1148 1087
157VISHAKHA2013 61  1135 1181 1167 1150 1138 1136 1157 1148 1109 1104 1137
157VISHAKHA2013 62  9999 1160 1096 1048 1051 1059 1059 1085 1083 1061 1083
157VISHAKHA2013 63  1130 1134 1052  963  947  961  964  959
157VISHAKHA2013 71   971  993 1006  974  964  977 1018 1048 1051 1074 1124
157VISHAKHA2013 72  1098 1031 1036 1068 1063  997  974  999 1030 1047 1043
157VISHAKHA2013 73  1023  986  936  871  801  769  829  867  773
157VISHAKHA2013 81   758  830  891  964  972  967  961  986 1016 1027 1026
157VISHAKHA2013 82  1031 1059 1110 1166 1195 1164 1122 1050  972  905  911
157VISHAKHA2013 83   979 1029 1059 1067 1058 1026 1009 1016  999
157VISHAKHA2013 91   977  966  947  957  965  991 1035 1069 1054 1015  996
157VISHAKHA2013 92   993 1000 1014 1007 1004 1040 1070 1094 1102 9999 9999
157VISHAKHA2013 93  9999 9999 9999 9999 9999 9999 9999 9999
157VISHAKHA2013101  9999 1230 1199 1126 1023  943  915  951 1026 1079 1214
157VISHAKHA2013102  1484 1426 1275 1191 1131 1070 1038 1036 1065 1158 1261
157VISHAKHA2013103  9999 1346 1323 1268 1221 1220 1170 1136 1158
157VISHAKHA2013111  1127 1111 1098 1074 1054 1065 1086 1084 1085 1079 1076
157VISHAKHA2013112  1073 1081 1103 1109 1081 1091 1111 1135 1160 1166 1126
157VISHAKHA2013113  1084 1052 1040 1044 1082 1074 1037 1052
157VISHAKHA2013121  1089 1053 1021 1014 1004 1018 1055 1073 1119 1173 1145
157VISHAKHA2013122  1080 1039 1002  961  948  929  911  897  897  909  953
157VISHAKHA2013123   991 1017 1006 1023 1047 1005  950  939  957
157VISHAKHA2014 11   977 9999 9999  975  972  945  949  983 9999 9999  938
157VISHAKHA2014 12   918  935  937  906  860  867  879  873  862  871  907
157VISHAKHA2014 13   904  879  863  852  847 9999 9999 9999  800
157VISHAKHA2014 21  9999 9999 9999  841  808  770  741 9999 9999  634  633
157VISHAKHA2014 22   646  662  701  701 9999 9999 9999  699 9999 9999  698
157VISHAKHA2014 23   689  683 9999  580  593  599
157VISHAKHA2014 31  9999  596 9999 9999 9999  602 9999  543  543  511  503
157VISHAKHA2014 32   505  521 9999 9999 9999 9999 9999 9999 9999  512  513
157VISHAKHA2014 33   516  502  517  564  584  577  590  620  610
157VISHAKHA2014 41  9999  587  590 9999  605 9999 9999  523  505  551  589
157VISHAKHA2014 42   609  599  593 9999 9999 9999 9999 9999  536  566  582
157VISHAKHA2014 43   608  611  604  599  594  595  586  584
157VISHAKHA2014 51   575  576  587  607  627  656  680  672  658  662  671
157VISHAKHA2014 52   676  697  834  916  913  922  941  952  967 1005 1050
157VISHAKHA2014 53  1072 1093 1137 1121 1064 1016  986  962  951
157VISHAKHA2014 61   965  975  979 1015 1021 1025 1055 9999 9999 9999 9999
157VISHAKHA2014 62  9999 9999 9999 9999 9999 9999 9999 9999 9999 9999 9999
157VISHAKHA2014 63  9999 9999 9999 9999 9999 9999 9999 9999
157VISHAKHA2014 71  9999 9999 9999 9999 9999 9999 9999 9999 9999 9999 9999
157VISHAKHA2014 72  9999 9999 9999 9999 9999 9999 9999 9999 9999 9999 9999
157VISHAKHA2014 73  9999 9999 9999 9999 9999 9999 9999 9999 9999
157VISHAKHA2014 81  9999 9999 9999 9999 9999 9999 9999 9999 9999 9999 9999
157VISHAKHA2014 82  9999 9999 9999 9999 9999 9999 9999 9999 9999 9999 9999
157VISHAKHA2014 83  9999 9999 9999 9999 9999 9999 9999 9999 9999
157VISHAKHA2014 91  9999 9999 9999 9999 9999 9999 9999 9999 9999 9999 9999
157VISHAKHA2014 92  9999 9999 9999 9999 9999 9999 9999 9999 9999 9999 9999
157VISHAKHA2014 93  9999 9999 9999 9999 9999 9999 9999 9999
157VISHAKHA2014101  9999 9999 9999 9999 9999 9999 9999 9999 9999 9999 9999
157VISHAKHA2014102  9999 1293 1177 1153 1133 1130 1147 1140 1111 1095 1086
157VISHAKHA2014103  1086 1069 1049 1046 1095 1132 1091 1172 1403
157VISHAKHA2014111  9999 9999 9999 9999 1043 1045 1040 1081 1093 1067 1032
157VISHAKHA2014112  1000  980  972  975  980  995 1004 1007 1025 1028 1012
157VISHAKHA2014113   990  996 1028 1040 1023 1002  983  973
157VISHAKHA2014121   965  927  904  911  901  929 9999  942  943  938  927
157VISHAKHA2014122   940  955 9999 9999 9999 9999 1014 1019  971  952  950
157VISHAKHA2014123   919  904  919  937  888  942  973  987 1049
157VISHAKHA2015 11  1040  996  963  955  979  999  983  955  937  939  941
157VISHAKHA2015 12   928  927  928  921  952 9999  985  981  944  906  878
157VISHAKHA2015 13   859  831  830  834  814  784  762  774  786
157VISHAKHA2015 21   781  763  749  749  740  749  751  733  718  691  605
157VISHAKHA2015 22   556  547  528  502  481  476  475  474  480  501  513
157VISHAKHA2015 23  9999  461  485  516  512  519
157VISHAKHA2015 31   570  596  611  603  603  614  606  586  564  544  535
157VISHAKHA2015 32   555  578  564  567  557  577  599  603  643  677  682
157VISHAKHA2015 33   668  631  603  599  606  624  623  616  645
157VISHAKHA2015 41   661  644  617  602  591  610  615  614  632  639  600
157VISHAKHA2015 42   577  578  565  563  591  609  601  574  542  525  499
157VISHAKHA2015 43   480  475  522  590  616  628  634  615
157VISHAKHA2015 51   634  625  609  616  610  599  598  594  596  602  617
157VISHAKHA2015 52   649  652  668  686  690  723  754  761  768  783  782
157VISHAKHA2015 53   783  773  738  789  798  793  785  793  800
157VISHAKHA2015 61   780  763  773  766  745  735  713  690  715  725  730
157VISHAKHA2015 62   753  762 9999 9999 9999 9999 9999 9999 9999 9999  727
157VISHAKHA2015 63   642  612  605  594  598  609  657  713
157VISHAKHA2015 71   704  688  690  711  723  725  727  731  721  668  647
157VISHAKHA2015 72   725  783  797  788  762  750  714  690  681  681  691
157VISHAKHA2015 73   694  704  693  660  636  636  636  656  657
157VISHAKHA2015 81   632 9999 9999  798  791  780  784  794  786  785  796
157VISHAKHA2015 82  9999  842  832  789  742  689  642  609  582  591  604
157VISHAKHA2015 83   619  631  649  685  709  723  717  686  699
157VISHAKHA2015 91   726  730  728  695  684  672  673  660  650  665  678
157VISHAKHA2015 92   720  785  839  875  853  829  876  903  858  768  707
157VISHAKHA2015 93   716  726  701  705  700  700  717  736
157VISHAKHA2015101   729  751  797  817  833  860  860  869  880  866  832
157VISHAKHA2015102   791  784  790  819  855  857  848  850  840  813  787
157VISHAKHA2015103   764  743  758  797  800  806  845  889  925
157VISHAKHA2015111   928  925  915  867  834  821  839  864  844  811  776
157VISHAKHA2015112   747  737  721  730  754  796  861  879  862  816  780
157VISHAKHA2015113  9999 9999  778  800  784  753  771  793
157VISHAKHA2015121   797  787  775  772  759  738  719  701  708  735  740
157VISHAKHA2015122   735  716 9999 9999  702  716  701 9999  708  703  691
157VISHAKHA2015123   688  688  705  727  726  697  677  690  705
157VISHAKHA2016 11   727  739  732  708  696  690  664  655  599  549  554
157VISHAKHA2016 12   575  593  591  591  570  543  539  546  530  549  593
157VISHAKHA2016 13   600  599  599  607  602  562  539  559  567
157VISHAKHA2016 21   546  622  695  698  694  679  667  678  689  702  700
157VISHAKHA2016 22   684  685  679  672  658  663  668  663  648  634  636
157VISHAKHA2016 23   657  673  671  676  683  681  676
157VISHAKHA2016 31   666  655  670  677  675  691  716  727  725  725  721
157VISHAKHA2016 32   698  687  699  711  688  663  669  675  673  669  645
157VISHAKHA2016 33   619  616  634  646  625  620  637  639  651
157VISHAKHA2016 41   666  661  659  657  650  639  659  694  722  717 9999
157VISHAKHA2016 42   695  676  659  651  641  618  596  597  608  598  601
157VISHAKHA2016 43   610  577  562  575  618  664  689  717
157VISHAKHA2016 51   735  722  699  715  755  801  817  801  809  820  821
157VISHAKHA2016 52  9999 9999 9999 9999 9999 9999 9999 9999 9999 9999 1022
157VISHAKHA2016 53  1001 9999 9999 9999 1072 1061 1109 1134 1154
157VISHAKHA2016 61  1154 1160 1135 1132 1126 1142 1171 1164 1136 1072 1034
157VISHAKHA2016 62   985 1022 1140 1155 1152 1144 1153 1152 1161 1165 1159
157VISHAKHA2016 63  1172 1184 1212 1239 1273 1291 1296 1304
157VISHAKHA2016 71  1281 1221 1154 1106 1034 1002 1038 1080 1054  989  947
157VISHAKHA2016 72   934  938  973 1002  974  931  939  967  989 1027 1034
157VISHAKHA2016 73  1021 1025 1026 1023 1034 1040 1016  987  981
157VISHAKHA2016 81  1000  978  962 1001 1029 1043 1028 1068 1083  993  893
157VISHAKHA2016 82   901  926  940  958  985  983  978  995 1044 1049 1027
157VISHAKHA2016 83   985  991 1003 1013 1047 1080 1118 1156 1166
157VISHAKHA2016 91  1111 1037  993  989 1007 9999 9999 9999 1122 1120 1119
157VISHAKHA2016 92  1146 1148 1174 1170 1138 1119 1096 1101 1141 1206 1252
157VISHAKHA2016 93  1240 1186 1154 1119 1089 1086 1100 1093
157VISHAKHA2016101  1071 1067 1058 1044 1063 1105 1139 1142 9999 9999 1143
157VISHAKHA2016102  1137 1137 1158 1180 1204 1204 1164 1138 1124 9999 9999
157VISHAKHA2016103  9999 1067 1062 1136 1256 1255 1203 1191 1205
157VISHAKHA2016111  1199 1178 1207 1278 1293 1284 1265 1211 1175 1149 1120
157VISHAKHA2016112  1139 9999 1176 1163 1165 1147 1127 1103 1101 1100 1125
157VISHAKHA2016113  1139 1152 1164 1144 1106 1046  999  996
157VISHAKHA2016121  1048 1026 9999 1068 1116 1142 1133 1108 1115 1205 1300
157VISHAKHA2016122  1242 1173 1125 1097 1083 1076 1061 1052 1023  995 1005
157VISHAKHA2016123   979  942  905  883  895  925  946  957  956
157VISHAKHA2017 11   952  955 9999  907  943  933  909  896  879  875  866
157VISHAKHA2017 12   897  901  899  892  891  904  915  953  987  984  932
157VISHAKHA2017 13   882  853  861  880  864  840  828  841  816
157VISHAKHA2017 21   754  715  709  719  727  702  667  673  701  698  689
157VISHAKHA2017 22   697  701  703  715  752  776  783  792  777  733  676
157VISHAKHA2017 23   641  657 9999  731  708  701
157VISHAKHA2017 31   708 9999  745  706  670  663  682  731  751  709  628
157VISHAKHA2017 32   571  587  669  724  732  698  627  565  533  565  642
157VISHAKHA2017 33   662  608  623 9999 9999 9999 9999 9999 9999
157VISHAKHA2017 41  9999  589  591  600  596  603  640  688  706  720 9999
157VISHAKHA2017 42   730  744  722  724  753  770  799 9999 9999 9999 9999
157VISHAKHA2017 43  9999 9999 9999 9999 9999 9999 9999 9999
157VISHAKHA2017 51  9999 9999 9999 9999 9999  795  811  820  804  798  778
157VISHAKHA2017 52   759  757  773  771  795  846  872  895  905  880  850
157VISHAKHA2017 53   819  821  836  851  882  921  985 1015 1030
157VISHAKHA2017 61  1092 1081 1010  983  949  972 1033 1084 1168 9999 1132
157VISHAKHA2017 62  1095 1034  999 1053 1069 1027  989  979  957  995 1020
157VISHAKHA2017 63  1009 1039 1041  990  945  923  940  949
157VISHAKHA2017 71  9999  880  888  875  864  892  935  954  929  893  897
157VISHAKHA2017 72   939  971  972  968  984 9999 1082  973  840  795  842
157VISHAKHA2017 73   872  861  854  885  916  938 9999  965  963
157VISHAKHA2017 81   980  975  960  967  988 1008  999  991  973  931  888
157VISHAKHA2017 82   856  843  881  933  953  973 1007 1036 1032 1032 1031
157VISHAKHA2017 83  1060 1111 1128 1127 1147 1142 1077 1059 1052
157VISHAKHA2017 91  1037 1040 1007  963  953  949  944  912  882  884  907
157VISHAKHA2017 92   925  920  921  960  995  991  968  955  922  910  965
157VISHAKHA2017 93  1020 1061 1109 1144 1142 1150 1146 1133
157VISHAKHA2017101  1111 9999 9999 1109 1146 1184 1175 1145 1067  982  968
157VISHAKHA2017102   966  963  988 1058 1138 1211 1293 1336 1240 1056  967
157VISHAKHA2017103  1015 9999 1066 1099 1120 1175 1210 1205 1202
157VISHAKHA2017111  1228 1250 1257 1227 1191 1154 1135 1131 1127 1124 1132
157VISHAKHA2017112  1136 1136 1156 1178 1152 1116 1080 1051 1028 1035 1049
157VISHAKHA2017113  1028 1005 1012 1020 1038 1059 9999 9999
157VISHAKHA2017121  9999 9999 9999 1052 1026 1019 1052 1125 1165 1125 1085
157VISHAKHA2017122  1096 1092 1068 1059 1073 1068 1065 1066 1028  994  986
157VISHAKHA2017123  1004 1021 1011  983  991 1021 1015 1023 1051
157VISHAKHA2018 11  1057 1049 1010  965  963  959  949  968  966  928  888
157VISHAKHA2018 12   836  788  783  807  801  789  804  843  888  910  910
157VISHAKHA2018 13   881  849  815  792  787  788  795  793  778
157VISHAKHA2018 21   752  739  729  711  718  731 9999 9999  770  767  769
157VISHAKHA2018 22   770  762  748  757  767  784  767  747  746  757  746
157VISHAKHA2018 23   721  703  695  704  701  710
157VISHAKHA2018 31   760  782  771  752  752  771  782  776  770  774  759
157VISHAKHA2018 32   717  684  677  683  678  689  710  723  745  734  709
157VISHAKHA2018 33   679 9999 9999  695  706  698  696  695  685
157VISHAKHA2018 41   675  680  696  706  708  708  718  770  809  827  838
157VISHAKHA2018 42   831 9999  770  753  731  717  706  719  729  726  716
157VISHAKHA2018 43   716  762  770  720  696  712  730  711
157VISHAKHA2018 51   719  741  758  791  801  810  799  799 9999  810  831
157VISHAKHA2018 52   859  854 9999  903  882  888  902  885  871  856  859
157VISHAKHA2018 53   861  879  891  888  905  931  945  943  955
157VISHAKHA2018 61   987 1004  986  923  898  904  932  940  963  998  977
157VISHAKHA2018 62   901  835 9999  904  948  987 1016 1006  965  953  966
157VISHAKHA2018 63   956  940  933  945  970  958  943  936
157VISHAKHA2018 71   893  838  820  821  845  893  942  970  944  879  838
157VISHAKHA2018 72   824  868  923  914  866  860  923 1008 1009  953  872
157VISHAKHA2018 73   800  822  873  875  904  939  954  965  930
157VISHAKHA2018 81   902  895  903  935  957  991  967  921  964 1033 1092
157VISHAKHA2018 82  1104 1048 1072 1135 1129 1142 1166 1234 1253 1167 1122
157VISHAKHA2018 83  1112 1098 1082 1050 1026 1041 1037 1047 1048
157VISHAKHA2018 91  1035 1003  977  978  961  933  838  850  951  973  973
157VISHAKHA2018 92   942  904  872  880  918  951  954  959 1031 1036 1075
157VISHAKHA2018 93  1135 1102 1060  993  941  932  947  951
157VISHAKHA2018101   953  947  926  917  909  922  972 1017 9999 9999 9999
157VISHAKHA2018102  1103 1056 1048 9999 9999 9999 9999 9999 9999 9999 9999
157VISHAKHA2018103  9999 9999 9999 9999 9999 9999 9999 9999 9999
157VISHAKHA2018111  9999 9999 9999 9999 9999 9999  960  942  945  943  967
157VISHAKHA2018112  1019 1061 1078 1072 1057 1048 1014  979  975  968  964
157VISHAKHA2018113   974  993  994 1003 1015 1042 1038 1017
157VISHAKHA2018121  1015 1017 1023 1032 1028 1011  985  956  946  937  935
157VISHAKHA2018122   944  955  983 1021 1114 9999 9999 1029 1002  953  907
157VISHAKHA2018123   895  897  900  917  926  945  972  962  930
157VISHAKHA2019 11   899  884  839  811  837  870  873  857  833  844  900
157VISHAKHA2019 12   954  928  905  841  810  816  803 9999  714  724  718
157VISHAKHA2019 13  9999 9999 9999  717  727  770 9999 9999 9999
157VISHAKHA2019 21  9999  721 9999 9999 9999 9999 9999 9999 9999 9999 9999
157VISHAKHA2019 22  9999 9999 9999 9999 9999  729  699  686 9999 9999  704
157VISHAKHA2019 23   722  711  687  683  671  655
157VISHAKHA2019 31   680  726  743  725  692  658  678  736  765  741  694
157VISHAKHA2019 32   655  645  652  640  653  679  720  755  734  719  716
157VISHAKHA2019 33   690  678  687  699  688  683  696  698  700
157VISHAKHA2019 41   697  694  692  702  695  686  681  692  690  664  668
157VISHAKHA2019 42   705  716  710  699  686  667  692  748  767  745  711
157VISHAKHA2019 43   685  693  684  690  702  714  736  787
157VISHAKHA2019 51   903 1023  994  866  859 9999 9999 9999 9999 9999 9999
157VISHAKHA2019 52  9999 9999 9999  829  865  872  846  812  834  841  813
157VISHAKHA2019 53   785  773  762  760  853  885  879  875  840
157VISHAKHA2019 61   817  800  800  837  823  805  823  877  909  894  873
157VISHAKHA2019 62   878  900  900  872  860  863  895  922  928  939  952
157VISHAKHA2019 63   994 1021 1022  996  958  925  935  959
157VISHAKHA2019 71   964  911  869  897 9999 9999 9999 9999 9999 1262 1277
157VISHAKHA2019 72  1280 1273 1271 1283 1288 1308 1327 1341 1340 1332 1337
157VISHAKHA2019 73  1340 1338 1337 1341 1337 1327 1313 1297 1291
157VISHAKHA2019 81  1281 1267 1259 1265 1264 1273 1255 9999 1058 1178 1288
157VISHAKHA2019 82  1365 1337 1225 1183 1233 1287 1309 1329 1327 1324 1343
157VISHAKHA2019 83  1352 1323 1288 1236 1182 1170 1195 1235 1266
157VISHAKHA2019 91  1282 1290 1297 1288 1284 1296 1235 1139 1103 1124 1122
157VISHAKHA2019 92  1051 1037 1097 1197 1265 1310 1283 1261 1259 1276 1289
157VISHAKHA2019 93  1314 1337 1327 1338 1355 1342 1312 1297
157VISHAKHA2019101  1255 1215 1199 1182 1155 1109 1109 1144 1192 1229 1251
157VISHAKHA2019102  9999 1319 9999 1362 1342 1276 1247 1250 1247 1280 1332
157VISHAKHA2019103  1363 1296 1224 1220 1234 1264 1291 1266 1230
157VISHAKHA2019111  1215 1211 1202 1186 1185 1229 1299 1367 1498 1566 1423
157VISHAKHA2019112  1393 1387 1309 1304 1296 1275 1279 1277 1284 1286 1273
157VISHAKHA2019113  1266 1241 1216 1213 1226 1230 1230 1226
157VISHAKHA2019121  1216 1213 1217 1207 1206 1196 1174 1159 1150 1140 1136
157VISHAKHA2019122  1131 1120 1110 1106 1107 1110 1134 1162 1137 1090 1058
157VISHAKHA2019123  1020 1031 1067 1064 1073 1136 1164 1152 1089
157VISHAKHA2020 11  1166 1175 1180 1200 1182 1142 1152 1137 1098 1079 1096
157VISHAKHA2020 12  1138 1127 1106 1083 1088 1102 1109 1107 1090 1085 1085
157VISHAKHA2020 13  1073 1037 1038 1069 1086 1091 1076 1062 1074
157VISHAKHA2020 21  1107 1103 1102 1089 1042 1025 1023 1062 1107 1115 1108
157VISHAKHA2020 22  1099 1088 1052  999  984  996 1005  987  945  928  989
157VISHAKHA2020 23  1053 1096 1106 1117 1111 1086 1065
157VISHAKHA2020 31  1060 1046 1025 1008 1016 1037 1024 1019 1030 1057 1050
157VISHAKHA2020 32  1019 1012 1006  983 1017 1050 1072 1099 1127 1134 1101
157VISHAKHA2020 33  1085 1107 1078 1067 1059 1052 1051 1086 1112
157VISHAKHA2020 41  1122 1109 1069 1040 1036 1065 1095 1090 1094 1072 1057
157VISHAKHA2020 42  1073 1082 1056 1016 1000 1003  972  973 1023 1058 1084
157VISHAKHA2020 43  1107 1107 1128 1128 1126 1174 1186 1181
157VISHAKHA2020 51  1190 1222 9999 9999 1191 1185 1187 1156 1125 9999 9999
157VISHAKHA2020 52  1107 1123 1132 1175 1212 1272 1370 1483 1563 1502 1385
157VISHAKHA2020 53  1377 1385 1327 1283 1253 1238 1291 1328 1328
157VISHAKHA2020 61  1339 1372 1407 1402 1401 1402 1418 1422 1472 1526 1572
157VISHAKHA2020 62  1598 1517 1510 1535 1472 1388 1281 1252 1321 1365 1345
157VISHAKHA2020 63  1335 1351 1378 1394 1380 1354 1366 1379
157VISHAKHA2020 71  1375 1370 1385 1396 1376 1336 1323 1358 1391 1360 1307
157VISHAKHA2020 72  1286 1288 1334 1355 1320 1292 1295 1285 1252 1213 1209
157VISHAKHA2020 73  1218 1213 1230 1251 1273 1275 1272 1278 1309
157VISHAKHA2020 81  1345 1367 1384 1358 1279 1230 1273 1349 1417 1428 1415
157VISHAKHA2020 82  1377 1367 1334 1244 1151 1099 1179 1284 1282 1256 1287
157VISHAKHA2020 83  1333 9999 9999 9999 9999 9999 1233 1271 1293
157VISHAKHA2020 91  1288 1332 1353 1351 1365 1338 1322 1328 1329 9999 9999
157VISHAKHA2020 92  9999 1423 1478 1494 1487 1470 1448 1505 1520 1425 1276
157VISHAKHA2020 93  1199 1214 1259 1268 1316 1391 1437 1453
157VISHAKHA2020101  1460 1457 1494 1564 1598 1591 1568 1568 1585 1622 1707
157VISHAKHA2020102  1821 1818 1758 1730 1678 1631 1600 1593 1593 1618 1679
157VISHAKHA2020103  1730 1720 1656 1657 1668 1675 1684 1689 1634
157VISHAKHA2020111  1590 1616 1667 1689 1671 1634 1617 1623 1614 1636 1640
157VISHAKHA2020112  1605 1596 1595 1585 1560 1507 1475 1463 1453 1415 1395
157VISHAKHA2020113  1421 1444 1454 1451 1487 1483 1483 1486
157VISHAKHA2020121  1488 1479 1436 1411 1394 1368 1325 1306 1332 1370 1376
157VISHAKHA2020122  1390 1388 1393 1418 1407 1403 1385 1370 1391 1394 1433
157VISHAKHA2020123  1450 1445 1450 1451 1431 1399 1376 1321 1311
157VISHAKHA2021 11  1353 1368 1352 1344 1361 1380 1357 1336 1317 1305 1275
157VISHAKHA2021 12  1276 1278 1302 1318 1336 1336 1338 1333 1303 1273 1278
157VISHAKHA2021 13  1295 1297 1252 1241 1255 1277 1287 1272 1274
157VISHAKHA2021 21  1295 1261 1211 1255 1286 1282 1293 1313 1310 1304 1288
157VISHAKHA2021 22  1272 1248 1225 1182 1167 1180 1191 1194 1168 1159 1182
157VISHAKHA2021 23  1191 1178 1157 1144 1142 1157
157VISHAKHA2021 31  1149 1130 1159 1181 1166 1133 1122 1139 1152 1137 1124
157VISHAKHA2021 32  1130 1161 1187 1218 1223 1213 1201 1179 1164 1166 1161
157VISHAKHA2021 33  1148 1150 1149 9999 1228 1229 1215 1196 1235
157VISHAKHA2021 41  1163 1129 1146 1157 1171 1195 1181 1184 1186 1232 1242
157VISHAKHA2021 42  1241 1237 1212 1223 1250 1281 1276 1268 1265 1240 1235
157VISHAKHA2021 43  1239 1299 1312 1295 1266 1249 1236 1243
157VISHAKHA2021 51  1248 1249 1275 1282 1298 1297 1290 1276 1272 1264 1235
157VISHAKHA2021 52  1239 1215 1219 1226 1233 1247 1230 1207 1194 1192 1212
157VISHAKHA2021 53  1258 1311 1399 1518 1509 1427 1406 1367 1315
157VISHAKHA2021 61  1273 1276 1308 1303 1236 1208 1211 1210 1248 1305 1327
157VISHAKHA2021 62  1366 1422 1453 1439 1399 1351 1333 1348 1371 1420 1464
157VISHAKHA2021 63  1450 1405 1382 1372 1345 1340 1324 1292
