167CARNARVO      LAT=24 53.0S  LONG=113 37.0E
167CARNARVO1984 41  9999 9999 9999 9999 9999 9999 9999 1246 1259 1293 1302
167CARNARVO1984 42  1276 1266 1275 1261 1218 1150 1116 1137 1183 1169 1117
167CARNARVO1984 43  1165 1217 1197 1183 1230 1311 1359 1241
167CARNARVO1984 51  1161 1133 1162 1250 1335 1393 1359 1281 1192 1123 1108
167CARNARVO1984 52  1157 1259 1291 1259 1261 1271 1287 1316 1178 1082 1149
167CARNARVO1984 53  1261 1287 1338 1430 1331 1248 1214 1113 1126
167CARNARVO1984 61  1176 1192 1264 1338 1267 1144 1192 1237 1238 1229 1234
167CARNARVO1984 62  1258 1253 1178 1102 1129 1187 1220 1234 1267 1174 9999
167CARNARVO1984 63  9999 9999 1256 1224 1121 1099 1135 1133
167CARNARVO1984 71  1175 1285 1370 1317 1219 1150 1118 1062 1061 1091 1099
167CARNARVO1984 72  1039 1012 1132 1201 1168 1118 1131 1124 1046  987 1021
167CARNARVO1984 73  1081 1134 1154 1160 1128 1029  951  995 1077
167CARNARVO1984 81  1138 1034  964 1023 1085 1043  994  963  881  902 1002
167CARNARVO1984 82  1016 1016 1025  991  945 1019 1067  951  906  928  929
167CARNARVO1984 83   876  905  964  985 1002 1053  938  798  872
167CARNARVO1984 91   929  918  942 1002 1023  983  943  970  938  902  929
167CARNARVO1984 92   920 1040 1081  871  854  936 1002 1014 1029 1051 1017
167CARNARVO1984 93   979  987 1059 1101 1068 1071 1039 1025
167CARNARVO1984101  1024 1002  991  960 1014 1171 1147  956  887  967  956
167CARNARVO1984102   908 9999 9999 9999 9999 9999 9999 9999 9999 9999 9999
167CARNARVO1984103  9999 9999 9999 9999 9999 9999 9999 9999 9999
167CARNARVO1984111  9999 9999 9999 9999 9999 9999 9999 9999 9999 9999 9999
167CARNARVO1984112  9999 9999 9999 9999 9999 9999 9999 9999 9999 9999 9999
167CARNARVO1984113  9999 9999 9999 9999 9999 9999 9999 9999
167CARNARVO1984121  9999 9999 9999 9999 9999 9999 9999 9999 9999 9999 9999
167CARNARVO1984122  9999  939  937  878  796  753  802  955 1070 1087 1007
167CARNARVO1984123   898  872  940 1025 1044  943  888  886 9999
167CARNARVO1985 11  9999 9999 9999 9999 9999 9999 9999 9999 9999 9999 9999
167CARNARVO1985 12  9999 9999 9999 9999 9999 9999 9999 9999 9999 9999 9999
167CARNARVO1985 13  9999 9999 9999 9999 9999 9999 9999 9999 9999
167CARNARVO1985 21  9999 9999 9999 9999 9999 9999 9999 1257 1218 1176 1189
167CARNARVO1985 22  1200 1187 1173 1240 1237 1204 1277 1307 1342 1459 1475
167CARNARVO1985 23  1356 1310 1258 1194 1173 1164
167CARNARVO1985 31  1147 1079 1024 1032 1043 1019 1018 1002  956  947 1046
167CARNARVO1985 32  1110 1126 1154 1143 1115 1085 1010  929  951  986 1011
167CARNARVO1985 33  1091 1134 1128 1117 1112 1128 1148 1089 1012
167CARNARVO1985 41  1026 1062 1125 1100 1060 1097 1103 1167 1124 1050 1005
167CARNARVO1985 42   974 1075 1175 1219 1194 1201 1296 1309 1267 1247 1296
167CARNARVO1985 43  1292 1265 1235 1222 1194 1155 1118 1136
167CARNARVO1985 51  1183 1155 1143 1153 1103 1030  977  960 1037 1159 1191
167CARNARVO1985 52  1075 1103 1163 1167 1168 1182 1212 1259 1281 1268 1253
167CARNARVO1985 53  1242 1203 1180 1170 1103 1044 1060 1082 1099
167CARNARVO1985 61  1083 1095 1247 1376 1279 1212 1134 1061 1092 1127 1137
167CARNARVO1985 62  1107 1061 1098 1165 1157 1050 1033 1057 1077 1081 1086
167CARNARVO1985 63  1093 1069 1051 1091 1114 1108 1094 1139
167CARNARVO1985 71  1146 1119 1109 1060 1031 1005 1020 1088 1133 1150 1108
167CARNARVO1985 72  1091 1108  965  890 1004 1083 1082  999  891  931  987
167CARNARVO1985 73  1009 1024 1065 1016  892  795  835  931  963
167CARNARVO1985 81   965 1027 1021  993  853  843  897  821  766  749  784
167CARNARVO1985 82   797  815  887  936  939 1000  963  884  875  879  928
167CARNARVO1985 83   951  896  902  873  684  708  779  795  839
167CARNARVO1985 91  9999 9999 9999 9999 9999 9999 9999 9999 9999 9999 9999
167CARNARVO1985 92  9999  868  859  796  790  766  811  928  958  928  764
167CARNARVO1985 93   732  756  829  951 1013  955  870  809
167CARNARVO1985101   822  848  832  735  695  834  981  964  866  932 1004
167CARNARVO1985102   954  871  861  863 9999 9999 9999 9999 9999  676  687
167CARNARVO1985103   778  886  896  860  848  804  792 9999 9999
167CARNARVO1985111  9999 9999 9999 9999 9999 9999 9999 9999 9999 9999 9999
167CARNARVO1985112  9999 9999 9999 9999 9999 9999 9999 9999 9999 9999 9999
167CARNARVO1985113  9999 9999 9999 9999 9999 9999 9999 9999
167CARNARVO1985121  9999 9999 9999 9999 9999 9999 9999 9999 9999 9999 9999
167CARNARVO1985122  9999 9999 9999 9999 9999 9999 9999 9999 9999 9999 9999
167CARNARVO1985123  9999 9999 9999 9999 9999 9999 9999 9999 9999
167CARNARVO1986 11  9999 9999 9999 9999 9999 9999 9999 9999 9999 9999 9999
167CARNARVO1986 12  9999 9999 9999 9999 9999  787  753  738  747  728  660
167CARNARVO1986 13   718  967  971  907  846  847  945  979  955
167CARNARVO1986 21   949  979 1012 1016 1010  961  897  894  962 1001  972
167CARNARVO1986 22   948  918  897  973 1024 1038 1063 1071 1310 1290 1138
167CARNARVO1986 23  1142 1176 1205 1170 1117 1111
167CARNARVO1986 31  1151 1140 1078 1094 1019 1018 1285 1402 1224 1140 1051
167CARNARVO1986 32  1000  991 9999 9999 9999 9999 9999 9999 9999 9999 9999
167CARNARVO1986 33  9999 9999 9999 9999 9999 9999 9999 9999 9999
167CARNARVO1986 41  9999 9999 9999 9999 9999 9999 9999 9999 9999 9999 9999
167CARNARVO1986 42  9999 9999 9999 9999 9999 9999 9999 9999 9999 9999 9999
167CARNARVO1986 43  9999 9999 9999 9999 9999 9999 9999 9999
167CARNARVO1986 51  9999 9999 9999 9999 9999 9999 9999 9999 9999 9999 9999
167CARNARVO1986 52  9999 9999 9999 9999 9999 9999 9999 9999 9999 9999 9999
167CARNARVO1986 53  9999 9999 9999 9999 9999 9999 9999 9999 9999
167CARNARVO1986 61  9999 9999 9999 9999 9999 9999 9999 9999 9999 9999 9999
167CARNARVO1986 62  9999 9999 9999 9999 9999 9999 9999 9999 9999 9999 9999
167CARNARVO1986 63  9999 9999 9999 9999 9999 9999 9999 9999
167CARNARVO1986 71  9999 9999 9999 9999 9999 9999 9999 9999 9999 9999 9999
167CARNARVO1986 72  9999 9999 9999 9999 9999 9999 9999 9999 9999 9999 9999
167CARNARVO1986 73  9999 9999 9999 9999 9999 9999 9999 9999 9999
167CARNARVO1986 81  9999 9999 9999 9999 9999 9999 9999 9999 9999 9999 9999
167CARNARVO1986 82  9999 9999 9999 9999  843  864  862  880  898  915  901
167CARNARVO1986 83   882  806  793 9999 9999 9999 9999 9999 9999
167CARNARVO1986 91  9999 9999 9999 9999 9999 9999 9999 9999 9999 9999 9999
167CARNARVO1986 92  9999 9999 9999 9999 9999 9999 9999 9999 9999 9999 9999
167CARNARVO1986 93  9999 9999 9999 9999 9999 9999 9999 9999
167CARNARVO1986101  9999 9999 9999 9999 9999 9999 9999 9999 9999 9999 9999
167CARNARVO1986102  9999 9999 9999 9999 9999 9999 9999 9999 9999 9999 9999
167CARNARVO1986103  9999 9999 9999 9999 9999 9999 9999 9999 9999
167CARNARVO1986111  9999 9999 9999 9999 9999 9999 9999 9999 9999 9999 9999
167CARNARVO1986112  9999 9999 9999 9999 9999 9999 9999 9999 9999 9999 9999
167CARNARVO1986113  9999 9999 9999 9999 9999 9999 9999 9999
167CARNARVO1986121  9999 9999 9999 9999 9999 9999 9999 9999 9999 9999 9999
167CARNARVO1986122  9999 9999 9999 9999 9999 9999 9999 9999 9999 9999 9999
167CARNARVO1986123  9999 9999 9999 9999 9999 9999 9999 9999 9999
167CARNARVO1987 11  9999 9999 9999 9999 9999 9999 9999 9999 9999 9999 9999
167CARNARVO1987 12  9999 9999 9999 9999 9999 9999 9999 9999 9999 9999 9999
167CARNARVO1987 13  9999 9999 9999 9999 9999 9999 9999 9999 9999
167CARNARVO1987 21  9999 9999 9999 9999 9999 9999 9999 9999 9999 9999 9999
167CARNARVO1987 22  9999 9999 9999 9999 9999 9999 9999 9999 9999 9999 9999
167CARNARVO1987 23  9999 9999 9999 9999 9999 9999
167CARNARVO1987 31  9999 9999 9999 9999 9999 9999 9999 9999 9999 9999 9999
167CARNARVO1987 32  9999 9999 9999 9999 9999 9999 9999 9999 9999 9999 9999
167CARNARVO1987 33  9999 9999 9999 9999 9999 9999 9999 9999 9999
167CARNARVO1987 41  9999 9999 9999 9999 9999 9999 9999 9999 9999 9999 9999
167CARNARVO1987 42  9999 9999 9999 9999 9999 9999 9999 9999 9999 9999 9999
167CARNARVO1987 43  9999 9999 9999 9999 9999 9999 9999 9999
167CARNARVO1987 51  9999 9999 9999 9999 9999 9999 9999 9999 9999 9999 9999
167CARNARVO1987 52  9999 9999 9999 9999 9999 9999 9999 9999 9999 9999 9999
167CARNARVO1987 53  9999 9999 9999 9999 9999 9999 9999 9999 9999
167CARNARVO1987 61  9999 9999 9999 9999 9999 9999 9999 9999 9999 9999 9999
167CARNARVO1987 62  9999 9999 9999 9999 9999 9999 9999 9999 9999 9999 9999
167CARNARVO1987 63  9999 9999 9999 9999 9999 9999 9999 9999
167CARNARVO1987 71  9999 9999 9999 9999 9999 9999 9999 9999 9999 9999 9999
167CARNARVO1987 72  9999 9999 9999 9999 9999 9999 9999 9999 9999 9999 9999
167CARNARVO1987 73  9999 9999 9999 9999 9999 9999 9999 9999 9999
167CARNARVO1987 81  9999 9999 9999 9999 9999 9999 9999 9999 9999 9999 9999
167CARNARVO1987 82  9999 9999 9999 9999 9999 9999 9999 9999 9999 9999 9999
167CARNARVO1987 83  9999 9999 9999 9999 9999 9999 9999 9999 9999
167CARNARVO1987 91  9999 9999 9999 9999 9999 9999 9999 9999 9999 9999 9999
167CARNARVO1987 92  9999 9999 9999 9999 9999 9999 9999 9999 9999 9999 9999
167CARNARVO1987 93  9999 9999 9999 9999 9999 9999 9999 9999
167CARNARVO1987101  9999 9999 9999 9999 9999 9999 9999 9999 9999 9999 9999
167CARNARVO1987102  9999 9999 9999 9999 9999 9999 9999 9999 9999 9999 9999
167CARNARVO1987103  9999 9999 9999 9999 9999 9999 9999 9999 9999
167CARNARVO1987111  9999 9999 9999 9999 9999 9999 9999 9999 9999 9999 9999
167CARNARVO1987112  9999 9999 9999 9999 9999 9999 9999 9999 9999 9999 9999
167CARNARVO1987113  9999 9999 9999 9999 9999 9999 9999 9999
167CARNARVO1987121  9999 9999 9999 9999 9999 9999 9999 9999 9999 9999 9999
167CARNARVO1987122  9999 9999 9999 9999 9999 9999 9999 9999 9999 9999 9999
167CARNARVO1987123  9999 9999 9999 9999 9999 9999 9999 9999 9999
167CARNARVO1988 11  9999 9999 9999 9999 9999 9999 9999 9999 9999 9999 9999
167CARNARVO1988 12  9999 9999 9999 9999 9999 9999 9999 9999 9999 9999 9999
167CARNARVO1988 13  9999 9999 9999 9999 9999 9999 9999 9999 9999
167CARNARVO1988 21  9999 9999 9999 9999 9999 9999 9999 9999 9999 9999 9999
167CARNARVO1988 22  9999 9999 9999 9999 9999 9999 9999 9999 9999 9999 9999
167CARNARVO1988 23  9999 9999 9999 9999 9999 9999 9999
167CARNARVO1988 31  9999 9999 9999 9999 9999 9999 9999 9999 9999 9999 9999
167CARNARVO1988 32  9999 9999 9999 9999 9999 9999 9999 9999 9999 9999 9999
167CARNARVO1988 33  9999 9999 9999 9999 9999 9999 9999 9999 9999
167CARNARVO1988 41  9999 9999 9999 9999 9999 9999 9999 9999 9999 9999 9999
167CARNARVO1988 42  9999 9999 9999 9999 9999 9999 9999 9999 9999 9999 9999
167CARNARVO1988 43  9999 9999 9999 9999 9999 9999 9999 9999
167CARNARVO1988 51  9999 9999 9999 9999 9999 9999 9999 9999 9999 9999 9999
167CARNARVO1988 52  9999 9999 9999 9999 9999 9999 9999 9999 9999 9999 9999
167CARNARVO1988 53  9999 9999 9999 9999 9999 9999 9999 9999 9999
167CARNARVO1988 61  9999 9999 9999 9999 9999 9999 9999 9999 9999 9999 9999
167CARNARVO1988 62  9999 9999 9999 9999 9999 9999 9999 9999 9999 9999 9999
167CARNARVO1988 63  9999 9999 9999 9999 9999 9999 9999 9999
167CARNARVO1988 71  9999 9999 9999 9999 9999 9999 9999 9999 9999 9999 9999
167CARNARVO1988 72  9999 9999 9999 9999 9999 9999 9999 9999 9999 9999 9999
167CARNARVO1988 73  9999 9999 9999 9999 9999 9999 9999 9999 9999
167CARNARVO1988 81  9999 9999 9999 9999 9999 9999 9999 9999 9999 9999 9999
167CARNARVO1988 82  9999 9999 9999 9999 9999 9999 9999 9999 9999 9999 9999
167CARNARVO1988 83  9999 9999 9999 9999 9999 9999 9999 9999 9999
167CARNARVO1988 91  9999 9999 9999 9999 9999 9999 9999 9999 9999 9999 9999
167CARNARVO1988 92  9999 9999 9999 9999 9999 9999 9999 9999 9999 9999 9999
167CARNARVO1988 93  9999 9999 9999 9999 9999 9999 9999 9999
167CARNARVO1988101  9999 9999 9999 9999 9999 9999 9999 9999 9999 9999 9999
167CARNARVO1988102  9999 9999 9999 9999 9999 9999 9999 9999 9999 9999 9999
167CARNARVO1988103  9999 9999 9999 9999 9999 9999 9999 9999 9999
167CARNARVO1988111  9999 9999 9999 9999 9999 9999 9999 9999 9999 9999 9999
167CARNARVO1988112  9999 9999 9999 9999 9999 9999 9999 9999 9999 9999 9999
167CARNARVO1988113  9999 9999 9999 9999 9999 9999 9999 9999
167CARNARVO1988121  9999 9999 9999 9999 9999 9999 9999 9999 9999 9999 9999
167CARNARVO1988122  9999 9999 9999 9999 9999 9999 9999 9999 9999 9999 9999
167CARNARVO1988123  9999 9999 9999 9999 9999 9999 9999 9999 9999
167CARNARVO1989 11  9999 9999 9999 9999 9999 9999 9999 9999 9999 9999 9999
167CARNARVO1989 12  9999 9999 9999 9999 9999 9999 9999 9999 9999 9999 9999
167CARNARVO1989 13  9999 9999 9999 9999 9999 9999 9999 9999 9999
167CARNARVO1989 21  9999 9999 9999 9999 9999 9999 9999 9999 9999 9999 9999
167CARNARVO1989 22  9999 9999 9999 9999 9999 9999 9999 9999 9999 9999 9999
167CARNARVO1989 23  9999 9999 9999 9999 9999 9999
167CARNARVO1989 31  9999 9999 9999 9999 9999 9999 9999 9999 9999 9999 9999
167CARNARVO1989 32  9999 9999 9999 9999 9999 9999 9999 9999 9999 9999 9999
167CARNARVO1989 33  9999 9999 9999 9999 9999 9999 9999 9999 9999
167CARNARVO1989 41  9999 9999 9999 9999 9999 9999 9999 9999 9999 9999 9999
167CARNARVO1989 42  9999 9999 9999 9999 9999 9999 9999 9999 9999 9999 9999
167CARNARVO1989 43  9999 9999 9999 9999 9999 9999 9999 9999
167CARNARVO1989 51  9999 9999 9999 9999 9999 9999 9999 1206 1214 1215 1197
167CARNARVO1989 52  1244 1252 1245 1254 1192 1086 1113 1207 1202 1185 1208
167CARNARVO1989 53  1207 1179 1261 1340 1262 1172 1230 1221 1135
167CARNARVO1989 61  1099 1067 1092 1148 1211 1244 1180 1044 1099 1274 1337
167CARNARVO1989 62  9999 9999 9999 9999 9999 9999 9999 9999 9999 9999 9999
167CARNARVO1989 63  1144 1175 1148 1134 1168 1194 1170 1069
167CARNARVO1989 71  1039 1005  997  965  973 1111 1172 1036  994 1092 1120
167CARNARVO1989 72  1065 1012  933  943 1028 1062 1102 1157 1141 1033 1035
167CARNARVO1989 73  1100 1127 1147 1163 1115 1049  937  881  948
167CARNARVO1989 81  1002  981  910  871  880  904  953 1027 1005  970 1037
167CARNARVO1989 82  1078  969  889  979 1082 1123 1015  941  877  921 1004
167CARNARVO1989 83  1052 1058 1009  916  876  932  917  859  897
167CARNARVO1989 91   890  892  943  937  959  988  904  852  853  903  953
167CARNARVO1989 92  1025 1097 1087 1036 1068 1065  992  971  911  858  864
167CARNARVO1989 93   845  791  872 1019 1015  898  832  867
167CARNARVO1989101   939  883  842  857  918  850  804  855  955  975  862
167CARNARVO1989102   830  865  861  938 1017 1015  969  926  874  849  885
167CARNARVO1989103   919  866  745  742  872  971  884  754  782
167CARNARVO1989111   939 1017  906  898 1015 1086 1126 1105 1085 1044 1003
167CARNARVO1989112   996 1009 1005 1001  963  959  995 1041 1063  995  928
167CARNARVO1989113   937  911  912  887  815  782  803  777
167CARNARVO1989121   760  810  837  838  902  957  936  901  928  966  979
167CARNARVO1989122   982 1010 1016  979  861  779  866  992 1012  974  944
167CARNARVO1989123   932  934  966 1014 1019  978  942  942 1002
167CARNARVO1990 11   984  923  934 1002 1005 1034 1092 1074  926  823  889
167CARNARVO1990 12   993 1037 1038 1026 1066 1217 1221 1143 1162 1128 1049
167CARNARVO1990 13  1007 1142 1256 1235 1294 1387 1054  940 1039
167CARNARVO1990 21  1093 1093 1144 1155 1143 1144 1129 1112 1121 1148 1117
167CARNARVO1990 22  1090 1094 1091 1005  953  991 1054 1086 1083 1083 1107
167CARNARVO1990 23  1122 1147 1183 1199 1195 1166
167CARNARVO1990 31  1154 1245 1405 1561 1383 1100 1017 1042 1119 1145 1094
167CARNARVO1990 32  1043  996  987 1021 1007 1020 1039 1078 1097  999  922
167CARNARVO1990 33   963 1028  967  831  862 1001 1031  991  996
167CARNARVO1990 41  1016 1006  954  888  875  941 1032 1075 1087 1132 1098
167CARNARVO1990 42   947  885  873  930 1019 1100 1188 1255 1248 1246 1148
167CARNARVO1990 43  1102 1093 1091 1075 1017 1006 1055 1061
167CARNARVO1990 51  1074 1112 1106 1017  988 1030 1001  934  957 1045 1058
167CARNARVO1990 52  1037 1077 1095 1065 1050 1033 1053 1050  991  982 1023
167CARNARVO1990 53  1058 1121 1208 1255 1199 1106 1040 1072 1111
167CARNARVO1990 61  1122 1118 1099 1111 1147 1140 1133 1062 1033 1015  911
167CARNARVO1990 62   939 1025  964  866  856  959 1081 1082  983  936  950
167CARNARVO1990 63   966 1020 1033 1000 1014 1020  944  864
167CARNARVO1990 71   894  919 1003 1053 1063 1100 1106 1083 1089  995  982
167CARNARVO1990 72  1031  977  982  965  919  849  830  838  939  992  986
167CARNARVO1990 73   926  871  804  805  872  865  870  961 1050
167CARNARVO1990 81  1057  999  991 9999 9999 9999 9999 9999 9999 9999 9999
167CARNARVO1990 82  9999 9999 9999 9999 9999 9999 9999 9999 9999 9999 9999
167CARNARVO1990 83  9999 9999 9999 9999 9999 9999 9999 9999 9999
167CARNARVO1990 91  9999 9999 9999 9999 9999 9999 9999 9999 9999 9999 9999
167CARNARVO1990 92  9999 9999 9999 9999 9999 9999 9999 9999 9999 9999 9999
167CARNARVO1990 93  9999 9999  736  760  901  996  993  948
167CARNARVO1990101   909  933  957  960  992  965  902  922  868  788  803
167CARNARVO1990102   814  716  685  772  814  750  660  715  833  942  969
167CARNARVO1990103   956  926  903  852  824  833  803  799  862
167CARNARVO1990111   884  891  937  922  824  753  712  750  868  980 1038
167CARNARVO1990112   975  866  880  914  873  825  825  808  765  736  775
167CARNARVO1990113   883  936  941  917  920  988  992  949
167CARNARVO1990121   943  957  944  854  793  831  966 1076 1099 1072 1022
167CARNARVO1990122   994  995  988  975 1002 1006  964  925  915  875  863
167CARNARVO1990123   910  919  912  882  880  962  975  935  914
167CARNARVO1991 11   895  786  744  845  964  978  941  888  832  820  886
167CARNARVO1991 12   917  874  914  966  945  956 1005 1023 1003  948  928
167CARNARVO1991 13   949  930  886  860  902  968  982  970  971
167CARNARVO1991 21   917  915  993  919  867  941 1014 1006  970  981  968
167CARNARVO1991 22   917  887  937 1008  962  874  891  987 1041 1155 1219
167CARNARVO1991 23  1124 1030 1043 1155 1141 1109
167CARNARVO1991 31  1112 1075 1034 1006  947  893  905  954  948  983 1025
167CARNARVO1991 32  1014 1068 1113 1090 1055  994  965  998 1027 1027 1058
167CARNARVO1991 33  1071  976  887  979 1041 1014 1003 1039 1062
167CARNARVO1991 41  1083 1105 1076 1069 1067 1078 1090 1136 1193 1189 1131
167CARNARVO1991 42  1043 1036 1144 1244 1275 1323 1404 1409 1401 1347 1185
167CARNARVO1991 43  1084 1118 1212 1270 1254 1179 1100 1070
167CARNARVO1991 51  1120 1177 1165 1103  969  965 1072 1153 1147 1115 1089
167CARNARVO1991 52  1116 1205 1281 1262 1182 1162 1170 1148 1167 1187 1135
167CARNARVO1991 53  1003  945 1023 1098 1109 1123 1127 1084 1085
167CARNARVO1991 61  1090 1115 1219 1170 1088 1003 1008 1104 1200 1181 9999
167CARNARVO1991 62  9999 9999 1098 1099  993  900  896  941 1001 1018 1034
167CARNARVO1991 63  1070 1089 1093 1067  983  906  921 1036
167CARNARVO1991 71  9999 9999 9999  935  922  875  898  994 1019  983  958
167CARNARVO1991 72   979 1010 1049 1054 1005  964 1031 1114  993  942  944
167CARNARVO1991 73   938  918  945  907  904  994  988  958 1021
167CARNARVO1991 81  1017  940  924  860 9999 9999 9999 9999 9999 9999 9999
167CARNARVO1991 82  9999 9999 9999  939  970  980  914  818  801  855  836
167CARNARVO1991 83   859  956  983  968  904 9999 9999 9999 9999
167CARNARVO1991 91  9999  780  782  801  873  879  881  845  777  819  836
167CARNARVO1991 92   862  850  775  598  576  670  731  792  829  815  774
167CARNARVO1991 93   791  822  831  772  740  796  845  741
167CARNARVO1991101   696  808  893  869  768  744  780  828  855  848  864
167CARNARVO1991102   910  911  848  855  928  986  966  886  744  738  777
167CARNARVO1991103   748  799  864  870  871  857  799  755  733
167CARNARVO1991111   717  739  844  913  776  715  752  771  795  810  802
167CARNARVO1991112   830  752  657  662  694  708  712  782  867  910  928
167CARNARVO1991113   903  847  772  786  868  927  894  835
167CARNARVO1991121   825  863  873  865  827  749  764  834  890  965  971
167CARNARVO1991122   898  839  883  929  932  900  852  848  870  864  877
167CARNARVO1991123   891  909  908  904  875  845  844  895  911
167CARNARVO1992 11   838  812  850  829  805  849  951 1002  960  905  848
167CARNARVO1992 12   842  892  960  975  931  882  834  771  761  747  744
167CARNARVO1992 13   850  941  962  966  989  982  961  994 1023
167CARNARVO1992 21  1014  991  951  892  902  931  893  874  877  868  901
167CARNARVO1992 22   883  846  862  887  916  937  918  916  891  868  894
167CARNARVO1992 23   918  951 1009 1017  995  958  931
167CARNARVO1992 31   936  946  920  912  903  866  864  864  818  828  931
167CARNARVO1992 32   979  983 1004 1038 1071 1070 1036  997  975  946  965
167CARNARVO1992 33  1016 1031  955  934 1026 1083 1086 1062 1084
167CARNARVO1992 41  1103 1060 1012 1001 1036 1092 1106 1077 1055 1053 1085
167CARNARVO1992 42  1099 1093 1118 1192 1211 1172 1121 1039  998 1042 1095
167CARNARVO1992 43  1094 1077 1073 1089 1098 1087 1087 1075
167CARNARVO1992 51  1078 1096 1071 1069 1097 1065 1004 1000 1042 1084 1100
167CARNARVO1992 52  1106 1065 1016  971  932  944 1020 1055 1068 1021  961
167CARNARVO1992 53   939  900  909 1033 1155 1148 1141 1179 1128
167CARNARVO1992 61  1007  979  981  927  921 1011 1082 1129 1198 1259 1258
167CARNARVO1992 62  1223 1202 1203 1132 1088 1046 1031 1086 1079  999  959
167CARNARVO1992 63  1000 1113 1131 1105 1094 1052 1027  997
167CARNARVO1992 71   945  913  891  886  891  988 1049 1084 1072 1002  987
167CARNARVO1992 72  1052  988  940  998 1036 1053 1037  985  893  847  896
167CARNARVO1992 73   952 1046 1063 1045 1065 1018  917  921 1032
167CARNARVO1992 81  1166 1096 1029 1004  960  935  950 1125 1079  873  826
167CARNARVO1992 82   824  857  922  856  679  653  691  774  877  909  942
167CARNARVO1992 83  1020 1014  954  953 1052  897  776  860  869
167CARNARVO1992 91   844  839  902  977  933  885  854  817  767  747  873
167CARNARVO1992 92   916  787  701  770  782  814  889  880  806  792  829
167CARNARVO1992 93   806  859  876  845  784  794  884  900
167CARNARVO1992101   824  733  662  681  729  720  622  654  835 1015 1026
167CARNARVO1992102   985  907  885  805  696  749  888  973  971  986 1001
167CARNARVO1992103  1005  945  877  837  865  909  944  980 1001
167CARNARVO1992111  1008 1019 1044 1060 1036 1018  868  745  822  977 1036
167CARNARVO1992112  1036 1010  964  919  906  890  860  846  785  812  780
167CARNARVO1992113   730  799  866  913  923  921  926  898
167CARNARVO1992121   850  863  957 1042 1072 1040  982  911  786  748  830
167CARNARVO1992122   893  896  875  941  980  987  938  843  841  885  879
167CARNARVO1992123   851  815  798  848  894  881  857  824  767
167CARNARVO1993 11   696  671  714  794  896  994 1014  986  962  943  949
167CARNARVO1993 12   948  931  925  886  871  879  916  944  987 1041 1029
167CARNARVO1993 13   971  991  981  933 1044 1178 1182 1114 1056
167CARNARVO1993 21   910  757  755  827  788  867  946  958  930  895  879
167CARNARVO1993 22   840  821  858  913  940  923  868  858  914  976  968
167CARNARVO1993 23   855  754  776  805  869  899
167CARNARVO1993 31   915  901  858  873  924  934  941  944  949 1012 1038
167CARNARVO1993 32   998  968  900  890  914  884  849  857  857  836  898
167CARNARVO1993 33   930  877  796  754  827  887  889  846  847
167CARNARVO1993 41   904  933  853  782  841  916  989 1028 1038 1056 1010
167CARNARVO1993 42   956  981 1029 1053 1034  981  946  990 1059 1029  926
167CARNARVO1993 43   908 1009  986  950 1003 1030 1016 1048
167CARNARVO1993 51  1157 1150 1129 1112 1075 1011 1001 1076 1084 1003  941
167CARNARVO1993 52   925  982 1039 1076 1165 1257 1212 1055  888  885  934
167CARNARVO1993 53   907  916  982 1055 1124 1009  926  951 1077
167CARNARVO1993 61  1085 1008  966  982 1007 1019 1116 1262 1155  991  923
167CARNARVO1993 62   933 1016 1117 1134 1108 1034  925  936  990 1009 1007
167CARNARVO1993 63  1022 1042 1064 1042  964  919  912  955
167CARNARVO1993 71  1001  998  959  868  848  916 1002 1052 1044 1047 1057
167CARNARVO1993 72   969  926  919  888  792  785  831  895 1012 1070 1045
167CARNARVO1993 73   978  950  953  953  977 1022  901  839  821
167CARNARVO1993 81   812  903 1001 1019 1061  960  858  831  805  915 1038
167CARNARVO1993 82   964  808  747  738  798  862  871  850  878  919  893
167CARNARVO1993 83   860  852  796  770  830  938  866  686  638
167CARNARVO1993 91   767  916  986  957  922  866  791  775  859  945  944
167CARNARVO1993 92   874  887  952  950  929  914  801  677  699  842  873
167CARNARVO1993 93   733  745  873  920  855  837  817  749
167CARNARVO1993101   678  572  644  813  916  899  840  720  723  835  874
167CARNARVO1993102   903  939  928  877  818  740  703  794  897  905  878
167CARNARVO1993103   823  779  754  743  686  703  778  822  779
167CARNARVO1993111   738  796  871  904  910  907  923  947  922  858  879
167CARNARVO1993112   981  985  951  939  914  862  779  747  759  790  829
167CARNARVO1993113   902  944  865  828  883  930  940  884
167CARNARVO1993121   911  977  969  987  971  982 1045 1016  872  765  848
167CARNARVO1993122   838  779  873 1038 1095 1116 1085 1022  893  891  964
167CARNARVO1993123   978  979  997  996  979  926  906  929  919
167CARNARVO1994 11   885  870  865  905  938  985 1031 1057 1012  942  917
167CARNARVO1994 12   943 1039 1066  981  905  954 1058 1107 1088 1069 1070
167CARNARVO1994 13  1080 1010  867  875  952 1025 1082 1140 1124
167CARNARVO1994 21  1005  970 1031  982  899  887  865  852  875  990 1114
167CARNARVO1994 22  1141 1067 1055 1097 1118 1102 1040  981  908  851  862
167CARNARVO1994 23   889 1001 1051 1027 1057 1062
167CARNARVO1994 31  1041 1026 1008 1003 1023 1062 1110 1074 1022 1078 1127
167CARNARVO1994 32  1092 1081 1102 1148 1222 1256 1232 1190 1193 1152 1065
167CARNARVO1994 33  1071 1101 1080 1067 1046 1044 1020  916  922
167CARNARVO1994 41  1027 1120 1151 1056 1004 1066 1077 1035 1090 1245 1328
167CARNARVO1994 42  1263 1238 1291 1222 1140 1137 1182 1159 1130 1145 1127
167CARNARVO1994 43  1115 1078 1038 1025 1049 1096 1072 1023
167CARNARVO1994 51  1076 1109 1138 1183 1155 1089 1045 1031 1055 1091 1125
167CARNARVO1994 52  1081 1014 1013  998  977 1020 1058 1094 1088 1117 1187
167CARNARVO1994 53  1135  988  943  990 1068 1146 1177 1059 1086
167CARNARVO1994 61  1092  941  858  893 1011 1089 1082 1015  947  927  910
167CARNARVO1994 62   857  873  976 1076 1089 1069 1113 1164 1104  964  907
167CARNARVO1994 63   928  945 1001 1045 1040 1012 1089 1176
167CARNARVO1994 71  1042  977  969  995 1017 1021 1022 1020  957  884  833
167CARNARVO1994 72   866  927  935  911  869  860  895  950 1013 1034 1014
167CARNARVO1994 73   994  978  917  838  826  826  835  891  940
167CARNARVO1994 81  1000 1024 1061  966  841  869  982  997 1018 1020  898
167CARNARVO1994 82   777  804  861  825  801  878  938  961  939  882  859
167CARNARVO1994 83   895  922  914  927  910  904  930  920  835
167CARNARVO1994 91   744  656  654  757  860  823  782  841  875  865  859
167CARNARVO1994 92   869  855  889  900  896  909  920  920  874  792  797
167CARNARVO1994 93   777  754  797  793  753  772  786  756
167CARNARVO1994101   731  665  705  771  665  642  786  897  927  925  925
167CARNARVO1994102   944  939  814  806  844  822  839  892  904  920  912
167CARNARVO1994103   843  806  796  761  764  841  881  850  883
167CARNARVO1994111   900  843  802  868  958  980  958  901  819  773  785
167CARNARVO1994112   796  862  933 1018 1059  979  866  861  926  967  951
167CARNARVO1994113   854  781  796  824  826  837  882  913
167CARNARVO1994121   904  893  859  832  783  782  931 1019 1034 1003  913
167CARNARVO1994122   871  926 1009 1038 1039 1069 1084 1058 1043 1019  988
167CARNARVO1994123  1006 1003  965  915  860  900  992 1020 1027
167CARNARVO1995 11  1049 1041  994  969  981  999  980  949  901  895 1018
167CARNARVO1995 12  1105 1057 1034 1052 1078 1071 1032  970  958  948  897
167CARNARVO1995 13   934  998  991  978  953  857  748  760  807
167CARNARVO1995 21   886  992  966  873  894  955  984 1017 1060 1115 1160
167CARNARVO1995 22  1127 1075  969  965 1042 1093 1105 1104 1087 1095 1118
167CARNARVO1995 23  1098 1049 1114 1121 1130 1107
167CARNARVO1995 31  1096 1119 1071 1015 1019 1017  996  977  982  976  963
167CARNARVO1995 32   994 1031 1052 1020 1010 1025 1080 1098 1113 1145 1165
167CARNARVO1995 33  1161 1142 1126 1107 1099 1098 1099 1115 1129
167CARNARVO1995 41  1156 1166 1123 1141 1168 1213 1241 1277 1289 1208 1148
167CARNARVO1995 42  1153 1173 1050 1018 1065 1002  982 1013 1094 1078  979
167CARNARVO1995 43  1001 1126 1178 1208 1211 1139 1032 1008
167CARNARVO1995 51   970  996 1123 1215 1232 1303 1321 1307 1297 1236 1168
167CARNARVO1995 52  1094 1018  982 1054 1149 1161 1061 1045 1094 1101 1122
167CARNARVO1995 53   963  883  997 1083 1067 1006  983 1029 1061
167CARNARVO1995 61  1036 1019 1045 1127 1146 1170 1193 1080  952  988 1069
167CARNARVO1995 62  1049  964  938  980 1071 1142 1209 1342 1353 1310 1195
167CARNARVO1995 63  1060  996  872  811  843  865  902  955
167CARNARVO1995 71   988 1027 1056 1036 1037 1036 1071 1083 1065 1185 1264
167CARNARVO1995 72  1145 1133 1132 1024  945  948 1051 1095  906  862  886
167CARNARVO1995 73   986 1009  917  866  911 1014  894  806  837
167CARNARVO1995 81   910  976  949  922  966 1064 1173 1203 1076 1003  992
167CARNARVO1995 82   965  906  930  962  954  949  956  889  882  872  848
167CARNARVO1995 83   877  790  720  761  900  952  897  864  833
167CARNARVO1995 91   884  974 1029 1046 1144 1061  944  885  828  861  910
167CARNARVO1995 92   899  815  806  882  980  942  898  857  827  872  934
167CARNARVO1995 93   989  991  940  962  977  985  973  929
167CARNARVO1995101   859  902  938  831  787  795  842  930  959  924  833
167CARNARVO1995102   796  898  981 1003  999 1008  932  813  852  960 1029
167CARNARVO1995103  1062 1079 1072 1089 1105 1100 1124 1097 1066
167CARNARVO1995111  1010  923  927 1038 1099 1082 1028  871  774  874  887
167CARNARVO1995112   896 1003 1091 1116 1093 1035  995  978 1027 1109 1121
167CARNARVO1995113  1107 1082 1012  995  993  977  968 1016
167CARNARVO1995121  1076 1020  931 1003 1140 1147 1045 1011 1111 1245 1426
167CARNARVO1995122  1518 1342 1231 1130 1058 1070 1063  984  934  924  954
167CARNARVO1995123  1000 1016 1024 1038 1042  996  966  989 1026
167CARNARVO1996 11  1132 1205 1151 1069 1030 1065 1078 1047  982  938  978
167CARNARVO1996 12   962  914  951 1073 1155 1139 1094 1070 1137 1187 1194
167CARNARVO1996 13  1177 1118 1091 1048 1000 1017  993  965 1036
167CARNARVO1996 21  1153 1197 1189 1183 1321 1512 1238 1174 1182 1230 1272
167CARNARVO1996 22  1253 1217 1240 1286 1296 1242 1177 1165 1184 1171 1129
167CARNARVO1996 23  1117 1084 1061 1150 1187 1212 1239
167CARNARVO1996 31  1180 1125 1109 1062  998 1019 1099 1107 1038  891  892
167CARNARVO1996 32  1006 1073 1050  972 1035 1155 1170 1183 1225 1206 1130
167CARNARVO1996 33  1081 1031 1059 1068  971  897  949  992 1063
167CARNARVO1996 41  1124 1142 1173 1169 1107 1017 1056 1184 1273 1319 1252
167CARNARVO1996 42  1128 1083 1141 1177 1187 1195 1269 1211 1038 1087 1024
167CARNARVO1996 43   958 1023 1109 1124 1097 1095 1122 1150
167CARNARVO1996 51  1150 1121 1091 1067 1076 1130 1220 1197 1126 1019  966
167CARNARVO1996 52  1022 1118 1161 1169 1158 1120 1108 1149 1175 1165 1142
167CARNARVO1996 53  1126 1156 1191 1163 1103 1111 1162 1193 1171
167CARNARVO1996 61  1211 1218 1129 1134 1146 1181 1240 1243 1195 1167 1160
167CARNARVO1996 62  1108 1134 1188 1161 1167 1217 1166 1177 1169 1081 1043
167CARNARVO1996 63  1103 1137 1174 1219 1121 1043 1076 1028
167CARNARVO1996 71  1068 1138 1077  995 1034 1123 1159 1129 1098 1112 1146
167CARNARVO1996 72  1120 1184 1443 1417 1200 1174 1079 1018 1070 1125 1115
167CARNARVO1996 73  1122 1019  973 1122 1178 1184 1285 1191 1032
167CARNARVO1996 81  1005 1007 1001  997  902  832  882 1010 1122 1117 1056
167CARNARVO1996 82  1037  990  930  907  915  986 1100 1192 1136 1048 1001
167CARNARVO1996 83   995  981  933  894  887  949 1035 1041  969
167CARNARVO1996 91   958 1010  977  985  999  989 1002 1032 1144 1071  881
167CARNARVO1996 92   925 1046 1104 1072 1005  969  907  879 1013 1150 1023
167CARNARVO1996 93   940  956 1008 1065  999  947  893  888
167CARNARVO1996101   941  994  983  918  927  992 1008 1028 1030  786  805
167CARNARVO1996102  1013 1134 1070  917  811  820  941 1075 1121 1144 1139
167CARNARVO1996103  1000  900  967 1047 1121 1169 1153 1105 1055
167CARNARVO1996111   985  984 1060 1160 1239 1142  944  892 1025 1106 1113
167CARNARVO1996112  1129 1106 1075 1049  994  972 1010 1068 1095 1081 1079
167CARNARVO1996113  1015  977  944  914  948 1003 1071 1112
167CARNARVO1996121  1129 1088 1040  988  935  970 1031 1051 1075 1065  963
167CARNARVO1996122   898  969 1057 1127 1184 1180 1143 1189 1251 1162 1149
167CARNARVO1996123  1173 1104 1102 1134 1059  978  907  957 1128
167CARNARVO1997 11  1310 1381 1294 1171 1054 1091 1195 1222 1182 1184 1197
167CARNARVO1997 12  1133 1101 1158 1198 1201 1194 1188 1106 1023 1102 1223
167CARNARVO1997 13  1272 1312 1281 1273 1293 1296 1204 1068 1054
167CARNARVO1997 21  1153 1182 1146 1095 1078 1091 1023 1039 1112 1154 1196
167CARNARVO1997 22  1213 1168 1094 1112 1182 1199 1223 1195 1108 1059 1167
167CARNARVO1997 23  1286 1254 1148 1107 1112 1111
167CARNARVO1997 31  1108 1047 1011 1033 1078 1038  971  987 1008  939  877
167CARNARVO1997 32   903  981 1062 1051  999  958  915  916  970  979  975
167CARNARVO1997 33   997 1012 1023 1025 1030 1013 1008 1028 1048
167CARNARVO1997 41  1097 1133 1134 1108 1135 1199 1146 1091 1090 1107 1077
167CARNARVO1997 42  1040 1035 1067 1096 1078 1064 1074 1056 1008 1008 1024
167CARNARVO1997 43  1019 1096 1163 1163 1115 1090 1115 1121
167CARNARVO1997 51  1150 1110 1029 1053 1036 1017 1051 1118 1151 1162 1186
167CARNARVO1997 52  1191 1168 1166 1201 1278 1338 1227 1084 1027 1046 1111
167CARNARVO1997 53  1076 1025  945  899  892  923 1086 1245 1176
167CARNARVO1997 61  1103 1085 1051 1013  960  973 1061 1028  983  987  949
167CARNARVO1997 62   939  991 1098 1140 1119 1151 1219 1247 1107 1001 1015
167CARNARVO1997 63  1082 1105 1097 1072 1065 1080 1039 1074
167CARNARVO1997 71  1219 1325 1214 1084 1081 1043  888  759  749  791  891
167CARNARVO1997 72   942  909  826  900  998 1021  971  942  963 1023 1107
167CARNARVO1997 73  1168 1072  946  893  851  850  906  956  909
167CARNARVO1997 81   878  973 1093 1068  896  867  898  947  991  829  785
167CARNARVO1997 82   852  874  881  832  731  593  621  720  790  774  763
167CARNARVO1997 83   807  879  891  886  882  873  897  942  916
167CARNARVO1997 91   903  862  865 1050 1047  815  786  784  770  768  743
167CARNARVO1997 92   680  713  806  855  844  817  814  829  845  848  848
167CARNARVO1997 93   819  778  744  724  731  751  767  784
167CARNARVO1997101   767  708  709  745  835  898  885  916  852  766  715
167CARNARVO1997102   778  857  875  825  785  806  826  876  893  896  883
167CARNARVO1997103   863  850  841  808  729  672  602  658  766
167CARNARVO1997111   874  938  903  834  751  759  809  829  812  804  860
167CARNARVO1997112   838  780  760  712  668  725  849  882  865  851  814
167CARNARVO1997113   798  806  826  815  821  798  804  844
167CARNARVO1997121   844  853  848  835  770  764  835  930  972  962  922
167CARNARVO1997122   871  851  866  814  742  766  818  780  754  881  995
167CARNARVO1997123   957  896  940 1017  960  903  894  864  780
167CARNARVO1998 11   741  764  778  757  801  835  850  861  852  835  817
167CARNARVO1998 12   807  797  820  819  771  816  866  834  774  700  707
167CARNARVO1998 13   751  835  923  952  949 1013 1121 1049  882
167CARNARVO1998 21   763  736  786  811  909  936  927  971  969  952  964
167CARNARVO1998 22  1030 1074 1048  972  994  948  884  893  884  921  974
167CARNARVO1998 23   972  925  850  903 1021 1035
167CARNARVO1998 31  1010  967  945  946  961  980 1011 1052 1079 1046  934
167CARNARVO1998 32   837  879  999 1041 1013 1026 1074 1103 1064  930  842
167CARNARVO1998 33   927 1060 1099 1093 1073 1071 1106 1116 1084
167CARNARVO1998 41  1089 1133 1152 1135 1106 1099 1096 1117 1135 1128 1139
167CARNARVO1998 42  1143 1150 1171 1173 1149 1142 1146 1102 1032 1062 1095
167CARNARVO1998 43  1095 1121 1147 1121 1091 1058 1058 1102
167CARNARVO1998 51  1158 1152 1144 1132 1083 1128 1214 1269 1323 1353 1220
167CARNARVO1998 52  1128 1087 1110 1185 1217 1265 1288 1271 1229 1167 1142
167CARNARVO1998 53  1151 1196 1308 1238 1166 1096 1137 1235 1240
167CARNARVO1998 61  1234 1271 1281 1229 1132 1154 1302 1177 1210 1165 1028
167CARNARVO1998 62  1062 1082 1075 1161 1308 1294 1173 1041 1070 1189 1175
167CARNARVO1998 63  1165 1220 1219 1147 1089 1074 1165 1360
167CARNARVO1998 71  1411 1293 1262 1150 1075 1009  906 1041 1190 1240 1294
167CARNARVO1998 72  1315 1236 1107 1035 1014 1040 1041 1004 1014 1031 1011
167CARNARVO1998 73  1032 1104 1110  988  920  974 1093 1190 1239
167CARNARVO1998 81  1136 1070 1073 1106 1055  973  944 1007 1062 1040 1016
167CARNARVO1998 82  1050 1047 1074 1050  994  982  963  901  861  882  926
167CARNARVO1998 83   961  956 1033 1093 1090 1092 1062 1067 1118
167CARNARVO1998 91  1096 1000  801  720  908 1051 1078 1067 1036  944  881
167CARNARVO1998 92   832  716  740  930 1066 1005  923  960 1016  974  879
167CARNARVO1998 93   926 1017 1058 1041 1049 1034 1038  986
167CARNARVO1998101   893  926 1029 1020  935  963  956  986 1044 1012  966
167CARNARVO1998102   949  946  935  990 1019  946  797  741  908 1089 1064
167CARNARVO1998103  1000 1027 1042 1051 1051  989  944 1040 1082
167CARNARVO1998111  1044  977  995 1049 1017  962  964 1023 1102 1139 1174
167CARNARVO1998112  1211 1118 1010 1117 1179 1158 1110 1115 1159 1164 1118
167CARNARVO1998113  1031  997  966  936 1049 1107 1103 1076
167CARNARVO1998121   908  848 1020 1192 1281 1337 1258 1203 1187 1103 1004
167CARNARVO1998122  1054 1103 1088 1084 1091 1073  943  910 1048 1157 1134
167CARNARVO1998123  1044  996 1015 1061 1089 1144 1189 1133 1054
167CARNARVO1999 11   998 1005 1016  948  879  960 1154 1181 1050  968  991
167CARNARVO1999 12  1033 1096 1109 1110 1156 1178 1208 1219 1183 1147 1091
167CARNARVO1999 13  1077 1083 1094 1114 1103 1076 1091 1141 1088
167CARNARVO1999 21  1007 1021  983 1037 1184 1346 1409 1361 1282 1170 1137
167CARNARVO1999 22  1176 1211 1202 1192 1184 1187 1201 1184 1158 1168 1204
167CARNARVO1999 23  1229 1238 1249 1265 1267 1257
167CARNARVO1999 31  1243 1199 1138 1104 1126 1232 1274 1147 1162 1285 1331
167CARNARVO1999 32  1307 1230 1194 1212 1255 1289 1358 1469 1365 1308 1481
167CARNARVO1999 33  1581 1228 1171 1187 1279 1364 1368 1311 1281
167CARNARVO1999 41  1349 1409 1374 1335 1325 1355 1433 1501 1489 1385 1388
167CARNARVO1999 42  1428 1405 1333 1323 1352 1351 1309 1274 1285 1300 1294
167CARNARVO1999 43  1279 1254 1277 1330 1300 1282 1302 1324
167CARNARVO1999 51  1329 1323 1339 1373 1400 1381 1320 1327 1348 1361 1384
167CARNARVO1999 52  1472 1519 1424 1349 1284 1279 1309 1270 1218 1183 1183
167CARNARVO1999 53  1257 1301 1361 1437 1439 1301 1199 1140 1169
167CARNARVO1999 61  1205 1221 1157 1108 1085 1106 1163 1167 1181 1201 1142
167CARNARVO1999 62  1087 1132 1170 1184 1181 1195 1156 1075 1070 1179 1249
167CARNARVO1999 63  1200 1221 1272 1286 1275 1136 1040 1106
167CARNARVO1999 71  1194 1262 1263 1290 1293 1188 1105 1079 1141 1175 1140
167CARNARVO1999 72  1170 1121 1029 1045 1036  966  920 1032 1132 1037 1004
167CARNARVO1999 73  1055 1091 1146 1131 1124 1013  875  973 1070
167CARNARVO1999 81  1091  997  946 1021 1064  937  810  842  985 1042  897
167CARNARVO1999 82   866 1037 1123 1162 1174 1133  994  845  835 1005 1118
167CARNARVO1999 83  1123 1070  978  948 1000 1056  986  897  941
167CARNARVO1999 91   986 1010  898  806  907 1069 1069 1012 1025 1050  997
167CARNARVO1999 92   994 1001  965  865  874 1026 1060 1074 1101 1102 1047
167CARNARVO1999 93  1014 1092 1130 1099  955  878  962  953
167CARNARVO1999101   958 1035 1063 1050 1039 1070 1074  975  972  970  967
167CARNARVO1999102  1052 1132 1020  973  925  927  989 1012 1058 1124 1127
167CARNARVO1999103  1095 1028  998 1039 1067 1036 1015 1040 1076
167CARNARVO1999111  1100 1115 1157 1152 9999 9999 9999 9999 9999 9999 9999
167CARNARVO1999112  9999 9999 9999 9999 9999 9999 9999 9999 9999 9999 9999
167CARNARVO1999113  9999 9999 9999 9999 9999 9999 9999 9999
167CARNARVO1999121  1016  970 1059 1171 1137 1084 1075 1072 1110 1201 1246
167CARNARVO1999122  1205 1200 1245 1346 1390 1282 1299 1290 1257 1239 1209
167CARNARVO1999123  1170 1189 1225 1230 1215 1192 1205 1234 1245
167CARNARVO2000 11  1236 1235 1234 1239 1243 1235 1253 1286 1294 1307 1263
167CARNARVO2000 12  1177 1138 1153 1159 1090 1023 1022 1112 1175 1186 1239
167CARNARVO2000 13  1289 1254 1211 1258 1291 1308 1290 1260 1233
167CARNARVO2000 21  1180 1168 1162 1148 1220 1298 1310 1263 1204 1185 1228
167CARNARVO2000 22  1300 1316 1299 1295 1302 1309 1265 1268 1290 1214 1095
167CARNARVO2000 23  1080 1052 1087 1199 1260 1305 1298
167CARNARVO2000 31  1172 1200 1400 1366 1294 1259 1017 1274 1613 1404 1310
167CARNARVO2000 32  1293 1255 1244 1264 1216 1292 1508 1500 1409 1338 1327
167CARNARVO2000 33  1410 1452 1453 1375 1257 1244 1328 1370 1366
167CARNARVO2000 41  1374 1362 1360 1342 1366 1406 1386 1364 1391 1407 1396
167CARNARVO2000 42  1281 1196 1231 1292 1285 1303 1396 1453 1447 1408 1364
167CARNARVO2000 43  1388 1439 1425 1409 1353 1282 1162 1192
167CARNARVO2000 51  1294 1312 1274 1262 1265 1306 1348 1367 1368 1325 1172
167CARNARVO2000 52  1057 1091 1202 1245 1243 1244 1265 1275 1301 1347 1386
167CARNARVO2000 53  1366 1363 1295 1255 1309 1380 1409 1405 1348
167CARNARVO2000 61  1291 1291 1295 1290 1284 1304 1308 1275 1323 1349 1311
167CARNARVO2000 62  1324 1390 1345 1201 1162 1197 1228 1178 1146 1110 1131
167CARNARVO2000 63  1176 1199 1151 1031 1007 1079 1157 1220
167CARNARVO2000 71  1242 1256 1268 1239 1160 1122 1101 1127 1205 1202 1125
167CARNARVO2000 72  1160 1151 1154 1161 1143 1110 1040 1018 1041 1029 1031
167CARNARVO2000 73   977  917 1040 1167 1305 1314 1172 1097 1034
167CARNARVO2000 81   989  925  966 1112 1129 1065  982  932  933  983 1059
167CARNARVO2000 82  1059 1031 1102 1151 1054 1021 1010  969  918  935 1021
167CARNARVO2000 83  1102 1134 1129 1098 1109 1082 1021 1041  993
167CARNARVO2000 91   952  938  974 1064 1113  985  907  843  839  932 1031
167CARNARVO2000 92   969  909  937  862  883 1018 1036  992 1004 1034 1024
167CARNARVO2000 93   989  958  998 1071 1077  978  880  909
167CARNARVO2000101  1007 1041 1046 1039 1005  850  785  826  960 1148 1050
167CARNARVO2000102   890  939 1117 1217 1114 1011 1034 1110 1110 1037  998
167CARNARVO2000103  1019 1022  998 1054 1146 1136 1033  973 1040
167CARNARVO2000111  1051 1003  959  952  963  995  985  925  865  859  932
167CARNARVO2000112  1015 1098 1124 1122 1102 1027  981 1026 1134 1200 1177
167CARNARVO2000113  1128 1075 1055 1032  942  863  886  978
167CARNARVO2000121   934  915 1065 1093 1049 1038 1107 1134 1051  994  997
167CARNARVO2000122  1026 1048 1065 1094 1053 1034 1084 1083  993  903  904
167CARNARVO2000123   989 1079 1149 1149 1160 1108 1004  978  993
167CARNARVO2001 11  1004 1012 1040 1073 1095 1126 1123 1103 1102 1110 1105
167CARNARVO2001 12  1074 1035 1109 1225 1256 1279 1306 1316 1323 1253 1133
167CARNARVO2001 13  1020  948 1074 1172 1187 1191 1194 1175 1131
167CARNARVO2001 21  1041 1007 1105 1255 1271 1187 1100 1179 1312 1372 1342
167CARNARVO2001 22  1290 1289 1303 1302 1302 1191 1093 1028  986 1081 1150
167CARNARVO2001 23  1177 1189 1191 1209 1208 1160
167CARNARVO2001 31  1127 1095 1103 1153 1166 1163 1151 1100 1090 1164 1204
167CARNARVO2001 32  1219 1247 1207 1109 1093 1152 1114 1059 1179 1301 1243
167CARNARVO2001 33  1122 1076 1163 1249 1256 1249 1273 1272 1264
167CARNARVO2001 41  1283 1271 1264 1299 1301 1199 1135 1210 1271 1256 1236
167CARNARVO2001 42  1233 1212 1205 1227 1228 1171 1145 1183 1249 1346 1431
167CARNARVO2001 43  1306 1196 1110 1083 1146 1222 1258 1249
167CARNARVO2001 51  1220 1204 1227 1259 1326 1306 1216 1222 1269 1249 1229
167CARNARVO2001 52  1182 1107 1105 1141 1211 1257 1304 1406 1364 1286 1328
167CARNARVO2001 53  1342 1226 1114 1114 1189 1252 1307 1310 1261
167CARNARVO2001 61  1177 1169 1177 1081 1053 1097 1171 1238 1206 1213 1138
167CARNARVO2001 62  1101 1168 1265 1277 1167 1069 1063 1107 1174 1234 1254
167CARNARVO2001 63  1257 1257 1245 1225 1195 1169 1151 1131
167CARNARVO2001 71  1062 1021  976  954 1054 1117 1194 1159 1055 1045 1074
167CARNARVO2001 72  1078 1057 1043 1024 1046 1065 1096 1132 1115 1080 1048
167CARNARVO2001 73  1076 1110 1140 1197 1291 1310 1272 1104  892
167CARNARVO2001 81   984 1113 1070  988  987  929  935 1029 1015  968  932
167CARNARVO2001 82   980 1098 1153  872  772  929  988  991 1016 1050 1086
167CARNARVO2001 83  1126 1083  992  991 1080 1141 1052  865  834
167CARNARVO2001 91   921  949  963 1013 1054  951  884  924  910  868  907
167CARNARVO2001 92   904  896  913  900  964 1044 1003  994 1063 1088 1053
167CARNARVO2001 93   919  920 1023 1036 1051 1120 1001  909
167CARNARVO2001101   921  963 1028 1137 1163 1063 1028  985  899  901  902
167CARNARVO2001102   863  929  962  931  938 1077 1196 1165 1082  973  867
167CARNARVO2001103   836  887  972  962  961 1027 1002  996  998
167CARNARVO2001111   993  975  937  885  914  940  980  986 1019 1108 1152
167CARNARVO2001112  1134 1121 1126 1130 1046 1054 1088 1021  968  891  826
167CARNARVO2001113   831  873  969 1062 1092 1106 1126 1118
167CARNARVO2001121  1071 1056 1065 1015  945  942 1011 1043 1087 1152 1151
167CARNARVO2001122  1111 1061 1026 1022 1035 1034  994  949  937  977 1058
167CARNARVO2001123  1083 1010  975  998  964  884  836  878  949
167CARNARVO2002 11   983 1010 1009  965  903  946  996  965  909  823  844
167CARNARVO2002 12   960 1016 1030 1045 1039 1009  977  957 1004 1088 1102
167CARNARVO2002 13  1058 1020 1021 1049 1102 1142 1151 1157 1130
167CARNARVO2002 21  1109 1120 1145 1158 1144 1155 1118 1064 1107 1145 1139
167CARNARVO2002 22  1089 1002  884  811  854  936  926  898  937  978  991
167CARNARVO2002 23   969  954  927  954 1032 1079
167CARNARVO2002 31  1115 1172 1183 1126 1067 1095 1129 1118 1062 1004 1020
167CARNARVO2002 32  1029 1075 1143 1135 1094 1033 1035 1079 1073 1050  967
167CARNARVO2002 33   948 1036 1102 1144 1166 1213 1235 1182 1116
167CARNARVO2002 41  1085 1116 1127 1104 1122 1140 1108 1037 1009 1039 1045
167CARNARVO2002 42  1131 1215 1228 1205 1137 1078 1038 1047 1069 1080 1100
167CARNARVO2002 43  1102 1102 1102 1082 1063 1029 1075 1136
167CARNARVO2002 51  1175 1184 1163 1184 1274 1274 1212 1166 1162 1177 1103
167CARNARVO2002 52  1065 1093 1079 1076 1101 1075 1118 1159 1130 1127 1200
167CARNARVO2002 53  1210 1153 1127 1124 1102 1088 1068 1094 1173
167CARNARVO2002 61  1261 1325 1359 1286 1128 1018  976 1066 1172 1157 1121
167CARNARVO2002 62  1163 1148 1071 1021 1081 1158 1106  997 1042 1073 1019
167CARNARVO2002 63  1052 1051 1055 1064 1111 1119 1098 1097
167CARNARVO2002 71  1002  940  989 1014 1047 1115 1098 1052 1065 1065 1039
167CARNARVO2002 72   923  886  931  970 1033 1122 1174 1200 1249 1144 1058
167CARNARVO2002 73  1035  930  860  890  851  965 1094 1093 1043
167CARNARVO2002 81   905  903 1029  985  852  876  975 1091 1037  851  800
167CARNARVO2002 82   831  915  948  786  767  858  945  991  981  950  897
167CARNARVO2002 83   925  977  952  919  908  944  940  917  955
167CARNARVO2002 91   938  843  838  817  771  777  826  851  920  965  903
167CARNARVO2002 92   840  855  869  684  678  803  925  939  868  820  792
167CARNARVO2002 93   726  687  740  762  799  882  967  921
167CARNARVO2002101   756  777  927 1035  983  858  763  721  779  768  732
167CARNARVO2002102   790  864  852  818  846  854  814  820  808  831  864
167CARNARVO2002103   821  824  864  903  894  803  798  859  836
167CARNARVO2002111   704  685  801  900  899  839  837  880  927  920  799
167CARNARVO2002112   794  942 1048  936  844  894  883  918  980  981  938
167CARNARVO2002113   880  808  815  890  916  926  975  946
167CARNARVO2002121   836  797  864  953  951  927  913  920  931  958  966
167CARNARVO2002122   933  899  863  840  806  831  910  975  978  978 1025
167CARNARVO2002123  1051 1050 1057 1050 1031  994  896  871  975
167CARNARVO2003 11  1035 1016  981  922  853  867  956 1024 1030 1054 1026
167CARNARVO2003 12   946  967 1015 1018  967  918  888  845  868  927  968
167CARNARVO2003 13   976  916  902 1040 1134 1080  991 1051 1138
167CARNARVO2003 21  1129 1050  961  986 1057 1060 1057 1093 1106 1048 1011
167CARNARVO2003 22  1067 1107 1093 1103 1099 1078 1053  983  950  949  869
167CARNARVO2003 23   822  892 1008 1047 1046 1073
167CARNARVO2003 31  1075 1070 1039 1018 1079 1128 1200 1221 1224 1147 1010
167CARNARVO2003 32   939  940  988 1007  969  920  906  954 1020 1041 1030
167CARNARVO2003 33  1038 1013 1044 1063 1091 1127 1100 1061 1038
167CARNARVO2003 41  1046 1092 1114 1131 1117 1084 1126 1197 1215 1192 1100
167CARNARVO2003 42  1033 1027 1053 1129 1100 1043 1045 1076 1075 1084 1108
167CARNARVO2003 43  1100 1093 1104 1044 1042 1080 1068 1081
167CARNARVO2003 51  1108 1139 1152 1180 1214 1202 1179 1137 1158 1244 1270
167CARNARVO2003 52  1205 1194 1272 1293 1158 1044 1002 1071 1166 1125 1076
167CARNARVO2003 53  1077 1061 1007  982 1013 1080 1151 1181 1147
167CARNARVO2003 61  1092 1063 1002  914  896  960 1036 1062 1054  975  849
167CARNARVO2003 62   860  970 1065 1122 1133 1120 1104 1132 1260 1362 1296
167CARNARVO2003 63  1198 1222 1242 1206 1137 1104 1056  999
167CARNARVO2003 71   998 1004 1001 1019  995  916  890  944 1007 1003  942
167CARNARVO2003 72  1021 1083  965  847  873  909  979  949  827  787  734
167CARNARVO2003 73   789  949 1057 1037  957  976 1035  967  890
167CARNARVO2003 81   913  997 1033  986  923  892  895  930  998 1168 1041
167CARNARVO2003 82   845  854  919  983  998  967 1041 1022  984 1058  855
167CARNARVO2003 83   766  734  723  801  906  921  910  935  988
167CARNARVO2003 91  1028 1037  991  918  859  914  903  877  907  853  799
167CARNARVO2003 92   820  850  858  790  755  800  841  906  930  898  847
167CARNARVO2003 93   812  769  807  931  977  993  989  897
167CARNARVO2003101   851  865  850  785  747  757  818  941 1009 1012 1044
167CARNARVO2003102  1033  908  779  770  832  799  699  777  904  952  913
167CARNARVO2003103   903  941  977  940  877  839  829  798  802
167CARNARVO2003111   829  918  919  818  814  860  881  892  938  997 1019
167CARNARVO2003112  1003  962  995 1112 1145 1090 1028  947  909  986 1032
167CARNARVO2003113   972  903  869  891  954  999  979  962
167CARNARVO2003121   974  964 1012 1099 1098 1037  979  882  858  923  937
167CARNARVO2003122   986 1035 1017  959  976 1006  983  943  898  944 1013
167CARNARVO2003123   980  923  923  951  905  833  791  806  927
167CARNARVO2004 11  1017 1030 1016 1027 1054 1126 1138 1115 1101 1074 1041
167CARNARVO2004 12   995  960  975  969  957  950  893  841  874  942  982
167CARNARVO2004 13   980  999 1020 1023 1041 1047 1017  964  976
167CARNARVO2004 21  1009 1075 1106 1089 1046  987  976  985  974  947  947
167CARNARVO2004 22   982  946  886  947 1072 1079 1047 1070 1076 1101 1107
167CARNARVO2004 23  1122 1134 1138 1091 1016 1029 1095
167CARNARVO2004 31  1064 1021  935  929 1002 1049  974  976 1047 1058 1069
167CARNARVO2004 32  1071 1098 1125 1097 1063 1072 1102 1126 1104 1044  998
167CARNARVO2004 33   953  964 1091 1108  961  999 1053  984 1001
167CARNARVO2004 41  1056 1133 1165 1100 1015 1060 1113 1119 1130 1135 1127
167CARNARVO2004 42  1129 1137 1109 1151 1205 1202 1143 1068 1046 1000 1049
167CARNARVO2004 43  1154 1153 1202 1232 1219 1197 1201 1222
167CARNARVO2004 51  1221 1227 1228 1257 1252 1245 1231 1222 1272 1242 1159
167CARNARVO2004 52  1084 1059 1103 1188 1096  982  984 1072 1208 1211 1141
167CARNARVO2004 53  1127 1081 1026  980  961 1009 1074 1151 1151
167CARNARVO2004 61  1091 1139 1197 1174 1138 1117 1107 1087 1127 1189 1191
167CARNARVO2004 62  1126 1071 1108 1142 1153 1109 1044 1092 1142 1180 1163
167CARNARVO2004 63  1072 1036 1101 1124 1074  972  897  922
167CARNARVO2004 71  1015  989  929  987 1105 1177 1124 1013  980  936  912
167CARNARVO2004 72   948  986  995 1003 1020 1051 1124 1206 1294 1234 1162
167CARNARVO2004 73  1113  983  927  993 1081 1112 1063  972  957
167CARNARVO2004 81   863  779  818  912  935  815  740  781  897 1013 1030
167CARNARVO2004 82   899  871  803  714  782  818  854  897  899  877  889
167CARNARVO2004 83   954  972  917  910  884  759  719  806  926
167CARNARVO2004 91   968  955  964 1001  967  781  710  775  769  743  798
167CARNARVO2004 92   874  928  965  967  940  938  951  939  920  809  749
167CARNARVO2004 93   839  871  873  851  828  832  849  811
167CARNARVO2004101   807  830  879  940  931  820  795  824  810  851  894
167CARNARVO2004102   843  794  836  826  796  842  871  902  850  779  851
167CARNARVO2004103   961  972  909  939  982  963  903  898  912
167CARNARVO2004111   902  886  831  876  962 1025 1049 1016  982  897  838
167CARNARVO2004112   814  882  968  969  940  824  781  919 1007 1047 1106
167CARNARVO2004113  1149 1119 1061 1013  963  935  844  817
167CARNARVO2004121   938  933  917  944  933  987 1032 1051 1053  979  888
167CARNARVO2004122   845  875  925  938  891  822  869  995 1032  995  972
167CARNARVO2004123   973 1019 1046 1053 1061 1017  967  917  928
167CARNARVO2005 11   951  875  884  916  930  927  922  970  909  809  838
167CARNARVO2005 12   925  892  875  955 1056 1083 1037 1022 1034 1043 1056
167CARNARVO2005 13  1066 1056 1005  920  928  958  961  940  882
167CARNARVO2005 21   909  978 1029 1060 1012  953  959 1028 1072 1057 1060
167CARNARVO2005 22  1086 1106 1101 1038  917  828  887  985 1005  971  948
167CARNARVO2005 23   964  993 1067 1064  995  985
167CARNARVO2005 31  1027 1061 1094 1064 1039 1085 1097 1089 1083 1066 1104
167CARNARVO2005 32  1274 1342 1230 1176 1117 1044 1015 1005  972  993 1033
167CARNARVO2005 33  1016 1008 1039 1098 1152 1150 1100 1114 1112
167CARNARVO2005 41   994  941 1052 1110 1098 1141 1203 1186 1064 1058 1092
167CARNARVO2005 42  1024 1051 1117 1084 1049 1037 1041 1059 1031 1037 1044
167CARNARVO2005 43   988  971 1033 1073 1032 1064 1189 1289
167CARNARVO2005 51  1288 1279 1229 1187 1226 1220 1207 1191 1180 1166 1171
167CARNARVO2005 52  1179 1144 1141 1165 1133 1132 1161 1171 1225 1223 1198
167CARNARVO2005 53  1163 1169 1235 1242 1237 1242 1242 1260 1296
167CARNARVO2005 61  1350 1371 1314 1274 1255 1250 1196 1218 1123 1075 1095
167CARNARVO2005 62  1037 1022 1061 1225 1243 1141 1030  970  978 1072 1231
167CARNARVO2005 63  1169 1021 1011 1091 1197 1278 1254 1073
167CARNARVO2005 71  1009 1076 1090 1049  982  888  918 1000 1050 1055 1045
167CARNARVO2005 72  1064  982  971 1054 1077  997 1017 1101 1116 1046 1002
167CARNARVO2005 73   934  928  986 1028 1004  967  919  961 1049
167CARNARVO2005 81  1076  977  883  881  917  917  924  970 1037 1028 1053
167CARNARVO2005 82  1133 1028  936 1061 1101  999  826  820  943 1031 1034
167CARNARVO2005 83  1003  969  945  938  929  933  914  925  911
167CARNARVO2005 91   905  906  888  920 1015 1008  979  926  839  911 1008
167CARNARVO2005 92   969  899  797  817  984  989 1011 1104 1028  941  924
167CARNARVO2005 93   883  791  832  872  759  724  753  789
167CARNARVO2005101   823  885  959  903  833  721  717  819  814  816  829
167CARNARVO2005102   760  817  910  973  937  931  948  940  960  959  921
167CARNARVO2005103   953  968  926  957  985  897  900  899  890
167CARNARVO2005111   829  878  919  912  883  887  891  817  768  839  887
167CARNARVO2005112   910  894  933  970  965  953  989 1006  986  967  976
167CARNARVO2005113  1002 1036 1073 1084 1039  968  902  910
167CARNARVO2005121  1012  989  952  957  921  869  869  870  930  975  906
167CARNARVO2005122   845  909  922  911  976 1073 1116 1065 1027 1074 1036
167CARNARVO2005123   986 1038 1040  959  960 1054 1088 1033  927
167CARNARVO2006 11   976 1106 1152 1144 1156 1165 1161 1126 1070 1105 1183
167CARNARVO2006 12  1109 1055 1016 1030 1068 1028  971  916  845  797  911
167CARNARVO2006 13  1116 1165 1092 1053 1036 1002  904  841  829
167CARNARVO2006 21   815  856  936 1028 1099 1135 1116 1118 1164 1166 1140
167CARNARVO2006 22  1108 1111 1130 1080 1032 1032 1026 1069 1157 1228 1229
167CARNARVO2006 23  1181 1146 1193 1236 1275 1361
167CARNARVO2006 31  1336 1223 1190 1203 1192 1217 1266 1288 1267 1184 1063
167CARNARVO2006 32  1103 1207 1226 1265 1315 1280 1248 1248 1239 1197 1064
167CARNARVO2006 33  1012 1025 1020 1117 1186 1137 1095 1067 1171
167CARNARVO2006 41  1215 1056 1038 1093 1226 1371 1422 1403 1204 1072 1079
167CARNARVO2006 42  1128 1138 1164 1207 1094 1019 1105 1214 1251 1263 1255
167CARNARVO2006 43  1239 1260 1232 1114 1079 1095 1112 1104
167CARNARVO2006 51  1078 1088 1109 1127 1164 1199 1226 1246 1244 1248 1240
167CARNARVO2006 52  1250 1257 1243 1204 1155 1129 1089 1075 1149 1243 1286
167CARNARVO2006 53  1296 1267 1229 1191 1265 1322 1228 1106 1131
167CARNARVO2006 61  1158 1178 1215 1221 1207 1183 1207 1205 1167 1146 1149
167CARNARVO2006 62  1167 1168 1141 1111 1068 1019 1042 1074 1070 1103 1140
167CARNARVO2006 63  1131 1122 1083 1082 1082 1005 1004 1008
167CARNARVO2006 71  1036 1090 1030  981  997 1071 1133 1145 1128 1044  824
167CARNARVO2006 72   775  819  834  871  957 1029 1053 1056  995  909  929
167CARNARVO2006 73   996  969  922  946  951  923  917  965 1001
167CARNARVO2006 81   958  902  895  851  885  950  910  851  935  991  986
167CARNARVO2006 82   973  977 1034  987  910 1002 1048 1032 1005 1043  981
167CARNARVO2006 83   924  924  903  803  859  981  994  982  961
167CARNARVO2006 91   873  844  927  863  877 1025 1057 1049 1027 1040 1005
167CARNARVO2006 92   903  925 1012 1017  970  945  873  814  852  889  873
167CARNARVO2006 93   844  850  814  835  843  897  936  866
167CARNARVO2006101   856  884  819  769  872  875  889  928  912  913  863
167CARNARVO2006102   791  747  817  921  846  803  917  995 1006  968  920
167CARNARVO2006103   871  916  967  958  954  950  970  980  951
167CARNARVO2006111   882  913 1007 1036 1048 1012  982  991  968  912  872
167CARNARVO2006112   891  898  877  857  846  910  922  869  824  876  970
167CARNARVO2006113   968  945 1001 1033 1059 1048  946  825
167CARNARVO2006121   824  922  947  940  931  952  959  870  794  872  981
167CARNARVO2006122   993  971  972  986 1014 1059 1077 1073 1051 1005 1048
167CARNARVO2006123  1090 1072 1070 1127 1164 1117 1052 1050 1072
167CARNARVO2007 11  1082 1094 1081 1058 1019 1008 1067 1080 1011  958  937
167CARNARVO2007 12  1008 1051 1015  864  799  857  823  781  867  975 1003
167CARNARVO2007 13   981  961  949  956  944  919  886  879  870
167CARNARVO2007 21   868  946  986  907  916  996  980  916  908  884  865
167CARNARVO2007 22   883  945  984  954  958  945  944  993 1037 1073 1100
167CARNARVO2007 23  1074 1081 1117 1088 1067 1062
167CARNARVO2007 31  1014  973 1003 1047 1097 1138 1166 1152 1071 1159 1198
167CARNARVO2007 32  1166 1140 1045 1009 1066 1166 1207 1185 1160 1119  947
167CARNARVO2007 33   890 1050 1199 1079  969 1105 1225 1217 1108
167CARNARVO2007 41  1043 1113 1190 1183 1152 1163 1143 1014  972 1079 1159
167CARNARVO2007 42  1176 1195 1236 1190 1127 1123 1087 1045 1041 1106 1164
167CARNARVO2007 43  1197 1195 1186 1210 1213 1225 1228 1218
167CARNARVO2007 51  1171 1120 1068 1007 1008  983  951  958 1062 1155 1188
167CARNARVO2007 52  1160 1113 1092 1052 1053 1037 1038 1019 1000 1077 1100
167CARNARVO2007 53  1099 1122 1172 1145 1089 1007  999 1090 1162
167CARNARVO2007 61  1140 1114 1158 1213 1243 1281 1248 1167 1147 1167 1200
167CARNARVO2007 62  1200 1196 1184 1142 1126 1117 1105 1076 1081 1179 1243
167CARNARVO2007 63  1138 1069 1114 1278 1383 1312 1251 1230
167CARNARVO2007 71  1220 1127 1008  971 1052 1137 1147 1078 1044 1062 1099
167CARNARVO2007 72  1150 1151 1038  941  983 1093 1221 1235 1222 1191 1132
167CARNARVO2007 73  1138 1079 1032 1113 1157 1010 1034 1049 1002
167CARNARVO2007 81   958  841  880 1007 1043  943  904 1002 1077 1094 1022
167CARNARVO2007 82  1024 1008  854  802  895 1024 1087 1075 1052 1074 1084
167CARNARVO2007 83  1031  973 1000 1019  956  922  820  795  919
167CARNARVO2007 91   964 1015 1033  978  927  958  939  860  897 1026 1045
167CARNARVO2007 92   975  943  908  899  930  936  906  876  886  905  900
167CARNARVO2007 93  1002  970  837  822  825  896  948  932
167CARNARVO2007101   897  867  930 1031 1047 1062 1102 1073  974  896  851
167CARNARVO2007102   859  956  969  927  921  857  880  942  872  819  907
167CARNARVO2007103  1047 1098 1133 1088  948  911  950  942  939
167CARNARVO2007111   967 1013 1050 1101 1093 1036  993  929  919 1011 1065
167CARNARVO2007112  1066 1070 1090 1136 1154 1107  998  870  901 1008 1087
167CARNARVO2007113  1155 1158 1156 1140 1122 1107 1057  960
167CARNARVO2007121   889  952 1036 1034  952  888  906  985 1122 1195 1220
167CARNARVO2007122  1200 1173 1151 1202 1202 1156 1143 1094  985  965 1096
167CARNARVO2007123  1223 1257 1216 1221 1236 1225 1273 1304 1444
167CARNARVO2008 11  1430 1308 1243 1108  973  985 1067 1103 1040  950  955
167CARNARVO2008 12   986 1066 1060 1039 1120 1146 1133 1184 1205 1147 1100
167CARNARVO2008 13  1094 1119 1105 1099 1099 1103 1133 1181 1256
167CARNARVO2008 21  1290 1288 1248 1238 1231 1257 1296 1272 1239 1229 1212
167CARNARVO2008 22  1224 1203 1118 1100 1124 1164 1259 1346 1324 1208 1209
167CARNARVO2008 23  1251 1279 1356 1361 1313 1258 1241
167CARNARVO2008 31  1232 1221 1236 1299 1452 1521 1401 1291 1233 1247 1308
167CARNARVO2008 32  1266 1172 1193 1212 1205 1205 1268 1331 1387 1396 1359
167CARNARVO2008 33  1334 1353 1388 1412 1412 1508 1600 1528 1424
167CARNARVO2008 41  1317 1347 1415 1481 1486 1401 1347 1323 1332 1254 1230
167CARNARVO2008 42  1295 1352 1388 1383 1354 1302 1242 1178 1239 1301 1257
167CARNARVO2008 43  1179 1196 1259 1277 1332 1376 1275 1205
167CARNARVO2008 51  1250 1269 1219 1199 1202 1207 1209 1202 1210 1180 1153
167CARNARVO2008 52  1191 1176 1074 1003 1030 1130 1215 1244 1246 1250 1275
167CARNARVO2008 53  1261 1222 1173 1186 1243 1287 1301 1299 1301
167CARNARVO2008 61  1271 1275 1273 1206 1151 1170 1272 1400 1313 1144 1050
167CARNARVO2008 62  1068 1181 1285 1238 1150 1099 1067 1064 1118 1186 1264
167CARNARVO2008 63  1277 1217 1151 1186 1238 1153 1083 1067
167CARNARVO2008 71  1105 1109 1076 1046  966  951 1076 1155 1196 1194 1136
167CARNARVO2008 72  1053 1014 1106 1162 1124 1142 1058  893  899 1023 1134
167CARNARVO2008 73  1143 1120 1123 1172 1185 1125 1142 1121 1025
167CARNARVO2008 81  1041 1021  950  918  983 1048 1075 1116 1135 1146 1132
167CARNARVO2008 82  1086 1041 1066 1090 1048 1037 1081 1080 1031 1021 1075
167CARNARVO2008 83  1152 1129 1064 1079 1191 1163 1025  919  904
167CARNARVO2008 91   976 1027 1069 1048  964  928  982 1076 1047  978  985
167CARNARVO2008 92   994  949  928 1012 1112 1085 1015  959  935  846  893
167CARNARVO2008 93  1051 1096 1122 1026  913  960 1053 1037
167CARNARVO2008101  1036  972  861  777  746  818  923 1024 1023 1035  969
167CARNARVO2008102   880  950 1062 1058  975  906  977 1086 1140 1161 1199
167CARNARVO2008103  1174 1112 1047 1058 1143 1097  957  831  865
167CARNARVO2008111  1010 1022  971  957  929  833  832  984 1089 1091 1049
167CARNARVO2008112  1016 1021  985  987 1029 1075 1160 1215 1215 1216 1217
167CARNARVO2008113  1161 1090 1068  976  847  865  977 1100
167CARNARVO2008121  1204 1229 1177 1113 1082 1094 1102 1097 1078 1021  962
167CARNARVO2008122   987 1090 1152 1117 1047 1021 1091 1123 1045 1029 1039
167CARNARVO2008123  1012  981  958 1033 1196 1238 1234 1232 1220
167CARNARVO2009 11  1198 1180 1167 1180 1203 1203 1201 1208 1179 1144 1159
167CARNARVO2009 12  1061  985 1040 1145 1201 1200 1138 1075 1100 1173 1175
167CARNARVO2009 13  1145 1173 1252 1294 1311 1273 1183 1170 1159
167CARNARVO2009 21  1208 1224 1175 1112 1124 1073 1133 1302 1304 1259 1245
167CARNARVO2009 22  1208 1171 1213 1269 1325 1337 1312 1305 1321 1312 1294
167CARNARVO2009 23  1286 1254 1142 1079 1123 1200
167CARNARVO2009 31  1262 1156 1154 1257 1283 1310 1320 1310 1346 1364 1324
167CARNARVO2009 32  1249 1215 1235 1196 1125 1047 1066 1164 1164 1154 1148
167CARNARVO2009 33  1097 1070 1115 1175 1156 1099 1118 1098 1101
167CARNARVO2009 41  1154 1199 1234 1253 1281 1324 1350 1324 1301 1272 1242
167CARNARVO2009 42  1248 1239 1220 1217 1218 1214 1215 1204 1227 1238 1115
167CARNARVO2009 43  1025 1065 1124 1180 1187 1214 1231 1190
167CARNARVO2009 51  1191 1246 1265 1270 1275 1276 1292 1289 1289 1286 1224
167CARNARVO2009 52  1195 1196 1231 1320 1354 1327 1304 1288 1358 1389 1230
167CARNARVO2009 53  1175 1172 1221 1260 1273 1245 1208 1199 1204
167CARNARVO2009 61  1212 1186 1102 1031 1024 1035 1108 1191 1212 1244 1197
167CARNARVO2009 62  1101 1006 1007 1111 1175 1152 1136 1106 1090 1096 1168
167CARNARVO2009 63  1264 1209 1142 1160 1153 1224 1177 1032
167CARNARVO2009 71   931  977 1094 1102 1107 1118 1082 1153 1194 1120 1106
167CARNARVO2009 72  1008  965 1065 1144 1078 1017 1052 1123 1052  969  982
167CARNARVO2009 73  1015  950  815  824  907  956  964 1015 1060
167CARNARVO2009 81  1036 1021 1040 1060 1084 1068 1052 1115 1160 1118 1076
167CARNARVO2009 82  1045 1038 1038  933  880  972 1022  993 1007  983  970
167CARNARVO2009 83   938  869  913 1006 1008  908  753  774  837
167CARNARVO2009 91   854  831  872  949  878  837  820  870  950  991  973
167CARNARVO2009 92   892  868  916  943  907  928  907  925  927  835  782
167CARNARVO2009 93   836  820  826  917 1001 1055  993  885
167CARNARVO2009101   907  918  923  946  950  920  921  975  979  915  770
167CARNARVO2009102   718  804  934 1037 1074 1058 1044 1006  978  984  977
167CARNARVO2009103   971  981 1006 1031  994  914  921  891  851
167CARNARVO2009111   940 1008 1046 1055 1064 1049  986  952 1042 1085 1106
167CARNARVO2009112  1145 1121 1037 1007 1001 1002 1014  895  802  787  835
167CARNARVO2009113   948 1028  953  884  967 1017 1000  992
167CARNARVO2009121   902  852  929 1034 1066 1028  964  934  903  914  973
167CARNARVO2009122  1056 1092 1078 1010  912  981 1083 1096 1062 1012  972
167CARNARVO2009123   884  937 1050 1076 1099 1109 1018  938  927
167CARNARVO2010 11   917  962 1009 1048 1065 1031  976  960  925  810  753
167CARNARVO2010 12   849 9999 9999 9999 1127 1115 1138 1137 1021  985 1049
167CARNARVO2010 13  1063 1045  994  958  961  982  950  866  854
167CARNARVO2010 21   878  827  813  924  976  978 1001  998  967  969  991
167CARNARVO2010 22   997 1032 1040  978  957  974  999  999  958  935  982
167CARNARVO2010 23  1038 1069 1074 1059 1028 1018
167CARNARVO2010 31  1040 1041  998  941  923  982 1035 1068 1079 1092 1090
167CARNARVO2010 32  1091 1124 1124 1042  947  975 1019 1035 1051 1093 1098
167CARNARVO2010 33  1074 1049 1045 1089 1048 1037 1102 1112 1083
167CARNARVO2010 41  1068 1049  993  953 1010 1049  987  953  911  986 1086
167CARNARVO2010 42  1118 1129 1123 1091 1071 1116 1120 1093 1062 1037 1052
167CARNARVO2010 43  1093 1150 1160 1104 1139 1182 1147 1057
167CARNARVO2010 51  1036 1077 1090 1144 1191 1212 1243 1246 1206 1204 1269
167CARNARVO2010 52  1257 1124 1004 1025 1185 1342 1372 1300 1264 1313 1264
167CARNARVO2010 53  1118 1083 1119 1140 1037 1020 1136 9999 9999
167CARNARVO2010 61  1137 1154 1159 1175 1203 1197 1164 1152 1149 1164 1187
167CARNARVO2010 62  1202 1238 1320 1301 1165 1076 1067 1117 1140 1117 1119
167CARNARVO2010 63  1071 1001  977  994  984  968  985 1012
167CARNARVO2010 71  1065 1097 1058 1059 1113 1174 1267 1369 1193 1097 1147
167CARNARVO2010 72  1107 1044 1089 1181 1155  996  938 1014 1083 1082 1060
167CARNARVO2010 73  1066 1127 1150 1130 1077 1052 1010  953  985
167CARNARVO2010 81  1079 1133 1148 1118 1089 1085 1010  993 1088 1219 1363
167CARNARVO2010 82  1323 1058  996 1077 1188 1144 1027  993  995  978  992
167CARNARVO2010 83  1005 1010  995 1070 1133 1159 1147 1139 1113
167CARNARVO2010 91  1032  920  875  902 1009 1092 1085  988  920  971  995
167CARNARVO2010 92   935  931 1024 1091 1127 1123 1088 1132 1188 1173 1171
167CARNARVO2010 93  1172 1159 1127 1081 1094 1116 1146 1162
167CARNARVO2010101  1114 1014 1002 1060 1017 1049 1189 1258 1237 1132 1029
167CARNARVO2010102  1025 1032 1061 1136 1204 1246 1237 1216 1194 1114 1064
167CARNARVO2010103  1087 1062 1103 1188 1154 1004  943 1095 1249
167CARNARVO2010111  1291 1280 1278 1232 1183 1192 1203 1204 1216 1199 1078
167CARNARVO2010112  1058 1119 1161 1210 1242 1227 1155 1137 1213 1233 1209
167CARNARVO2010113  1108 1107 1146 1195 1256 1255 1294 1319
167CARNARVO2010121  1288 1198 1168 1201 1242 1301 1249 1130 1091 1165 1295
167CARNARVO2010122  1311 1225 1243 1316 1259 1423 1486 1439 1383 1362 1359
167CARNARVO2010123  1310 1278 1283 1351 1345 1243 1215 1240 1309
167CARNARVO2011 11  1393 1450 1545 1539 1545 1551 1470 1411 1425 1487 1476
167CARNARVO2011 12  1439 1318 1157 1132 1237 1338 1375 1326 1302 1364 1402
167CARNARVO2011 13  1452 1358 1236 1219 1326 1634 1509 1356 1337
167CARNARVO2011 21  1337 1346 1331 1300 1301 1352 1430 1474 1448 1488 1579
167CARNARVO2011 22  1515 1460 1477 1519 1658 1675 1648 1637 1533 1435 1331
167CARNARVO2011 23  1247 1389 1420 1383 1316 1295
167CARNARVO2011 31  1321 1318 1339 1368 1284 1192 1183 1198 1306 1339 1256
167CARNARVO2011 32  1215 1278 1337 1363 1387 1395 1371 1341 1323 1340 1337
167CARNARVO2011 33  1309 1297 1263 1289 1340 1364 1372 1374 1380
167CARNARVO2011 41  1400 1412 1406 1404 1416 1400 1263 1239 1376 1462 1399
167CARNARVO2011 42  1321 1297 1330 1391 1405 1390 1386 1372 1395 1427 1413
167CARNARVO2011 43  1391 1379 1389 1415 1420 1352 1303 1260
167CARNARVO2011 51  1248 1309 1360 1372 1344 1389 1460 1465 1394 1333 1363
167CARNARVO2011 52  1460 1503 1524 1550 1436 1357 1300 1297 1241 1119 1083
167CARNARVO2011 53  1181 1301 1328 1308 1272 1240 1317 1291 1249
167CARNARVO2011 61  1241 1220 1245 1341 1321 1227 1157 1137 1193 1250 1256
167CARNARVO2011 62  1247 1318 1359 1260 1166 1161 1142 1103 1081 1114 1167
167CARNARVO2011 63  1220 1247 1158 1130 1242 1272 1218 1181
167CARNARVO2011 71  1101 1069 1004 1001 1051  987 1020 1068 1082 1151 1294
167CARNARVO2011 72  1322 1284 1259 1224 1174 1143 1115 1083 1098 1091 1052
167CARNARVO2011 73  1054 1107 1172 1170 1228 1189 1158 1182 1168
167CARNARVO2011 81  1160 1100  957  930 1105 1210 1162 1081 1034 1050 1086
167CARNARVO2011 82  1147 1214 1142 1068  959  973 1086 1132 1131 1122 1053
167CARNARVO2011 83  1021  966  998 1053 1075 1064 1065 1072 1092
167CARNARVO2011 91  1136 1064  962  895  832  845  883  913  979 1064 1141
167CARNARVO2011 92  1158 1132 1138 1145 1122 1120 1019  939  978 1014  960
167CARNARVO2011 93   922  960  986 1008  968  973 1030 1094
167CARNARVO2011101  1112 1075  968  920  948 1002 1036 1024 1021 1042 1001
167CARNARVO2011102   958  879  843  947 1028 1036  977  958 1085 1157 1144
167CARNARVO2011103  1147 1175 1212 1199 1110 1099 1099 1079 1106
167CARNARVO2011111  1196 1266 1304 1264 1244 1222 1167 1080 1009 1023 1020
167CARNARVO2011112   985  990 1000 1061 1119 1111 1059 1054 1114 1148 1165
167CARNARVO2011113  1206 1196 1137 1087 1094 1072 1055 1139
167CARNARVO2011121  1229 1272 1274 1253 1249 1252 1220 1192 1173 1165 1164
167CARNARVO2011122  1166 1166 1185 1184 1185 1188 1139 1115 1139 1163 1150
167CARNARVO2011123  1130 1157 1163 1189 1266 1277 1224 1189 1167
167CARNARVO2012 11  1165 1187 1206 1224 1242 1194 1133 1174 1304 1364 1391
167CARNARVO2012 12  1450 1469 1419 1345 1255 1277 1314 1302 1285 1262 1264
167CARNARVO2012 13  1316 1377 1439 1493 1525 1524 1476 1452 1535
167CARNARVO2012 21  1519 1456 1341 1168 1144 1251 1291 1259 1214 1182 1190
167CARNARVO2012 22  1198 1176 1192 1249 1258 1201 1198 1270 1356 1348 1358
167CARNARVO2012 23  1332 1270 1229 1209 1229 1277 1343
167CARNARVO2012 31  1377 1386 1383 1348 1350 1370 1329 1401 1483 1482 1506
167CARNARVO2012 32  1552 1522 1530 1520 1494 1504 1497 1348 1232 1264 1284
167CARNARVO2012 33  1288 1332 1327 1285 1224 1241 1234 1200 1236
167CARNARVO2012 41  1275 1257 1250 1241 1240 1304 1322 1298 1294 1300 1334
167CARNARVO2012 42  1382 1376 1342 1350 1327 1297 1258 1228 1162 1071 1061
167CARNARVO2012 43  1137 1253 1296 1303 1351 1411 1406 1361
167CARNARVO2012 51  1362 1359 1321 1403 1418 1333 1297 1223 1140 1130 1242
167CARNARVO2012 52  1314 1263 1237 1279 1328 1329 1310 1320 1283 1245 1219
167CARNARVO2012 53  1175 1197 1292 1343 1328 1300 1327 1344 1313
167CARNARVO2012 61  1280 1290 1296 1296 9999 9999 9999 9999 9999 9999 9999
167CARNARVO2012 62  9999 9999 9999 9999 9999 9999 9999 9999 9999 9999 9999
167CARNARVO2012 63  9999 9999 9999 1326 1167 1038  997 1025
167CARNARVO2012 71  1092 1155 1185 1199 1215 1213 1187 1138 1191 9999 9999
167CARNARVO2012 72  9999 9999 9999 9999 9999  951  969 1078 1099 1146 1182
167CARNARVO2012 73  1159 1044  942  985 1068 1093 1123 1165 1197
167CARNARVO2012 81  1096 1016  973  942  990 1049  975  905  949  981 1020
167CARNARVO2012 82  1021  957  885  894 1012 1065 1032 1044 1063 1020  918
167CARNARVO2012 83   922  956  956  993  990  930  922 1021 1042
167CARNARVO2012 91   999 1023 1087  960  878  895 1005 1061 1068 1090  997
167CARNARVO2012 92   873  971 1083 1066 1089 1104 1096 1083 1059 1015  923
167CARNARVO2012 93   954 1024 1038 1015  913  859  948 1062
167CARNARVO2012101  1111 1104 1022  964  966  960  880  868  977 1062 1077
167CARNARVO2012102  1096 1070 1002  972 1020 1015  964  954 1029 1055  940
167CARNARVO2012103   853  927 1056 1131 1137 1118 1098 1118 1152
167CARNARVO2012111  1123 1111 1151 1074  958  856  822  903 1048 1028  913
167CARNARVO2012112   986 1078 1052 1036 1041 1068 1069 1012 1046 1137 1115
167CARNARVO2012113  1091 1064 1038 1097 1190 1143 1047  921
167CARNARVO2012121   888  989 1069 1081 1116 1119 1070 1093 1098 1118 1122
167CARNARVO2012122  1083 1086 1093 1144 1176 1173 1132 1111 1123 1117 1109
167CARNARVO2012123  1089 1118 1166 1203 1236 1285 1295 1349 1371
