168DARWIN        LAT=12 28.0S  LONG=130 51.0E
168DARWIN  1984 11  4117 4126 4137 4155 9999 4139 4170 4246 4270 4210 4199
168DARWIN  1984 12  4228 4176 4131 4124 4133 4136 4121 4115 4123 4112 4109
168DARWIN  1984 13  4093 4082 4068 4023 4021 4006 3987 3968 3958
168DARWIN  1984 21  3967 4033 4176 4215 4217 4231 4234 4238 4244 4222 4263
168DARWIN  1984 22  4236 4193 4234 4277 4278 4270 4298 4302 4267 4237 4242
168DARWIN  1984 23  4269 4296 4251 4223 4250 4234 4239
168DARWIN  1984 31  4252 4195 4183 4220 4255 4249 4255 4256 4243 4240 4227
168DARWIN  1984 32  4223 4215 4204 4176 4211 4218 4228 4235 4224 4236 4232
168DARWIN  1984 33  4246 4269 4243 4229 4217 4237 4246 4206 4197
168DARWIN  1984 41  4221 4248 4223 4205 4204 4178 4161 4146 4160 4189 4210
168DARWIN  1984 42  4221 4247 4266 4254 4243 4229 4231 4241 4226 4242 4238
168DARWIN  1984 43  4229 4221 4222 4230 4217 4190 4190 4238
168DARWIN  1984 51  4260 4239 4221 4209 4194 4162 4165 4226 4268 4283 4281
168DARWIN  1984 52  4272 4265 4261 4235 4235 4245 4239 4238 4201 4186 4197
168DARWIN  1984 53  4207 4215 4201 4225 4211 4174 4183 4197 4142
168DARWIN  1984 61  4079 4047 4044 4064 4084 4110 4126 4117 4109 4075 4084
168DARWIN  1984 62  4081 4087 4108 4114 4139 4082 4032 4051 4034 4010 4052
168DARWIN  1984 63  4076 4067 4064 4057 4068 4033 3968 3967
168DARWIN  1984 71  3993 3983 3967 3985 4016 4029 4042 4040 4021 3992 3993
168DARWIN  1984 72  4010 4007 4016 4038 4044 4060 4095 4106 4121 4120 4095
168DARWIN  1984 73  4061 3994 3907 3938 3988 3996 4017 4010 3994
168DARWIN  1984 81  4044 4090 4081 4053 4021 3996 4002 4011 4022 4032 4042
168DARWIN  1984 82  4053 4080 4071 4076 4088 4058 4035 4033 4040 4034 4021
168DARWIN  1984 83  4024 4023 4051 4073 4071 4091 4119 4121 4117
168DARWIN  1984 91  4093 4069 4055 4044 4049 4076 4086 4069 4109 4157 4168
168DARWIN  1984 92  4147 4103 4098 4113 4124 4040 4087 9999 9999 9999 9999
168DARWIN  1984 93  9999 9999 9999 9999 9999 9999 9999 9999
168DARWIN  1984101  9999 9999 9999 9999 9999 9999 9999 9999 9999 9999 9999
168DARWIN  1984102  9999 9999 9999 9999 9999 9999 9999 9999 9999 9999 9999
168DARWIN  1984103  9999 9999 9999 9999 9999 9999 9999 9999 9999
168DARWIN  1984111  9999 9999 9999 9999 9999 9999 9999 9999 9999 9999 9999
168DARWIN  1984112  9999 9999 9999 9999 9999 9999 9999 9999 9999 9999 9999
168DARWIN  1984113  9999 9999 9999 9999 9999 9999 9999 9999
168DARWIN  1984121  9999 9999 9999 9999 9999 9999 9999 9999 9999 9999 9999
168DARWIN  1984122  9999 9999 9999 9999 9999 9999 9999 9999 9999 9999 9999
168DARWIN  1984123  9999 9999 9999 9999 9999 9999 9999 9999 9999
168DARWIN  1985 11  9999 9999 9999 9999 9999 9999 9999 9999 9999 9999 9999
168DARWIN  1985 12  9999 9999 9999 9999 9999 9999 9999 9999 9999 9999 9999
168DARWIN  1985 13  9999 9999 9999 9999 9999 9999 9999 9999 9999
168DARWIN  1985 21  9999 9999 9999 9999 9999 9999 9999 9999 9999 9999 9999
168DARWIN  1985 22  9999 9999 9999 4287 4241 4267 4330 4284 4253 4277 4274
168DARWIN  1985 23  4267 4253 4264 4268 4238 4217
168DARWIN  1985 31  4179 4170 4202 4245 4257 4263 4289 4287 4301 4260 4244
168DARWIN  1985 32  4249 4262 4264 4232 4200 4222 4267 4274 4283 4302 4310
168DARWIN  1985 33  4311 4293 4259 4237 4224 4271 4297 4271 4255
168DARWIN  1985 41  4259 4270 4263 4232 4221 4235 4238 4250 4243 4211 4185
168DARWIN  1985 42  4215 4387 4340 4270 4248 4247 4248 4246 4242 4225 4194
168DARWIN  1985 43  4215 4233 4199 4156 4155 4167 4205 4254
168DARWIN  1985 51  4276 4253 4241 4237 4223 4213 4185 4162 4177 4140 4136
168DARWIN  1985 52  4183 4211 4223 4205 4164 4134 4116 4113 4079 4104 4106
168DARWIN  1985 53  4128 4148 4179 4174 4189 4226 4228 4231 4243
168DARWIN  1985 61  4231 4179 4096 4085 4097 4065 4041 4055 4062 4073 4070
168DARWIN  1985 62  4068 4041 4011 4028 4066 4083 4107 4082 4055 4044 4044
168DARWIN  1985 63  4072 4087 4070 4005 4019 4069 4037 4007
168DARWIN  1985 71  4019 4046 4057 4065 4096 4098 4058 4023 4005 3990 3981
168DARWIN  1985 72  3980 3980 4014 4016 3999 3985 3959 3983 4004 4012 4026
168DARWIN  1985 73  4031 4030 4031 4023 4001 3989 4000 4021 4004
168DARWIN  1985 81  4016 4042 4038 4043 4045 4034 4007 3997 4008 4016 3983
168DARWIN  1985 82  3985 3997 4004 4017 4033 4060 4059 4061 4054 4033 4034
168DARWIN  1985 83  4023 4003 3997 4007 4040 4058 4087 4106 4104
168DARWIN  1985 91  4086 4060 4042 4060 4070 4062 4053 4056 4046 4037 4067
168DARWIN  1985 92  4073 4088 4110 4104 4103 4108 4135 4115 4084 4065 4060
168DARWIN  1985 93  4071 4094 4106 4114 4110 4104 4113 4135
168DARWIN  1985101  4138 4131 4122 4093 4081 4082 4079 4081 4095 4096 4092
168DARWIN  1985102  4108 4137 4155 4154 4145 4155 4144 4129 4124 4123 4127
168DARWIN  1985103  4147 4145 4130 4134 4133 4151 4145 4122 4134
168DARWIN  1985111  4133 4139 4143 4151 4170 4180 4190 4169 4162 4195 4200
168DARWIN  1985112  4157 4159 4149 4127 4119 4114 4117 4130 4167 4194 4186
168DARWIN  1985113  4181 4166 4143 4114 4137 4154 4153 4169
168DARWIN  1985121  4167 4157 4160 4188 4207 4206 4204 4208 4221 4205 4173
168DARWIN  1985122  4173 4156 4166 4189 4204 4198 4226 4228 4221 4223 4205
168DARWIN  1985123  4180 4175 4192 4164 4154 4191 4193 4175 4186
168DARWIN  1986 11  4196 4192 4229 4206 4185 4172 4182 4211 4202 4197 4164
168DARWIN  1986 12  4209 4259 4253 4260 4280 4294 4393 4439 4361 4308 4296
168DARWIN  1986 13  4300 4247 4235 4234 4199 4173 4201 4203 4227
168DARWIN  1986 21  4224 4218 4200 4124 4118 4123 4141 4184 4201 4188 4182
168DARWIN  1986 22  4219 4219 4218 4259 4271 4239 4231 4219 4213 4221 4227
168DARWIN  1986 23  4201 4189 4199 4210 4238 4245
168DARWIN  1986 31  4250 4295 4274 4238 4260 4271 4287 4292 4290 4296 4290
168DARWIN  1986 32  4278 4264 4262 4276 4272 4258 4272 4289 4298 4294 4291
168DARWIN  1986 33  4293 4299 4297 4288 4280 4280 4309 4286 4271
168DARWIN  1986 41  4244 4251 4268 4277 4288 4271 4237 4260 4279 4275 4268
168DARWIN  1986 42  4236 4244 4256 4258 4263 4241 4264 4300 4313 4307 4286
168DARWIN  1986 43  4274 4275 4250 4217 4175 4124 4137 4133
168DARWIN  1986 51  4139 4169 4210 4226 4222 4197 4186 4197 4163 4156 4170
168DARWIN  1986 52  4153 4153 4164 4174 4187 4202 4207 4212 4194 4157 4124
168DARWIN  1986 53  4115 4115 4103 4125 4139 4149 4147 4171 4216
168DARWIN  1986 61  4165 4112 4121 4122 4174 4185 4151 4125 4132 4140 4145
168DARWIN  1986 62  4142 4099 4091 4118 4140 4156 4167 4159 4126 4091 4065
168DARWIN  1986 63  4068 4088 4110 4101 4092 4114 4129 4131
168DARWIN  1986 71  4058 4011 4026 4012 4037 4046 4064 4051 4037 4032 4026
168DARWIN  1986 72  4019 4047 4086 4069 4055 4057 4070 4086 4098 4114 4161
168DARWIN  1986 73  4182 4150 4143 4131 4049 3927 3976 4008 4012
168DARWIN  1986 81  4040 4031 3988 3949 3967 3985 4001 4024 4047 4052 4047
168DARWIN  1986 82  4064 4038 3975 3987 4006 3992 4017 4060 4072 4078 4065
168DARWIN  1986 83  4068 4054 4039 4032 4032 4041 4035 4030 3974
168DARWIN  1986 91  3937 3978 4038 4059 4073 4084 4084 4073 4050 4034 4025
168DARWIN  1986 92  4035 4027 4021 4026 4035 4068 4088 4065 4055 4050 4047
168DARWIN  1986 93  4044 4027 4046 4069 4099 4095 4054 4078
168DARWIN  1986101  4069 4056 4064 4065 4069 4054 4047 4052 4053 4039 4034
168DARWIN  1986102  4046 4073 4104 4099 4105 4091 4087 4078 4085 4092 4079
168DARWIN  1986103  4071 4067 4076 4086 4098 4112 4122 4126 4134
168DARWIN  1986111  4138 4167 4168 4166 4167 4145 4115 4123 4155 4155 4188
168DARWIN  1986112  4186 4157 4143 4152 4131 4112 4066 4105 4132 4140 4158
168DARWIN  1986113  4138 4139 4154 4159 4162 4155 4150 4136
168DARWIN  1986121  4105 4101 4074 4085 4090 4087 4093 4081 4106 9999 9999
168DARWIN  1986122  4138 4122 4106 4090 4105 4095 4063 4064 4087 4097 4105
168DARWIN  1986123  4109 4128 4106 4125 4095 4086 4100 4093 4082
168DARWIN  1987 11  4072 4072 4093 4114 4140 4147 4133 4124 4117 4108 4101
168DARWIN  1987 12  4116 4134 4165 4127 4159 4147 4107 4129 4165 4173 4162
168DARWIN  1987 13  4154 4144 4147 4137 4112 4087 4122 4177 4245
168DARWIN  1987 21  4272 4258 4211 4188 4206 4202 4155 4137 4120 4099 4120
168DARWIN  1987 22  4139 4208 4246 4260 4242 4231 4229 4225 4271 4280 4254
168DARWIN  1987 23  4247 4217 4191 4201 4203 4177
168DARWIN  1987 31  4158 4152 4150 4146 4136 4128 4116 4112 4115 4096 4098
168DARWIN  1987 32  4113 4157 4161 4183 4193 4181 4185 4181 4166 4154 4153
168DARWIN  1987 33  4144 4136 4135 4154 4179 4180 4180 4195 4172
168DARWIN  1987 41  4155 4152 4164 4155 4130 4117 4107 4098 4057 3986 9999
168DARWIN  1987 42  9999 9999 9999 9999 9999 9999 9999 9999 9999 9999 9999
168DARWIN  1987 43  9999 9999 9999 9999 9999 9999 4062 4047
168DARWIN  1987 51  4075 4082 4076 4059 4089 4113 4114 4120 4115 4108 4110
168DARWIN  1987 52  4106 4097 4087 4070 4073 4052 4035 4046 4047 4047 4034
168DARWIN  1987 53  4039 4045 4040 4022 3958 3894 3927 3932 3943
168DARWIN  1987 61  3991 4029 4027 4036 4053 4067 4043 4023 4025 4013 3998
168DARWIN  1987 62  3983 3981 3959 3945 3979 4035 4085 4076 4075 4055 4023
168DARWIN  1987 63  3983 3981 4002 4003 3973 3960 3939 3932
168DARWIN  1987 71  3970 4017 4035 4009 3946 3903 3938 3953 3939 3930 3949
168DARWIN  1987 72  3975 3999 4008 3997 3987 4004 4002 3982 3960 3931 3900
168DARWIN  1987 73  3899 3912 3930 3937 3955 3950 3945 3942 3919
168DARWIN  1987 81  3911 3920 3938 3885 3843 3857 3867 3868 3882 3883 3889
168DARWIN  1987 82  3943 3955 3943 3927 3938 3905 3866 3894 3930 3936 3943
168DARWIN  1987 83  3950 3947 3942 3943 3967 3972 3971 3966 3952
168DARWIN  1987 91  3936 3933 3937 3940 3963 3992 3988 3949 3942 3977 3978
168DARWIN  1987 92  3945 3948 3946 3938 3932 3931 3942 3951 3957 3983 3994
168DARWIN  1987 93  3983 3960 3969 4006 4019 4001 3956 3925
168DARWIN  1987101  3921 3916 3968 3981 3946 3967 3990 3994 3988 3985 4001
168DARWIN  1987102  4022 3998 3987 4001 4015 4016 4034 4025 4000 4015 4015
168DARWIN  1987103  4022 4023 4015 4012 3989 3979 3997 4033 4065
168DARWIN  1987111  4078 4081 4082 4067 4039 4040 4026 4024 4035 4033 4021
168DARWIN  1987112  4011 4037 4039 4035 4054 4071 4067 4064 4081 4062 4050
168DARWIN  1987113  4044 4061 4080 4110 4130 4129 4125 4120
168DARWIN  1987121  4119 4093 4067 4097 4096 4093 4112 4119 4120 4120 4144
168DARWIN  1987122  4164 4167 4176 4168 4135 4138 4132 4153 4182 4225 4237
168DARWIN  1987123  4221 4188 4210 4200 4174 4185 4207 4156 4105
168DARWIN  1988 11  4121 4114 4076 4076 4091 4097 9999 9999 4122 4127 4124
168DARWIN  1988 12  4138 4140 4137 4124 4096 4120 4145 4131 4133 4149 4173
168DARWIN  1988 13  4211 4200 4186 4156 4155 4145 4155 9999 9999
168DARWIN  1988 21  9999 9999 4165 4166 4197 4189 4173 4167 4191 4235 4238
168DARWIN  1988 22  4175 4162 4206 4224 4242 4275 4288 4263 4238 4220 4179
168DARWIN  1988 23  4196 4199 4188 4158 4142 4143 4162
168DARWIN  1988 31  4158 4172 4182 4168 4162 4178 4148 4142 4143 4135 4145
168DARWIN  1988 32  4125 4107 4136 4182 4200 4205 4167 4163 4197 4235 4188
168DARWIN  1988 33  4174 4203 4215 4218 4280 4308 4302 4332 4311
168DARWIN  1988 41  4262 4246 4236 4205 4200 4179 4166 4158 4148 4149 4169
168DARWIN  1988 42  4176 4184 4207 4198 4199 4178 4153 4152 4171 4144 4120
168DARWIN  1988 43  4139 4170 4197 4209 4221 4219 4218 4218
168DARWIN  1988 51  4180 4158 4170 4164 4140 4146 4176 4186 4197 4213 4167
168DARWIN  1988 52  4157 4193 4201 4183 4167 4137 4128 4119 4128 4153 4154
168DARWIN  1988 53  4155 4157 4164 4159 4149 4124 4118 4076 4040
168DARWIN  1988 61  4064 4085 4107 4136 4135 4111 4110 4114 4099 4087 4082
168DARWIN  1988 62  4054 4047 4051 4056 4045 4014 4014 4011 3989 4004 4027
168DARWIN  1988 63  4000 3960 3969 3965 3949 3964 3983 4006
168DARWIN  1988 71  4045 4053 4044 4013 4001 4006 4019 4022 4010 3991 3966
168DARWIN  1988 72  4024 4066 4061 4054 4070 4095 4094 4086 4081 4087 4072
168DARWIN  1988 73  4057 4053 4037 4021 4009 4040 4074 4084 4113
168DARWIN  1988 81  4119 4104 4125 4100 4082 4063 4036 4043 4043 4059 4087
168DARWIN  1988 82  4107 4120 4122 4083 4104 4098 4078 4063 4071 4071 4062
168DARWIN  1988 83  4060 4068 4101 4098 4094 4108 4115 4142 4138
168DARWIN  1988 91  4141 4129 4069 4064 4085 4095 4111 4135 4154 4182 4182
168DARWIN  1988 92  4035 9999 9999 9999 9999 9999 9999 9999 4135 4124 4146
168DARWIN  1988 93  4180 4186 4180 4186 4199 4189 4162 4151
168DARWIN  1988101  4160 4156 4167 4199 4236 4237 4223 4243 4245 4234 4220
168DARWIN  1988102  4222 4224 4220 4234 4220 4216 4214 4224 4230 4245 4257
168DARWIN  1988103  4246 4244 4232 4215 4210 4213 4203 4210 4234
168DARWIN  1988111  4238 4267 4288 4285 4264 4254 4251 4237 4239 4212 4212
168DARWIN  1988112  4221 4214 4205 4235 4242 4277 4294 4265 4262 4260 4241
168DARWIN  1988113  4224 4234 4229 4199 4205 4224 4300 4309
168DARWIN  1988121  4293 4308 4264 4262 4270 4276 4281 4283 4275 4271 4252
168DARWIN  1988122  4294 4310 4329 4346 4336 4333 4332 4310 4321 4303 4273
168DARWIN  1988123  4281 4308 4305 4286 4279 4288 4317 4280 4247
168DARWIN  1989 11  4274 4279 4261 4236 4224 4225 4238 4238 4255 4276 4274
168DARWIN  1989 12  4260 4245 4239 4237 4238 4208 4215 4226 4235 4251 4257
168DARWIN  1989 13  4255 4265 4292 4276 4285 4314 4373 4447 4409
168DARWIN  1989 21  4379 4371 4406 4398 4375 4341 4326 4333 4341 4359 4332
168DARWIN  1989 22  4314 4289 4278 4286 4293 4280 4279 4288 4325 4304 4316
168DARWIN  1989 23  4357 4348 4351 4343 4332 4297
168DARWIN  1989 31  4287 4293 4277 4276 4297 4317 4334 4383 4498 4473 4488
168DARWIN  1989 32  4500 4420 4362 4327 4316 4338 4354 4332 4326 4333 4329
168DARWIN  1989 33  4321 4301 4290 4274 4277 4283 4278 4283 4302
168DARWIN  1989 41  4313 4321 4343 4351 4349 4313 4304 4311 4285 4246 4241
168DARWIN  1989 42  4244 4259 4298 4306 4295 4272 4283 4299 4307 4322 4284
168DARWIN  1989 43  4242 4244 4266 4251 4249 4275 4283 4311
168DARWIN  1989 51  4328 4328 4321 4303 4281 4234 4206 4189 4135 4157 4176
168DARWIN  1989 52  4204 4246 4256 4239 4235 4214 4206 4182 4139 4156 4160
168DARWIN  1989 53  4166 4183 4196 4203 4202 4197 4218 4216 4212
168DARWIN  1989 61  4197 4163 4156 4145 4137 4134 4165 4179 4163 4127 4078
168DARWIN  1989 62  4069 4093 4108 4152 4156 4124 4110 4085 4050 4016 4034
168DARWIN  1989 63  4026 4066 4126 4152 4129 4101 4112 4103
168DARWIN  1989 71  4111 4111 4123 4125 4109 4039 4078 4134 4121 4125 4152
168DARWIN  1989 72  4171 4173 4149 4140 4125 4119 4124 4114 4112 4136 4149
168DARWIN  1989 73  4159 4155 4115 4059 4050 4038 4027 4045 4063
168DARWIN  1989 81  4088 4090 4101 4107 4097 4080 4083 4058 4011 3997 3990
168DARWIN  1989 82  3998 4013 3966 3928 3895 3915 3977 3998 4009 4009 3974
168DARWIN  1989 83  3924 3976 4009 4026 4026 4040 4042 4044 4067
168DARWIN  1989 91  4089 4109 4063 4034 4078 4086 4058 4056 4067 4064 4070
168DARWIN  1989 92  4112 4125 4143 4152 4150 4145 4137 4116 4091 4100 4104
168DARWIN  1989 93  4103 4128 4132 4140 4164 4168 4168 4167
168DARWIN  1989101  4165 4157 4144 4118 4105 4112 4129 4139 4151 4176 4189
168DARWIN  1989102  4176 4176 4167 4179 4192 4161 4150 4168 4180 4186 4185
168DARWIN  1989103  4208 4219 4223 4217 4209 4180 4180 4196 4195
168DARWIN  1989111  4183 4180 4176 4184 4215 4209 4209 4217 4226 4233 4234
168DARWIN  1989112  4212 4201 4175 4149 4151 4169 4150 4114 4133 4186 4184
168DARWIN  1989113  4177 4186 4169 4153 4141 4150 4149 4174
168DARWIN  1989121  4149 4127 4156 4178 4191 4219 4237 4236 4217 4189 4171
168DARWIN  1989122  4190 4209 4203 4168 4197 4208 4218 4234 4202 4193 4187
168DARWIN  1989123  4179 4162 4149 4116 4121 4136 4129 4131 4170
168DARWIN  1990 11  4174 4198 4207 4192 4191 4184 4161 4172 4180 4187 4182
168DARWIN  1990 12  4208 4247 4249 4235 4246 4227 4209 4241 4216 4201 4190
168DARWIN  1990 13  4191 4206 4217 4244 4228 4182 4212 4234 4237
168DARWIN  1990 21  4221 4202 4194 4178 4159 4179 4184 4179 4189 4220 4215
168DARWIN  1990 22  4193 4183 4177 4170 4168 4127 4123 4151 4147 4142 4168
168DARWIN  1990 23  4182 4205 4238 4263 4244 4212
168DARWIN  1990 31  4189 4196 4211 4207 4221 4251 4255 4242 4185 4144 4159
168DARWIN  1990 32  4252 4291 4239 4224 4217 4201 4160 4150 4194 4199 4204
168DARWIN  1990 33  4211 4203 4190 4191 4178 4172 4165 4157 4137
168DARWIN  1990 41  4108 4113 4127 4136 4144 4150 4143 4153 4162 4134 4128
168DARWIN  1990 42  4121 4139 4157 4149 4078 4106 4096 4109 4129 4136 4126
168DARWIN  1990 43  4100 4107 4080 4071 4045 4039 4029 4039
168DARWIN  1990 51  4094 4140 4128 4101 4095 4086 4077 4108 4106 4095 4111
168DARWIN  1990 52  4150 4141 4149 4159 4149 4156 4160 4173 4189 4212 4145
168DARWIN  1990 53  4042 4006 4007 4019 4016 4046 4072 4094 4091
168DARWIN  1990 61  4092 4102 4074 4039 4033 4035 4029 4041 4052 4066 4100
168DARWIN  1990 62  4110 4114 4107 4104 4122 4112 4036 3990 3985 3982 3976
168DARWIN  1990 63  4031 4058 4042 4028 3979 3963 4001 4012
168DARWIN  1990 71  3996 3959 3912 3938 3928 3925 3939 3955 3969 3992 4022
168DARWIN  1990 72  4040 4051 4067 4063 4049 4043 4042 4042 4045 4048 4043
168DARWIN  1990 73  4054 4060 4062 4069 4074 4074 4079 4052 3934
168DARWIN  1990 81  3841 3894 3924 3941 3953 3984 3985 3982 4028 4039 4024
168DARWIN  1990 82  4002 3992 3987 3946 3915 3940 3982 4012 4030 4055 4048
168DARWIN  1990 83  4032 4042 4042 4011 4007 4019 4018 4007 4000
168DARWIN  1990 91  4014 4007 4004 4031 4039 4047 4046 4041 4024 3995 3992
168DARWIN  1990 92  3992 3999 4019 4038 4040 4044 4058 4065 4053 4046 4045
168DARWIN  1990 93  4042 4032 4027 4009 4018 4029 4065 4090
168DARWIN  1990101  4089 4085 4067 4046 4046 4026 4004 4016 4010 4020 4047
168DARWIN  1990102  4069 4079 4076 4081 4098 4094 4097 4098 4083 4093 4096
168DARWIN  1990103  4092 4079 4103 4114 4109 4136 4141 4132 4130
168DARWIN  1990111  4118 4111 4104 4097 4086 4102 4116 4131 4158 4127 4109
168DARWIN  1990112  4134 4125 4136 4140 4124 4119 4133 4095 4122 4120 4131
168DARWIN  1990113  4137 4134 4171 4167 4181 4187 4153 4134
168DARWIN  1990121  4130 4111 4109 4135 4144 4139 4159 4199 4198 4192 4202
168DARWIN  1990122  4156 4153 4147 4111 4127 4130 4136 4141 4152 4167 4171
168DARWIN  1990123  4186 4220 4223 4215 4203 4172 4155 4164 4182
168DARWIN  1991 11  4169 4162 4225 4243 4223 4186 4214 4232 4228 4202 4175
168DARWIN  1991 12  4152 4180 4207 4216 4198 4194 4203 4199 4184 4190 4201
168DARWIN  1991 13  4206 4223 4203 4203 4250 4234 4209 4174 4198
168DARWIN  1991 21  4204 4202 4273 4301 4303 4289 4255 4240 4240 4260 4263
168DARWIN  1991 22  4270 4288 4305 4302 4305 4304 4289 4317 4334 4286 4256
168DARWIN  1991 23  4256 4223 4180 4240 4269 4249
168DARWIN  1991 31  4220 4248 4244 4223 4215 4226 4230 4238 4228 4228 4256
168DARWIN  1991 32  4264 4259 4250 4230 4247 4280 4253 4233 4215 4203 4191
168DARWIN  1991 33  4194 4191 4187 4194 4202 4226 4251 4218 4205
168DARWIN  1991 41  4187 4156 4141 4160 4179 4197 4228 4233 4238 4264 4271
168DARWIN  1991 42  4246 4245 4252 4231 4210 4196 4172 4172 4213 4225 4240
168DARWIN  1991 43  4246 4236 4220 4198 4188 4174 4167 4154
168DARWIN  1991 51  4139 4120 9999 9999 9999 9999 4170 4155 4100 4079 4079
168DARWIN  1991 52  4064 4057 4047 4028 4009 4020 4056 4068 4081 4085 4065
168DARWIN  1991 53  4076 4082 4071 4058 4062 4080 4071 4063 4069
168DARWIN  1991 61  4068 4062 4070 4080 4080 4066 4062 4058 4057 4045 4017
168DARWIN  1991 62  4003 4016 4023 4039 4049 4058 4063 4026 3971 3941 3939
168DARWIN  1991 63  3984 3988 3982 4000 4013 4001 4021 4038
168DARWIN  1991 71  4007 3991 4021 4026 4034 4056 4049 4001 3963 3972 3966
168DARWIN  1991 72  3969 3984 3985 3983 4004 4001 3996 4025 4067 4052 4002
168DARWIN  1991 73  3970 3973 3988 3987 3969 3970 3990 3999 3998
168DARWIN  1991 81  3992 3986 3985 3991 3976 3975 3960 3933 3919 3931 3955
168DARWIN  1991 82  3986 3980 3918 3905 3931 3908 3912 3934 3932 3941 3946
168DARWIN  1991 83  3940 3951 3960 3988 4011 3989 3974 3978 3973
168DARWIN  1991 91  3963 3953 3954 3976 3996 4011 3996 3996 4008 4016 3999
168DARWIN  1991 92  3970 3982 3983 3968 3954 3971 3985 3999 4003 3987 3995
168DARWIN  1991 93  4012 4044 4045 4017 3996 3991 3987 3985
168DARWIN  1991101  3987 3996 4018 4027 4025 4023 4034 4028 4029 4021 4012
168DARWIN  1991102  4020 4036 4047 4048 4040 4039 4044 4070 4067 4069 4079
168DARWIN  1991103  4083 4057 4044 4041 4039 4026 4032 4055 4058
168DARWIN  1991111  4063 4082 4076 4072 4064 4067 4050 4039 4042 4049 4046
168DARWIN  1991112  4064 4077 4071 4068 4041 4051 4066 4057 4063 4069 4060
168DARWIN  1991113  4073 4084 4086 4085 4093 4106 4115 4118
168DARWIN  1991121  4120 4122 4098 4087 4083 4085 4108 4111 4116 4138 4147
168DARWIN  1991122  4161 4162 4174 4160 4132 4124 4130 4136 4108 4102 4104
168DARWIN  1991123  4105 4106 4111 4107 4116 4144 4110 4127 4095
168DARWIN  1992 11  4075 4085 4072 4053 4076 4118 4114 4093 4097 4138 4135
168DARWIN  1992 12  4085 4105 4129 4090 4077 4064 4062 4052 4052 4068 4058
168DARWIN  1992 13  4079 4079 4058 4073 4071 4058 4049 4050 4067
168DARWIN  1992 21  4077 4093 4101 4093 4072 4123 4136 4115 4113 4126 4093
168DARWIN  1992 22  4119 4112 4066 4100 4109 4136 4154 4160 4171 4148 4169
168DARWIN  1992 23  4154 4092 4090 4137 4155 4144 4145
168DARWIN  1992 31  4136 4106 4108 4138 4133 4132 4132 4117 4108 4109 4119
168DARWIN  1992 32  4126 4130 4153 4162 4153 4143 4125 4129 4137 4115 4103
168DARWIN  1992 33  4088 4098 4120 4129 4137 4153 4162 4161 4183
168DARWIN  1992 41  4179 4171 4172 4172 4162 4186 4062 3894 3950 4076 4196
168DARWIN  1992 42  4194 4172 4140 4139 4158 4161 4134 4127 4116 4098 4093
168DARWIN  1992 43  4111 4125 4121 4117 4115 4110 4113 4119
168DARWIN  1992 51  4111 4101 4091 4079 4093 4098 4103 4117 4126 4135 4136
168DARWIN  1992 52  4120 4106 4089 4085 4077 4054 4052 4088 4113 4112 4109
168DARWIN  1992 53  4105 4100 4123 4168 4147 4086 4080 4076 4098
168DARWIN  1992 61  4095 4090 4087 4082 4100 4110 4124 4130 4079 4013 4029
168DARWIN  1992 62  4055 4032 4021 4028 4032 4021 4011 4006 3961 3962 3980
168DARWIN  1992 63  3965 3964 4000 3991 3962 3964 3961 3953
168DARWIN  1992 71  3953 3991 4004 4007 4025 4030 4002 3964 3992 3975 3986
168DARWIN  1992 72  3985 3957 3944 3953 3968 3964 3944 3934 3939 3927 3885
168DARWIN  1992 73  3852 3903 3942 3946 3952 3960 3985 4006 4017
168DARWIN  1992 81  4025 4025 4012 3982 3979 3974 3963 3958 3946 3953 3968
168DARWIN  1992 82  3970 3965 3990 4018 4003 3983 3982 3982 3995 4001 4022
168DARWIN  1992 83  4031 4030 4033 4034 4048 4065 4082 4082 4080
168DARWIN  1992 91  4055 4014 4028 4027 4004 4007 4000 4019 4041 4048 4051
168DARWIN  1992 92  4046 4038 4030 4034 4029 4032 4057 4053 4065 4082 4102
168DARWIN  1992 93  4117 4130 4124 4116 4121 4096 4084 4087
168DARWIN  1992101  4072 4071 4063 4097 4139 4153 4155 4144 4141 4157 4135
168DARWIN  1992102  4123 4118 4136 4138 4110 4102 4089 4069 4117 4155 4148
168DARWIN  1992103  4154 4156 4141 4137 4129 4113 4103 4104 4102
168DARWIN  1992111  4115 4142 4131 4129 4131 4111 4114 4133 4116 4109 4117
168DARWIN  1992112  4113 4120 4117 4125 4146 4166 4165 4177 4155 4135 4124
168DARWIN  1992113  4115 4129 4095 4089 4121 4115 4129 4150
168DARWIN  1992121  4147 4173 4177 4190 4188 4178 4160 4135 4140 4154 4131
168DARWIN  1992122  4141 4171 4177 4214 4249 4265 4259 4208 4183 4161 4128
168DARWIN  1992123  4140 4168 4157 4147 4133 4145 4153 4162 4144
168DARWIN  1993 11  4142 4154 4131 4103 4104 4084 4086 4124 4145 4128 4131
168DARWIN  1993 12  4139 4156 4170 4151 4116 4125 4125 4114 4115 4124 4139
168DARWIN  1993 13  4156 4186 4113 4147 4206 4290 4308 4326 4305
168DARWIN  1993 21  4248 4247 4245 4184 4155 4211 4187 4139 4151 4213 4212
168DARWIN  1993 22  4168 4199 4219 4238 4246 4237 4253 4275 4282 4284 4265
168DARWIN  1993 23  4271 4254 4241 4236 4227 4190
168DARWIN  1993 31  4148 4129 4155 4170 4166 4151 4155 4172 4163 4150 4134
168DARWIN  1993 32  4121 4122 4113 4118 4130 4127 4115 4128 4127 4140 4144
168DARWIN  1993 33  4111 4129 4147 4150 4147 4128 4117 4153 4153
168DARWIN  1993 41  4147 4172 4177 4163 4158 4161 4149 4142 4155 4138 4106
168DARWIN  1993 42  4104 4098 4077 4156 4211 4151 4107 4100 4099 4100 4111
168DARWIN  1993 43  4099 4076 4060 4060 4058 4076 4107 4115
168DARWIN  1993 51  4120 4127 4096 4059 4055 4050 4025 4014 4023 4041 4051
168DARWIN  1993 52  4029 4017 3972 4006 4059 4041 4039 4041 4012 3986 3987
168DARWIN  1993 53  3985 3980 3973 3990 4013 4027 4040 4047 4038
168DARWIN  1993 61  4023 4023 4025 4022 3998 4002 3976 3980 4005 4014 4005
168DARWIN  1993 62  4011 3997 3949 3930 3962 4007 4000 3972 3970 3987 3944
168DARWIN  1993 63  3939 3955 3950 3974 3995 3997 3998 3984
168DARWIN  1993 71  3971 3968 3968 3973 3974 3955 3903 3876 3884 3901 3935
168DARWIN  1993 72  3956 3944 3945 3939 3947 3971 3936 3905 3912 3920 3955
168DARWIN  1993 73  4004 4003 3998 3996 3994 3986 3975 3971 3970
168DARWIN  1993 81  3962 3955 3938 3933 3929 3944 3945 3949 3953 3941 3931
168DARWIN  1993 82  3935 3951 3957 3930 3910 3920 3951 3943 3943 3949 3958
168DARWIN  1993 83  3948 3930 3930 3946 3959 3954 3936 3942 3950
168DARWIN  1993 91  3944 3964 3998 4025 4009 4003 3999 4005 4020 4013 4031
168DARWIN  1993 92  4016 3991 3973 3987 4003 4009 4010 3988 3977 3980 3985
168DARWIN  1993 93  4008 4024 4031 4043 4056 4047 4029 4039
168DARWIN  1993101  4039 4020 4033 4022 4010 4029 4037 4022 4025 4029 4020
168DARWIN  1993102  4039 4042 4028 4033 4049 4053 4034 4021 4034 4028 4033
168DARWIN  1993103  4040 4051 4068 4064 4068 4079 4063 4055 4053
168DARWIN  1993111  4064 4075 4085 4086 4080 4084 4114 4129 4130 4131 4107
168DARWIN  1993112  4105 4093 4085 4092 4086 4081 4077 4091 4096 4096 4101
168DARWIN  1993113  4118 4116 4109 4088 4088 4085 4112 4120
168DARWIN  1993121  4114 4141 4139 4146 4146 4166 4181 4177 4143 4129 4110
168DARWIN  1993122  4116 4158 4171 4168 4179 4172 4161 4171 4177 4180 4199
168DARWIN  1993123  4204 4193 4209 4215 4199 4152 4144 4155 4190
168DARWIN  1994 11  4211 4215 4218 4191 4201 4225 4205 4195 4187 4162 4148
168DARWIN  1994 12  4154 4175 4180 4196 4188 4182 4192 4181 4167 4167 4197
168DARWIN  1994 13  4192 4190 4196 4172 4167 4226 4248 4254 4259
168DARWIN  1994 21  4256 4229 4232 4226 4206 4199 4203 4205 4189 4192 4212
168DARWIN  1994 22  4208 4212 4219 4201 4193 4215 4240 4204 4189 4255 4265
168DARWIN  1994 23  4214 4205 4242 4270 4310 4341
168DARWIN  1994 31  4316 4259 4251 4246 4260 4244 4211 4201 4196 4204 4228
168DARWIN  1994 32  4248 4231 4209 4210 4231 4218 4183 4214 4241 4221 4259
168DARWIN  1994 33  4288 4263 4254 4254 4249 4240 4230 4219 4233
168DARWIN  1994 41  4242 4229 4232 4238 4241 4245 4256 4228 4241 4252 4180
168DARWIN  1994 42  4128 4156 4157 4137 4150 4171 4174 4165 4160 4164 4173
168DARWIN  1994 43  4173 4178 4174 4174 4179 4158 4152 4174
168DARWIN  1994 51  4196 4186 4166 4138 4145 4171 4185 4156 4131 4067 4015
168DARWIN  1994 52  4026 4031 4017 4026 4060 4055 4046 4050 4046 4058 4067
168DARWIN  1994 53  4058 4046 4056 4068 4045 4050 4055 4050 4068
168DARWIN  1994 61  4084 4081 4095 4082 4059 4053 4046 4041 4028 3978 3935
168DARWIN  1994 62  3988 4003 4005 4004 4003 4013 4004 3994 4017 4026 3996
168DARWIN  1994 63  4005 4037 4004 3929 3910 3927 3927 3934
168DARWIN  1994 71  3952 3954 3936 3932 3956 3978 3988 3985 3990 3989 3974
168DARWIN  1994 72  3962 3933 3925 3959 3933 3927 3939 3946 3952 3965 3959
168DARWIN  1994 73  3962 3969 3972 3953 3959 3975 3967 3955 3922
168DARWIN  1994 81  3889 3879 3894 3918 3918 3938 3964 3950 3937 3904 3904
168DARWIN  1994 82  3920 3929 3921 3886 3877 3884 3902 3901 3913 3926 3921
168DARWIN  1994 83  3906 3920 3948 3958 3951 3949 3956 3959 3958
168DARWIN  1994 91  3950 3945 3959 3961 3944 3944 3960 3953 3921 3935 3951
168DARWIN  1994 92  3955 3967 3970 3971 3956 3959 3958 3957 3958 3949 3942
168DARWIN  1994 93  3947 3963 3966 3961 3970 3984 3982 3973
168DARWIN  1994101  3975 3981 4004 4036 4054 4055 4048 4037 4042 4042 4039
168DARWIN  1994102  4053 4056 4066 4069 4048 4057 4054 4039 4038 4041 4035
168DARWIN  1994103  4052 4055 4047 4060 4093 4112 4101 4073 4084
168DARWIN  1994111  4082 4079 4069 4065 4057 4067 4080 4098 4092 4119 4145
168DARWIN  1994112  4150 4158 4145 4124 4101 4075 4083 4076 4088 4077 4077
168DARWIN  1994113  4096 4093 4103 4162 4175 4153 4148 4109
168DARWIN  1994121  4103 4125 4112 4120 4127 4146 4151 4156 4163 4174 4168
168DARWIN  1994122  4164 4149 4147 4150 4143 4142 4148 4124 4109 4126 4132
168DARWIN  1994123  4137 4140 4139 4144 4138 4131 4137 4113 4121
168DARWIN  1995 11  4136 4140 4149 4144 4135 4137 4158 4151 4160 4176 4184
168DARWIN  1995 12  4209 4253 4220 4257 4282 4262 4274 4239 4203 4193 4200
168DARWIN  1995 13  4213 4225 4206 4234 4280 4231 4184 4186 4182
168DARWIN  1995 21  4177 4195 4223 4212 4180 4170 4186 4184 4187 4202 4194
168DARWIN  1995 22  4171 4167 4178 4175 4172 4188 4164 4165 4187 4180 4183
168DARWIN  1995 23  4175 4183 4216 4222 4222 4233
168DARWIN  1995 31  4240 4266 4287 4255 4256 4240 4206 4199 4208 4220 4242
168DARWIN  1995 32  4245 4245 4249 4228 4224 4252 4275 4236 4212 4206 4193
168DARWIN  1995 33  4196 4216 4248 4227 4208 4226 4245 4191 4163
168DARWIN  1995 41  4135 4177 4224 4211 4214 4227 4243 4252 4249 4240 4228
168DARWIN  1995 42  4207 4218 4234 4223 4203 4205 4198 4185 4197 4200 4221
168DARWIN  1995 43  4245 4225 4201 4181 4166 4189 4179 4168
168DARWIN  1995 51  4182 4166 4112 4051 4063 4090 4106 4127 4165 4166 4173
168DARWIN  1995 52  4167 4150 4148 4162 4153 4125 4132 4112 4056 4067 4093
168DARWIN  1995 53  4110 4116 4139 4118 4067 4096 4092 4087 4106
168DARWIN  1995 61  4100 4113 4126 4130 4115 4110 4120 4129 4135 4130 4096
168DARWIN  1995 62  4102 4110 4110 4069 4006 3998 3957 3926 3905 3931 3970
168DARWIN  1995 63  3985 3987 3994 3995 3982 3960 3937 3940
168DARWIN  1995 71  3951 3982 4051 4031 4009 4047 4042 4054 4053 4044 4048
168DARWIN  1995 72  4046 4049 4057 4061 4065 4068 4072 4068 4068 4051 4026
168DARWIN  1995 73  4019 4018 4030 4013 3996 3995 4024 4038 4024
168DARWIN  1995 81  4037 4031 4012 3992 3966 3926 3927 3956 3945 3949 3973
168DARWIN  1995 82  4021 4035 4014 3979 3964 3986 3986 3983 4002 4010 4016
168DARWIN  1995 83  4038 4052 4070 4079 4117 4135 4118 4123 4105
168DARWIN  1995 91  4092 4083 4078 4077 4088 4088 4077 4093 4109 4107 4125
168DARWIN  1995 92  4140 4113 4109 4101 4104 4102 4087 4061 4068 4093 4115
168DARWIN  1995 93  4123 4128 4118 4131 4146 4170 4160 4157
168DARWIN  1995101  4158 4150 4130 4133 4150 4141 4134 4142 4135 4141 4149
168DARWIN  1995102  4162 4180 4166 4168 4166 4167 4208 4223 4216 4204 4163
168DARWIN  1995103  4074 4124 4177 4177 4181 4180 4198 4222 4229
168DARWIN  1995111  4211 4219 4214 4200 4212 4194 4175 4177 4180 4189 4197
168DARWIN  1995112  4252 4247 4237 4229 4247 4276 4286 4263 4248 4248 4249
168DARWIN  1995113  4209 4227 4251 4259 4263 4255 4281 4284
168DARWIN  1995121  4264 4289 4296 4281 4285 4286 4296 4290 4270 4279 4278
168DARWIN  1995122  4259 4270 4287 4256 4290 4295 4288 4302 4299 4299 4280
168DARWIN  1995123  4269 4253 4241 4238 4239 4252 4293 4291 4268
168DARWIN  1996 11  4260 4222 4229 4252 4252 4272 4282 4297 4290 4281 4291
168DARWIN  1996 12  4288 4284 4273 4279 4282 4257 4244 4270 4281 4273 4277
168DARWIN  1996 13  4270 4282 4318 4319 4310 4334 4348 4331 4327
168DARWIN  1996 21  4287 4263 4268 4255 4247 4278 4304 4280 4270 4256 4265
168DARWIN  1996 22  4278 4289 4293 4292 4283 4274 4287 4281 4274 4295 4304
168DARWIN  1996 23  4301 4300 4305 4295 4296 4285 4235
168DARWIN  1996 31  4271 4326 4335 4356 4389 4395 4376 4325 4292 4288 4267
168DARWIN  1996 32  4264 4272 4270 4274 4289 4280 4284 4299 4262 4254 4241
168DARWIN  1996 33  4223 4220 4226 4227 4249 4250 4245 4249 4251
168DARWIN  1996 41  4193 4232 4320 4259 4241 4274 4305 4307 4278 4267 4267
168DARWIN  1996 42  4290 4306 4274 4280 4278 4254 4238 4236 4202 4196 4220
168DARWIN  1996 43  4228 4221 4208 4223 4240 4243 4238 4220
168DARWIN  1996 51  4230 4239 4226 4215 4185 4162 4177 4201 4214 4221 4228
168DARWIN  1996 52  4207 4270 4253 4183 4172 4175 4174 4173 4122 4093 4121
168DARWIN  1996 53  4109 4103 4110 4156 4185 4191 4179 4171 4188
168DARWIN  1996 61  4179 4152 4154 4164 4163 4182 4176 4160 4150 4122 4111
168DARWIN  1996 62  4093 4080 4085 4083 4078 4081 4089 4092 4100 4102 4099
168DARWIN  1996 63  4120 4123 4105 4105 4096 4096 4110 4118
168DARWIN  1996 71  4090 4082 4106 4133 4127 4094 4067 4089 4106 4092 4084
168DARWIN  1996 72  4053 4032 4046 4052 4061 4067 4085 4088 4087 4092 4105
168DARWIN  1996 73  4114 4112 4055 3983 4029 4041 4043 4045 4063
168DARWIN  1996 81  4075 4083 4074 4060 4056 4045 4069 4038 4017 4058 4073
168DARWIN  1996 82  4088 4090 4097 4094 4103 4125 4116 4082 4057 4078 4079
168DARWIN  1996 83  4069 4083 4083 4070 4087 4124 4138 4132 4150
168DARWIN  1996 91  4147 4093 4084 4118 4126 4117 4129 4137 4123 4123 4123
168DARWIN  1996 92  4124 4116 4130 4150 4144 4140 4160 4170 4136 4120 4137
168DARWIN  1996 93  4153 4154 4149 4162 4186 4173 4157 4116
168DARWIN  1996101  4112 4099 4105 4146 4171 4188 4162 4169 4221 4205 4195
168DARWIN  1996102  4176 4185 4200 4197 4188 4200 4195 4194 4225 4243 4277
168DARWIN  1996103  4284 4269 4258 4237 4239 4242 4230 4223 4236
168DARWIN  1996111  4247 4250 4267 4282 4246 4200 4192 4216 4201 4192 4180
168DARWIN  1996112  4176 4186 4184 4187 4215 4212 4223 4231 4238 4237 4252
168DARWIN  1996113  4245 4230 4216 4201 4208 4230 4230 4245
168DARWIN  1996121  4252 4248 4247 4252 4275 4282 4279 4273 4268 4276 4293
168DARWIN  1996122  4318 4342 4322 4308 4302 4299 4296 4299 4286 4261 4270
168DARWIN  1996123  4255 4268 4271 4314 4378 4384 4364 4319 4341
168DARWIN  1997 11  4310 4198 4347 4426 4366 4312 4283 4252 4247 4270 4273
168DARWIN  1997 12  4274 4279 4267 4280 4301 4291 4255 4241 4236 4228 4233
168DARWIN  1997 13  4271 4306 4305 4306 4305 4286 4280 4277 4264
168DARWIN  1997 21  4272 4275 4256 4264 4260 4284 4304 4309 4306 4295 4297
168DARWIN  1997 22  4295 4294 4288 4292 4292 4302 4309 4321 4283 4292 4483
168DARWIN  1997 23  4511 4412 4356 4345 4373 4391
168DARWIN  1997 31  4403 4430 4453 4406 4346 4333 4338 4351 4325 4295 4288
168DARWIN  1997 32  4265 4257 4240 4249 4266 4252 4228 4225 4231 4236 4227
168DARWIN  1997 33  4202 4188 4208 4211 4215 4219 4231 4240 4249
168DARWIN  1997 41  4258 4247 4258 4244 4213 4221 4224 4209 4186 4171 4165
168DARWIN  1997 42  4155 4159 4178 4187 4171 4152 4159 4157 4157 4147 4153
168DARWIN  1997 43  4147 4134 4135 4141 4155 4146 4134 4136
168DARWIN  1997 51  4136 4138 4146 4146 4152 4130 4117 4117 4120 4126 4123
168DARWIN  1997 52  4127 4127 4116 4118 4118 4115 4118 4107 4094 4098 4089
168DARWIN  1997 53  4055 4063 4063 4068 4080 4073 4082 4076 4088
168DARWIN  1997 61  4100 4069 4035 4029 4038 4037 4030 4022 4051 4064 4068
168DARWIN  1997 62  4072 4073 4054 3985 3974 3974 3950 3963 3980 3979 3986
168DARWIN  1997 63  3995 3983 3986 3985 3948 3957 3989 3959
168DARWIN  1997 71  3936 3943 3943 3952 3943 3950 3979 3983 3993 4006 4009
168DARWIN  1997 72  3989 3978 3995 3999 3979 3948 3947 3944 3916 3906 3961
168DARWIN  1997 73  3993 3995 3966 3936 3923 3926 3922 3878 3890
168DARWIN  1997 81  3940 3951 3948 3941 3938 3946 3941 3918 3925 3912 3893
168DARWIN  1997 82  3891 3899 3895 3889 3911 3921 3937 3974 3982 3981 3981
168DARWIN  1997 83  3962 3954 3950 3968 3973 3968 3963 3968 3952
168DARWIN  1997 91  3932 3923 3936 3945 3949 3931 3920 3927 3932 3955 3981
168DARWIN  1997 92  3985 3983 3999 3999 3975 3967 3971 3966 3956 3942 3935
168DARWIN  1997 93  3924 3941 3941 3945 3958 3979 3973 3948
168DARWIN  1997101  3971 3965 3979 3985 3974 3982 3962 3954 3945 3953 3973
168DARWIN  1997102  3992 4002 4000 4008 4023 4035 4018 3999 4000 3984 3974
168DARWIN  1997103  4000 3997 3986 3977 3968 3984 3995 3998 3999
168DARWIN  1997111  3989 3978 3955 3932 3940 3951 3952 3972 3980 3981 3978
168DARWIN  1997112  3976 3992 3990 3983 4000 3985 3996 3977 3982 4007 4022
168DARWIN  1997113  3997 4017 4045 4029 4008 4010 4013 4005
168DARWIN  1997121  3996 4004 4012 4026 4034 4061 4069 4069 4069 4068 4059
168DARWIN  1997122  4043 4052 4048 4027 4020 4056 4065 4068 4063 4061 4067
168DARWIN  1997123  4090 4119 4050 4023 4044 4087 4090 4120 4159
168DARWIN  1998 11  4155 4122 4126 4139 4130 4110 4112 4102 4080 4086 4084
168DARWIN  1998 12  4067 4048 4063 4079 4070 4096 4056 4070 4095 4071 4071
168DARWIN  1998 13  4090 4076 4105 4149 4214 4315 4237 4095 4088
168DARWIN  1998 21  4069 4082 4090 4108 4143 4131 4110 4108 4082 4079 4080
168DARWIN  1998 22  4093 4090 4102 4112 4116 4126 4123 4116 4130 4140 4112
168DARWIN  1998 23  4115 4142 4187 4234 4236 4222
168DARWIN  1998 31  4256 4242 4205 4177 4175 4209 4241 4242 4211 4205 4184
168DARWIN  1998 32  4177 4182 4182 4181 4169 4175 4189 4177 4170 4201 4225
168DARWIN  1998 33  4215 4216 4240 4254 4236 4226 4233 4242 4226
168DARWIN  1998 41  4199 4176 4162 4165 4199 4244 4263 4263 4239 4244 4253
168DARWIN  1998 42  4243 4225 4229 4235 4207 4182 4223 4249 4228 4241 4224
168DARWIN  1998 43  4203 4230 4246 4232 4231 4226 4224 4227
168DARWIN  1998 51  4228 4227 4240 4255 4216 4184 4181 4190 4209 4231 4218
168DARWIN  1998 52  4198 4188 4190 4216 4212 4185 4212 4207 4198 4198 4210
168DARWIN  1998 53  4214 4195 4170 4162 4127 4154 4171 4178 4195
168DARWIN  1998 61  4197 4187 4184 4200 4213 4175 4144 4154 4143 4154 4166
168DARWIN  1998 62  4177 4163 4161 4168 4160 4144 4183 4208 4202 4191 4190
168DARWIN  1998 63  4105 4015 4079 4117 4140 4168 4119 4100
168DARWIN  1998 71  4113 4146 4149 4144 4157 4155 4162 4171 4122 4092 4105
168DARWIN  1998 72  4100 4114 4132 4141 4119 4116 4141 4144 4133 4136 4144
168DARWIN  1998 73  4151 4159 4184 4192 4184 4178 4148 4097 4092
168DARWIN  1998 81  4105 4095 4085 4097 4099 4080 4077 4073 4046 4088 4112
168DARWIN  1998 82  4118 4122 4117 4108 4107 4090 4078 4098 4114 4133 4139
168DARWIN  1998 83  4141 4156 4184 4183 4092 4050 4079 4089 4066
168DARWIN  1998 91  4081 4075 4070 4077 4095 4111 4130 4160 4180 4150 4139
168DARWIN  1998 92  4136 4135 4142 4159 4169 4190 4188 4189 4213 4219 4209
168DARWIN  1998 93  4133 4183 4238 4215 4204 4193 4190 4192
168DARWIN  1998101  4199 4213 4224 4236 4238 4246 4256 4246 4261 4251 4234
168DARWIN  1998102  4227 4241 4259 4264 4261 4279 4256 4242 4227 4200 4246
168DARWIN  1998103  4255 4234 4263 4255 4249 4272 4280 4271 4293
168DARWIN  1998111  4324 4297 4279 4280 4264 4297 4293 4306 4311 4321 4341
168DARWIN  1998112  4372 4363 4352 4369 4355 4356 4379 4372 4326 4323 4346
168DARWIN  1998113  4330 4338 4344 4336 4318 4322 4322 4321
168DARWIN  1998121  4359 4334 4312 4315 4336 4337 4135 3993 4336 4479 4428
168DARWIN  1998122  4377 4352 4327 4287 4265 4283 4294 4302 4298 4284 4286
168DARWIN  1998123  4286 4290 4323 4345 4371 4376 4321 4323 4320
168DARWIN  1999 11  4337 4347 4349 4360 4364 4344 4338 4335 4334 4311 4299
168DARWIN  1999 12  4287 4273 4307 4314 4267 4274 4320 4327 4320 4348 4383
168DARWIN  1999 13  4397 4403 4408 4395 4385 4360 4334 4357 4357
168DARWIN  1999 21  4362 4367 4354 4371 4391 4414 4370 4372 4344 4307 4329
168DARWIN  1999 22  4355 4391 4363 4333 4342 4388 4418 4388 4370 4371 4367
168DARWIN  1999 23  4369 4389 4367 4362 4347 4332
168DARWIN  1999 31  4350 4387 4412 4397 4372 4372 4374 4350 4364 4363 4366
168DARWIN  1999 32  4382 4376 4370 4361 4366 4381 4414 4420 4412 4393 4361
168DARWIN  1999 33  4363 4375 4381 4403 4425 4392 4401 4426 4417
168DARWIN  1999 41  4408 4405 4376 4375 4401 4403 4406 4406 4412 4402 4432
168DARWIN  1999 42  4465 4429 4416 4411 4402 4384 4368 4375 4365 4339 4325
168DARWIN  1999 43  4336 4381 4379 4372 4363 4348 4308 4243
168DARWIN  1999 51  4216 4223 4240 4235 4262 4283 4248 4241 4257 4261 4264
168DARWIN  1999 52  4264 4278 4280 4286 4294 4286 4272 4251 4269 4299 4284
168DARWIN  1999 53  4270 4272 4290 9999 9999 9999 4230 4209 4230
168DARWIN  1999 61  4227 4221 4245 4261 4244 4243 4258 4251 4255 4258 4248
168DARWIN  1999 62  4217 4206 4194 4181 4165 4161 4196 4230 4238 4211 4182
168DARWIN  1999 63  4173 4150 4138 4129 4098 4082 4103 4120
168DARWIN  1999 71  4050 4059 4076 4097 4144 4166 4157 4134 4125 4145 4155
168DARWIN  1999 72  4144 4113 4094 4093 4100 4106 4110 4106 4106 4115 4056
168DARWIN  1999 73  3991 4021 4042 4055 4070 4087 4102 4120 4132
168DARWIN  1999 81  4121 4111 4117 4125 4113 4111 4120 4118 4084 4090 4115
168DARWIN  1999 82  4123 4113 4030 4021 4053 4044 4054 4064 4082 4086 4075
168DARWIN  1999 83  4070 4071 4054 4053 4059 4079 4091 4099 4109
168DARWIN  1999 91  4104 4109 4101 4091 4111 4107 4101 4101 4107 4128 4127
168DARWIN  1999 92  4136 4135 4140 4147 4148 4126 4133 4151 4159 4164 4172
168DARWIN  1999 93  4195 4207 4208 4212 4205 4190 4183 4178
168DARWIN  1999101  4165 4159 4156 4168 4185 4205 4225 4235 4247 4242 4238
168DARWIN  1999102  4241 4248 4225 4219 4241 4270 4287 4293 4264 4264 4276
168DARWIN  1999103  4282 4292 4290 4277 4264 4266 4268 4285 4311
168DARWIN  1999111  4328 4317 4341 4355 4356 4349 4334 4323 4290 4286 4318
168DARWIN  1999112  4322 4301 4297 4309 4319 4350 4352 4344 4363 4352 4331
168DARWIN  1999113  4345 4341 4332 4329 4348 4344 4337 4358
168DARWIN  1999121  4365 4342 4331 4342 4369 4390 4391 4369 4371 4364 4352
168DARWIN  1999122  4364 4373 4382 4379 4384 4371 4359 4358 4350 4341 4339
168DARWIN  1999123  4346 4359 4361 4351 4351 4329 4352 4355 4349
168DARWIN  2000 11  4339 4330 4300 4300 4314 4309 4308 4327 4320 4352 4360
168DARWIN  2000 12  4377 4380 4380 4367 4318 4297 4334 4381 4333 4327 4379
168DARWIN  2000 13  4369 4353 4354 4338 4311 4339 4354 4347 4335
168DARWIN  2000 21  4309 4332 4363 4365 4357 4354 4398 4443 4442 4420 4401
168DARWIN  2000 22  4427 4425 4389 4444 4449 4441 4417 4417 4428 4433 4418
168DARWIN  2000 23  4425 4426 4459 4448 4464 4461 4440
168DARWIN  2000 31  4530 4639 4528 4440 4455 4419 4421 4444 4419 4418 4414
168DARWIN  2000 32  4423 4419 4417 4432 4455 4446 4439 4471 4459 4453 4455
168DARWIN  2000 33  4445 4441 4434 4434 4424 4425 4438 4467 4471
168DARWIN  2000 41  4443 4440 4459 4453 4446 4430 4428 4423 4414 4394 4410
168DARWIN  2000 42  4433 4446 4464 4464 4458 4441 4429 4442 4452 4442 4419
168DARWIN  2000 43  4412 4402 4398 4402 4409 4415 4416 4406
168DARWIN  2000 51  4379 4380 4391 4359 4322 4289 4279 4289 4302 4366 4393
168DARWIN  2000 52  4377 4344 4336 4307 4285 4284 4280 4279 4255 4258 4277
168DARWIN  2000 53  4282 4327 4367 4361 4327 4253 4231 4205 4157
168DARWIN  2000 61  4141 4129 4118 4099 4097 4108 4170 4181 4148 4143 4127
168DARWIN  2000 62  4108 4133 4146 4150 4172 4158 4162 4171 4151 4147 4161
168DARWIN  2000 63  4162 4191 4227 4247 4244 4227 4165 4128
168DARWIN  2000 71  4182 4190 4184 4204 4198 4190 4195 4198 4203 4204 4216
168DARWIN  2000 72  4211 4188 4163 4152 4134 4123 4127 4123 4109 4106 4133
168DARWIN  2000 73  4151 4161 4179 4105 4020 4055 4095 4097 4124
168DARWIN  2000 81  4163 4177 4128 4112 4147 4160 4149 4149 4149 4140 4138
168DARWIN  2000 82  4135 4138 4145 4157 4157 4148 4145 4151 4161 4177 4173
168DARWIN  2000 83  4157 4150 4157 4163 4153 4164 4192 4203 4194
168DARWIN  2000 91  4187 4178 4165 4165 4171 4159 4152 4150 4154 4141 4156
168DARWIN  2000 92  4177 4182 4166 4169 4169 4174 4183 4183 4166 4157 4169
168DARWIN  2000 93  4182 4193 4188 4184 4202 4217 4227 4239
168DARWIN  2000101  4234 4227 4237 4249 4265 4269 4263 4266 4260 4262 4267
168DARWIN  2000102  4280 4307 4310 4290 4300 4279 4268 9999 9999 4271 4278
168DARWIN  2000103  4270 4269 4249 4234 4238 4236 4242 4243 4239
168DARWIN  2000111  4239 4223 4237 4252 4257 4255 4259 4275 4281 4279 4288
168DARWIN  2000112  4271 4268 4276 4262 4261 4265 4283 4299 4302 4301 4286
168DARWIN  2000113  4264 4284 4285 4267 4266 4268 4270 4299
168DARWIN  2000121  4316 4363 4433 4428 4398 4407 4435 4411 4389 4377 4368
168DARWIN  2000122  4387 4357 4342 4353 4354 4370 4379 4359 4344 4316 4300
168DARWIN  2000123  4288 4297 4309 4287 4265 4242 4273 4294 4285
168DARWIN  2001 11  4287 4298 4309 4292 4286 4307 4295 4292 4318 4328 4324
168DARWIN  2001 12  4323 4339 4362 4359 4354 4331 4332 4342 4349 4341 4323
168DARWIN  2001 13  4326 4320 4325 4333 4352 4360 4368 4357 4343
168DARWIN  2001 21  4347 4360 4400 4384 4362 4376 4387 4415 4458 4501 4541
168DARWIN  2001 22  4570 4576 4528 4527 4518 4460 4437 4423 4414 4395 4401
168DARWIN  2001 23  4392 4406 4431 4455 4483 4542
168DARWIN  2001 31  4546 4502 4469 4445 4435 4410 4393 4394 4395 4392 4418
168DARWIN  2001 32  4434 4407 4384 4394 4399 4421 4428 4409 4395 4397 4391
168DARWIN  2001 33  4387 4346 4332 4313 4348 4386 4354 4321 4338
168DARWIN  2001 41  4345 4350 4349 4363 4372 4377 4381 4358 4337 4345 4346
168DARWIN  2001 42  4346 4331 4323 4325 4257 4256 4373 4390 4390 4381 4348
168DARWIN  2001 43  4325 4312 4316 4307 4346 4343 4340 4366
168DARWIN  2001 51  4377 4363 4353 4381 4395 4355 4335 4331 4295 4264 4264
168DARWIN  2001 52  4262 4275 4279 4277 4289 4257 4203 4192 4197 4198 4199
168DARWIN  2001 53  4202 4197 4181 4167 4174 4177 4160 4182 4192
168DARWIN  2001 61  4197 4222 4238 4258 4252 4247 4244 4238 4223 4238 4257
168DARWIN  2001 62  4246 4260 4253 4225 4190 4187 4207 4189 4147 4072 4073
168DARWIN  2001 63  4096 4116 4145 4162 4170 4153 4104 4094
168DARWIN  2001 71  4112 4116 4133 4164 4168 4167 4162 4149 4135 4133 4122
168DARWIN  2001 72  4119 4130 4131 4124 4135 4136 4127 4098 4109 4124 4121
168DARWIN  2001 73  4136 4112 4036 4019 4017 4009 3996 4012 4034
168DARWIN  2001 81  4040 4051 4064 4062 4069 4089 4078 4081 4090 4115 4116
168DARWIN  2001 82  4103 4104 4094 4067 4060 4077 4100 4110 4111 4095 4058
168DARWIN  2001 83  4057 4069 4067 4087 4107 4087 4098 4106 4097
168DARWIN  2001 91  4087 4110 4125 4122 4135 4131 4143 4145 4141 4145 4155
168DARWIN  2001 92  4150 4158 4157 4147 4176 4216 4217 4207 4198 4174 4182
168DARWIN  2001 93  4183 4174 4188 4198 4198 4217 4230 4214
168DARWIN  2001101  4217 4216 4204 4191 4189 4192 4167 4167 4188 4181 4181
168DARWIN  2001102  4228 4241 4228 4226 4236 4251 4233 4215 4225 4212 4223
168DARWIN  2001103  4224 4231 4233 4235 4233 4229 4242 4229 4233
168DARWIN  2001111  4232 4237 4224 4219 4254 4257 4277 4286 4289 4285 4270
168DARWIN  2001112  4260 4243 4250 4260 4260 4261 4253 4238 4245 4280 4312
168DARWIN  2001113  4327 4319 4299 4316 4298 4274 4296 4330
168DARWIN  2001121  4328 4313 4324 4347 4350 4357 4361 4335 4322 4322 4270
168DARWIN  2001122  4248 4255 4262 4251 4231 4222 4210 4205 4229 4233 4237
168DARWIN  2001123  4261 4273 4272 4245 4210 4187 4171 4181 4197
168DARWIN  2002 11  4196 4212 4197 4231 4255 4265 4265 4263 4254 4245 4257
168DARWIN  2002 12  4265 4255 4233 4226 4227 4237 4242 4246 4249 4247 4246
168DARWIN  2002 13  4250 4257 4256 4231 4219 4224 4228 4239 4263
168DARWIN  2002 21  4286 4266 4235 4254 4265 4256 4274 4294 4337 4404 4308
168DARWIN  2002 22  4225 4255 4279 4316 4344 4351 4338 4396 4507 4475 4367
168DARWIN  2002 23  4323 4305 4283 4300 4307 4320
168DARWIN  2002 31  4322 4297 4290 4298 4297 4305 4293 4264 4275 4279 4254
168DARWIN  2002 32  4269 4309 4296 4281 4309 4310 4293 4280 4253 4270 4294
168DARWIN  2002 33  4290 4306 4318 4320 4312 4299 4286 4273 4260
168DARWIN  2002 41  4241 4228 4229 4236 4231 4239 4243 4225 4252 4277 4244
168DARWIN  2002 42  4221 4261 4273 4263 4249 4225 4208 4211 4228 4256 4268
168DARWIN  2002 43  4259 4244 4249 4253 4241 4203 4209 4216
168DARWIN  2002 51  4190 4183 4213 4216 4227 4239 4234 4226 4229 4208 4166
168DARWIN  2002 52  4154 4159 4157 4158 4160 4170 4184 4202 4201 4200 4190
168DARWIN  2002 53  4164 4154 4143 4115 4085 4062 4028 3990 3977
168DARWIN  2002 61  3981 3983 4004 4051 4078 4062 4038 4045 4049 4038 4070
168DARWIN  2002 62  4097 4118 4118 4106 4111 4104 4077 4068 4075 4050 4052
168DARWIN  2002 63  4053 4040 4022 4037 4047 4033 4011 4020
168DARWIN  2002 71  4047 4047 4043 4024 3996 3985 3976 4003 4018 4012 4023
168DARWIN  2002 72  4033 4031 4031 4033 4012 3994 3999 4025 4049 4044 4021
168DARWIN  2002 73  3999 4003 4018 4018 4022 4060 4050 4038 4046
168DARWIN  2002 81  4038 4033 4037 4041 4021 4007 3995 4000 4040 4047 4056
168DARWIN  2002 82  4070 4075 4040 3999 4006 3981 3929 3927 3974 3993 4000
168DARWIN  2002 83  4013 4025 4040 4041 4018 4004 4016 4016 4008
168DARWIN  2002 91  3998 3992 3981 3982 3998 4016 4037 4050 4064 4060 4043
168DARWIN  2002 92  4037 4024 4028 4046 4050 4032 4060 4072 4062 4050 4051
168DARWIN  2002 93  4055 4038 4037 4063 4069 4075 4043 4032
168DARWIN  2002101  4074 4109 4108 4127 4126 4129 4113 4084 4066 4046 4051
168DARWIN  2002102  4052 4048 4061 4060 4055 4050 4040 4055 4056 4083 4102
168DARWIN  2002103  4096 4080 4062 4056 4053 4058 4070 4090 4104
168DARWIN  2002111  4107 4125 4120 4109 4091 4097 4100 4080 4093 4122 4127
168DARWIN  2002112  4124 4135 4146 4130 4116 4120 4126 4128 4118 4092 4086
168DARWIN  2002113  4092 4102 4102 4081 4078 4099 4103 4140
168DARWIN  2002121  4151 4142 4127 4105 4102 4100 4117 4144 4134 4127 4128
168DARWIN  2002122  4136 4152 4150 4137 4118 4132 4139 4142 4134 4137 4139
168DARWIN  2002123  4153 4144 4151 4175 4188 4199 4194 4179 4151
168DARWIN  2003 11  4131 4178 4189 4189 4174 4176 4169 4188 4218 4236 4275
168DARWIN  2003 12  4272 4248 4186 4178 4238 4250 4280 4265 4261 4258 4246
168DARWIN  2003 13  4252 4230 4215 4210 4209 4199 4193 4196 4178
168DARWIN  2003 21  4203 4210 4211 4240 4237 4252 4266 4251 4256 4240 4237
168DARWIN  2003 22  4232 4254 4266 4275 4271 4265 4269 4285 4297 4275 4283
168DARWIN  2003 23  4329 4365 4337 4286 4321 4345
168DARWIN  2003 31  4297 4268 4276 4255 4254 4259 4241 4187 4099 4040 4098
168DARWIN  2003 32  4190 4241 4248 4219 4214 4246 4265 4234 4241 4260 4218
168DARWIN  2003 33  4198 4184 4179 4189 4210 4254 4259 4269 4317
168DARWIN  2003 41  4281 4264 4261 4243 4226 4210 4209 4202 4197 4213 4230
168DARWIN  2003 42  4228 4239 4246 4251 4257 4224 4191 4203 4189 4178 4189
168DARWIN  2003 43  4191 4212 4232 4218 4205 4187 4183 4175
168DARWIN  2003 51  4189 4193 4177 4157 4183 4202 4184 4190 4198 4207 4200
168DARWIN  2003 52  4202 4207 4200 4187 4176 4173 4154 4138 4144 4143 4150
168DARWIN  2003 53  4157 4147 4158 4121 4103 4109 4074 4094 4110
168DARWIN  2003 61  4104 4104 4110 4093 4066 4074 4103 4106 4119 4153 4137
168DARWIN  2003 62  4098 4068 4030 4024 4011 4063 4091 4069 4056 4065 4077
168DARWIN  2003 63  4066 4056 4046 4053 4057 4047 4040 4044
168DARWIN  2003 71  4054 4046 4059 4059 4055 4061 4070 4077 4092 4089 4062
168DARWIN  2003 72  4049 9999 3999 4046 4055 4055 4087 4087 4104 4136 4115
168DARWIN  2003 73  4053 4000 3980 3985 3989 3988 4007 4014 3988
168DARWIN  2003 81  3962 3985 4045 4067 4065 4048 4042 4032 4008 4017 4037
168DARWIN  2003 82  4034 4061 4085 4094 4102 4094 4076 4063 4056 4061 4048
168DARWIN  2003 83  3999 4002 4019 4036 4050 4077 4104 4083 4081
168DARWIN  2003 91  4058 4014 3969 3985 3998 4000 4036 4052 4063 4074 4088
168DARWIN  2003 92  4099 4090 4078 4076 4056 4055 4064 4071 4070 4081 4101
168DARWIN  2003 93  4107 4117 4133 4161 4165 4159 4164 4154
168DARWIN  2003101  4124 4111 4117 4126 4135 4140 4126 4146 4172 4152 4125
168DARWIN  2003102  4142 4153 4122 4126 4138 4135 4130 4153 4139 4142 4157
168DARWIN  2003103  4156 4166 4172 4178 4162 4146 4153 4164 4151
168DARWIN  2003111  4153 4166 4170 4154 4184 4203 4202 4185 4173 4174 4166
168DARWIN  2003112  4173 4167 4164 4182 4189 4192 4197 4217 4224 4195 4166
168DARWIN  2003113  4163 4181 4171 4169 4157 4173 4228 4234
168DARWIN  2003121  4234 4234 4225 4202 4213 4191 4192 4201 4188 4195 4199
168DARWIN  2003122  4204 4212 4216 4250 4272 4263 4281 4273 4283 4262 4317
168DARWIN  2003123  4348 4331 4356 4358 4339 4333 4321 4346 4363
168DARWIN  2004 11  4341 4293 4261 4233 4207 4191 4209 4201 4191 4172 4193
168DARWIN  2004 12  4257 4300 4281 4271 4268 4226 4200 4195 4188 4185 4211
168DARWIN  2004 13  4222 4230 4240 4240 4250 4255 4257 4252 4260
168DARWIN  2004 21  4296 4250 4172 4205 4200 4247 4302 4376 4381 4364 4343
168DARWIN  2004 22  4372 4375 4314 4280 4277 4257 4259 4275 4275 4296 4306
168DARWIN  2004 23  4312 4324 4315 4275 4275 4268 4232
168DARWIN  2004 31  4242 4308 4326 4304 4299 4289 4305 4306 4294 4300 4304
168DARWIN  2004 32  4269 4253 4260 4254 4305 4412 4433 4437 4438 4388 4363
168DARWIN  2004 33  4358 4352 4328 4298 4293 4279 4275 4267 4272
168DARWIN  2004 41  4291 4285 4301 4321 4321 4312 4302 4294 4273 4266 4257
168DARWIN  2004 42  4251 4263 4265 4273 4273 4262 4227 4216 4233 4232 4251
168DARWIN  2004 43  4289 4273 4266 4261 4262 4271 4257 4254
168DARWIN  2004 51  4225 4209 4226 4239 4245 4234 4224 4227 4209 4196 4204
168DARWIN  2004 52  4227 4242 4240 4229 4228 4213 4181 4157 4170 4194 4197
168DARWIN  2004 53  4197 4202 4209 4237 4247 4215 4163 4186 4279
168DARWIN  2004 61  4267 4219 4199 4189 4176 4182 4216 4209 4199 4168 4146
168DARWIN  2004 62  4128 4102 4069 4012 3970 3993 4027 4013 3973 3964 3965
168DARWIN  2004 63  3973 4025 4026 3965 3982 3997 3996 3977
168DARWIN  2004 71  4005 4024 4031 4054 4070 4092 4100 4100 4094 4066 4061
168DARWIN  2004 72  4060 4062 4041 4032 4026 3978 3953 3942 3938 3939 3969
168DARWIN  2004 73  3998 4010 4013 4016 4003 3987 3993 3985 3995
168DARWIN  2004 81  3997 4016 4033 4039 4031 4034 4034 4006 3985 3985 4005
168DARWIN  2004 82  4008 4009 4000 3990 3998 4011 4025 4017 4001 3994 3996
168DARWIN  2004 83  4012 4019 4014 4009 4019 4046 4058 4052 4039
168DARWIN  2004 91  4026 4030 4014 3999 4010 4013 4009 3995 4010 4044 4059
168DARWIN  2004 92  4023 3982 4041 4074 4064 4070 4052 4031 4037 4033 4039
168DARWIN  2004 93  4051 4054 4053 4066 4084 4099 4106 4096
168DARWIN  2004101  4080 4062 4053 4050 4050 4068 4084 4078 4093 4091 4084
168DARWIN  2004102  4097 4134 4142 4121 4114 4121 4106 4107 4100 4098 4126
168DARWIN  2004103  4144 4148 4132 4148 4181 4204 4193 4160 4148
168DARWIN  2004111  4155 4159 4160 4159 4177 4183 4174 4144 4161 4154 4150
168DARWIN  2004112  4121 4132 4125 4125 4155 4152 4169 4181 4188 4179 4182
168DARWIN  2004113  4163 4157 4140 4135 4172 4203 4180 4174
168DARWIN  2004121  4182 4170 4176 4181 4191 4210 4227 4211 4189 4163 4163
168DARWIN  2004122  4166 4168 4173 4153 4170 4192 4214 4233 4242 4222 4197
168DARWIN  2004123  4173 4162 4162 4174 4181 4187 4212 4229 4245
168DARWIN  2005 11  4275 4314 4331 4249 4193 4193 4194 4209 4203 4202 4212
168DARWIN  2005 12  4225 4228 4252 4267 4232 4225 4249 4252 4234 4156 4127
168DARWIN  2005 13  4190 4224 4248 4270 4291 4281 4270 4266 4262
168DARWIN  2005 21  4295 4273 4268 4184 4164 4205 4237 4237 4240 4248 4229
168DARWIN  2005 22  4215 4217 4220 4223 4216 4191 4190 4175 4167 4167 4151
168DARWIN  2005 23  4173 4167 4174 4174 4184 4190
168DARWIN  2005 31  4182 4202 4227 4220 4207 4223 4236 4230 4250 4283 4281
168DARWIN  2005 32  4255 4101 4120 4306 4347 4317 4254 4247 4265 4275 4260
168DARWIN  2005 33  4236 4234 4225 4229 4232 4236 4246 4253 4232
168DARWIN  2005 41  4232 4265 4269 4259 4276 4300 4306 4296 4266 4254 4249
168DARWIN  2005 42  4226 4244 4267 4247 4247 4257 4258 4250 4241 4235 4220
168DARWIN  2005 43  4222 4218 4193 4169 4154 4150 4150 4140
168DARWIN  2005 51  4158 4176 4176 4185 4195 4192 4176 4147 4132 4116 4103
168DARWIN  2005 52  4088 4104 4109 4111 4123 4148 4153 4128 4134 4154 4150
168DARWIN  2005 53  4130 4118 4099 4081 4090 4046 4020 4054 4061
168DARWIN  2005 61  4081 4098 4090 4086 4079 4093 4102 4098 4099 4111 4115
168DARWIN  2005 62  4111 4137 4144 4142 4141 4168 4169 4138 4113 4080 4073
168DARWIN  2005 63  4084 4095 4077 4011 3997 4012 4013 4021
168DARWIN  2005 71  3994 3974 3998 4030 4058 4064 4078 4106 4109 4112 4110
168DARWIN  2005 72  4116 4123 4117 4106 4114 4092 4031 3954 3953 4017 4039
168DARWIN  2005 73  4064 4085 4055 4047 4059 4069 4083 4077 4055
168DARWIN  2005 81  4033 4050 4053 4039 4052 4081 4099 4065 4071 4084 4051
168DARWIN  2005 82  4020 4023 4022 4003 4003 4041 4048 4049 4063 4086 4091
168DARWIN  2005 83  4093 4090 4078 4070 4065 4066 4071 4058 4056
168DARWIN  2005 91  4068 4087 4099 4109 4113 4112 4101 4089 4090 4097 4089
168DARWIN  2005 92  4086 4075 4080 4108 4124 4129 4127 4112 4111 4106 4112
168DARWIN  2005 93  4113 4110 4102 4101 4096 4104 4104 4102
168DARWIN  2005101  4118 4139 4150 4147 4179 4170 4156 4131 4129 4121 4133
168DARWIN  2005102  4160 4192 4212 4212 4229 4233 4219 4202 4194 4192 4187
168DARWIN  2005103  4204 4218 4221 4218 4212 4236 4249 4230 4251
168DARWIN  2005111  4259 4227 4228 4211 4202 4205 4198 4213 4217 4248 4270
168DARWIN  2005112  4266 4265 4234 4239 4245 4237 4235 4232 4228 4227 4232
168DARWIN  2005113  4234 4261 4300 4311 4309 4300 4295 4277
168DARWIN  2005121  4245 4221 4215 4198 4199 4219 4236 4262 4290 4312 4294
168DARWIN  2005122  4260 4253 4258 4255 4261 4247 4262 4276 4275 4279 4289
168DARWIN  2005123  4307 4316 4292 4302 4282 4262 4264 4244 4245
168DARWIN  2006 11  4261 4252 4263 4286 4299 4300 4316 4310 4279 4269 4276
168DARWIN  2006 12  4289 4303 4315 4365 4411 4390 4425 4386 4291 4314 4324
168DARWIN  2006 13  4277 4345 4424 4445 4391 4382 4424 4463 4460
168DARWIN  2006 21  4385 4334 4338 4333 4320 4291 4290 4286 4260 4252 4260
168DARWIN  2006 22  4256 4275 4301 4298 4303 4310 4302 4316 4328 4349 4336
168DARWIN  2006 23  4325 4319 4307 4331 4355 4377
168DARWIN  2006 31  4379 4375 4408 4412 4375 4364 4398 4409 4399 4352 4336
168DARWIN  2006 32  4360 4370 4377 4376 4349 4355 4336 4351 4404 4427 4408
168DARWIN  2006 33  4417 4416 4409 4411 4394 4378 4384 4383 4386
168DARWIN  2006 41  4384 4374 4368 4371 4374 4321 4326 4365 4369 4368 4359
168DARWIN  2006 42  4369 4372 4365 4341 4340 4347 4344 4350 4363 4340 4333
168DARWIN  2006 43  4348 4367 4454 4460 4420 4372 4347 4307
168DARWIN  2006 51  4238 4205 4211 4218 4230 4265 4242 4217 4234 4241 4236
168DARWIN  2006 52  4249 4242 4190 4179 4182 4177 4194 4200 4231 4285 4286
168DARWIN  2006 53  4252 4241 4225 4184 4137 4099 4116 4112 4112
168DARWIN  2006 61  4135 4143 4124 4126 4122 4084 4086 4100 4073 4021 3978
168DARWIN  2006 62  3985 4018 4039 4096 4141 4172 4165 4151 4134 4113 4103
168DARWIN  2006 63  4088 4063 4066 4067 4063 4075 4062 4056
168DARWIN  2006 71  4079 4095 4065 4034 4045 4029 4010 4011 4016 4027 4043
168DARWIN  2006 72  4058 4051 4030 4006 4005 3988 3974 3984 3988 4003 4019
168DARWIN  2006 73  4033 4034 4038 4038 4029 4006 4014 4032 4033
168DARWIN  2006 81  4017 4022 4007 3956 3959 3968 3936 3957 4006 4033 4045
168DARWIN  2006 82  4034 4018 4024 4027 4007 3998 3994 4000 3999 3986 3988
168DARWIN  2006 83  4023 4040 4037 4035 4024 4025 4011 3996 3982
168DARWIN  2006 91  3997 3998 4007 4005 4021 4057 4095 4112 4075 4055 4059
168DARWIN  2006 92  4050 4032 4006 4021 4022 4007 4002 4015 4047 4038 4026
168DARWIN  2006 93  4053 4056 4054 4062 4062 4067 4072 4082
168DARWIN  2006101  4093 4084 4086 4087 4094 4105 4114 4091 4059 4041 4034
168DARWIN  2006102  4060 4081 4081 4095 4103 4107 4110 4114 4122 4118 4103
168DARWIN  2006103  4103 4108 4128 4123 4093 4089 4104 4120 4127
168DARWIN  2006111  4120 4134 4122 4133 4142 4130 4123 4121 4120 4133 4152
168DARWIN  2006112  4155 4162 4176 4186 4169 4139 4138 4151 4176 4160 4129
168DARWIN  2006113  4115 4118 4123 4128 4141 4149 4149 4154
168DARWIN  2006121  4150 4129 4104 4093 4081 4086 4083 4098 4129 4150 4140
168DARWIN  2006122  4162 4169 4154 4149 4152 4151 4162 4165 4153 4134 4156
168DARWIN  2006123  4182 4221 4176 4135 4165 4213 4220 4197 4179
168DARWIN  2007 11  4208 4211 4220 4221 4221 4231 4251 4266 4261 4277 4284
168DARWIN  2007 12  4300 4307 4289 4282 4260 4250 4272 4253 4224 4219 4246
168DARWIN  2007 13  4245 4226 4232 4256 4236 4194 4173 4172 4206
168DARWIN  2007 21  4246 4252 4273 4281 4282 4257 4250 4259 4253 4245 4249
168DARWIN  2007 22  4228 4222 4210 4225 4244 4235 4245 4268 4253 4250 4245
168DARWIN  2007 23  4232 4237 4234 4218 4201 4204
168DARWIN  2007 31  4257 4395 4478 4400 4317 4312 4298 4275 4269 4278 4252
168DARWIN  2007 32  4228 4249 4281 4282 4291 4311 4315 4309 4306 4299 4288
168DARWIN  2007 33  4282 4271 4276 4294 4321 4312 4287 4275 4287
168DARWIN  2007 41  4302 4308 4312 4294 4289 4311 4291 4302 4304 4325 4340
168DARWIN  2007 42  4325 4336 4333 4314 4333 4358 4327 4271 4260 4263 4262
168DARWIN  2007 43  4274 4285 4301 4302 4289 4267 4241 4233
168DARWIN  2007 51  4210 4204 4210 4209 4226 4224 4233 4223 4225 4227 4237
168DARWIN  2007 52  4235 4262 4266 4252 4240 4193 4192 4202 4197 4200 4194
168DARWIN  2007 53  4171 4179 4222 4251 4254 4236 4211 4186 4182
168DARWIN  2007 61  4194 4180 4131 4126 4166 4164 4128 4104 4127 4134 4122
168DARWIN  2007 62  4097 4091 4095 4106 4168 4199 4198 4144 4130 4187 4176
168DARWIN  2007 63  4208 4199 4113 4075 4064 4058 4050 4057
168DARWIN  2007 71  4055 4058 4074 4086 4090 4086 4049 4007 3979 3961 3960
168DARWIN  2007 72  3953 3981 4021 4027 4034 4032 4008 4023 4024 4027 4047
168DARWIN  2007 73  4054 4061 4034 4016 4028 4033 4031 4029 4051
168DARWIN  2007 81  4083 4094 4102 4072 4035 4062 4080 4026 4024 4064 4079
168DARWIN  2007 82  4082 4092 4101 4096 4031 3998 4070 4074 4081 4071 4040
168DARWIN  2007 83  4036 4054 4058 4062 4072 4094 4115 4124 4118
168DARWIN  2007 91  4101 4094 4095 4085 4066 4077 4089 4099 4107 4108 4119
168DARWIN  2007 92  4145 4153 4130 4118 4136 4118 4120 4132 4132 4135 4147
168DARWIN  2007 93  4154 4162 4165 4193 4185 4153 4144 4134
168DARWIN  2007101  4146 4144 4134 4145 4163 4185 4188 4174 4182 4191 4179
168DARWIN  2007102  4167 4154 4168 4177 4177 4192 4195 4201 4228 4242 4240
168DARWIN  2007103  4239 4238 4221 4214 4210 4203 4205 4206 4229
168DARWIN  2007111  4270 4278 4275 4284 4271 4258 4267 4247 4251 4262 4255
168DARWIN  2007112  4257 4271 4277 4290 4299 4307 4315 4351 4344 4329 4309
168DARWIN  2007113  4316 4291 4275 4289 4298 4262 4264 4300
168DARWIN  2007121  4324 4336 4316 4291 4272 4287 4278 4288 4284 4270 4307
168DARWIN  2007122  4303 4290 4285 4304 4307 4308 4329 4342 4327 4307 4293
168DARWIN  2007123  4325 4330 4336 4369 4400 4425 4411 4372 4364
168DARWIN  2008 11  4391 4416 4562 4664 4416 4364 4398 4424 4423 4435 4450
168DARWIN  2008 12  4448 4412 4414 4414 4399 4378 4311 4299 4330 4326 4327
168DARWIN  2008 13  4330 4315 4331 4346 4346 4341 4335 4337 4338
168DARWIN  2008 21  4348 4361 4360 4354 4349 4372 4391 4403 4494 4560 4550
168DARWIN  2008 22  4482 4429 4406 4400 4361 4394 4434 4424 4437 4498 4497
168DARWIN  2008 23  4497 4549 4554 4492 4466 4484 4432
168DARWIN  2008 31  4411 4416 4416 4410 4409 4408 4413 4435 4467 4453 4432
168DARWIN  2008 32  4408 4396 4415 4426 4438 4444 4440 4457 4476 4457 4442
168DARWIN  2008 33  4441 4433 4457 4456 4435 4422 4444 4458 4464
168DARWIN  2008 41  4473 4461 4443 4465 4474 4462 4465 4442 4417 4395 4406
168DARWIN  2008 42  4404 4389 4392 4404 4394 4379 4383 4376 4350 4341 4334
168DARWIN  2008 43  4305 4273 4255 4260 4272 4289 4309 4341
168DARWIN  2008 51  4342 4321 4327 4322 4287 4257 4256 4251 4245 4270 4285
168DARWIN  2008 52  4297 4315 4310 4319 4302 4280 4262 4242 4243 4235 4221
168DARWIN  2008 53  4220 4222 4224 4233 4203 4143 4151 4158 4145
168DARWIN  2008 61  4141 4138 4140 4152 4177 4206 4171 4209 4247 4257 4252
168DARWIN  2008 62  4218 4221 4221 4197 4180 4162 4160 4153 4061 4032 4051
168DARWIN  2008 63  4048 4084 4078 4090 4117 4134 4131 4132
168DARWIN  2008 71  4125 4095 4086 4092 4120 4126 4056 4004 4035 4051 4062
168DARWIN  2008 72  4070 4070 4074 4080 4082 4105 4120 4139 4127 4115 4090
168DARWIN  2008 73  4079 4103 4104 4123 4119 4114 4117 4108 4111
168DARWIN  2008 81  4128 4164 4184 4171 4154 4123 4100 4098 4085 4063 4046
168DARWIN  2008 82  4049 4037 4022 4023 4024 3994 4000 4086 4115 4117 4070
168DARWIN  2008 83  4049 4077 4088 4097 4128 4150 4154 4157 4167
168DARWIN  2008 91  4186 4189 4215 4216 4189 4155 4144 4159 4167 4179 4184
168DARWIN  2008 92  4176 4163 4180 4197 4206 4201 4198 4195 4198 4191 4181
168DARWIN  2008 93  4179 4199 4227 4223 4204 4206 4210 4186
168DARWIN  2008101  4177 4176 4190 4196 4178 4197 4202 4204 4214 4228 4259
168DARWIN  2008102  4248 4258 4234 4228 4255 4228 4235 4253 4277 4309 4314
168DARWIN  2008103  4297 4296 4289 4269 4253 4247 4245 4232 4234
168DARWIN  2008111  4238 4235 4244 4253 4264 4283 4298 4292 4286 4313 4319
168DARWIN  2008112  4314 4306 4303 4307 4294 4306 4300 4304 4325 4333 4359
168DARWIN  2008113  4346 4326 4328 4321 4304 4302 4301 4307
168DARWIN  2008121  4318 4325 4341 4363 4387 4405 4393 4371 4351 4358 4353
168DARWIN  2008122  4326 4312 4320 4350 4385 4422 4479 4485 4455 4407 4371
168DARWIN  2008123  4409 4383 4348 4350 4358 4358 4364 4390 4413
168DARWIN  2009 11  4414 4424 4435 4427 4411 4410 4402 4405 4349 4322 4354
168DARWIN  2009 12  4360 4396 4400 4402 4424 4438 4438 4425 4388 4362 4343
168DARWIN  2009 13  4346 4363 4368 4385 4406 4429 4473 4489 4409
168DARWIN  2009 21  4423 4445 4458 4466 4465 4471 4477 4469 4410 4413 4453
168DARWIN  2009 22  4454 4406 4387 4395 4384 4364 4346 4359 4374 4374 4373
168DARWIN  2009 23  4379 4404 4418 4434 4414 4395
168DARWIN  2009 31  4370 4346 4357 4365 4372 4374 4365 4364 4385 4393 4389
168DARWIN  2009 32  4378 4346 4351 4360 4367 4361 4354 4357 4346 4361 4390
168DARWIN  2009 33  4374 4363 4373 4384 4396 4406 4398 4397 4395
168DARWIN  2009 41  4372 4362 4361 4362 4359 4347 4349 4342 4327 4315 4336
168DARWIN  2009 42  4340 4321 4325 4311 4300 4315 4347 4388 4412 4400 4422
168DARWIN  2009 43  4420 4387 4366 4363 4329 4290 4289 4294
168DARWIN  2009 51  4292 4309 4318 4339 4349 4303 4286 4268 4260 4270 4216
168DARWIN  2009 52  4207 4219 4236 4254 4290 4325 4345 4331 4322 4297 4283
168DARWIN  2009 53  4262 4238 4240 4237 4239 4240 4238 4248 4257
168DARWIN  2009 61  4238 4216 4213 4200 4187 4183 4184 4169 4127 4092 4118
168DARWIN  2009 62  4148 4157 4173 4172 4170 4141 4120 4126 4117 4123 4139
168DARWIN  2009 63  4168 4200 4206 4190 4187 4184 4177 4163
168DARWIN  2009 71  4158 4145 4128 4105 4112 4084 4058 4059 4080 4099 4111
168DARWIN  2009 72  4119 4112 4085 4049 4028 4055 4059 4074 4081 4088 4111
168DARWIN  2009 73  4126 4125 4121 4121 4097 4020 3995 4014 3993
168DARWIN  2009 81  4023 4030 4024 4038 4058 4071 4065 4080 4097 4097 4108
168DARWIN  2009 82  4093 4089 4098 4097 4086 4082 4086 4099 4117 4133 4131
168DARWIN  2009 83  4118 4099 4091 4086 4090 4100 4099 4111 4110
168DARWIN  2009 91  4133 4151 4171 4181 4145 4147 4162 4164 4138 4111 4113
168DARWIN  2009 92  4129 4144 4160 4171 4178 4187 4178 4188 4185 4175 4159
168DARWIN  2009 93  4125 9999 9999 4158 4178 4207 4233 4207
168DARWIN  2009101  4189 4192 4197 4184 4188 4188 4180 4161 4142 4142 4147
168DARWIN  2009102  4171 4189 4191 4194 4189 4189 4187 4185 4190 4202 4205
168DARWIN  2009103  4176 4169 4183 4199 4180 4185 4189 4172 4193
168DARWIN  2009111  4209 4185 4171 4152 4168 4168 4178 4193 4203 4213 4234
168DARWIN  2009112  4232 4209 4191 4191 4186 4172 4167 4163 4173 4189 4202
168DARWIN  2009113  4189 4182 4237 4235 4223 4218 4212 4191
168DARWIN  2009121  4178 4173 4184 4181 4186 4210 4230 4262 4285 4261 4239
168DARWIN  2009122  4253 4228 4223 4250 4227 4228 4224 4228 4238 4238 4242
168DARWIN  2009123  4269 4289 4284 4273 4284 4285 4261 4253 4286
168DARWIN  2010 11  4259 4294 4345 4435 4414 4368 4338 4315 4290 4281 4285
168DARWIN  2010 12  4299 4275 4278 4276 4271 4284 4282 4293 4292 4279 4261
168DARWIN  2010 13  4274 4275 4253 4234 4237 4295 4292 4270 4304
168DARWIN  2010 21  4317 4325 4314 4282 4252 4248 4254 4246 4241 4251 4258
168DARWIN  2010 22  4269 4280 4267 4235 4244 4248 4230 4238 4244 4249 4254
168DARWIN  2010 23  4256 4288 4384 4421 4441 4421
168DARWIN  2010 31  4367 4313 4315 4317 4292 4287 4284 4270 4263 4255 4259
168DARWIN  2010 32  4245 4231 4255 4269 4270 4257 4253 4251 4250 4261 4263
168DARWIN  2010 33  4264 4261 4276 4276 4265 4309 4312 4295 4252
168DARWIN  2010 41  4274 4307 4313 4302 4295 4292 4284 4301 4315 4299 4297
168DARWIN  2010 42  4285 4263 4258 4248 4261 4234 4239 4287 4312 4308 4306
168DARWIN  2010 43  4322 4316 4302 4282 4274 4242 4227 4240
168DARWIN  2010 51  4243 4241 4247 4261 4266 4256 4258 4253 4272 4277 4258
168DARWIN  2010 52  4239 4265 4281 4285 4274 4250 4249 4278 4284 4279 4312
168DARWIN  2010 53  4309 4299 4287 4270 4261 4238 4220 4190 4217
168DARWIN  2010 61  4244 4183 4125 4151 4160 4130 4144 4158 4130 4127 4116
168DARWIN  2010 62  4119 4112 4127 4163 4184 4185 4184 4169 4135 4130 4133
168DARWIN  2010 63  4155 4189 4204 4191 4160 4165 4213 4233
168DARWIN  2010 71  4195 4175 4195 4254 4253 4153 4200 4237 4214 4221 4225
168DARWIN  2010 72  4228 4239 4238 4223 4229 4217 4206 4215 4163 4118 4128
168DARWIN  2010 73  4158 4187 4218 4246 4263 4252 4242 4223 4222
168DARWIN  2010 81  4184 4148 4188 4176 4143 4136 4162 4184 4167 4152 4175
168DARWIN  2010 82  4195 4221 4215 4211 4243 4245 4221 4228 4243 4251 4254
168DARWIN  2010 83  4274 4278 4247 4240 4237 4252 4237 4214 4225
168DARWIN  2010 91  4253 4285 4267 4247 4267 4272 4311 4348 4327 4324 4329
168DARWIN  2010 92  4311 4314 4313 4312 4315 4322 4327 4247 4245 4319 4333
168DARWIN  2010 93  4302 4314 4328 4314 4299 4291 4309 4314
168DARWIN  2010101  4338 4383 4398 4403 4395 4376 4348 4327 4335 4329 4352
168DARWIN  2010102  4363 4346 4369 4355 4318 4360 4377 4363 4372 4379 4378
168DARWIN  2010103  4385 4390 4384 4381 4363 4380 4391 4386 4373
168DARWIN  2010111  4389 4399 4433 4421 4419 4395 4372 4361 4363 4376 4394
168DARWIN  2010112  4408 4402 4401 4405 4397 4368 4381 4399 4393 4399 4397
168DARWIN  2010113  4391 4402 4399 4415 4434 4437 4444 4465
168DARWIN  2010121  4433 4465 4462 4436 4419 4411 4402 4408 4412 4429 4434
168DARWIN  2010122  4414 4413 4430 4428 4447 4484 4450 4430 4424 4414 4403
168DARWIN  2010123  4413 4447 4453 4465 4485 4486 4493 4508 4477
168DARWIN  2011 11  4452 4461 4461 4458 4468 4469 4490 4478 4501 4565 4646
168DARWIN  2011 12  4562 4453 4409 4383 4394 4448 4480 4494 4524 4544 4540
168DARWIN  2011 13  4550 4528 4474 4447 4450 4459 4487 4488 4468
168DARWIN  2011 21  4471 4464 4481 4500 4523 4503 4465 4447 4444 4437 4436
168DARWIN  2011 22  4459 4468 4595 4762 4615 4539 4587 4584 4537 4519 4496
168DARWIN  2011 23  4470 4497 4595 4612 4566 4555
168DARWIN  2011 31  4542 4521 4541 4510 4485 4524 4537 4499 4527 4566 4586
168DARWIN  2011 32  4585 4566 4525 4493 4490 4485 4468 4475 4489 4481 4459
168DARWIN  2011 33  4436 4415 4438 4473 4478 4496 4507 4485 4524
168DARWIN  2011 41  4610 4581 4532 4532 4482 4449 4475 4473 4437 4452 4489
168DARWIN  2011 42  4498 4516 4532 4508 4482 4440 4440 4423 4412 4419 4403
168DARWIN  2011 43  4420 4451 4466 4444 4417 4424 4430 4419
168DARWIN  2011 51  4407 4394 4375 4329 4322 4346 4343 4351 4324 4283 4273
168DARWIN  2011 52  4280 4304 4301 4292 4300 4308 4291 4278 4311 4309 4287
168DARWIN  2011 53  4274 4235 4207 4246 4269 4256 4252 4231 4204
168DARWIN  2011 61  4177 4178 4187 4198 4225 4241 4246 4238 4242 4185 4136
168DARWIN  2011 62  4100 4064 4064 4085 4076 4079 4102 4132 4153 4134 4106
168DARWIN  2011 63  4124 4142 4132 4149 4152 4145 4134 4140
168DARWIN  2011 71  4137 4153 4160 4155 4146 4149 4129 4119 4124 4132 4120
168DARWIN  2011 72  4132 4150 4131 4114 4133 4139 4125 4119 4130 4135 4131
168DARWIN  2011 73  4127 4133 4154 4149 4127 4141 4135 4116 4119
168DARWIN  2011 81  4135 4134 4127 4133 4139 4128 4130 4125 4110 4113 4121
168DARWIN  2011 82  4117 4140 4155 4145 4144 4141 4126 4109 4115 4095 4088
168DARWIN  2011 83  4086 4071 4089 4079 4099 4118 4126 4135 4141
168DARWIN  2011 91  4137 4142 4140 4143 4155 4184 4208 4199 4157 4113 4104
168DARWIN  2011 92  4091 4112 4146 4151 4140 4137 4127 4131 4139 4150 4164
168DARWIN  2011 93  4195 4221 4196 4193 4232 4238 4218 4213
168DARWIN  2011101  4221 4214 4201 4201 4222 4252 4253 4253 4245 4235 4252
168DARWIN  2011102  4255 4241 4231 4216 4204 4236 4272 4280 4339 4343 4320
168DARWIN  2011103  4312 4306 4313 4307 4284 4273 4289 4314 4338
168DARWIN  2011111  4351 4333 4333 4356 4333 4312 4301 4284 4275 4272 4288
168DARWIN  2011112  4294 4294 4294 4311 4319 4303 4335 4351 4351 4362 4347
168DARWIN  2011113  4309 4282 4326 4351 4357 4366 4335 4343
168DARWIN  2011121  4343 4360 4358 4360 4377 4357 4339 4347 4360 4366 4369
168DARWIN  2011122  4379 4386 4385 4388 4404 4417 4430 4433 4416 4406 4427
168DARWIN  2011123  4421 4419 4436 4452 4430 4453 4476 4466 4476
168DARWIN  2012 11  4448 4408 4426 4452 4461 4447 4408 4391 4400 4411 4383
168DARWIN  2012 12  4398 4391 4399 4389 4398 4396 4395 4403 4408 4414 4430
168DARWIN  2012 13  4430 4607 4608 4449 4483 4483 4466 4465 4456
168DARWIN  2012 21  4403 4433 4440 4414 4421 4429 4402 4432 4465 4464 4455
168DARWIN  2012 22  4445 4452 4459 4452 4447 4458 4445 4419 4427 4428 4428
168DARWIN  2012 23  4445 4431 4416 4437 4439 4445 4456
168DARWIN  2012 31  4476 4476 4459 4451 4446 4450 4454 4479 4489 4480 4453
168DARWIN  2012 32  4483 4614 4667 4584 4545 4508 4492 4505 4499 4503 4489
168DARWIN  2012 33  4468 4445 4457 4469 4454 4461 4457 4455 4453
168DARWIN  2012 41  4464 4450 4445 4452 4458 4452 4425 4414 4421 4359 4345
168DARWIN  2012 42  4350 4369 4391 4403 4395 4386 4388 4396 4371 4384 4382
168DARWIN  2012 43  4354 4337 4276 4274 4308 4316 4335 4340
168DARWIN  2012 51  4339 4346 4362 4392 4375 4358 4370 4348 4358 4364 4361
168DARWIN  2012 52  4383 4401 4360 4337 4313 4295 4280 4268 4269 4230 4245
168DARWIN  2012 53  4254 4191 4149 4163 4168 4156 4163 4225 4254
168DARWIN  2012 61  4266 4260 4219 4170 4148 4160 4158 4148 4162 4155 4184
168DARWIN  2012 62  4189 4176 4172 4187 4182 4148 4138 4146 4157 4147 4104
168DARWIN  2012 63  4009 4017 4077 4076 4098 4134 4152 4148
168DARWIN  2012 71  4100 4056 4032 4027 4063 4120 4135 4122 4150 4172 4176
168DARWIN  2012 72  4171 4157 4161 4142 4171 4192 4140 4118 4104 4097 4102
168DARWIN  2012 73  4126 4146 4135 4119 4081 4061 4066 4031 4028
168DARWIN  2012 81  4069 4088 4101 4094 4089 4087 4102 4113 4095 4076 4022
168DARWIN  2012 82  4025 4058 4075 4078 4094 4094 4076 4090 4094 4101 4099
168DARWIN  2012 83  4105 4134 4136 4141 4150 4147 4153 4157 4160
168DARWIN  2012 91  4154 4152 4152 4157 4161 4156 4142 4133 4111 4132 4160
168DARWIN  2012 92  4165 4187 4185 4176 4195 4187 4168 4169 4173 4170 4175
168DARWIN  2012 93  4191 4198 4218 4233 4243 4228 4215 4183
168DARWIN  2012101  4150 4161 4177 4191 4209 4189 4175 4179 4208 4217 4196
168DARWIN  2012102  4204 4249 4244 4231 4234 4241 4209 4213 4216 4218 4236
168DARWIN  2012103  4243 4278 4289 4270 4246 4209 4226 4239 4252
168DARWIN  2012111  4280 4269 4272 4285 4295 4309 4333 4324 4319 4341 4323
168DARWIN  2012112  4312 4326 4350 4335 4297 4271 4276 4293 4299 4312 4294
168DARWIN  2012113  4264 4264 4269 4258 4251 4245 4226 4235
168DARWIN  2012121  4237 4267 4287 4286 4278 4279 4273 4288 4295 4308 4299
168DARWIN  2012122  4283 4302 4285 4299 4301 4314 4336 4337 4349 4346 4346
168DARWIN  2012123  4334 4335 4346 4348 4330 4337 4339 4338 4393
168DARWIN  2013 11  4363 4362 4374 4397 4408 4437 4431 4420 4412 4382 4359
168DARWIN  2013 12  4333 4358 4411 4433 4381 4352 4409 4424 4419 4376 4358
168DARWIN  2013 13  4353 4352 4372 4391 4368 4355 4352 4360 4359
168DARWIN  2013 21  4341 4325 4344 4338 4320 4316 4327 4322 4329 4348 4360
168DARWIN  2013 22  4344 4348 4356 4362 4377 4392 4391 4395 4386 4421 4435
168DARWIN  2013 23  4398 4404 4424 4432 4438 4430
168DARWIN  2013 31  4428 4420 4378 4337 4365 4406 4407 4410 4422 4400 4390
168DARWIN  2013 32  4382 4400 4392 4370 4364 4379 4376 4375 4390 4389 4376
168DARWIN  2013 33  4378 4366 4370 4392 4410 4419 4440 4433 4416
168DARWIN  2013 41  4374 4372 4376 4399 4433 4432 4443 4429 4407 4376 4344
168DARWIN  2013 42  4336 4335 4340 4347 4342 4342 4359 4386 4384 4374 4363
168DARWIN  2013 43  4348 4353 4356 4332 4351 4359 4334 4330
168DARWIN  2013 51  4334 4357 4352 4372 4395 4382 4376 4352 4331 4316 4336
168DARWIN  2013 52  4345 4313 4323 4363 4360 4341 4356 4395 4413 4394 4379
168DARWIN  2013 53  4317 4238 4252 4279 4303 4338 4344 4335 4337
168DARWIN  2013 61  4350 4351 4328 4336 4345 4318 4312 4318 4319 4319 4338
168DARWIN  2013 62  4325 4307 4282 4253 4294 4294 4277 4303 4255 4233 4249
168DARWIN  2013 63  4265 4270 4273 4276 4276 4259 4195 4145
168DARWIN  2013 71  4156 4160 4172 4178 4194 4191 4197 4217 4230 4249 4258
168DARWIN  2013 72  4264 4245 4240 4235 4236 4228 4200 4190 4201 4183 4164
168DARWIN  2013 73  4126 4109 4108 4135 4162 4163 4162 4172 4167
168DARWIN  2013 81  4164 4137 4111 4124 4133 4154 4156 4154 4156 4150 4143
168DARWIN  2013 82  4145 4147 4153 4144 4143 4154 4158 4180 4183 4189 4191
168DARWIN  2013 83  4170 4161 4159 4156 4166 4158 4142 4134 4142
168DARWIN  2013 91  4152 4179 4191 4182 4195 4174 9999 9999 9999 9999 9999
168DARWIN  2013 92  9999 9999 4167 4186 4212 4223 4227 4224 4226 4237 4223
168DARWIN  2013 93  4209 4217 4228 4237 4247 4258 4268 4282
168DARWIN  2013101  4281 4273 4256 4280 4275 4263 4262 4251 4244 4246 4268
168DARWIN  2013102  4271 4279 4280 4261 4281 4277 4279 4298 4298 4292 4281
168DARWIN  2013103  4261 4266 4282 4293 4276 4296 4308 4296 4309
168DARWIN  2013111  4310 4305 4324 4317 4321 4325 4322 4339 4327 4319 4322
168DARWIN  2013112  4328 4313 4304 4310 4304 4295 4309 4306 4284 4301 4325
168DARWIN  2013113  4338 4331 4303 4297 4302 4301 4287 4288
168DARWIN  2013121  4282 4279 4294 4296 4281 4307 4330 4326 4333 4371 4347
168DARWIN  2013122  4330 4315 4301 4311 4300 4292 4302 4309 4363 4346 4340
168DARWIN  2013123  4342 4357 4369 4373 4396 4370 4344 4346 4334
168DARWIN  2014 11  4326 4350 4372 4368 4356 4372 4402 4407 4393 4371 4356
168DARWIN  2014 12  4361 4377 4502 4567 4524 4516 4496 4467 4445 4429 4366
168DARWIN  2014 13  4372 4422 4446 4437 4421 4445 4483 4560 4645
168DARWIN  2014 21  4610 4627 4614 4539 4518 4538 4534 4492 4448 4435 4421
168DARWIN  2014 22  4386 4382 4388 4384 4395 4377 4358 4326 4315 4357 4360
168DARWIN  2014 23  4355 4362 4389 4400 4377 4395
168DARWIN  2014 31  4406 4398 4374 4343 4327 4336 4348 4345 4348 4344 4356
168DARWIN  2014 32  4356 4359 4343 4354 4348 4298 4284 4387 4372 4321 4303
168DARWIN  2014 33  4290 4309 4314 4304 4310 4302 4304 4314 4304
168DARWIN  2014 41  4317 4333 4320 4319 4325 4313 4314 4342 4363 4361 4337
168DARWIN  2014 42  4341 4330 4313 4311 4317 4293 4268 4292 4320 4330 4337
168DARWIN  2014 43  4349 4344 4355 4347 4323 4307 4318 4318
168DARWIN  2014 51  4309 4292 4267 4227 4221 4228 4225 4246 4262 4256 4248
168DARWIN  2014 52  4243 4237 4232 4222 4229 4257 4266 4245 4240 4262 4266
168DARWIN  2014 53  4257 4260 4249 4231 4245 4241 4235 4225 4231
168DARWIN  2014 61  4238 4235 4207 4206 4224 4207 4190 4190 4194 4207 4203
168DARWIN  2014 62  4193 4181 4133 4076 4085 4125 4149 4180 4197 4213 4195
168DARWIN  2014 63  4154 4113 4098 4104 4112 4098 4053 4026
168DARWIN  2014 71  4028 4031 4044 4063 4085 4097 4101 4089 4069 4075 4095
168DARWIN  2014 72  4127 4137 4136 4167 4147 4129 4147 4154 4132 4115 4128
168DARWIN  2014 73  4132 4101 4067 4079 4094 4092 4112 4135 4147
168DARWIN  2014 81  4145 4140 4116 4062 4026 4085 4105 4122 4127 4111 4102
168DARWIN  2014 82  4079 4030 4002 3983 3993 4007 4026 4033 4020 4016 4046
168DARWIN  2014 83  4057 4062 4066 4092 4123 4109 4102 4091 4086
168DARWIN  2014 91  4080 4069 4067 4103 4113 4106 4105 4112 4124 4117 4113
168DARWIN  2014 92  4110 4106 4113 4122 4110 4097 4093 4106 4112 4115 4125
168DARWIN  2014 93  4125 4105 4122 4136 4103 4115 4123 4141
168DARWIN  2014101  4151 4137 4152 4169 4171 4163 4161 4151 4147 4157 4169
168DARWIN  2014102  4182 4159 4139 4163 4183 4189 4214 4229 4230 4209 4184
168DARWIN  2014103  4181 4175 4156 4153 4143 4140 4155 4172 4169
168DARWIN  2014111  4188 4199 4208 4209 4182 4168 4172 4173 4174 4178 4179
168DARWIN  2014112  4198 4224 4233 4234 4238 4225 4198 4196 4211 4209 4213
168DARWIN  2014113  4232 4220 4223 4237 4246 4260 4279 4282
168DARWIN  2014121  4295 4292 4267 4261 4253 4280 4312 9999 9999 9999 4315
168DARWIN  2014122  4298 4316 4291 4287 4305 4297 4276 4281 4284 4303 4324
168DARWIN  2014123  4310 4313 4340 4337 4320 4325 4314 4309 4356
168DARWIN  2015 11  4362 4383 4385 9999 9999 9999 9999 9999 9999 4419 4354
168DARWIN  2015 12  4342 4363 4328 4322 4330 4356 4342 4307 4303 4337 4374
168DARWIN  2015 13  4359 4333 4357 4355 4331 4336 4359 4356 4323
168DARWIN  2015 21  4294 4308 4323 4319 4312 4309 4324 4309 4293 4325 4331
168DARWIN  2015 22  4316 4317 4300 4300 4310 4323 4319 4353 4392 4449 4406
168DARWIN  2015 23  4353 4357 4348 4363 4361 4331
168DARWIN  2015 31  4323 4309 4325 4344 4331 4346 4345 4331 4304 4294 4286
168DARWIN  2015 32  4288 4299 4322 4347 4338 4307 4315 4310 4318 4340 4321
168DARWIN  2015 33  4265 4254 4298 4295 4269 4269 4279 4310 4314
168DARWIN  2015 41  4304 4286 4279 4295 4277 4257 4218 4203 4225 4251 4240
168DARWIN  2015 42  4250 4256 4267 4305 4321 4312 4298 4282 4245 4277 4282
168DARWIN  2015 43  4276 4279 4261 4222 4224 4237 4236 4225
168DARWIN  2015 51  4226 4207 4187 4168 4163 4158 4118 4099 4146 4160 4163
168DARWIN  2015 52  4180 4129 4048 4054 4088 4119 4136 4137 4124 4103 4088
168DARWIN  2015 53  4083 4097 4092 4119 4159 4176 4142 4120 4135
168DARWIN  2015 61  4139 4127 4109 4086 4086 4109 4121 4129 4120 4108 4112
168DARWIN  2015 62  4116 4094 4089 4101 4092 4073 4051 4010 4000 4022 4047
168DARWIN  2015 63  4053 4051 3996 4008 4036 4032 4020 4013
168DARWIN  2015 71  3985 3999 4035 4030 4024 4055 4079 4086 4064 4034 4008
168DARWIN  2015 72  3988 3941 3960 3940 3925 3934 3946 3942 3954 3978 3967
168DARWIN  2015 73  3958 3981 3996 3990 3979 3969 4004 4030 4049
168DARWIN  2015 81  4043 4028 4021 3988 3967 3989 4006 4031 4028 4016 4011
168DARWIN  2015 82  4008 3991 3999 3990 3984 3979 3972 3986 3989 3995 3996
168DARWIN  2015 83  3982 3979 4001 4017 4028 4016 4023 4052 4048
168DARWIN  2015 91  4030 4017 4014 4002 3999 4007 4001 4006 4006 4008 4029
168DARWIN  2015 92  4040 4051 4044 4036 4031 4026 4030 4031 4026 4025 4034
168DARWIN  2015 93  4070 4055 4045 4074 4088 4098 4091 4072
168DARWIN  2015101  4061 4071 4075 4056 4035 4043 4055 4062 4089 4097 4079
168DARWIN  2015102  4065 4061 4051 4049 4058 4073 4068 4072 4071 4072 4079
168DARWIN  2015103  4077 4083 4079 4095 4106 4094 4107 4096 4089
168DARWIN  2015111  4108 4128 4130 4119 4126 4143 4121 4117 4105 4116 4111
168DARWIN  2015112  4110 4122 4090 4094 4117 4116 4133 4150 4191 4197 4169
168DARWIN  2015113  4153 4148 4139 4127 4128 4122 4122 4120
168DARWIN  2015121  4135 4115 4122 4145 4145 4148 4150 4145 4151 4159 4171
168DARWIN  2015122  4163 4164 4180 4207 4224 4236 4255 4268 4253 4231 4254
168DARWIN  2015123  4320 4336 4274 4235 4209 4218 4237 4248 4247
168DARWIN  2016 11  4246 4233 4193 4168 4164 4168 4142 4130 4129 4109 4114
168DARWIN  2016 12  4108 4113 4136 4162 4155 4168 4173 4166 4162 4138 4142
168DARWIN  2016 13  4149 4172 4203 4214 4222 4207 4241 4267 4249
168DARWIN  2016 21  4234 4233 4214 4201 4217 4203 4223 4241 4247 4258 4252
168DARWIN  2016 22  4238 4248 4249 4268 4269 4254 4263 4251 4233 4238 4268
168DARWIN  2016 23  4247 4231 4231 4228 4217 4219 4220
168DARWIN  2016 31  4231 4245 4246 4251 4246 4235 4252 4252 4250 4263 4273
168DARWIN  2016 32  4274 4286 4289 4296 4258 4245 4250 4240 4246 4268 4266
168DARWIN  2016 33  4265 4260 4258 4251 4230 4230 4242 4240 4224
168DARWIN  2016 41  4234 4261 4272 4288 4287 4272 4269 4279 4280 4263 4268
168DARWIN  2016 42  4264 4257 4256 4260 4253 4227 4225 4240 4218 4215 4219
168DARWIN  2016 43  4222 4197 4191 4208 4200 4196 4189 4185
168DARWIN  2016 51  4186 4197 4218 4224 4224 4255 4259 4227 4192 4136 4096
168DARWIN  2016 52  4147 4206 4219 4214 4231 4235 4222 4212 4203 4210 4212
168DARWIN  2016 53  4198 4190 4189 4197 4210 4207 4225 4243 4251
168DARWIN  2016 61  4246 4233 4226 4223 4202 4185 4199 4195 4191 4185 4177
168DARWIN  2016 62  4163 4198 4240 4243 4261 4259 4227 4190 4176 4182 4165
168DARWIN  2016 63  4174 4203 4233 4251 4250 4228 4225 4227
168DARWIN  2016 71  4193 4161 4176 4189 4155 4152 4147 4147 4153 4166 4172
168DARWIN  2016 72  4127 4036 4053 4080 4060 4062 4078 4099 4108 4118 4128
168DARWIN  2016 73  4136 4146 4156 4141 4098 4079 4079 4091 4102
168DARWIN  2016 81  4112 4085 4033 4048 4046 4049 4059 4085 4125 4135 4138
168DARWIN  2016 82  4125 4116 4123 4122 4110 4112 4121 4121 4156 4181 4175
168DARWIN  2016 83  4144 4136 4112 4103 4141 4145 4128 4126 4175
168DARWIN  2016 91  4186 4162 4149 4147 4179 4186 4176 4175 4176 4169 4173
168DARWIN  2016 92  4188 4194 4192 4200 4204 4238 4268 4261 4247 4233 4232
168DARWIN  2016 93  4241 4243 4240 4237 4248 4247 4256 4257
168DARWIN  2016101  4238 4234 4215 4230 4269 4270 4304 4314 4276 4263 4259
168DARWIN  2016102  4285 4285 4286 4293 4288 4302 4297 4296 4294 4258 4204
168DARWIN  2016103  4261 4312 4307 4293 4302 4288 4275 4289 4300
168DARWIN  2016111  4284 4270 4278 4289 4284 4287 4309 4314 4326 4325 4320
168DARWIN  2016112  4342 4348 4322 4337 4335 4331 4357 4330 4328 4347 4340
168DARWIN  2016113  4329 4348 4334 4307 4322 4311 4309 4305
168DARWIN  2016121  4287 4298 4306 4324 4343 4339 4360 4378 4365 4353 4336
168DARWIN  2016122  4335 4318 4302 4317 4325 4313 4323 4379 4487 4458 4410
168DARWIN  2016123  4416 4409 4391 4376 4385 4376 4352 4345 4386
168DARWIN  2017 11  4359 4381 4469 4462 4445 4445 4421 4413 4403 4392 4378
168DARWIN  2017 12  4381 4359 4352 4367 4361 4370 4355 4351 4333 4324 4340
168DARWIN  2017 13  4320 4315 4349 4354 4321 4299 4326 4346 4371
168DARWIN  2017 21  4370 4383 4409 4503 4507 4450 4423 4396 4363 4336 4387
168DARWIN  2017 22  4415 4435 4399 4377 4379 4384 4381 4359 4343 4351 4357
168DARWIN  2017 23  4352 4341 4333 4315 4309 4332
168DARWIN  2017 31  4370 4347 4356 4330 4358 4427 4402 4382 4369 4348 4330
168DARWIN  2017 32  4332 4324 4338 4350 4317 4316 4370 4383 4347 4362 4341
168DARWIN  2017 33  4305 4322 4356 4366 4359 4359 4344 4339 4319
168DARWIN  2017 41  4342 4353 4359 4376 4391 4375 4377 4389 4384 4318 4297
168DARWIN  2017 42  4369 4361 4353 4341 4350 4372 4360 4325 4339 4357 4353
168DARWIN  2017 43  4353 4352 4356 4328 4270 4321 4333 4264
168DARWIN  2017 51  4309 4317 4305 4310 4320 4307 4299 4287 4252 4238 4251
168DARWIN  2017 52  4258 4238 4216 4218 4232 4244 4235 4252 4259 4260 4272
168DARWIN  2017 53  4286 4306 4279 4258 4268 4245 4224 4192 4149
168DARWIN  2017 61  4156 4175 4220 4263 4235 4194 4170 4154 4137 4122 4132
168DARWIN  2017 62  4119 4116 4107 4120 4159 4172 4195 4233 4237 4212 4214
168DARWIN  2017 63  4228 4212 4198 4198 4197 4197 4169 4154
168DARWIN  2017 71  4179 4191 4202 4215 4219 4198 4197 4198 4198 4200 4200
168DARWIN  2017 72  4204 4226 4208 4187 4191 4201 4185 4153 4127 4124 4116
168DARWIN  2017 73  4135 4160 4202 4235 4200 4179 4170 4172 4166
168DARWIN  2017 81  4165 4131 4074 4101 4118 4127 4136 4152 4168 4171 4175
168DARWIN  2017 82  4172 4174 4184 4171 4156 4158 4165 4168 4164 4173 4177
168DARWIN  2017 83  4189 4201 4161 4130 4138 4108 4091 4101 4116
168DARWIN  2017 91  4114 4097 4106 4116 4128 4150 4165 4154 4176 4183 4173
168DARWIN  2017 92  4163 4159 4145 4156 4185 4173 4170 4193 4219 4236 4229
168DARWIN  2017 93  4225 4208 4205 4211 4214 4230 4252 4280
168DARWIN  2017101  4270 4258 4288 4307 4304 4301 4309 4319 4327 4317 4289
168DARWIN  2017102  4302 4312 4323 4327 4328 4306 4284 4306 4304 4304 4306
168DARWIN  2017103  4306 4291 4285 4302 4323 4340 4329 4344 4350
168DARWIN  2017111  4343 4366 4364 4356 4355 4334 4314 4295 4317 4324 4335
168DARWIN  2017112  4349 4368 4360 4347 4327 4337 4369 4366 4347 4345 4361
168DARWIN  2017113  4385 4396 4377 4390 4430 4441 4454 4442
168DARWIN  2017121  4406 4383 4351 4383 4378 4381 4372 4356 4371 4380 4391
168DARWIN  2017122  4391 4372 4356 4336 4349 4363 4369 4370 4353 4353 4393
168DARWIN  2017123  4429 4441 4443 4428 4403 4384 4358 4361 4362
168DARWIN  2018 11  4367 4365 4362 4356 4350 4373 4384 4365 4369 4374 4385
168DARWIN  2018 12  4363 4326 4339 4356 4371 4378 4392 4409 4443 4466 4447
168DARWIN  2018 13  4448 4497 4539 4591 4580 4609 4582 4525 4539
168DARWIN  2018 21  4497 4487 4434 4398 4408 4425 4438 4435 4419 4416 4415
168DARWIN  2018 22  4400 4400 4437 4458 4445 4436 4443 4440 4432 4449 4447
168DARWIN  2018 23  4416 4415 4413 4411 4412 4408
168DARWIN  2018 31  4423 4437 4443 4408 4390 4412 4432 4437 4414 4433 4429
168DARWIN  2018 32  4401 4421 4447 4440 4454 4526 4433 4447 4454 4444 4408
168DARWIN  2018 33  4397 4423 4439 4417 4396 4409 4400 4410 4408
168DARWIN  2018 41  4382 4362 4360 4371 4350 4349 4342 4346 4346 4356 4365
168DARWIN  2018 42  4376 4368 4382 4379 4384 4378 4342 4314 4336 4345 4346
168DARWIN  2018 43  4345 4351 4362 4328 4304 4305 4316 4307
168DARWIN  2018 51  4283 4292 4289 4269 4229 4243 4282 4299 4309 4306 4270
168DARWIN  2018 52  4214 4205 4200 4178 4149 4146 4165 4164 4177 4188 4188
168DARWIN  2018 53  4232 4260 4278 4279 4260 4240 4212 4198 4214
168DARWIN  2018 61  4211 4193 4152 4125 4137 4160 4167 4190 4201 4210 4214
168DARWIN  2018 62  4215 4209 4192 4166 4155 4143 4161 4173 4191 4171 4163
168DARWIN  2018 63  4149 4146 4168 4173 4157 4164 4160 4151
168DARWIN  2018 71  4146 4189 4211 4209 4209 4209 4170 4130 4154 4171 4142
168DARWIN  2018 72  4137 4144 4162 4150 4139 4164 4189 4197 4208 4205 4168
168DARWIN  2018 73  4148 4143 4152 4164 4138 4132 4130 4145 4161
168DARWIN  2018 81  4169 4149 4114 4135 4140 4106 4116 4130 4156 4165 4128
168DARWIN  2018 82  4086 4114 4183 4176 4156 4167 4151 4117 4117 4151 4138
168DARWIN  2018 83  4124 4120 4127 4128 4133 4154 4181 4174 4175
168DARWIN  2018 91  4168 4147 4155 4173 4180 4186 4170 4159 4175 4161 4179
168DARWIN  2018 92  4173 4156 4156 4160 4164 4175 4193 4175 4156 4144 4151
168DARWIN  2018 93  4159 4170 4176 4169 4168 4173 4172 4195
168DARWIN  2018101  4165 4171 4170 4160 4183 4189 4194 4202 4213 4227 4205
168DARWIN  2018102  4224 4220 4211 4198 4196 4219 4226 4231 4240 4233 4230
168DARWIN  2018103  4217 4229 4220 4232 4249 4232 4231 4234 4240
168DARWIN  2018111  4251 4289 4310 4311 4294 4293 4294 4273 4267 4264 4252
168DARWIN  2018112  4234 4232 4227 4223 4260 4282 4278 4283 4302 4309 4292
168DARWIN  2018113  4251 4270 4279 4269 4271 4253 4278 4326
168DARWIN  2018121  4345 4343 4326 4320 4332 4324 4301 4285 4293 4296 4320
168DARWIN  2018122  4334 4309 4295 4303 4298 4312 4290 4293 4297 4270 4277
168DARWIN  2018123  4300 4295 4279 4265 4317 4357 4353 4354 4326
168DARWIN  2019 11  4333 4342 4301 4264 4262 4247 4301 4309 4289 4288 4290
168DARWIN  2019 12  4277 4303 4342 4319 4299 4278 4280 4276 4286 4316 4355
168DARWIN  2019 13  4369 4360 4350 4360 4340 4301 4328 4315 4318
168DARWIN  2019 21  4370 4362 4380 4385 4372 4363 4364 4361 4345 4330 4321
168DARWIN  2019 22  4333 4309 4278 4273 4299 4303 4312 4304 4287 4284 4283
168DARWIN  2019 23  4305 4288 4263 4280 4295 4282
168DARWIN  2019 31  4296 4300 4306 4309 4329 4318 4300 4304 4292 4332 4376
168DARWIN  2019 32  4360 4335 4391 4400 4382 4366 4357 4369 4370 4388 4393
168DARWIN  2019 33  4406 4368 4331 4309 4306 4313 4342 4342 4339
168DARWIN  2019 41  4335 4345 4325 4294 4328 4309 4297 4325 4307 4293 4309
168DARWIN  2019 42  4324 4334 4331 4314 4295 4306 4311 4319 4328 4305 4277
168DARWIN  2019 43  4267 4273 4251 4230 4234 4234 4246 4276
168DARWIN  2019 51  4281 4246 4225 4250 4245 4248 4261 4265 4221 4178 4178
168DARWIN  2019 52  4234 4244 4234 4240 4227 4193 4221 4218 4198 4216 4209
168DARWIN  2019 53  4200 4195 4212 4217 4213 4184 4165 4113 4084
168DARWIN  2019 61  4100 4074 4064 4036 4013 4026 4066 4102 4119 4162 4186
168DARWIN  2019 62  4209 4223 4172 4131 4120 4109 4087 4050 4052 4064 4041
168DARWIN  2019 63  4037 4042 4029 4045 4057 4038 4041 4065
168DARWIN  2019 71  4080 4094 4060 4042 4057 4056 4047 4077 4092 4064 4060
168DARWIN  2019 72  4062 4006 3960 3984 3975 4011 4045 4058 4060 4053 4035
168DARWIN  2019 73  4031 4047 4052 4057 4055 4050 4046 4035 4033
168DARWIN  2019 81  4005 3978 4023 4051 4055 4077 4064 4039 4024 4018 4012
168DARWIN  2019 82  3984 3976 3994 4011 4021 4032 4056 4048 3987 4029 4057
168DARWIN  2019 83  4056 4059 4063 4047 4023 4016 4023 4052 4060
168DARWIN  2019 91  4055 4083 4092 4078 4067 4058 4047 4046 4019 4015 4041
168DARWIN  2019 92  4041 4045 4061 4077 4084 4076 4072 4071 4046 4031 4047
168DARWIN  2019 93  4061 4068 4084 4098 4096 4091 4099 4103
168DARWIN  2019101  4102 4098 4101 4094 4102 4099 4099 4098 4090 4104 4105
168DARWIN  2019102  4110 4114 4101 4119 4132 4124 4137 4145 4150 4159 4190
168DARWIN  2019103  4212 4216 4187 4184 4161 4160 4193 4190 4184
168DARWIN  2019111  4169 4169 4175 4157 4144 4193 4206 4195 4189 4190 4191
168DARWIN  2019112  4178 4181 4183 4184 4179 4174 4182 4192 4206 4231 4233
168DARWIN  2019113  4221 4210 4199 4202 4181 4191 4203 4205
168DARWIN  2019121  4200 4203 4222 4212 4201 4203 4215 4207 4202 4198 4201
168DARWIN  2019122  4205 4200 4196 4192 4215 4224 4221 4232 4276 4273 4262
168DARWIN  2019123  4245 4240 4230 4228 4245 4235 4214 4228 4248
168DARWIN  2020 11  4263 4276 4291 4319 4347 4304 4271 4248 4275 4333 4273
168DARWIN  2020 12  4266 4254 4260 4271 4252 4249 4255 4269 4295 4311 4244
168DARWIN  2020 13  4238 4245 4239 4255 4273 4306 4317 4316 4294
168DARWIN  2020 21  4302 4321 4292 4277 4272 4264 4253 4276 4281 4271 4280
168DARWIN  2020 22  4284 4288 4283 4300 4290 4259 4250 4268 4255 4271 4313
168DARWIN  2020 23  4318 4319 4362 4444 4442 4342 4297
168DARWIN  2020 31  4330 4360 4348 4275 4238 4241 4268 4296 4287 4333 4343
168DARWIN  2020 32  4316 4301 4288 4261 4271 4271 4272 4300 4331 4362 4325
168DARWIN  2020 33  4294 4291 4267 4304 4321 4300 4304 4295 4300
168DARWIN  2020 41  4293 4304 4324 4322 4306 4335 4355 4328 4293 4228 4238
168DARWIN  2020 42  4277 4277 4307 4316 4306 4297 4306 4294 4288 4302 4295
168DARWIN  2020 43  4291 4318 4318 4286 4270 4267 4255 4245
168DARWIN  2020 51  4199 4191 4222 4229 4280 4300 4283 4256 4243 4218 4188
168DARWIN  2020 52  4216 4235 4243 4263 4294 4308 4317 4305 4235 4123 4133
168DARWIN  2020 53  4108 4105 4151 4182 4199 4190 4198 4212 4216
168DARWIN  2020 61  4223 4183 4142 4146 4146 4156 4169 4174 4172 4196 4231
168DARWIN  2020 62  4262 4242 4228 4255 4233 4233 4244 4236 4244 4213 4161
168DARWIN  2020 63  4152 4153 4155 4163 4182 4212 4212 4196
168DARWIN  2020 71  4182 4176 4168 4147 4130 4127 4138 4155 4169 4192 4194
168DARWIN  2020 72  4160 4108 4132 4147 4156 4168 4171 4158 4165 4150 4120
168DARWIN  2020 73  4156 4175 4159 4130 4126 4117 4102 4092 4116
168DARWIN  2020 81  4128 4136 4142 4157 4162 4133 4103 4126 4171 4183 4163
168DARWIN  2020 82  4163 4172 4178 4168 4177 4188 4189 4182 4181 4188 4191
168DARWIN  2020 83  4210 4211 4190 4164 4171 4172 4170 4177 4186
168DARWIN  2020 91  4220 4208 4197 4204 4213 4232 4229 4241 4249 4244 4237
168DARWIN  2020 92  4225 4221 4233 4239 4249 4247 4240 4256 4270 4264 4250
168DARWIN  2020 93  4246 4235 4231 4244 4239 4241 4230 4243
168DARWIN  2020101  4257 4271 4292 4304 4282 4253 4247 4272 4288 4277 4290
168DARWIN  2020102  4312 4318 4326 4325 4320 4333 4329 4309 4292 4285 4286
168DARWIN  2020103  4304 4323 4342 4338 4330 4316 4316 4326 4313
168DARWIN  2020111  4306 4317 4307 4302 4317 4293 4268 4304 4329 4358 4367
168DARWIN  2020112  4353 4357 4341 4317 4333 4335 4338 4331 4341 4356 4357
168DARWIN  2020113  4363 4378 4382 4366 4364 4348 4364 4363
168DARWIN  2020121  4345 4355 4376 4401 4405 4405 4396 4409 4430 4413 4393
168DARWIN  2020122  4381 4370 4365 4391 4380 4380 4457 4492 4518 4555 4537
168DARWIN  2020123  4476 4436 4416 4403 4398 4414 4428 4414 4398
168DARWIN  2021 11  4409 4458 4471 4468 4445 4423 4438 4438 4430 4413 4404
168DARWIN  2021 12  4394 4414 4405 4410 4429 4425 4396 4439 4486 4472 4439
168DARWIN  2021 13  4431 4427 4436 4443 4502 4528 4526 4518 4559
168DARWIN  2021 21  4523 4503 4513 4498 4454 4471 4464 4455 4442 4471 4472
168DARWIN  2021 22  4471 4452 4452 4490 4500 4489 4480 4493 4481 4508 4557
168DARWIN  2021 23  4534 4491 4465 4500 4515 4500
168DARWIN  2021 31  4493 4499 4476 4444 4458 4473 4453 4434 4452 4449 4429
168DARWIN  2021 32  4441 4428 4433 4422 4403 4410 4415 4432 4446 4447 4428
168DARWIN  2021 33  4420 4417 4394 4398 4433 4435 4446 4487 4477
168DARWIN  2021 41  4475 4432 4425 4423 4420 4423 4429 4424 4403 4416 4421
168DARWIN  2021 42  4409 4403 4385 4380 4378 4313 4301 4350 4353 4346 4361
168DARWIN  2021 43  4337 4311 4349 4350 4335 4340 4349 4354
168DARWIN  2021 51  4332 4318 4351 4368 4374 4359 4342 4325 4301 4291 4262
168DARWIN  2021 52  4244 4255 4233 4214 4203 4193 4204 4247 4272 4308 4317
168DARWIN  2021 53  4306 4280 4277 4247 4191 4184 4218 4219 4181
168DARWIN  2021 61  4226 4246 4247 4203 4165 4199 4197 4185 4168 4158 4181
168DARWIN  2021 62  4172 4172 4189 4183 4183 4207 4201 4190 4216 4237 4238
168DARWIN  2021 63  4233 4207 4202 4201 4186 4200 4209 4205
