171COCOS IS      LAT=12 07.0S  LONG=096 54.0E
171COCOS IS1985 11  9999 9999 9999 9999 9999 9999 9999 9999 9999 9999 9999
171COCOS IS1985 12  9999 9999 9999 9999 9999 9999 9999 9999 9999 9999 9999
171COCOS IS1985 13  9999 9999 9999 9999 9999 9999 9999 9999 9999
171COCOS IS1985 21  9999 9999 9999 9999 9999 9999 9999 9999 9999 9999 9999
171COCOS IS1985 22  9999 9999 9999 9999 9999 9999 9999 9999 9999 9999 9999
171COCOS IS1985 23  9999 9999 9999 9999 9999 9999
171COCOS IS1985 31  9999 9999 9999 9999 9999 9999 9999 9999 9999 9999 9999
171COCOS IS1985 32  9999 9999 9999 9999 9999 9999 9999 9999 9999 9999 9999
171COCOS IS1985 33  9999 9999 9999 9999 9999 9999 9999 9999 9999
171COCOS IS1985 41  9999 9999 9999 9999 9999 9999 9999 9999 9999 9999 9999
171COCOS IS1985 42  9999 9999 9999 9999 9999 9999 9999 9999 9999 9999 9999
171COCOS IS1985 43  9999 9999 9999 9999 9999 9999 9999 9999
171COCOS IS1985 51  9999 9999 9999 9999 9999 9999 9999 9999 9999 9999 9999
171COCOS IS1985 52  9999 9999 9999 9999 9999 9999 9999 9999 9999 9999 9999
171COCOS IS1985 53  9999 9999 9999 9999 9999 9999 9999 9999 9999
171COCOS IS1985 61  9999 9999 9999 9999 9999 9999 9999 9999 9999 9999 9999
171COCOS IS1985 62  9999 9999 9999 9999 9999 9999 9999 9999 9999 9999 9999
171COCOS IS1985 63  9999 9999 9999 9999 9999 9999 9999 9999
171COCOS IS1985 71  9999 9999 9999 9999 9999 9999 9999 9999 9999 9999 9999
171COCOS IS1985 72  9999 9999 9999 9999 9999 9999 9999 9999 9999 9999 9999
171COCOS IS1985 73  9999 9999 9999 9999 9999 9999 9999 9999 9999
171COCOS IS1985 81  9999 9999 9999 9999 9999 9999 9999 9999 9999 9999 9999
171COCOS IS1985 82  9999 9999 9999 9999 9999 9999 9999 9999 9999 9999 9999
171COCOS IS1985 83  9999 9999 9999 9999 9999 9999 9999 9999 9999
171COCOS IS1985 91  9999 9999 9999 9999 9999 9999 9999 9999 9999 9999 9999
171COCOS IS1985 92  9999 9999 9999 9999 9999 9999 9999 9999 9999 9999 9999
171COCOS IS1985 93  9999 9999 9999 9999 9999 9999 9999 9999
171COCOS IS1985101  9999 9999 9999 9999 9999 9999 9999 9999 9999 9999 9999
171COCOS IS1985102  9999 9999 9999 9999 9999 9999 9999 9999 9999 9999 9999
171COCOS IS1985103  9999 9999 9999 9999 9999 9999 9999 9999 9999
171COCOS IS1985111  9999 9999 9999 9999 9999 9999 9999 9999 9999 9999 9999
171COCOS IS1985112  9999 9999 9999 9999 9999 9999 9999 9999 9999 9999 9999
171COCOS IS1985113  9999 9999 9999 9999 9999 9999 9999 9999
171COCOS IS1985121  9999 9999 9999 9999 9999 9999 9999 9999 9999 9999 9999
171COCOS IS1985122   784  785  787  797  813  825  832  814  811  821  808
171COCOS IS1985123   808  814  815  807  798  802  813  822  843
171COCOS IS1986 11   852  847  854  852  853  850  825  807  801  814  791
171COCOS IS1986 12   751  750  755  768  757  732  710  677  659  657  632
171COCOS IS1986 13   616  616  612  615  618  623  641  648  671
171COCOS IS1986 21   680  676  672  658  668  676  680  687  700  720  736
171COCOS IS1986 22   758  756  754  767  793  775  744  722  711  702  733
171COCOS IS1986 23   734  734  755  749  751  749
171COCOS IS1986 31   730  707  678  662  651  635  636  644  660  663  667
171COCOS IS1986 32   670  665  665  660  650  630  631  632  624  631  658
171COCOS IS1986 33   687  691  664  631  601  600  613  602  587
171COCOS IS1986 41   592  579  562  572  593  617  648  632  562  564  578
171COCOS IS1986 42   572  555  563  588  596  606  619  618  622  634  652
171COCOS IS1986 43   684  691  679  678  683  690  682  690
171COCOS IS1986 51   710  712  724  739  732  738  742  752  743  718  719
171COCOS IS1986 52   711  701  706  698  689  701  707  698  691  674  657
171COCOS IS1986 53   647  648  650  652  663  674  698  719  716
171COCOS IS1986 61   713  722  736  739  731  724  723  722  727  749  771
171COCOS IS1986 62   776  790  818  811  807  796  792  794  777  764  759
171COCOS IS1986 63   762  771  761  749  766  768  774  788
171COCOS IS1986 71   765  760  754  759  788  793  806  800  801  811  821
171COCOS IS1986 72   813  810  813  805  802  801  802  800  783  772  802
171COCOS IS1986 73   809  802  812  805  800  776  751  730  711
171COCOS IS1986 81   707  704  706  714  718  718  718  742  754  725  724
171COCOS IS1986 82   726  717  714  719  719  702  718  747  758  757  753
171COCOS IS1986 83   762  764  756  753  742  737  743  746  752
171COCOS IS1986 91   766  782  801  810  807  815  839  854  841  811  793
171COCOS IS1986 92   781  757  722  730  738  742  751  745  732  741  740
171COCOS IS1986 93   721  722  726  724  742  759  773  782
171COCOS IS1986101   782  776  778  779  771  758  743  740  743  733  724
171COCOS IS1986102   711  704  720  734  740  746  746  739  740  736  736
171COCOS IS1986103   730  729  722  724  745  740  722  731  753
171COCOS IS1986111   780  769  762  772  770  786  798  821  842  854  852
171COCOS IS1986112   852  842  816  810  810  811  805  799  803  806  815
171COCOS IS1986113   817  830  847  862  887  892  885  878
171COCOS IS1986121   872  880  872  859  851  845  846  828  836  847  826
171COCOS IS1986122   807  795  776  783  776  748  719  687  678  679  683
171COCOS IS1986123   695  711  717  723  708  701  683  666  668
171COCOS IS1987 11   684  721  745  758  761  759  761  754  747  746  761
171COCOS IS1987 12   757  743  758  769  777  781  772  773  780  766  739
171COCOS IS1987 13   705  708  699  673  656  649  641  631  651
171COCOS IS1987 21   669  675  661  666  675  686  690  691  700  695  697
171COCOS IS1987 22   712  734  763  797  806  782  756  740  740  723  706
171COCOS IS1987 23   705  694 9999 9999 9999 9999
171COCOS IS1987 31   714  711  700  682  667  662  650  635  633  658  698
171COCOS IS1987 32   702  698  685  695  706  702  700 9999 9999 9999 9999
171COCOS IS1987 33  9999 9999  692  709  727  733  747  751  748
171COCOS IS1987 41   754  745  737  734  727  725  728  736  744  741  751
171COCOS IS1987 42   760  762  754  758  764  769  775  771  763  794  832
171COCOS IS1987 43   835 9999 9999 9999 9999 9999  806  802
171COCOS IS1987 51   794  780  776  781  796  809  821  835  841  848  856
171COCOS IS1987 52   870  842  814  779  759  771  781  796  793  795  795
171COCOS IS1987 53   786  780  780  780  787  790  786  779  790
171COCOS IS1987 61   801  808  814  816  831  845  826  802  779  762  751
171COCOS IS1987 62   750  753  778  804  817 9999 9999  785  782  804  797
171COCOS IS1987 63   780  790  797  784  789  805  796  792
171COCOS IS1987 71   801  799  801  799  808  809  807  794  771  756  757
171COCOS IS1987 72   752  765  784  805  836  839  830  832  826  831  829
171COCOS IS1987 73   832  856  882  895  909  887  875  864  855
171COCOS IS1987 81   837  809  804  808  819  813  816  832  845  852  859
171COCOS IS1987 82   859  865  860  862  882  884  865  863  866  875  885
171COCOS IS1987 83   877  868  871  879  894  908  908  898  899
171COCOS IS1987 91   879  869  872  872  875  885  892  895  891  858  830
171COCOS IS1987 92   823  817  813  805  783  766  782  811  832  852  839
171COCOS IS1987 93   847  857  845  852  868  877  862  847
171COCOS IS1987101   857  877  893  911  920  941  943  934  933  925  897
171COCOS IS1987102   879  852  827  809  787  793  807  791  770  756  744
171COCOS IS1987103   757  787  800  823  825  841  866  881  899
171COCOS IS1987111   918  913  908  919  933  951  958  966  973  990  963
171COCOS IS1987112   925  926  921  913  898  880  856  839  793  725  677
171COCOS IS1987113   646  607  585  574  556  538  517  520
171COCOS IS1987121   533  538  544  544  557  578  612  637  641  663  692
171COCOS IS1987122   727  743  768  795  808  814  818  819  825  830  831
171COCOS IS1987123   844  851  852  844  842  858  847  836  836
171COCOS IS1988 11   815  798  797  801  791  782  751  726  708  700  688
171COCOS IS1988 12   691  698  679  665  658  666  664  659  667  662  672
171COCOS IS1988 13   690  698  685  662  653  642  658  742  652
171COCOS IS1988 21   595  590  609  622  624  657  653  651  660  645  638
171COCOS IS1988 22   631  631  639  645  657  676  691  700  710 9999 9999
171COCOS IS1988 23   689  695  692  693  719  730  745
171COCOS IS1988 31   764  767  771  770  770  761  745  751  742  730  742
171COCOS IS1988 32   744  742  749  765  794  807  805  796  779  778  788
171COCOS IS1988 33   782  742  688  605  594  600  607  624  628
171COCOS IS1988 41   620  612  600  581  575  582  577  564  571  579  585
171COCOS IS1988 42   614  641  668  667  662  659  646  639  633  619  639
171COCOS IS1988 43   651  662  664  666  696  707  703  688
171COCOS IS1988 51   683  676  649  648  627  624  637  655  675  681  681
171COCOS IS1988 52   679  689  675  652  650  659  744  733  588  584  587
171COCOS IS1988 53   575  599  558  558  577  563  554  550  539
171COCOS IS1988 61   533  553  583  602  616  609  617  643  653  649  654
171COCOS IS1988 62   632  634  663  672  669  661  685  698  714  743  764
171COCOS IS1988 63   791  777  756  769  756  759  761  754
171COCOS IS1988 71   770  784  791  804  821  811  789  771  754  755  744
171COCOS IS1988 72   740  743  751  763  788  795  805  828  844  847  832
171COCOS IS1988 73   800  777  756  747  748  767  761  767 9999
171COCOS IS1988 81  9999 9999 9999 9999 9999 9999 9999 9999 9999 9999 9999
171COCOS IS1988 82  9999 9999 9999 9999 9999 9999 9999 9999 9999 9999 9999
171COCOS IS1988 83  9999 9999 9999 9999 9999 9999 9999 9999 9999
171COCOS IS1988 91  9999 9999 9999 9999 9999 9999 9999 9999 9999 9999 9999
171COCOS IS1988 92  9999 9999 9999 9999 9999 9999 9999 9999 9999 9999 9999
171COCOS IS1988 93  9999 9999 9999 9999 9999 9999 9999 9999
171COCOS IS1988101  9999 9999 9999 9999 9999 9999 9999 9999 9999 9999 9999
171COCOS IS1988102  9999 9999 9999 9999 9999 9999 9999 9999 9999 9999 9999
171COCOS IS1988103  9999 9999 9999 9999 9999 9999 9999 9999 9999
171COCOS IS1988111  9999 9999 9999 9999 9999 9999 9999 9999 9999 9999 9999
171COCOS IS1988112  9999 9999 9999 9999 9999 9999 9999 9999 9999 9999 9999
171COCOS IS1988113  9999 9999 9999 9999 9999 9999 9999 9999
171COCOS IS1988121  9999 9999 9999 9999 9999 9999 9999 9999 9999 9999 9999
171COCOS IS1988122  9999 9999 9999 9999 9999 9999 9999 9999 9999 9999 9999
171COCOS IS1988123  9999 9999 9999 9999 9999 9999 9999 9999 9999
171COCOS IS1989 11  9999  701  700  694  694  705  718  718  729  738  748
171COCOS IS1989 12   742  732  725  714  731  713  698  697  693  685  670
171COCOS IS1989 13   669  683  692  695  705  644  591  591  582
171COCOS IS1989 21   583  593  601  585  592  609  616  628  633  623  633
171COCOS IS1989 22   649  640  650  661  675  703  690  693  730  763  791
171COCOS IS1989 23   807  825  838  832  823  827
171COCOS IS1989 31   846  874  881  866  872  861  835  847  854  838  822
171COCOS IS1989 32   792  763  755  737  740  745  745  736  734  727  729
171COCOS IS1989 33   746  749  749  732  723  734  719  713  709
171COCOS IS1989 41   722  751  779  784  804  808  796  778  756  765  776
171COCOS IS1989 42   760  755  759  730  731  736  709  696  702  698  667
171COCOS IS1989 43   659  675  671  662  673  673  679  706
171COCOS IS1989 51   712  715  717  717  723  704  693  681  695  720  719
171COCOS IS1989 52   741  745  750  758  748  735  736  742  722  708  712
171COCOS IS1989 53   712  716  713  708  721  729  728  728  737
171COCOS IS1989 61   720  702  696  659  636  631  623  649  666  669  678
171COCOS IS1989 62   670  675  694  693  694  703  696  703  719  732  745
171COCOS IS1989 63   730  733  748  755  750  745  743  729
171COCOS IS1989 71   723  730  736  731  752  781  790  803  811  805  774
171COCOS IS1989 72   772  769  802  798  727  729  712  716  717  707  733
171COCOS IS1989 73   719  708  708  675  655  641  629  646  671
171COCOS IS1989 81   678  678  705  709  688  666  657  666  677  690  684
171COCOS IS1989 82   671  652  637  653  649  643  633  619  618  651  662
171COCOS IS1989 83   657  639  630  659  671  673  667  697  757
171COCOS IS1989 91   760  780  792  779  781  779  795  806  818  829  843
171COCOS IS1989 92   869  887  920  933  932  912  902  887  872  875  873
171COCOS IS1989 93   881  890  895  903  890  885  907  905
171COCOS IS1989101   890  897  901  888  870  876  896  916  932  940  941
171COCOS IS1989102   937  934  920  911  908  877  864  859  865  867  876
171COCOS IS1989103   881  869  860  859  870  858  842  856  837
171COCOS IS1989111   822  813  804  824  852  872  916  947 1004 1055 1000
171COCOS IS1989112   950  943  931  946  965  978 1001 1013 1023 1023 1029
171COCOS IS1989113  1044 1033 1019 1001  996  989  991 1001
171COCOS IS1989121   981  993  997  988 1001 1014 1001  984  957  923  898
171COCOS IS1989122   879  861  847  819  804  780  784  798  788  787  788
171COCOS IS1989123   771  769  756  732  747  753  756  774  797
171COCOS IS1990 11   819  831  820  812  821  819  798  778  776  800  815
171COCOS IS1990 12   801  803  820  832  834  808  779  758  733  727  727
171COCOS IS1990 13   718  708  701  717  734  712  696  703  709
171COCOS IS1990 21   696  684  682  664  664  672  682  689  689  699  699
171COCOS IS1990 22   712  718  715  703  701  696  671  666  671  670  696
171COCOS IS1990 23   730  763  790  788  794  781
171COCOS IS1990 31   754  755  784  804  742  711  721  736  781  821  794
171COCOS IS1990 32   734  727  709  683  692  705  709  721  734  736  751
171COCOS IS1990 33   779  802  819  837  829  827  812  803  811
171COCOS IS1990 41   799  796  819  829  836  848  855  846  844  839  821
171COCOS IS1990 42   803  789  787  804  788  770  760  760  751  755  752
171COCOS IS1990 43   750  745  733  722  728  723  716  720
171COCOS IS1990 51   719  726  743  749  740  734 9999 9999 9999  766  764
171COCOS IS1990 52   763  749  756  772  789  785  803  811  793  787  766
171COCOS IS1990 53  9999 9999 9999 9999 9999 9999 9999 9999 9999
171COCOS IS1990 61  9999 9999 9999 9999 9999 9999 9999 9999 9999 9999 9999
171COCOS IS1990 62  9999 9999 9999 9999 9999 9999 9999 9999 9999 9999 9999
171COCOS IS1990 63  9999 9999 9999 9999 9999 9999 9999 9999
171COCOS IS1990 71  9999 9999 9999 9999 9999 9999 9999 9999 9999 9999 9999
171COCOS IS1990 72  9999 9999 9999 9999 9999 9999 9999 9999 9999 9999 9999
171COCOS IS1990 73  9999 9999 9999 9999 9999 9999 9999 9999 9999
171COCOS IS1990 81  9999 9999 9999 9999 9999 9999 9999 9999 9999 9999 9999
171COCOS IS1990 82  9999 9999 9999 9999 9999  738  738  752  761  775  785
171COCOS IS1990 83   802  834  851  834  829  839  843  840  840
171COCOS IS1990 91   859  890  904  922  934  931  936  926  904  904  912
171COCOS IS1990 92   910  894  894  906  903  900  912  901  878  879  881
171COCOS IS1990 93   834  815  819  797  812  835  859  882
171COCOS IS1990101   902  920  927  928  933  915  887  887  884  888  905
171COCOS IS1990102   924  939  936  948  950  940  936  930  924  917  910
171COCOS IS1990103   931  942  951  940  932  942  954  983  988
171COCOS IS1990111   963  944  940  922  908  905  917  928  939  937  934
171COCOS IS1990112   932  927  921  921  920  936  949  948  956  969  971
171COCOS IS1990113   980  981  982  965  958  966  955  935
171COCOS IS1990121   932  933  916  922  935  953  994 1015 1015  997  982
171COCOS IS1990122   989 1000  975  947  927  913  900  891  895  887  873
171COCOS IS1990123   869  877  856  839  838  822  796  783  779
171COCOS IS1991 11   788  801  805  797  803  810  800  786  786  783  782
171COCOS IS1991 12   782  778  787  799  791  805  812  805  795  814  824
171COCOS IS1991 13   822  829  796  772  777  775  780  771  760
171COCOS IS1991 21   739  717  725  712  699  689  645  617  611  613  608
171COCOS IS1991 22   611  626  623  611  604  602  605  602  590  583  555
171COCOS IS1991 23   542  545  551  565  575  587
171COCOS IS1991 31   599  606  608  602  618  617  603  620  634  659  684
171COCOS IS1991 32   685  695  707  714  706  706  709  711  714  706  710
171COCOS IS1991 33   706  687  674  683  695  701  691  701  713
171COCOS IS1991 41   698  676  685  690  682  659  657  665  679  691  692
171COCOS IS1991 42   688  672  664  640  624  624  591  575  572  558  549
171COCOS IS1991 43   547  562  561  538  532  517  515  520
171COCOS IS1991 51   522  530  526  533  567  584  598  628  634  640  652
171COCOS IS1991 52   644  639  643  646  653  664  679  686  704  714  696
171COCOS IS1991 53   687  721  727  723  732  737  743  755  766
171COCOS IS1991 61   771  747  746  763  773  781  785  774  762  760  746
171COCOS IS1991 62   732  727  723  720  717  726  742  745  748  725  717
171COCOS IS1991 63   735  734  739  735  749  774  783  801
171COCOS IS1991 71   816  796  801  805  818  844  843  824  817  824  814
171COCOS IS1991 72   829  864  868  874  885  873  852  834  834  835  812
171COCOS IS1991 73   784  782  773  773  795  793  829  857  853
171COCOS IS1991 81   849  832  824  817  826  845  844  860  859  865  869
171COCOS IS1991 82   888  885  858  867  875  856  845  859  863  864  857
171COCOS IS1991 83   869  898  889  890  881  875  878  875  851
171COCOS IS1991 91   832  830  820  820  820  830  833  820  812  804  774
171COCOS IS1991 92   750  735  733  728  729  735  726  732  727  719  743
171COCOS IS1991 93   772  792  788  762  747  747  745  747
171COCOS IS1991101   759  800  829  855  873  839  841  833  828  828  813
171COCOS IS1991102   815  807  787  793  811  821  824  824  827  846  861
171COCOS IS1991103   870  875  870  864  859  851  843  845  842
171COCOS IS1991111  9999 9999 9999 9999 9999 9999 9999 9999 9999 9999 9999
171COCOS IS1991112  9999 9999 9999 9999 9999 9999 9999 9999 9999 9999 9999
171COCOS IS1991113  9999 9999 9999 9999 9999 9999 9999 9999
171COCOS IS1991121  9999 9999 9999  756  766  770  770  769  765  770  787
171COCOS IS1991122   808  804  789  786  774  760  758  752  739  745  761
171COCOS IS1991123   769  805  832  852  862  865  839  821  811
171COCOS IS1992 11   795  798  802  801  808  805  788  774  763  746  701
171COCOS IS1992 12   682  672  654  645  649  643  644  646  655  672  689
171COCOS IS1992 13   707  704  690  672  678  671  667  687  691
171COCOS IS1992 21   711  712  714  707  711  723  717  709  732  705  666
171COCOS IS1992 22   631  604  606  629  621  621  624  627  638  628  601
171COCOS IS1992 23   582  587  612  680  608  492  476
171COCOS IS1992 31   503  517  512  497  480  485  494  493  489  507  541
171COCOS IS1992 32   558  577  620  659  696  726  739  735  734  743  754
171COCOS IS1992 33   753  750  754  758  763  769  767  775  776
171COCOS IS1992 41   767  764  759  758  773  787  781  769 9999 9999 9999
171COCOS IS1992 42   773  734  704  707  720  716  679  659  651  650  661
171COCOS IS1992 43   678  687  680  692  715  713  689  668
171COCOS IS1992 51  9999 9999 9999 9999 9999 9999 9999 9999  750  767  768
171COCOS IS1992 52   767  767  750  742  752  733  715  714  716  721  724
171COCOS IS1992 53   733  739  711  704  694  685  697  707  711
171COCOS IS1992 61   690  704  707  710  710  721  766  786  758  725  727
171COCOS IS1992 62   718  708  687  681  679  683  712  714  691  722  734
171COCOS IS1992 63   728  735  745  729  707  706  688  675
171COCOS IS1992 71  9999 9999 9999 9999 9999 9999 9999 9999 9999 9999 9999
171COCOS IS1992 72  9999 9999 9999 9999 9999 9999 9999 9999 9999 9999 9999
171COCOS IS1992 73  9999 9999 9999 9999 9999 9999 9999 9999 9999
171COCOS IS1992 81  9999 9999 9999 9999 9999 9999 9999 9999 9999 9999 9999
171COCOS IS1992 82  9999 9999 9999 9999 9999 9999 9999 9999 9999 9999 9999
171COCOS IS1992 83  9999 9999 9999 9999 9999 9999 9999 9999 9999
171COCOS IS1992 91  9999 9999 9999 9999  804  814  800  795  822  845  850
171COCOS IS1992 92   855  846  841  833  814  800  797  774  759  759  794
171COCOS IS1992 93   820  837  857  869  848  836  837  834
171COCOS IS1992101   825  810  817  818  820  817  824  829  824  822  827
171COCOS IS1992102   853  864  866  875  885  883  904  918  931  960  969
171COCOS IS1992103   960  940  938  947  936  916  920  932  932
171COCOS IS1992111   923  901  907  907  881  873  876  880  863  859  846
171COCOS IS1992112   828  825  834  834  839  825  796  788  773  757  718
171COCOS IS1992113   686  677  689  716  724  721  723  739
171COCOS IS1992121   751  760  774  778  766  753  733  720  720  738  724
171COCOS IS1992122   725  737  750  769  787  798  842  844  773  769  773
171COCOS IS1992123   805  809  800  811  833  841  837  838  824
171COCOS IS1993 11   819  814  799  788  790  808  815  813  824  837  840
171COCOS IS1993 12   844  861  858  827  800  787  772  769  759  771  772
171COCOS IS1993 13   760  751  738  740  734  741  748  745  737
171COCOS IS1993 21   720  706  703  701  702  735  756  752  733  723  719
171COCOS IS1993 22   708  721  715  697  700  705  710  710  713  713  720
171COCOS IS1993 23   710  692  689  700  719  708
171COCOS IS1993 31   694  676  676  711  733  718  723  731  745  737  716
171COCOS IS1993 32   706  700  687  702  683  668  654  649  651  636  664
171COCOS IS1993 33   662  668  679  674  685  697  698  697  721
171COCOS IS1993 41   723  728  736  729  721  730  730  712  709  718  710
171COCOS IS1993 42   696  692  689  685  696  705  703  686  684  688  682
171COCOS IS1993 43   672  678  691  694  698  705  715  720
171COCOS IS1993 51   727  732  733  724  719  707  681  677  690  702  709
171COCOS IS1993 52   700  712  720  714  718  716  719  716  696  695  691
171COCOS IS1993 53   685  681  687  694  693  687  689  658  627
171COCOS IS1993 61   607  603  607  600  588  604  624  655  621  599  589
171COCOS IS1993 62   570  566  552  526  518  516  529  543  550  586  608
171COCOS IS1993 63   637  657  664  665  661  674  702  710
171COCOS IS1993 71   697  697  711  716  715  722  717  738  734  732  744
171COCOS IS1993 72   754  756  776  770  753  786  802  801  812  809  825
171COCOS IS1993 73   841  836  817  800  797  805  809  817  827
171COCOS IS1993 81   809  824  849  835  784  744  746  752  746  756  772
171COCOS IS1993 82   756  739  761  770  781  791  800  822  817  824  840
171COCOS IS1993 83   836  811  838  862  868  875  875  868  863
171COCOS IS1993 91   863  862  865  863  845  818  822  843  847  855  884
171COCOS IS1993 92   886  880  882  880  881  884  886  872  867  869  859
171COCOS IS1993 93   873  889  880  874  875  872  850  857
171COCOS IS1993101   855  843  861  863  866  870  866  862  887  907  927
171COCOS IS1993102   944  954  948  934  929  912  883  880  876  877  873
171COCOS IS1993103   851  850  855  851  855  859  852  835  844
171COCOS IS1993111   849  850  871  878  876  881  899  900  906  907  899
171COCOS IS1993112   879  860  837  826  816  790  779  767  748  745  742
171COCOS IS1993113   743  715  687  691  710  737  766  788
171COCOS IS1993121   826  874  895  897  905  937  963  964  944  925  910
171COCOS IS1993122   904  898  900  904  899  896  878  870  858  854  845
171COCOS IS1993123   814  785  783  759  739  717  696  706  729
171COCOS IS1994 11   811  872  887  889  887  876  841  826  829  833  849
171COCOS IS1994 12   868  877  879  887  890  888  888  896  902  909  898
171COCOS IS1994 13   869  880  872  860  858  875  877  871  883
171COCOS IS1994 21   884  875  881  859  845  848  843  827  819  814  818
171COCOS IS1994 22   827  837  857  866  851  807  784  789  810  837  851
171COCOS IS1994 23   861  887  886  885  896  895
171COCOS IS1994 31   899  909  879  806  808  812  781  777  782  781  784
171COCOS IS1994 32   771  772  769  757  750  740  742  728  714  708  707
171COCOS IS1994 33   710  722  733  726  710  695  678  652  652
171COCOS IS1994 41   662  663  636  626  625  659  680  668  663  684  686
171COCOS IS1994 42   655  641  651  647  647  657  657  657  674  673  670
171COCOS IS1994 43   677  678  676  687  695  725  780  709
171COCOS IS1994 51   684  691  693  682  661  655  641  629  652  657  659
171COCOS IS1994 52   650  647  649  665  680  695  702  717  736  737  717
171COCOS IS1994 53   723  728  730  730  730  731  734  736  739
171COCOS IS1994 61   713  706  741  743  715  711  719  730  738  732  730
171COCOS IS1994 62   744  749  761  777  781  777  783  768  775  800  810
171COCOS IS1994 63   806  817  836  844  842  853  871  868
171COCOS IS1994 71   860  875  876  870  865  881  875  886  896  886  892
171COCOS IS1994 72   892  874  885  907  906  908  900  901  911  908  893
171COCOS IS1994 73   898  905  906  902  904  912  933  948  940
171COCOS IS1994 81   936  925  913  903  889  895  916  931  961  983  965
171COCOS IS1994 82   950  956  979 1003 1015 1029 1039 1041 1043 1052 1066
171COCOS IS1994 83  1073 1089 1095 1091 1070 1067 1065 1040 1030
171COCOS IS1994 91  1018  997  993  979  953  934  929  917  876  857  848
171COCOS IS1994 92   825  815  812  812  805  796  783  763  753  756  749
171COCOS IS1994 93   757  775  779  790  802  811  812  832
171COCOS IS1994101   848  850  866  871  861  851  861  863  866  866  858
171COCOS IS1994102   844  848  862  864  856  846  846  848  842  833  822
171COCOS IS1994103   820  829  824  812  820  816  810  818  813
171COCOS IS1994111   798  783  771  767  751  729  718  699  690  700  708
171COCOS IS1994112   702  686  665  655  649  637  653  668  671  681  707
171COCOS IS1994113   727  760  810  867  896  943  980  974
171COCOS IS1994121  9999 9999 9999 9999 9999 9999 9999 9999 9999 9999 9999
171COCOS IS1994122  9999 9999 9999 9999 9999 9999 9999 9999 9999 9999 9999
171COCOS IS1994123  9999 9999 9999 9999 9999 9999 9999 9999 9999
171COCOS IS1995 11   661  666  659  652  639  637  634  636  654  676  703
171COCOS IS1995 12   724  746  747  737  735  730  752  783  777  787  792
171COCOS IS1995 13   784  783  772  763  757  750  766  760  750
171COCOS IS1995 21   754  766  732  686  677  670  685  690  667  656  653
171COCOS IS1995 22   661  678  682  685  685  678  666  665  644  636  616
171COCOS IS1995 23   592  590  606  607  612  620
171COCOS IS1995 31   603  582  574  568  564  535  510  509  507  496  490
171COCOS IS1995 32   502  502  508 9999 9999  494  502  501  501  516  520
171COCOS IS1995 33   527  527  535  555  564  559  557  559  579
171COCOS IS1995 41   579  564  564  579  576  577  594  596  580  571  570
171COCOS IS1995 42   582  585  580  607  611  603  597  598  619  620  609
171COCOS IS1995 43   614  634  640  639  635  636  632  628
171COCOS IS1995 51   629  629  626  623  637  655  667  674  675  672  674
171COCOS IS1995 52   671  660  674  678  653  636  638  634  627  642  652
171COCOS IS1995 53   643  631  626  616  613  624  631  638  652
171COCOS IS1995 61   663  681  679  686  696  694  685  686  700  699  679
171COCOS IS1995 62   669  667  654  667  695  709  695  652  630  618  619
171COCOS IS1995 63   632  609  596  601  597  598  620  646
171COCOS IS1995 71   670  696  722  712  728  734  714  718  723  697  693
171COCOS IS1995 72   699  682  679  682  703  712  701  681  665  694  695
171COCOS IS1995 73   691  690  715  729  729  740  736  740  742
171COCOS IS1995 81   746  760  767  766  761  789  799  773  771  795  788
171COCOS IS1995 82   808  826  833  821  799  816  836  835  848  842  836
171COCOS IS1995 83   842  846  879  907  939  949  928  900  892
171COCOS IS1995 91   901  899  899  882  856  838  839  841  842  835  819
171COCOS IS1995 92   812  821  826  825  808  796  792  796  820  824  835
171COCOS IS1995 93   860  881  863  850  859  878  867  855
171COCOS IS1995101   858  865  875  864  861  866  867  878  871  868  877
171COCOS IS1995102   905  933  938  934  921  929  957  981  996  988  976
171COCOS IS1995103   957  951  961  979  986  979  973  965  963
171COCOS IS1995111   966  983  991  995 1021 1029 1017 1007 1002  996  984
171COCOS IS1995112   988  983  970  965  971  983  961  932  916  886  859
171COCOS IS1995113   835  835  840  829  799  778  776  780
171COCOS IS1995121   769  772  779  769  737  732  715  722  722  724  716
171COCOS IS1995122   724  752  764  771  769  750  750  756  764  776  794
171COCOS IS1995123   807  801  806  804  808  798  806  807  808
171COCOS IS1996 11   802  792  801  814  823  813  800  802  791  772  767
171COCOS IS1996 12   775  786  782  778  791  790  784  778  787  787  799
171COCOS IS1996 13   811  813  840  829  797  782  774  786  790
171COCOS IS1996 21   770  781  799  800  797  802  816  815  803  788  773
171COCOS IS1996 22   766  772  776  758  761  757  752  765  775  770  754
171COCOS IS1996 23   772  781  757  749  763  795  807
171COCOS IS1996 31   820  841  859  867  857  853  861  869  861  836  826
171COCOS IS1996 32   819  812  806  796  802  814  818  807  803  782  763
171COCOS IS1996 33   767  787  807  815  820  794  788  788  791
171COCOS IS1996 41   789  790  802  797  792  789  772  784  807  793  770
171COCOS IS1996 42   776  770  767  792  802  780  753  742  735  725  718
171COCOS IS1996 43   708  705  720  736  755  767  770  770
171COCOS IS1996 51   763  758  775  786  781  757  724  720  728  712  709
171COCOS IS1996 52   718  730  729  705  702  730  774  788  790  808  824
171COCOS IS1996 53   851  868  872  894  911  904  890  889  890
171COCOS IS1996 61   889  885  895  910  890  887  895  881  879  873  866
171COCOS IS1996 62   879  859  835  818  803  805  803  791  791  815  824
171COCOS IS1996 63   836  842  834  831  834  829  807  812
171COCOS IS1996 71   834  821  831  882  900  907  898  902  927  943  941
171COCOS IS1996 72   938  903  848  802  799  799  796  797  787  777  779
171COCOS IS1996 73   765  763  786  800  804  836  846  828  822
171COCOS IS1996 81   840  857  858  855  858  867  891  919  922  892  881
171COCOS IS1996 82   879  878  910  907  894  905  918  938  928  897  858
171COCOS IS1996 83   849  844  847  847  859  894  894  875  876
171COCOS IS1996 91   881  867  875  870  856  867  880  870  865  851  855
171COCOS IS1996 92   853  837  845  846  829  839  858  898  925  946  970
171COCOS IS1996 93   992 1034 1080 1117 1129 1117 1114 1107
171COCOS IS1996101  1100 1085 1071 1078 1102 1120 1112 1127 1141 1138 1138
171COCOS IS1996102  1140 1135 1110 1092 1085 1071 1058 1063 1060 1052 1028
171COCOS IS1996103  1001 1000  987  985  989  995  993  975  966
171COCOS IS1996111   963  952  944  947  933  910  878  858  873  871  865
171COCOS IS1996112   852  845  838  852  889  912  920  935  947  959  955
171COCOS IS1996113   940  931  931  949  952  935  934  938
171COCOS IS1996121   967  973  985 1003 1004 1012  999  988  988  981  966
171COCOS IS1996122   948  941  940  945  943  927  922  917  899  884  885
171COCOS IS1996123   882  873  857  843  837  839  824  832  832
171COCOS IS1997 11   845  860  851  838  817  809  793  790  793  802  796
171COCOS IS1997 12   791  799  806  810  805  787  764  751  742  742  730
171COCOS IS1997 13   738  748  756  771  778  798  824  798  800
171COCOS IS1997 21   807  788  795  812  807  828  840  856  862  847  843
171COCOS IS1997 22   855  854  846  836  805  770  765  757  743  721  716
171COCOS IS1997 23   711  695  682  673  690  692
171COCOS IS1997 31   678  672  668  668  676  672  657  655  666  660  665
171COCOS IS1997 32   668  661  674  684  684  671  653  653  672  687  688
171COCOS IS1997 33   688  692  697  696  689  704  732  730  706
171COCOS IS1997 41   702  701  714  712  711  723  717  691  670  654  655
171COCOS IS1997 42   657  643  646  654  639  632  655  667  665  660  668
171COCOS IS1997 43   664  668  680  682  676  680  676  674
171COCOS IS1997 51   690  718  732  745  751  748  739  724  717  725  763
171COCOS IS1997 52   818  839  788  748  726  714  710  703  690  688  663
171COCOS IS1997 53   651  653  637  640  660  676  673  687  718
171COCOS IS1997 61   726  704  699  713  739  751  759  774  805  820  817
171COCOS IS1997 62   832  854  876  903  908  911  907  893  884  889  922
171COCOS IS1997 63   946  949  961  959  947  964  959  946
171COCOS IS1997 71   934  917  923  929  913  894  903  915  922  927  936
171COCOS IS1997 72   924  913  932  947  943  930  934  948  971  984  982
171COCOS IS1997 73   964  955  936  903  896  903  888  890  901
171COCOS IS1997 81   911  928  939  927  903  900  905  908  898  878  868
171COCOS IS1997 82   872  881  871  865  871  878  887  883  866  847  842
171COCOS IS1997 83   849  838  818  812  790  784  779  779  783
171COCOS IS1997 91   798  816  804  774  754  748  740  742  774  805  815
171COCOS IS1997 92   818  817  835  850  847  856  865  861  848  839  834
171COCOS IS1997 93   817  814  819  816  817  824  824  811
171COCOS IS1997101   819  822  825  825  835  834  821  806  814  850  873
171COCOS IS1997102   889  908  912  902  894  897  892  889  883  877  867
171COCOS IS1997103   854  840  819  799  785  777  765  762  753
171COCOS IS1997111   743  726  714  700  680  685  683  682  686  689  694
171COCOS IS1997112   693  687  670  663  674  678  678  658  638  644  670
171COCOS IS1997113   677  671  680  682  685  697  706  709
171COCOS IS1997121   714  733  759  757  758  780  810  833  842  855  864
171COCOS IS1997122   870  880  896  877  872  907  928  942  940  938  937
171COCOS IS1997123   953  964  961  978  971  954  937  957  966
171COCOS IS1998 11   954  936  916  912  897  881  865  851  844  826  814
171COCOS IS1998 12   804  801  798  780  774  756  725  713  712  714  703
171COCOS IS1998 13   702  703  701  709  700  697  700  710  718
171COCOS IS1998 21   723  730  714  710  716  724  719  725  726  721  728
171COCOS IS1998 22   750  765  763  758  776  775  762  761  754  751  751
171COCOS IS1998 23   747  745  741  750  770  781
171COCOS IS1998 31   776  757  753  742  734  729  717  698  689  682  660
171COCOS IS1998 32   660  676  671  665  659  655  662  662  667  666  663
171COCOS IS1998 33   668  675  681  691  683  668  674  667  657
171COCOS IS1998 41   669  678  680  653  654  680  701  714  705  697  693
171COCOS IS1998 42   704  700  701  693  685  689  697  700  678  676  664
171COCOS IS1998 43   655  660  666  680  681  671  650  628
171COCOS IS1998 51   640  658  681  691  678  668  675  675  662  655  631
171COCOS IS1998 52   630  638  642  630  595  565  580  586  592  619  637
171COCOS IS1998 53   633  640  630  571  554  546  550  547  557
171COCOS IS1998 61   577  593  583  569  576  576  564  576  566  533  547
171COCOS IS1998 62   570  570  575  572  579  595  609  606  619  607  611
171COCOS IS1998 63   636  630  628  622  634  640  634  643
171COCOS IS1998 71   659  640  611  587  592  616  623  632  635  617  625
171COCOS IS1998 72   628  616  634  647  631  621  589  594  587  578  602
171COCOS IS1998 73   601  586  601  614  615  624  650  623  562
171COCOS IS1998 81   555  559  545  542  538  546  563  591  606  607  632
171COCOS IS1998 82   637  624  613  609  611  626  642  657  661  662  648
171COCOS IS1998 83   650  686  712  710  704  723  734  730  721
171COCOS IS1998 91   722  714  714  726  755  763  769  789  806  811  802
171COCOS IS1998 92   785  776  792  807  794  814  833  838  842  845  861
171COCOS IS1998 93   861  853  868  878  903  911  886  871
171COCOS IS1998101   907  949  946  961  975 1000 1017 1004  965  946  914
171COCOS IS1998102   897  916  918  924  914  888  871  872  883  876  861
171COCOS IS1998103   849  862  896  884  876  882  891  906  906
171COCOS IS1998111   916  911  932  950  935  929  930  968  953  917  919
171COCOS IS1998112   919  903  882  885  865  871  868  847  836  826  826
171COCOS IS1998113   822  839  853  859  847  852  873  869
171COCOS IS1998121   858  833  821  834  855  852  866  875  866  841  831
171COCOS IS1998122   838  849  851  839  831  837  846  854  865  862  858
171COCOS IS1998123   851  850  873  872  863  877  877  862  862
171COCOS IS1999 11   878  879  886  892  893  892  907  900  884  875  863
171COCOS IS1999 12   850  836  827  820  809  816  837  845  851  868  882
171COCOS IS1999 13   877  876  874  859  838  819  811  780  745
171COCOS IS1999 21   742  747  741  728  723  744  752  733  706  689  687
171COCOS IS1999 22   691  702  709  722  727  723  731 9999 9999 9999 9999
171COCOS IS1999 23  9999  774  772  776  781 9999
171COCOS IS1999 31  9999  808  778  774  833  865  869  852  846  845  848
171COCOS IS1999 32   854  853  843  863  884  888  876  864  861  817  792
171COCOS IS1999 33   764  729  702  703  720  707  720  735  717
171COCOS IS1999 41   696  678  663  673  671  652  638  621  612  617  638
171COCOS IS1999 42   660  653  650  655  656  648  637  642  640  626  618
171COCOS IS1999 43   611  621  625  634  656  686  677  680
171COCOS IS1999 51   693  705  729  732  740  758  757  759  777  794  810
171COCOS IS1999 52   840  866  870  879  870  865  867  855  844  843  846
171COCOS IS1999 53   848  849  836  810  771  764  771  758  717
171COCOS IS1999 61   704  706  711  716  712  739  750  741  740  726  701
171COCOS IS1999 62   688  685  671  672  676  661  659  658  653  639  625
171COCOS IS1999 63   630  633  633  614  607  614  621  642
171COCOS IS1999 71   651  665  681  699  696  699  710  709  704  708  708
171COCOS IS1999 72   721  746  769  773  765  784  811  823  841  878  896
171COCOS IS1999 73   924  928  921  947  971  986 1017 1038 1038
171COCOS IS1999 81  1050 1044 1075 1093 1080 1062 1042 1040 1029 1036 1043
171COCOS IS1999 82  1054 1069 1067 1075 1073 1069 1045 1055 1075 1074 1061
171COCOS IS1999 83  1040 1028 1025 1035 1038 1044 1038 1035 1036
171COCOS IS1999 91  1012  991  982  981  996  993  995 1000  995  975  964
171COCOS IS1999 92   956  930  922  933  947  975  993 1011 1031 1054 1067
171COCOS IS1999 93  1093 1128 1155 1161 1144 1148 1149 1134
171COCOS IS1999101  1137 1138 1142 1154 1155 1155 1154 1149 1152 1135 1109
171COCOS IS1999102  1091 1068 1038 1003  973  946  935  927  920  906  895
171COCOS IS1999103   896  891  882  863  850  822  792  776  762
171COCOS IS1999111   762  751  764  771  775  798  823  847  864  892  907
171COCOS IS1999112   921  945  980 1003 1010 1044 1086 1111 1131 1120 1111
171COCOS IS1999113  1112 1107 1101 1099 1086 1047 1010 1000
171COCOS IS1999121  1010 1001  972  930  896  878  858  830  816  796  780
171COCOS IS1999122   767  777  777  777  767  746  736  730  721  695  684
171COCOS IS1999123   683  701  714  732  754  750  769  780  782
171COCOS IS2000 11   767  766  764  759  757  754  759  765  759  776  789
171COCOS IS2000 12   796  791  783  774  755  726  710  716  709  724  740
171COCOS IS2000 13   754  724  720  715  708  704  677  672  666
171COCOS IS2000 21   658  658  664  682  703  722  728  729  736  733  718
171COCOS IS2000 22   720  711  703  696  668  652  662  675  668  665  652
171COCOS IS2000 23   651  642  637  639  623  591  573
171COCOS IS2000 31   576  579  578  607  628  610  605  611  604  614  615
171COCOS IS2000 32   592  563  542  542  556  570  581  581  573  576  586
171COCOS IS2000 33   588  578  563  554  550  542  539  535  549
171COCOS IS2000 41   557  564  574  579  572  560  547  551  551  552  563
171COCOS IS2000 42   547  535  529  539  569  581  557  560  558  555  561
171COCOS IS2000 43   562  558  561  574  584  599  601  605
171COCOS IS2000 51   621  633  642  634  622  621  610  604  616  635  658
171COCOS IS2000 52   669  664  675  686  687  699  725  720  702  703  705
171COCOS IS2000 53   695  705  718  722  734  728  722  720  723
171COCOS IS2000 61   721  710  710  729  738  735  726  714  714  729  734
171COCOS IS2000 62   716  699  683  670  687  687  691  682  679  678  687
171COCOS IS2000 63   702  723  743  754  759  763  754  747
171COCOS IS2000 71   762  773  770  771  761  757  764  773  762  737  744
171COCOS IS2000 72   740  728  722  711  706  721  740  748  748  748  769
171COCOS IS2000 73   802  816  847  894  917  930  949  972  987
171COCOS IS2000 81  1008 1030 1044 1064 1053 1067 1072 1073 1071 1062 1049
171COCOS IS2000 82  1028 1027 1030 1030 1045 1057 1062 1060 1040 1031 1012
171COCOS IS2000 83  1000  989  971  970  959  946  962  980 1008
171COCOS IS2000 91  1041 1026 1011 1004  993 1006 1013 1019 1030 1051 1058
171COCOS IS2000 92  1031 1024 1042 1062 1089 1095 1086 1074 1066 1060 1060
171COCOS IS2000 93  1061 1067 1054 1042 1034 1026 1012 1003
171COCOS IS2000101   990  979  953  922  907  900  893  883  887  900  904
171COCOS IS2000102   908  931  931  919  929  951  964  969  982 1011 1037
171COCOS IS2000103  1059 1056 1053 1074 1093 1078 1087 1108 1114
171COCOS IS2000111  1103 1091 1108 1111 1105 1105 1102 1093 1089 1093 1100
171COCOS IS2000112  1100 1094 1067 1035  999  994 1001  994  978  959  930
171COCOS IS2000113   905  885  862  833  815  788  769  758
171COCOS IS2000121   745  740  749  755  762  768  784  788  797  815  831
171COCOS IS2000122   848  854  872  872  863  863  870  863  862  854  844
171COCOS IS2000123   834  821  830  825  824  825  821  829  847
171COCOS IS2001 11   850  852  853  854  871  872  856  858  870  868  885
171COCOS IS2001 12   900  899  905  903  882  872  874  865  860  861  846
171COCOS IS2001 13   846  845  842  843  825  834  843  841  842
171COCOS IS2001 21   822  823  822  811  811  797  782  795  805  806  799
171COCOS IS2001 22   779  782  780  767  744  716  699  712  737  750  737
171COCOS IS2001 23   747  748  753  763  762  764
171COCOS IS2001 31   768  754  742  744  746  730  719  740  772  798  808
171COCOS IS2001 32   807  790  755  724  709  716  722  734  744  747  748
171COCOS IS2001 33   758  744  732  739  741  729  737  732  719
171COCOS IS2001 41   704  693  706  742  740  721  718  706  706  706  710
171COCOS IS2001 42   698  678  667  666  677  686  711  719  727  737  743
171COCOS IS2001 43   718  691  673  652  643  640  626  619
171COCOS IS2001 51   617  619  652  662  645  659  688  710  710  700  703
171COCOS IS2001 52   721  742  760  764  777  790  787  797  805  813  817
171COCOS IS2001 53   798  799  818  831  850  862  889  901  887
171COCOS IS2001 61   876  868  883  927  943  935  949  959  973  990 1000
171COCOS IS2001 62  1017 1021 1034 1045 1038 1027 1021 1024 1022  998  997
171COCOS IS2001 63   999  984  990  981  978  960  949  944
171COCOS IS2001 71   938  913  914  916  907  919  917  913  939  943  930
171COCOS IS2001 72   936  942  941  940  943  954  962  965  984 1002 1013
171COCOS IS2001 73  1025 1040 1048 1048 1041 1031  993  970  964
171COCOS IS2001 81   968  939  929  914  926  938  941  935  927  938  951
171COCOS IS2001 82   946  927  896  853  859  869  865  879  898  917  916
171COCOS IS2001 83   912  899  899  903  902  884  879  877  893
171COCOS IS2001 91   895  898  917  926  936  944  946  933  938  946  944
171COCOS IS2001 92   903  895  889  892  915  926  919  913  918  904  900
171COCOS IS2001 93   894  886  881  887  873  866  876  871
171COCOS IS2001101   872  882  875  873  876  887  884  880  884  900  898
171COCOS IS2001102   931  974  993 1017 1024 1015  993  980  968  983 1000
171COCOS IS2001103   996 1015 1038 1050 1059 1065 1086 1085 1086
171COCOS IS2001111  1092 1075 1060 1066 1070 1066 1069 1057 1043 1072 1077
171COCOS IS2001112  1048 1027  999  984  965  966  942  924  926  908  892
171COCOS IS2001113   897  891  889  905  915  906  887  878
171COCOS IS2001121   872  874  874  864  860  864  854  853  874  883  873
171COCOS IS2001122   874  876  875  867  865  887  897  915  949  966  982
171COCOS IS2001123   994  993  979  954  947  939  940  959  953
171COCOS IS2002 11   946  953  959  985 1002 1004  981  951  954  942  925
171COCOS IS2002 12   934  936  922  909  897  903  907  895  888  889  886
171COCOS IS2002 13   877  866  852  823  812  837  865  853  843
171COCOS IS2002 21   824  809  798  780  770  780  763  748  745  753  751
171COCOS IS2002 22   738  734  740  732  721  721  709  719  706  693  693
171COCOS IS2002 23   709  737  746  761  791  815
171COCOS IS2002 31   820  805  796  789  785  783  768  755  758  760  762
171COCOS IS2002 32   763  782  781  766  764  756  774  789  781  773  772
171COCOS IS2002 33   774  789  799  804  817  839  826  813  805
171COCOS IS2002 41   797  804  803  791  763  767  770  710  705  743  763
171COCOS IS2002 42   771  779  765  766  745  736  740  739  744  752  767
171COCOS IS2002 43   776  785  803  803  793  784  791  794
171COCOS IS2002 51   790  790  816  833  826  823  811  816  833  828  815
171COCOS IS2002 52   828  846  850  832  816  836  845  842  866  880  879
171COCOS IS2002 53   880  908  912  902  894  893  903  910  909
171COCOS IS2002 61   910  916  921  923  921  929  924  933  951  948  937
171COCOS IS2002 62   936  950  978  993  992  983  985  997  983  960  951
171COCOS IS2002 63   925  905  907  928  944  937  943  943
171COCOS IS2002 71   947  948  939  944  953  947  930  920  909  917  916
171COCOS IS2002 72   930  948  957  976  988  965  933  884  854  835  838
171COCOS IS2002 73   819  814  844  863  873  928  923  924  930
171COCOS IS2002 81   918  936  927  900  895  919  926  946  965  959  949
171COCOS IS2002 82   958  964  958  973  995  983  973  983  990 1007 1018
171COCOS IS2002 83  1017 1022 1026 1030 1036 1038 1023 1004  992
171COCOS IS2002 91   982  974  960  952  957  966  977  971  965  953  947
171COCOS IS2002 92   937  923  910  915  914  890  876  880  885  889  887
171COCOS IS2002 93   888  893  894  892  881  871  864  844
171COCOS IS2002101   850  870  871  879  889  889  852  824  816  810  810
171COCOS IS2002102   809  815  821  832  851  861  863  868  867  862  854
171COCOS IS2002103   839  830  819  809  814  820  818  820  822
171COCOS IS2002111   839  865  879  889  885  878  868  849  844  831  845
171COCOS IS2002112   893  928  952  972 1004 1023 1027 1038 1033 1023 1018
171COCOS IS2002113  1005  990  984  981  977  978  980  972
171COCOS IS2002121   966  951  922  885  844  819  824  822  810  810  802
171COCOS IS2002122   793  775  779  785  793  801  806  815  806  810  816
171COCOS IS2002123   812  817  833  840  841  845  851  835  822
171COCOS IS2003 11   811  794  793  788  778  784  792  794  781  784  792
171COCOS IS2003 12   800  802  809  812  820  829  836  860  876  885  904
171COCOS IS2003 13   920  904  891  896  907  906  894  893  895
171COCOS IS2003 21   885  876  890  911  903  878  875  875  876  863  847
171COCOS IS2003 22   853  849  843  854  860  864  870  857  854  850  828
171COCOS IS2003 23   818  816  806  788  789  792
171COCOS IS2003 31   765  755  752  739  730  732  739  722  708  695  688
171COCOS IS2003 32   687  686  686  700  709  728  750  748  759  757  749
171COCOS IS2003 33   725  711  728  737  745  767  781  783  797
171COCOS IS2003 41   814  819  816  802  776  779  774  756  744  735  730
171COCOS IS2003 42   757  764  752  759  759  775  785  777  756  737  734
171COCOS IS2003 43   742  758  774  775  784  782  778  781
171COCOS IS2003 51   785  780  759  753  775  803  813  814  828  833  830
171COCOS IS2003 52   826  829  817  788  762  735  696  676  674  693  697
171COCOS IS2003 53   704  708  708  729  753  761  765  760  761
171COCOS IS2003 61   769  783  813  825  829  844  870  898  916  925  928
171COCOS IS2003 62   920  921  926  932  924  944  964  985  994  993 1006
171COCOS IS2003 63  1005  988  976  981  973  979  983  971
171COCOS IS2003 71   949  944  949  950  960  951  929  932  925  917  916
171COCOS IS2003 72   899  878  881  888  898  905  901  901  905  886  877
171COCOS IS2003 73   895  922  911  904  907  903  910  930  949
171COCOS IS2003 81   943  927  914  929  939  940  928  924  913  903  901
171COCOS IS2003 82   903  928  951  950  942  928  922  918  901  865  853
171COCOS IS2003 83   856  860  873  875  878  898  914  906  905
171COCOS IS2003 91   898  893  872  851  843  853  867  869  883  887  883
171COCOS IS2003 92   886  866  849  853  859  849  827  811  803  785  800
171COCOS IS2003 93   824  835  836  844  856  854  836  829
171COCOS IS2003101   818  801  782  800  820  835  854  881  890  875  852
171COCOS IS2003102   845  850  844  856  866  864  873  895  906  920  948
171COCOS IS2003103   966  992 1008 1004  995  970  945  922  914
171COCOS IS2003111   886  875  867  862  876  878  860  848  839  823  794
171COCOS IS2003112   785  767  740  741  740  741  736  732  739  731  729
171COCOS IS2003113   721  715  704  700  709  735  763  781
171COCOS IS2003121   818  839  862  875  888  899  914  918  943  934  916
171COCOS IS2003122   909  908  920  941  949  949  943  948  948  930  917
171COCOS IS2003123   898  890  908  920  898  884  885  881  881
171COCOS IS2004 11   865  856  848  832  822  807  797  802  815  832  833
171COCOS IS2004 12   844  851  840  835  832  819  813  803  789  797  828
171COCOS IS2004 13   832  840  857  861  871  878  915  947  870
171COCOS IS2004 21   843  855  852  869  866  861  879  883  890  893  896
171COCOS IS2004 22   906  883  859  850  852  854  857  851  842  858  873
171COCOS IS2004 23   874  873  881  869  868  866  851
171COCOS IS2004 31   853  857  860  856  866  861  864  876  874  875  853
171COCOS IS2004 32   837  820  789  767  776  772  753  755  772  765  758
171COCOS IS2004 33   764  745  694  675  672  669  671  656  657
171COCOS IS2004 41   664  670  679  685  698  724  731  708  706  717  713
171COCOS IS2004 42   706  723  742  752  754  776  767  747  742  735  749
171COCOS IS2004 43   768  758  773  780  779  802  825  839
171COCOS IS2004 51   837  825  821  827  799  793  791  765  746  758  771
171COCOS IS2004 52   769  767  760  725  686  672  679  679  665  668  675
171COCOS IS2004 53   676  679  678  672  688  726  738  725  722
171COCOS IS2004 61   733  724  719  718  720  751  768  771  786  787  807
171COCOS IS2004 62   826  835  823  805  809  805  799  800  798  808  803
171COCOS IS2004 63   839  889  900  883  876  873  867  875
171COCOS IS2004 71   886  893  900  916  929  923  906  905  903  878  860
171COCOS IS2004 72   851  841  841  843  864  887  912  920  930  948  943
171COCOS IS2004 73   949  962  956  960  940  927  919  917  926
171COCOS IS2004 81   931  937  945  955  946  931  918  898  883  865  860
171COCOS IS2004 82   871  865  863  877  882  891  909  912  913  930  929
171COCOS IS2004 83   919  908  915  928  929  945  965  980  978
171COCOS IS2004 91   983  998  994  960  927  894  885  891  886  895  891
171COCOS IS2004 92   876  890  896  913  915  908  905  908  895  885  903
171COCOS IS2004 93   922  918  915  927  940  947  951  921
171COCOS IS2004101   904  905  900  894  887  888  895  894  900  915  916
171COCOS IS2004102   926  935  942  937  948  959  945  948  956  960  962
171COCOS IS2004103   971  974  966  979  986  978  967  963  965
171COCOS IS2004111   963  944  952  964  970  988  995  993 1002  992  990
171COCOS IS2004112   984  984  999  992  983  989  987  994 1000  997  990
171COCOS IS2004113   982  966  962  959  937  930  924  915
171COCOS IS2004121   904  896  888  890  900  916  908  904  892  864  844
171COCOS IS2004122   837  828  837  845  844  864  877  863  872  878  861
171COCOS IS2004123   836  828  837  857  872  856  859  876  877
171COCOS IS2005 11   880  877  887  899  889  878  862  869  859  827  822
171COCOS IS2005 12   845  854  858  859  842  839  829  812  788  772  777
171COCOS IS2005 13   786  794  808  809  813  819  828  815  824
171COCOS IS2005 21   842  827  817  805  790  778  778  787  800  824  841
171COCOS IS2005 22   849  849  867  866  840  812  821  827  814  800  795
171COCOS IS2005 23   807  818  840  830  832  833
171COCOS IS2005 31   829  811  798  782  768  767  775  786  793  809  803
171COCOS IS2005 32   812  834  824  814  812  826  834  833  824  840  854
171COCOS IS2005 33   857  863  857  860  871  883  872  853  853
171COCOS IS2005 41   849  873  922  829  810  818  811  795  767  742  730
171COCOS IS2005 42   737  729  711  702  703  707  713  715  723  739  741
171COCOS IS2005 43   733  740  727  709  714  729  739  766
171COCOS IS2005 51   777  777  804  842  866  864  851  812  798  786  780
171COCOS IS2005 52   785  797  811  817  833  840  844  844  841  838  834
171COCOS IS2005 53   819  818  827  834  845  849  859  888  897
171COCOS IS2005 61   896  897  890  879  874  873  860  842  827  852  853
171COCOS IS2005 62   837  852  862  849  833  846  840  841  838  817  792
171COCOS IS2005 63   784  797  816  815  825  817  789  793
171COCOS IS2005 71   808  814  806  833  868  856  866  896  897  876  864
171COCOS IS2005 72   852  873  898  891  878  865  870  860  851  862  873
171COCOS IS2005 73   874  889  883  878  867  857  857  868  862
171COCOS IS2005 81   834  815  815  814  835  860  877  874  897  912  904
171COCOS IS2005 82   882  870  877  885  867  853  861  873  898  902  894
171COCOS IS2005 83   904  914  892  881  881  883  884  887  907
171COCOS IS2005 91   922  933  936  943  960  960  941  925  919  921  902
171COCOS IS2005 92   880  858  856  885  899  900  908  892  885  892  880
171COCOS IS2005 93   887  907  916  921  918  932  933  940
171COCOS IS2005101   958  982  985  957  951  948  948  945  934  930  921
171COCOS IS2005102   916  937  946  948  944  949  945  925  906  902  900
171COCOS IS2005103   893  879  870  859  851  896  932  943  994
171COCOS IS2005111  1005 1004 1016 1022 1023  990  971  994 1017 1031 1036
171COCOS IS2005112  1040 1045 1045 1028 1008 1019 1004  983  996  992  979
171COCOS IS2005113   984  999  996 1001  968  950  956  954
171COCOS IS2005121   925  897  897  891  876  871  873  877  887  874  864
171COCOS IS2005122   862  861  847  847  841  852  874  873  874  885  898
171COCOS IS2005123   907  890  875  882  890  881  886  889  897
171COCOS IS2006 11   925  946  959  973  987  998 1000 1005  996  999  998
171COCOS IS2006 12   995  990  983  995  996  994  997 1000  984  978  993
171COCOS IS2006 13   974  938  903  887  882  898  897  884  877
171COCOS IS2006 21   859  846  846  839  830  804  790  785  778  781  783
171COCOS IS2006 22   780  789  804  802  815  826  826  826  834  843  833
171COCOS IS2006 23   826  837  847  861  875  896
171COCOS IS2006 31   905  910  902  877  864  854  838  816  811  834  860
171COCOS IS2006 32   863  849  850  878  888  871  854  856  859  854  850
171COCOS IS2006 33   840  826  840  853  838  831  827  827  825
171COCOS IS2006 41   810  781  759  761  759  752  764  761  769  790  783
171COCOS IS2006 42   785  786  785  782  776  774  762  751  768  791  812
171COCOS IS2006 43   827  825  798  780  782  767  750  709
171COCOS IS2006 51   684  670  661  654  666  688  702  716  718  716  729
171COCOS IS2006 52   747  742  728  717  714  723  747  776  793  811  824
171COCOS IS2006 53   831  833  817  810  808  796  776  762  790
171COCOS IS2006 61   808  826  853  861  864  874  893  898  885  864  846
171COCOS IS2006 62   850  878  895  893  893  915  927  927  907  890  866
171COCOS IS2006 63   840  806  786  772  755  758  761  758
171COCOS IS2006 71   781  790  781  782  780  774  760  753  765  766  767
171COCOS IS2006 72   773  790  820  852  866  882  886  880  877  894  909
171COCOS IS2006 73   913  945  984 1010 1030 1041 1037 1030 1017
171COCOS IS2006 81  1029 1047 1035 1023 1041 1020 1006 1021 1030 1020 1015
171COCOS IS2006 82  1006  977  941  924  909  882  861  857  841  830  820
171COCOS IS2006 83   805  801  825  843  852  849  843  832  827
171COCOS IS2006 91   837  839  859  874  904  941  970 1002  996  989  983
171COCOS IS2006 92   988  981  969  967  964  975  969  977  992  993  988
171COCOS IS2006 93   997  993  978  970  961  967  950  930
171COCOS IS2006101   942  942  934  936  939  926  924  916  866  811  784
171COCOS IS2006102   768  762  771  770  758  756  740  746  777  804  810
171COCOS IS2006103   839  869  897  909  922  946  985 1006 1012
171COCOS IS2006111  1016 1025 1006 1015 1015  983  964  944  910  912  904
171COCOS IS2006112   927  941  929  921  904  911  903  886  889  888  890
171COCOS IS2006113   901  905  923  940  957  962  965  971
171COCOS IS2006121   975  958  946  943  927  919  919  932  937  933  921
171COCOS IS2006122   920  915  903  892  881  871  865  845  821  806  820
171COCOS IS2006123   829  854  874  867  855  840  824  799  772
171COCOS IS2007 11   762  744  731  727  736  740  732  726  710  707  703
171COCOS IS2007 12   709  699  670  650  637  612  605  626  638  644  653
171COCOS IS2007 13   639  621  610  601  589  578  570  570  582
171COCOS IS2007 21   592  611  630  654  668  665  660  654  654  657  653
171COCOS IS2007 22   661  671  683  705  721  720  733  761  773  777  771
171COCOS IS2007 23   782  771  757  761  750  753
171COCOS IS2007 31   742  748  764  761  743  731  735  738  718  706  703
171COCOS IS2007 32   676  660  685  707  726  751  759  763  757  738  716
171COCOS IS2007 33   712  692  678  670  671  671  662  658  663
171COCOS IS2007 41   660  648  637  639  626  624  601  591  596  596  611
171COCOS IS2007 42   625  626  627  627  647  636  605  577  582  584  599
171COCOS IS2007 43   613  639  657  665  661  649  645  645
171COCOS IS2007 51   627  611  612  600  602  607  628  651  666  676  694
171COCOS IS2007 52   704  735  743  731  702  676  675  656  645  650  645
171COCOS IS2007 53   651  656  661  667  676  671  674  668  673
171COCOS IS2007 61   673  681  686  684  689  685  692  719  735  739  736
171COCOS IS2007 62   718  708  703  696  716  731  765  771  762  750  733
171COCOS IS2007 63   729  729  725  727  714  701  700  698
171COCOS IS2007 71   698  696  712  738  748  757  758  760  763  761  751
171COCOS IS2007 72   752  749  732  744  771  793  813  834  838  836  838
171COCOS IS2007 73   834  845  861  848  832  840  871  874  882
171COCOS IS2007 81   880  899  926  943  914  900  920  900  881  890  901
171COCOS IS2007 82   912  911  903  926  960  974  964  967  980  981  972
171COCOS IS2007 83   952  944  959  982  997 1005  997 1030 1031
171COCOS IS2007 91  1016 1000  981  976  977  981  992 1012 1027 1017 1011
171COCOS IS2007 92  1026 1032 1012 1013 1025 1007 1019 1015 1008 1005 1021
171COCOS IS2007 93  1042 1040 1035 1039 1022 1013  985  957
171COCOS IS2007101   940  934  947  951  942  957  950  938  925  920  923
171COCOS IS2007102   911  897  886  871  857  846  850  853  875  907  931
171COCOS IS2007103   948  946  934  924  916  904  917  939  966
171COCOS IS2007111   990 1010 1014 1033 1057 1075 1080 1066 1067 1066 1042
171COCOS IS2007112  1045 1044 1038 1045 1043 1039 1048 1043 1029 1005  996
171COCOS IS2007113   978  939  920  917  921  902  894  905
171COCOS IS2007121   910  914  915  905  873  871  872  869  859  866  884
171COCOS IS2007122   885  878  893  922  947  951  941  934  921  901  906
171COCOS IS2007123   918  926  908  893  880  881  868  868  872
171COCOS IS2008 11   850  831  804  800  794  789  792  805  803  811  837
171COCOS IS2008 12   852  858  845  849  856  851  839  852  873  895  920
171COCOS IS2008 13   928  932  920  920  916  905  905  910  902
171COCOS IS2008 21   897  898  893  900  881  868  874  858  858  846  827
171COCOS IS2008 22   796  761  756  728  694  676  684  696  709  713  741
171COCOS IS2008 23   757  763  758  759  751  749  748
171COCOS IS2008 31   742  746  753  775  770  764  774  778  784  786  775
171COCOS IS2008 32   752  743  733  718  741  762  772  785  785  769  777
171COCOS IS2008 33   788  768  768  748  711  699  692  686  687
171COCOS IS2008 41   696  719  723  714  708  716  718  704  710  697  674
171COCOS IS2008 42   694  703  715  719  736  745  743  762  769  749  741
171COCOS IS2008 43   748  756  734  729  744  747  748  752
171COCOS IS2008 51   764  763  752  759  767  756  749  745  744  735  744
171COCOS IS2008 52   756  764  781  786  784  785  771  764  777  784  800
171COCOS IS2008 53   806  801  807  823  839  857  863  850  859
171COCOS IS2008 61   858  849  847  864  874  874  881  911  910  892  912
171COCOS IS2008 62   941  967  960  957  970  962  951  956  987  996  991
171COCOS IS2008 63  1000 1013 1011 1016 1009 1011 1028 1035
171COCOS IS2008 71  1028 1023 1021 1024 1045 1073 1082 1077 1063 1047 1036
171COCOS IS2008 72  1032 1025 1021 1023 1051 1050 1041 1064 1090 1111 1105
171COCOS IS2008 73  1100 1109 1129 1126 1099 1093 1095 1080 1094
171COCOS IS2008 81  1109 1103 1092 1094 1100 1105 1101 1100 1104 1094 1060
171COCOS IS2008 82  1047 1028 1015 1018 1023 1006  999 1007 1002  988  969
171COCOS IS2008 83   952  922  904  906  922  926  929  918  919
171COCOS IS2008 91   930  925  923  917  899  887  885  904  911  913  945
171COCOS IS2008 92   961  968  997 1031 1046 1027 1030 1054 1067 1081 1096
171COCOS IS2008 93  1119 1136 1153 1167 1165 1176 1196 1206
171COCOS IS2008101  1197 1180 1169 1148 1118 1093 1078 1066 1040 1022 1009
171COCOS IS2008102   983  961  940  914  888  874  850  835  854  861  838
171COCOS IS2008103   782  758  758  748  751  745  738  721  715
171COCOS IS2008111   713  700  701  716  721  745  775  795  806  833  850
171COCOS IS2008112   866  877  875  897  913  937  973  985  960  960  947
171COCOS IS2008113   959  967  972  965  944  961  977  985
171COCOS IS2008121  1003 1022 1035 1052 1083 1092 1091 1094 1094 1104 1090
171COCOS IS2008122  1056 1056 1059 1072 1070 1050 1041 1042 1032 1003  975
171COCOS IS2008123   963  949  925  916  909  911  901  905  905
171COCOS IS2009 11   906  906  884  855  837  827  813  807  810  800  796
171COCOS IS2009 12   803  805  811  817  801  801  817  819  799  790  796
171COCOS IS2009 13   824  844  848  857  869  879  874  877  884
171COCOS IS2009 21   892  887  886  885  880  871  870  889  905  911  920
171COCOS IS2009 22   928  912  898  891  884  882  889  895  899  890  890
171COCOS IS2009 23   910  922  919  919  921  916
171COCOS IS2009 31   897  871  871  864  852  853  870  878  883  876  863
171COCOS IS2009 32   853  833  823  811  792  777  767  773  767  778  794
171COCOS IS2009 33   782  779  790  792  769  768  775  756  766
171COCOS IS2009 41   783  783  779  777  789  790  809  816  817  798  791
171COCOS IS2009 42   785  773  761  756  759  763  774  786  798  801  786
171COCOS IS2009 43   768  749  734  712  702  698  680  681
171COCOS IS2009 51   702  716  713  728  735  743  762  751  746  758  755
171COCOS IS2009 52   776  806  810  796  788  791  817  848  840  819  819
171COCOS IS2009 53   819  816  808  806  825  828  822  833  855
171COCOS IS2009 61   865  868  879  875  877  886  884  879  879  894  907
171COCOS IS2009 62   911  923  930  917  914  924  920  926  908  904  904
171COCOS IS2009 63   903  903  895  859  859  864  835  824
171COCOS IS2009 71   806  797  818  805  790  803  820  814  818  827  828
171COCOS IS2009 72   833  852  853  845  822  823  853  842  833  872  891
171COCOS IS2009 73   920  930  947  966  970  924  897  910  923
171COCOS IS2009 81   929  931  948  970  989 1007 1010 1024 1034 1027 1011
171COCOS IS2009 82   987  973  974  971  968  973  990  993 1003 1011 1014
171COCOS IS2009 83  1009 1013 1025 1033 1030 1027 1040 1025 1011
171COCOS IS2009 91  1029 1055 1082 1076 1083 1096 1104 1089 1086 1090 1078
171COCOS IS2009 92  1064 1076 1089 1094 1099 1090 1060 9999 9999 9999 1023
171COCOS IS2009 93  1023 1030 1039 1067 1088 1099 1118 1125
171COCOS IS2009101  1121 1125 1125 1113 1108 1113 1127 1134 1112 1087 1071
171COCOS IS2009102  1072 1082 1072 1067 1074 1054 1022  990  969  946  932
171COCOS IS2009103   924  913  914  912  890  897  904  906  938
171COCOS IS2009111   972  958  970  977  979 1016 1046 1054 1072 1100 1116
171COCOS IS2009112  1123 1133 1128 1116 1094 1063 1061 1056 1057 1047 1045
171COCOS IS2009113  1057 1056 1048 1045 1041 1015  992  980
171COCOS IS2009121   943  930  932  921  907  896  885  886  876  863  847
171COCOS IS2009122   833  796  759  732  728  731  725  729  745  740  740
171COCOS IS2009123   760  775  772  776  782  780  777  803  842
171COCOS IS2010 11   873  887  879  902  915  894  889  879  863  849  837
171COCOS IS2010 12   829  815  802  808  812  806  825  842  835  820  820
171COCOS IS2010 13   830  851  862  861  866  878  891  918  943
171COCOS IS2010 21   954  963  959  958  932  920  925  923  915  908  905
171COCOS IS2010 22   907  928  936  924  939  946  926  910  894  882  874
171COCOS IS2010 23   865  865  877  891  891  877
171COCOS IS2010 31   883  885  866  864  870  861  841  837  841  849  853
171COCOS IS2010 32   848  865  893  898  902  900  899  898  908  923  916
171COCOS IS2010 33   905  912  918  911  907  919  915  894  885
171COCOS IS2010 41   882  874  879  878  873  843  831  833  837  847  829
171COCOS IS2010 42   819  816  817  810  796  802  803  823  826  825  836
171COCOS IS2010 43   847  849  852  851  850  846  827  813
171COCOS IS2010 51   820  824  826  859  873  889  913  901  882  890  902
171COCOS IS2010 52   888  873  879  891  885  879  892  909  910  903  908
171COCOS IS2010 53   908  898  870  837  818  831  823  826  844
171COCOS IS2010 61   853  840  815  847  873  856  861  869  893  889  875
171COCOS IS2010 62   871  865  848  855  830  809  807  815  811  793  782
171COCOS IS2010 63   769  752  746  738  750  764  780  811
171COCOS IS2010 71   826  820  817  814  803  786  774  751  745  750  740
171COCOS IS2010 72   748  782  814  834  833  842  840  826  804  792  784
171COCOS IS2010 73   790  789  800  830  827  816  822  808  802
171COCOS IS2010 81   812  819  833  827  833  827  833  861  887  891  901
171COCOS IS2010 82   917  922  912  895  901  904  890  896  896  892  917
171COCOS IS2010 83   938  899  860  853  849  854  860  850  839
171COCOS IS2010 91   835  830  833  840  845  860  873  879  874  888  888
171COCOS IS2010 92   888  871  868  870  885  921  917  910  907  914  938
171COCOS IS2010 93   935  934  939  943  950  941  936  940
171COCOS IS2010101   953  959  966  970  956  939  923  915  889  880  886
171COCOS IS2010102   885  881  880  869  866  876  862  858  877  869  875
171COCOS IS2010103   869  858  867  857  856  874  893  928  973
171COCOS IS2010111   996  993  953  925  922  930  891  868  880  898  928
171COCOS IS2010112   953  985 1031 1045 1059 1032 1007 1005  998 1010 1017
171COCOS IS2010113  1019 1028 1046 1078 1106 1119 1116 1113
171COCOS IS2010121  1124 1132 1120 1118 1104 1087 1075 1066 1059 1062 1046
171COCOS IS2010122  1051 1055 1040 1029 1025 1037 1032 1003 1001  998  988
171COCOS IS2010123   984 1007 1031 1029 1013  997  980  959  949
171COCOS IS2011 11   941  937  927  915  919  914  923  948  975 1000  994
171COCOS IS2011 12   974  960  936  920  926  935  941  950  967  971  966
171COCOS IS2011 13   965  956  930  906  919  910  891  894  892
171COCOS IS2011 21   888  893  896  882  880  887  892  898  887  861  849
171COCOS IS2011 22   836  838  813  811  827  845  837  822  810  802  800
171COCOS IS2011 23   783  765  762  770  778  791
171COCOS IS2011 31   804  787  800  811  812  807  794  773  783  781  785
171COCOS IS2011 32   800  808  806  811  815  814  796  793  805  809  800
171COCOS IS2011 33   800  797  770  761  763  766  764  760  761
171COCOS IS2011 41   752  758  762  743  711  695  694  694  706  709  719
171COCOS IS2011 42   740  758  780  791  785  785  789  786  802  816  803
171COCOS IS2011 43   811  821  822  817  834  855  858  840
171COCOS IS2011 51   828  829  819  802  799  794  767  757  760  751  751
171COCOS IS2011 52   752  745  723  697  680  679  675  659  663  679  685
171COCOS IS2011 53   696  697  695  712  723  708  695  700  705
171COCOS IS2011 61   707  714  739  767  790  809  835  858  861  876  881
171COCOS IS2011 62   870  861  854  854  860  869  876  903  926  928  933
171COCOS IS2011 63   943  932  930  954  966  963  978  986
171COCOS IS2011 71   986  983  986  966  980  988  979  984 1003 1006  999
171COCOS IS2011 72  1002 1023 1028 1029 1044 1057 1068 1071 1083 1098 1100
171COCOS IS2011 73  1082 1055 1050 1045 1035 1034 1052 1062 1074
171COCOS IS2011 81  1100 1095 1097 1110 1134 1127 1109 1104 1102 1120 1132
171COCOS IS2011 82  1131 1134 1105 1088 1097 1109 1102 1091 1078 1062 1060
171COCOS IS2011 83  1059 1059 1077 1080 1097 1116 1135 1156 1178
171COCOS IS2011 91  1177 1162 1164 1170 1180 1197 1196 1189 1173 1163 1141
171COCOS IS2011 92  1112 1086 1058 1030 1027 1000  960  957  933  911  892
171COCOS IS2011 93   881  876  841  855  880  887  894  910
171COCOS IS2011101   923  938  994 1023 1050 1069 1081 1124 1134 1120 1124
171COCOS IS2011102  1150 1165 1162 1182 1188 1181 1190 1210 1227 1222 1215
171COCOS IS2011103  1217 1203 1184 1149 1104 1080 1044 1003  979
171COCOS IS2011111   969  945  919  895  878  856  825  798  789  786  768
171COCOS IS2011112   761  777  799  826  848  879  912  945  990 1038 1058
171COCOS IS2011113  1069 1074 1069 1082 1089 1101 1106 1101
171COCOS IS2011121  1129 1145 1154 1134 1125 1139 1143 1137 1112 1080 1055
171COCOS IS2011122  9999 9999 9999 9999 9999 9999 9999 9999 9999 9999 9999
171COCOS IS2011123  9999 9999 9999 9999 9999 9999 9999 9999 9999
171COCOS IS2012 11  9999 9999 9999 9999 9999 9999 9999  838  842  847  845
171COCOS IS2012 12   864  876  874  869  871  874  871  872  871  873  866
171COCOS IS2012 13   851  854  855  850  823  829  847  858  857
171COCOS IS2012 21   842  843  834  817  804  800  831  850  863  872  870
171COCOS IS2012 22   869  880  843  853  846  837  842  849  858  854  873
171COCOS IS2012 23   882  886  885  862  856  858  865
171COCOS IS2012 31   860  837  824  828  842  852  862  856  849  834  810
171COCOS IS2012 32   789  764  732  718  700  681  685  685  684  686  686
171COCOS IS2012 33   670  656  651  648  641  644  647  650  653
171COCOS IS2012 41   639  635  649  661  676  697  702  693  676  661  687
171COCOS IS2012 42   699  689  693  707  727  737  727  720  719  711  726
171COCOS IS2012 43   740  724  718  709  702  717  728  735
171COCOS IS2012 51   740  737  746  765  760  732  711  696  687  696  708
171COCOS IS2012 52   720  724  724  734  758  748  765  784  773  774  793
171COCOS IS2012 53   806  841  878  891  907  911  910  932  951
171COCOS IS2012 61   961  973  987  992  965  954  965  968  951  918  906
171COCOS IS2012 62   882  850  831  821  806  812  815  811  814  822  833
171COCOS IS2012 63   844  860  882  884  887  902  919  945
171COCOS IS2012 71   982 1020 1029 1042 1064 1084 1101 1092 1089 1090 1099
171COCOS IS2012 72  1096 1082 1062 1060 1070 1090 1112 1114 1113 1141 1160
171COCOS IS2012 73  1189 1209 1216 1215 1224 1232 1233 1224 1226
171COCOS IS2012 81  1235 1232 1223 1206 1198 1168 1153 1183 1201 1204 1209
171COCOS IS2012 82  1217 1218 1213 1206 1233 1249 1242 1233 1213 1184 1165
171COCOS IS2012 83  1147 1146 1137 1128 1107 1083 1069 1075 1057
171COCOS IS2012 91  1050 1040 1013  969  941  930  925  931  950  973  999
171COCOS IS2012 92  1028 1064 1103 1117 1134 1137 1135 1140 1147 1151 1170
171COCOS IS2012 93  1189 1183 1180 1173 1171 1151 1153 1148
171COCOS IS2012101  1119 1088 1067 1049 1037 1023 1024 1024 1016 1004  987
171COCOS IS2012102   965  932  910  893  876  870  877  882  882  881  898
171COCOS IS2012103   914  912  910  891  863  839  830  817  801
171COCOS IS2012111   777  765  753  749  764  773  794  809  817  827  837
171COCOS IS2012112   851  862  883  920  948  973 1010 1027 1044 1064 1071
171COCOS IS2012113  1068 1068 1091 1109 1105 1104 1107 1110
171COCOS IS2012121  1109 1118 1133 1126 1121 1108 1101 1099 1082 1076 1063
171COCOS IS2012122  1057 1042 1001  986  982  983  972  950  945  937  935
171COCOS IS2012123   928  913  902  899  882  871  873  870  862
171COCOS IS2013 11   844  844  849  874  865  853  840  798  778  767  764
171COCOS IS2013 12   763  764  775  772  754  748  748  731  724  722  715
171COCOS IS2013 13   716  719  726  719  720  731  741  750  761
171COCOS IS2013 21   772  790  813  806  797  818  843  850  863  890  912
171COCOS IS2013 22   910  909  915  929  919  911  919  924  925  918  912
171COCOS IS2013 23   926  983  899  855  854  837
171COCOS IS2013 31   822  784  773  765  753  753  764  759  759  767  759
171COCOS IS2013 32   739  746  743  722  718  734  755  762  784  800  769
171COCOS IS2013 33   757  781  788  791  811  820  812  820  823
171COCOS IS2013 41   819  836  859  857  861  880  900  905  879  855  825
171COCOS IS2013 42   799  782  777  782  805  830  842  844  843  833  840
171COCOS IS2013 43   856  863  852  837  834  837  856  867
171COCOS IS2013 51   865  886  895  888  893  895  885  869  851  854  867
171COCOS IS2013 52   863  852  842  832  812  803  808  805  815  806  802
171COCOS IS2013 53   800  800  780  768  782  774  761  772  779
171COCOS IS2013 61   785  783  767  750  736  749  771  793  807  825  837
171COCOS IS2013 62   869  912  951  988 1007  991  957  967  960  953  946
171COCOS IS2013 63   932  923  905  878  867  872  861  860
171COCOS IS2013 71   866  867  860  855  850  836  828  823  817  820  828
171COCOS IS2013 72   867  877  869  856  846  823  792  792  805  811  812
171COCOS IS2013 73   791  771  745  738  762  762  742  735  743
171COCOS IS2013 81   755  767  791  796  816  837  849  858  876  881  873
171COCOS IS2013 82   875  864  866  857  858  888  914  925  948  970  979
171COCOS IS2013 83   985  981 1001 1011 1017 1016 1001  978  982
171COCOS IS2013 91  1015 1041 1039 1033 1018 1011 1010 1004  988  966  960
171COCOS IS2013 92   962  958  966  987  971  967  978  962  965  976  979
171COCOS IS2013 93   997 1003  993  996 1029 1067 1076 1086
171COCOS IS2013101  1096 1126 1155 1177 1195 1196 1195 1186 1191 1213 1210
171COCOS IS2013102  1202 1224 1235 1236 1248 1239 1230 1218 1214 1204 1188
171COCOS IS2013103  1171 1149 1140 1134 1123 1114 1104 1100 1108
171COCOS IS2013111  1101 1101 1091 1072 1062 1043 1030 1040 1040 1036 1041
171COCOS IS2013112  1034 1032 1031 1015  996  984  983  982  979  985  975
171COCOS IS2013113   946  925  916  916  886  857  851  860
171COCOS IS2013121   875  865  866  894  919  950  971  967  973 1006 1004
171COCOS IS2013122   988  985  979  993 1019 1033 1049 1010 1008 1026 1032
171COCOS IS2013123  1026 1035 1023 1022 1045 1031 1010  985  970
171COCOS IS2014 11   960  955  949  927  915  905  922  918  864  858  857
171COCOS IS2014 12   846  829  814  833  847  852  867  872 9999 9999 9999
171COCOS IS2014 13   869  876  871  860  869  878  888  903  906
171COCOS IS2014 21   921  946  954  949  965  953  939  944  955  945  948
171COCOS IS2014 22   977  961  958  926  914  931  939  938  950  938  908
171COCOS IS2014 23   882  858  866  885  899  914
171COCOS IS2014 31   906  891  876  861  853  859  854  858  859  853  872
171COCOS IS2014 32   882  882  884  882  881  884  888  907  912  906  922
171COCOS IS2014 33   929  920  921  943  960  953  939  952  955
171COCOS IS2014 41   942  931  914  905  924  930  918  938  966  987  980
171COCOS IS2014 42   971  963  963  963  947  926  944  943  948  959  953
171COCOS IS2014 43   951  960  958  961  946  939  930  915
171COCOS IS2014 51   896  892  892  896  891  878  864  867  864  861  861
171COCOS IS2014 52   864  864  862  852  854  860  867  866  877  910  909
171COCOS IS2014 53   893  888  876  861  850  872  898  887  897
171COCOS IS2014 61   905  902  903  931  955  940  930  922  925  914  908
171COCOS IS2014 62   897  876  877  872  862  846  837  830  816  779  787
171COCOS IS2014 63   814  806  791  783  787  813  824  820
171COCOS IS2014 71   825  854  867  870  862  859  875  879  890  902  906
171COCOS IS2014 72   907  901  892  903  886  863  883  885  861  841  832
171COCOS IS2014 73   842  853  851  837  834  848  863  875  892
171COCOS IS2014 81   887  889  914  912  897  886  879  883  906  922  939
171COCOS IS2014 82   951  950  946  944  937  934  938  936  933  937  950
171COCOS IS2014 83   953  969  983  993 1002 1001 1011 1019 1034
171COCOS IS2014 91  1041 1038 1039 1046 1048 1063 1052 1072 1093 1094 1092
171COCOS IS2014 92  1100 1121 1123 1139 1141 1144 1163 1177 1155 1128 1131
171COCOS IS2014 93  1142 1129 1126 1111 1081 1079 1076 1073
171COCOS IS2014101  1084 1088 1086 1071 1068 1082 1085 1070 1065 1065 1056
171COCOS IS2014102  1048 1039 1028 1020 1023 1032 1042 1046 1050 1050 1042
171COCOS IS2014103  1043 1040 1043 1062 1082 1100 1126 1158 1187
171COCOS IS2014111  1190 1195 1197 1201 1209 1208 1191 1189 1196 1190 1174
171COCOS IS2014112  1153 1148 1134 1117 1109 1099 1083 1070 1073 1066 1061
171COCOS IS2014113  9999 9999 1067 1076 1072 1081 1079 1079
171COCOS IS2014121  1088 1081 1064 1066 1044 1032 1017  988  991 1003  997
171COCOS IS2014122   978  967  950  945  961  972  960  963  975  987  997
171COCOS IS2014123   982 1007 1032 1000  968  942  935  910  901
171COCOS IS2015 11   894  895  897  893  905  912  895  890  905  923  930
171COCOS IS2015 12   928  915  892  896  907  919  925  930  926  914  929
171COCOS IS2015 13   947  935  940  957  960  958  957  969  984
171COCOS IS2015 21   972  964  976  983  987 1010 1014 1008 1018 1011 1009
171COCOS IS2015 22  1012 1019 1023 1027 1018  990  972  975  966  962  958
171COCOS IS2015 23   943  904  885  893  883  863
171COCOS IS2015 31   874  884  875  879  891  887  873  867  849  833  824
171COCOS IS2015 32   806  805  798  816  815  804  810  806  796  786  769
171COCOS IS2015 33   753  750  752  743  719  732  744  742  763
171COCOS IS2015 41   795  804  797 9999 9999 9999 9999  808  800  811  814
171COCOS IS2015 42   829  839  846  826  824  813  771  744  735  744  732
171COCOS IS2015 43   722  710  705  718  720  719  723  726
171COCOS IS2015 51   732  725  725  727  717  729  756  785  803  840  867
171COCOS IS2015 52   888  899  913  929  939  949  934  927  933  922  920
171COCOS IS2015 53   934  928  900  910  899  875  854  844  835
171COCOS IS2015 61   803  786  797  808  819  827  828  846  859  862  874
171COCOS IS2015 62   873  875  871  879  885  883  895  900  884  871  874
171COCOS IS2015 63   868  880  888  885  883  878  881  885
171COCOS IS2015 71   884  892  909  915  922  939  936  944  942  920  914
171COCOS IS2015 72   946  949  944  939  940  980 1012 1008 1012 1005  993
171COCOS IS2015 73   996  996  987  985  983  996 1013 1020 1026
171COCOS IS2015 81  1027 1025 1036 1059 1065 1056 1045 1045 1015  982 1008
171COCOS IS2015 82  1009 1023 1056 1049 1050 1035 1023 1026 1021 1018 1001
171COCOS IS2015 83   979  978  981  968  977  969  957  954  962
171COCOS IS2015 91   977  970  957  935  922  918  910  916  898  884  890
171COCOS IS2015 92   897  915  914  912  915  916  929  947  957  965  980
171COCOS IS2015 93   994  992 1005 1035 1041 1042 1048 1039
171COCOS IS2015101  1021 1025 1026 1003  997 1017 1018 1023 1035 1026 1029
171COCOS IS2015102  1025 1011 1001  988  984  982  985  986  971  964  967
171COCOS IS2015103   981  983  987  995  963  942  939  928  921
171COCOS IS2015111   927  949  954  952  940  920  910  893  901  926  931
171COCOS IS2015112   946  978  997 1011 1027 1034 1063 1100 1126 1139 1143
171COCOS IS2015113  1149 1142 1147 1168 1154 1117 1084 1070
171COCOS IS2015121  1075 1068 1048 1042 1026 1001  975  949  928  915  904
171COCOS IS2015122   894  895  907  919  919  906  897  888  869  872  880
171COCOS IS2015123   863  849  844  826  841  853  851  860  842
171COCOS IS2016 11   833  838  845  850  851  863  870  866  873  885  904
171COCOS IS2016 12   918  951  967  977  975  981  990  989  986  989  977
171COCOS IS2016 13   988 1003 1011 1033 1054 1043 1027 1022 1016
171COCOS IS2016 21  1012 1000  982  983  971  961  967  965  957  957  949
171COCOS IS2016 22   948  910  864  863  858  831  816  813  795  791  804
171COCOS IS2016 23   823  839  833  818  812  806  792
171COCOS IS2016 31   797  809  835  845  830  845  860  860  860  861  860
171COCOS IS2016 32   849  857  856  856  845  839  838  834  844  847  836
171COCOS IS2016 33   823  805  799  793  789  773  772  766  776
171COCOS IS2016 41   790  791  790  796  812  803  799  811  826  818  823
171COCOS IS2016 42   824  799  776  779  782  781  774  760  738  730  744
171COCOS IS2016 43   764  746  730  728  732  732  732  735
171COCOS IS2016 51   734  735  745  739  717  716  707  697  701  718  720
171COCOS IS2016 52   725  733  745  756  760  781  774  773  773  749  758
171COCOS IS2016 53   767  782  803  808  812  816  844  856  867
171COCOS IS2016 61   871  868  850  808  771  742  736  741  749  759  766
171COCOS IS2016 62   776  800 9999 9999 9999 9999 9999 9999 9999 9999 9999
171COCOS IS2016 63  9999 9999 9999 9999 9999 9999 9999 9999
171COCOS IS2016 71  9999 9999 9999 9999 9999 9999  891 9999 9999 9999 9999
171COCOS IS2016 72   969  970  970  991  963  929  951  973  965  970  975
171COCOS IS2016 73   950  944  937  921  917  902 9999 9999 9999
171COCOS IS2016 81  9999 9999 9999  881 9999 9999 9999 9999  859  858  850
171COCOS IS2016 82   841  836  837  855  852  840  868  875  872  890  921
171COCOS IS2016 83   925  925  928  928  923  897  858  828  834
171COCOS IS2016 91   822  803  802  805  817  813  802  812  822  843  855
171COCOS IS2016 92   863  855  857  868  881  906  912  910  904  897  891
171COCOS IS2016 93   902  904  913  943  967  987 1013 1016
171COCOS IS2016101  1004  989  991  999 1002 1004  987  966  966  987 1014
171COCOS IS2016102  1035 1027 1021 1024 1071 1055 1001  992  980  989  990
171COCOS IS2016103   981  993  996 1007 1014 1003  984  982  983
171COCOS IS2016111   986  980  978  979  985  967  956  951  965  977  978
171COCOS IS2016112   976  997 1004  984  980 1000 1007 1003 1026 1041 1045
171COCOS IS2016113  1050 1054 1059 1049 1035 1023 1011  975
171COCOS IS2016121   951  940  928  914  917  930  945  948  953  947  944
171COCOS IS2016122   938  922  896  893  895  888  891  887  874  857  870
171COCOS IS2016123   872  871  867  853  852  853  846  859  874
171COCOS IS2017 11   897  913  925  921  925  933  907  893  883  884  882
171COCOS IS2017 12   891  871  863  862  849  836  817  810  811  807  780
171COCOS IS2017 13   776  774  770  776  777  775  790  801  792
171COCOS IS2017 21   776  766  762  772  774  761  751  743  751  759  766
171COCOS IS2017 22   766  759  761  775  795  802  810  829  831  838  832
171COCOS IS2017 23   818  830  843  846  854  871
171COCOS IS2017 31   889  881  876  867  845  827  825  828  843  833  827
171COCOS IS2017 32   822  819  812  801  798  800  796  796  794  778  766
171COCOS IS2017 33   764  761  749  752  764  765  755  754  765
171COCOS IS2017 41   777  760  734  745  754  761  753  760  774  787  789
171COCOS IS2017 42   764  764  773  765  762  759  756  760  768  756  754
171COCOS IS2017 43   764  766  776  781  781  777  765  738
171COCOS IS2017 51   745  742  738  744  755  761  765  775  770  776  775
171COCOS IS2017 52   785  796  806  821  837  843  851  867  875  873  872
171COCOS IS2017 53   883  908  910  893  890  890  890  895  904
171COCOS IS2017 61   912  892  853  828  800  770  778  790  774  764  769
171COCOS IS2017 62   764  763  768  797  833  854  867  886  909  909  939
171COCOS IS2017 63   952  938  960  992 1014 1045 1060 1050
171COCOS IS2017 71  1037 1036 1027 1013  991  984  994  982  978  977  975
171COCOS IS2017 72   976  990  993  981  982  986  971  950  946  940  940
171COCOS IS2017 73   961  969  986 1012 1003  971  982  991  966
171COCOS IS2017 81   978  987  974  982  986 1005 1015 1005 1016 1033 1029
171COCOS IS2017 82  1017 1011 1006  997 1002  985  976  996 1014 1006  999
171COCOS IS2017 83  1007 1023 1029 1028 1025 1003  993  987  968
171COCOS IS2017 91   969  983  981  968  974  991 1011 1020 1004  989  974
171COCOS IS2017 92   951  942  937  951  948  944  957  960  969  963  958
171COCOS IS2017 93   964  973 1007 1031 1045 1042 1056 1074
171COCOS IS2017101  1075 1080 1105 1133 1123 1125 1139 1147 1144 1135 1132
171COCOS IS2017102  1126 1127 1128 1104 1090 1081 1063 1063 1054 1031 1015
171COCOS IS2017103   994  962  953  942  928  924  924  930  931
171COCOS IS2017111   933  947  968  962  958  967  974  983 1008 1020 1015
171COCOS IS2017112  1025 1023 1004  991  979  985 1010 1028 1034 1056 1091
171COCOS IS2017113  1100 1102 1107 1130 1143 1145 1166 1160
171COCOS IS2017121  1157 1166 1168 1156 1131 1126 1118 1112 1114 1108 1095
171COCOS IS2017122  1070 1050 1043 1028 1021 1011  991  976  938  912  918
171COCOS IS2017123   947  958  950  919  897  896  867  840  829
171COCOS IS2018 11   825  843  861  869  863  840  830  829  823  810  800
171COCOS IS2018 12   794  774  780  801  801  807  814  827  850  865  878
171COCOS IS2018 13   880  898  904  880  859  850  851  865  887
171COCOS IS2018 21   892  903  901  891  913  907  904  899  877  855  858
171COCOS IS2018 22   841  815  792  819 9999 9999 9999 9999  871  872  846
171COCOS IS2018 23   827  817  793  803  805  802
171COCOS IS2018 31   806  803  802  798  797  785  782  781  783  798  811
171COCOS IS2018 32   808  789  772  774  772  755  765  776  789  805  813
171COCOS IS2018 33   855  795  740  757  740  744  757  765  777
171COCOS IS2018 41   781  770  777  781  775  764  764  778  767  771  773
171COCOS IS2018 42   786  796  805  799  790  781  788  800  803  801  803
171COCOS IS2018 43   801  806  811  808  809  811  802  795
171COCOS IS2018 51   787  798  798  788  779  806  822  831  854  882  908
171COCOS IS2018 52   927  937  949  962  960  959  962  959  962  967  981
171COCOS IS2018 53  1001  992  976  956  945  944  946  936  930
171COCOS IS2018 61   942  955  958  952  951  928  910  938  936  930  935
171COCOS IS2018 62   935  949  947  948  984  992  992 1010 1020 1017 1034
171COCOS IS2018 63  1021 1031 1053 1069 1075 1084 1107 1120
171COCOS IS2018 71  1107 1094 1096 1090 1080 1085 9999 9999 1082 1072 1059
171COCOS IS2018 72  1050 1055 1043 1015 9999 9999 9999 9999 9999 9999 9999
171COCOS IS2018 73  9999 9999 9999 9999 9999 9999 9999 9999 9999
171COCOS IS2018 81  9999 9999 9999 9999 9999 9999 9999 9999 9999 9999 9999
171COCOS IS2018 82  9999 9999 9999 9999 9999 9999 9999 9999 9999 9999 9999
171COCOS IS2018 83  9999 9999 9999 9999 9999 9999 9999 9999 9999
171COCOS IS2018 91  9999 9999 9999 9999 9999 9999 9999 9999 9999 9999 9999
171COCOS IS2018 92  9999 9999 9999 9999 9999 9999 9999 9999 9999 9999 9999
171COCOS IS2018 93  9999 9999 9999 9999 9999 9999 9999 9999
171COCOS IS2018101  9999 9999 9999 9999 9999 9999 9999 9999 9999 9999 9999
171COCOS IS2018102  1084 1071 1072 1068 1060 1052 1036 1044 1036 1029 1036
171COCOS IS2018103  1031 1025 1018 1002  997 1002  984  971  978
171COCOS IS2018111   983  971  963  971  958  949  955  943  940  931  935
171COCOS IS2018112   948  963  975  974  976  977  976  967  967  952  925
171COCOS IS2018113   927  959  979  984  994  996 1017 1027
171COCOS IS2018121  1048 1082 1100 1110 1102 1102 1093 1078 1075 1073 1065
171COCOS IS2018122  1073 1072 1064 1052 1024  978  936  893  859  822  791
171COCOS IS2018123   789  792  814  842 9999 9999  885  866  858
171COCOS IS2019 11   846  835  800  784  795  812  826  837  847  848  865
171COCOS IS2019 12   899  918  936  941  953  980 1004 1021 1037 1041 1039
171COCOS IS2019 13  1043 1051 1044 1034 1043 1054 1022 1009 1008
171COCOS IS2019 21  1003  989  983  984  993  984  975  971  969  949  940
171COCOS IS2019 22   946  938  910  897  911  904  882  872  882  874  861
171COCOS IS2019 23   866  871  863  865  851  841
171COCOS IS2019 31   846  853  862  862  880  873  865  870  867  868  868
171COCOS IS2019 32   861  892  911  879  871  854  855  863  860  868  875
171COCOS IS2019 33   859  862  851  852  854  844  855  852  861
171COCOS IS2019 41   863  835  825  856  882  871  864  872  880  871  876
171COCOS IS2019 42   887  881  881  874  879  875  887  905  907  910  900
171COCOS IS2019 43   891  902  908  920  944  928  941  944
171COCOS IS2019 51   944  942  933  929  939  962  991 1000  992  993 1007
171COCOS IS2019 52  1010 1020 1043 1043 1036 1039 1027 1003  996  984  978
171COCOS IS2019 53   981  997  989  984 1003  998  984  982  990
171COCOS IS2019 61   996  989  991  985  970  962  949  922  908  921  921
171COCOS IS2019 62   942  972  961  951  936  925  922  930  953  965  956
171COCOS IS2019 63   955  961  968  963  955  963  968  969
171COCOS IS2019 71   954  948  959  971 1000 1020 1012 1007 1012 1006  997
171COCOS IS2019 72   991 1002 1016 1021 1024 1033 1053 1054 1058 1059 1064
171COCOS IS2019 73  1072 1072 1089 1100 1092 1087 1092 1092 1096
171COCOS IS2019 81  1094 1094 1114 1117 1113 1120 1108 1089 1079 1073 1065
171COCOS IS2019 82  1062 1050 1028 1025 1012 1011 1019 1024 1036 1012  980
171COCOS IS2019 83   967  954  950  959  961  964  968  971  973
171COCOS IS2019 91   973  976  966  951  948  940  922  914  911  916  932
171COCOS IS2019 92   938  943  953  974  994 1004  993  979  980  991 1011
171COCOS IS2019 93  1025 1031 1052 1069 1083 1106 1108 1109
171COCOS IS2019101  1103 1089 1082 1074 1070 1053 1056 1056 1044 1046 1033
171COCOS IS2019102  1030 1020  997  997 1002  982  976  980  972  976  984
171COCOS IS2019103   976  982  977  988 1003 1010 1023 1025 1013
171COCOS IS2019111  1000 1007 1017 1027 1036 1057 1064 1053 1068 1072 1074
171COCOS IS2019112  1069 1061 1052 1032 1012  993 1003 1010 1002  990  975
171COCOS IS2019113   972  962  944  923  910  887  865  846
171COCOS IS2019121   831  816  823  812  806  807  817  822  830  829  839
171COCOS IS2019122   832  826  830  830  843  843  856  872  883  881  879
171COCOS IS2019123   869  872  868  869  877  877  877  889  906
171COCOS IS2020 11   911  905  916  936  934  912  927  936  934  935  926
171COCOS IS2020 12   938  953  968  961  946  949  944  941  941  939  933
171COCOS IS2020 13   943  936  935  946  939  944  958  968  964
171COCOS IS2020 21   954  946  933  934  936  937  927  916  902  912  908
171COCOS IS2020 22   903  902  883  859  833  823  823  823  811  796  802
171COCOS IS2020 23   806  793  791  794  794  786  772
171COCOS IS2020 31   770  774  770  744  738  737  745  754  751  765  773
171COCOS IS2020 32   757  763  769  741  712  716  734  746  750  756  743
171COCOS IS2020 33   746  765  752  747  748  751  762  758  770
171COCOS IS2020 41   763  760  759  757  757  788  807  804  790  764  766
171COCOS IS2020 42   768  765  755  742  747  759  758  752  756  773  784
171COCOS IS2020 43   798  799  786  778  769  764  763  773
171COCOS IS2020 51   784  798  804  795  790  794  800  798  789  778  778
171COCOS IS2020 52   781  785  778  794  813  804  815  815  816  825  861
171COCOS IS2020 53   780  680  678  673  692  699  686  702  715
171COCOS IS2020 61   725  747  754  761  763  766  772  780  809  815  819
171COCOS IS2020 62   829  821  834  839  837  848  839  838  851  847  837
171COCOS IS2020 63   834  846  861  885  881  874  894  903
171COCOS IS2020 71   890  866  864  870  870  891  896  900  920  932  925
171COCOS IS2020 72   911  911  944  963  937  907  915  909  906  920  936
171COCOS IS2020 73   967  974  974  980  971  968  977  964  959
171COCOS IS2020 81   974  985 1010 1038 1032 1029 1041 1029 1012 1017 1020
171COCOS IS2020 82  1004 1001 1005 1007 1013 1014 1031 1048 1082 1079 1067
171COCOS IS2020 83  1083 1082 1073 1070 1077 1084 1093 1097 1077
171COCOS IS2020 91  1063 1055 1081 1086 1088 1080 1078 1093 1099 1099 1078
171COCOS IS2020 92  1033 1037 1073 1063 1067 1097 1102 1121 1132 1125 1128
171COCOS IS2020 93  1123 1127 1141 1153 1155 1162 1175 1188
171COCOS IS2020101  1208 1204 1226 1262 1249 1239 1228 1221 1229 1230 1233
171COCOS IS2020102  1227 1225 1215 1212 1223 1211 1186 1152 1128 1115 1096
171COCOS IS2020103  1085 1055 1036 1017  996  984  978  961  922
171COCOS IS2020111   912  921  917  930  928  895  895  909  917  928  960
171COCOS IS2020112   997 1021 1033 1056 1071 1079 1080 1103 1131 1139 1153
171COCOS IS2020113  1172 9999 9999 9999 1187 1169 1152 1145
171COCOS IS2020121  1135 1138 1135 1127 1125 1117 1102 1102 1120 1121 1096
171COCOS IS2020122  1071 1045 1027 1011  991  992  993  982  990  994  994
171COCOS IS2020123   986  977  972  947  912  898  904  901  894
171COCOS IS2021 11   910  911  885  899  916  928  920  916  914  907  897
171COCOS IS2021 12   885  929  914  868  864  860  862  864  935 1007  862
171COCOS IS2021 13   776  755  748  748  754  776  798  789  808
171COCOS IS2021 21   831  836  849  870  877  877  881  881  885  904  915
171COCOS IS2021 22   918  917  924  926  922  924  922  918  909  887  886
171COCOS IS2021 23   893  894  923 1014  998  952
171COCOS IS2021 31   936  949  946  920  882  852  830  834  835  836  834
171COCOS IS2021 32   834  845  848  846  838  840  836  837  816  788  786
171COCOS IS2021 33   764  753  765  783  791  796  792  792  787
171COCOS IS2021 41   784  766  773  764  744  747  762  778  775  730  707
171COCOS IS2021 42   692  704  719  712  722  720  709  720  734  741  750
171COCOS IS2021 43   753  770  792  808  825  834  817  831
171COCOS IS2021 51   846  874  925  915  899  912  926  935  939  949  933
171COCOS IS2021 52   931  952  955  951  956  936  950  961  973  977  976
171COCOS IS2021 53   986  978  996 1009  976  957  961  974  992
171COCOS IS2021 61  1017  986  944  923  873  865  855  834  827  838  840
171COCOS IS2021 62   832  839  852  858  871  895  904  911  926  928  939
171COCOS IS2021 63   949  947  970  974  981 1015 1040 1049
