173DAVIS         LAT=68 27.0S  LONG=077 58.0E
173DAVIS   1993 11  9999 9999 9999 9999 9999 9999 9999 9999 9999 9999 9999
173DAVIS   1993 12  9999 9999 9999 9999 9999 9999 9999 9999 9999 9999 9999
173DAVIS   1993 13  9999 9999 9999 9999 9999 9999 9999 9999 9999
173DAVIS   1993 21  9999 9999 9999 9999 9999 9999 9999 9999 9999 9999 9999
173DAVIS   1993 22  9999 9999 9999 9999 9999 9999 9999 9999 9999 9999 9999
173DAVIS   1993 23  9999 9999 9999 9999 9999 9999
173DAVIS   1993 31  9999 9999 9999 9999 9999 9999 9999 9999 9999 9999 9999
173DAVIS   1993 32  9999 9999 9999 9999 9999 9999 9999 9999 9999 9999 9999
173DAVIS   1993 33  9999 9999 9999 9999 9999 9999 9999 9999 9999
173DAVIS   1993 41  9999 9999 9999 9999 9999 9999 9999 9999 9999 9999 9999
173DAVIS   1993 42  9999 9999 9999 9999 9999 9999 9999 9999 9999 9999 9999
173DAVIS   1993 43   914  949 1065 1067  955  909  926  928
173DAVIS   1993 51   922  993 1106 1038  977 1013  981  919 1048 1087  997
173DAVIS   1993 52   996 1054  968  851  835 1046 1092 1045 1122 1125 1088
173DAVIS   1993 53   985  975 1024  955  829  815  941 1029  906
173DAVIS   1993 61   833  918  925  928  969  882  805  882  857  796  878
173DAVIS   1993 62   951  995 1080 1085 1045 1034 1044 1039 1049 1121 1179
173DAVIS   1993 63   990  844  972 1043 1076 1258 1137  941
173DAVIS   1993 71   969 1076 1150 1129 1024  910  951  924  898  982  991
173DAVIS   1993 72   819  804  878 1038 1075 1031 1010  944  924  907  897
173DAVIS   1993 73   879  909  942  883  870  917  954 1030 1039
173DAVIS   1993 81  1006  869  801  885  954  939  901  906  949  945 1003
173DAVIS   1993 82  1100 1070  953  898  946 1003  977  908  901  940  938
173DAVIS   1993 83   969  972  954  970  951  945  999 1078 1038
173DAVIS   1993 91   891  840  964 1094  984  917  887  900  914  887  823
173DAVIS   1993 92   809  919  906  769  703  827  964  918  906  936  996
173DAVIS   1993 93  1079 1090 1020  907  835  821  853  804
173DAVIS   1993101   837  914  939  907  869  832  955 1150  963  971 1060
173DAVIS   1993102   901  769  830  924  897  828  941 1018 1064 1108 1051
173DAVIS   1993103   974 1008  937  906  964  952  896  837  788
173DAVIS   1993111   743  765  823  846  831  828  897  920  908  891  873
173DAVIS   1993112   931 1007  974  880  952 1018  946  877  941  907  803
173DAVIS   1993113   822  887  883  893  889  887  943  927
173DAVIS   1993121   872  866  905  888  807  778  754  741  775  823  860
173DAVIS   1993122   903  948  959  940  923  978  935  855  885  898  839
173DAVIS   1993123   855 1088 1144  930 1001  956  860  938  863
173DAVIS   1994 11   972  968  892  931  870  786  789  861  871  851  844
173DAVIS   1994 12   834  833  876  936  980 1014  927  883  943  972  901
173DAVIS   1994 13   919  944  924  949  972  894  821  846  941
173DAVIS   1994 21   972  911  899  948  972  969  910 1014 1176 1077  957
173DAVIS   1994 22  1007 1103 1097 1052 1006  986 1100 1083 1016  978  914
173DAVIS   1994 23   923  970  904  850  884  922
173DAVIS   1994 31   928  977 1117 1111 1067 1044 1040 1056 1005  945  966
173DAVIS   1994 32   910  871  951  970 1015 1115 1089  989  973 1032  988
173DAVIS   1994 33   940  916  888  884  882  848  970 1080 1025
173DAVIS   1994 41   949  917  986  979  993  993  907  844  881  881  895
173DAVIS   1994 42  1089 1125 1035 1057  995  949  932  893  876  918  948
173DAVIS   1994 43   926  898  969 1064 1043  996 1005  915
173DAVIS   1994 51   943 1125 1118 1048 1091 1084 1104 1121 1091 1029  949
173DAVIS   1994 52  1059 1041  889  838  779  730  814  907  844  808  867
173DAVIS   1994 53   824  752  749  795  855  965 1007  881  821
173DAVIS   1994 61   827  819  820  888  971  933  872  893  858  903  983
173DAVIS   1994 62   998  910  788  884  934  947  947  993 1018  945  977
173DAVIS   1994 63  1013  984  864  820  934  974  904  943
173DAVIS   1994 71   984  954  958  973  900  870  939 1037 1105 1051 1009
173DAVIS   1994 72   970  959  934  957 1078 1057  989  897  885  926  935
173DAVIS   1994 73   956 1047 1036  989  968  979 1076  997  916
173DAVIS   1994 81   907  987 1034  998 1013 1102 1094 1032  988  816  770
173DAVIS   1994 82   805  831  875  946 1050 1002  915  922  911  918  949
173DAVIS   1994 83   965  958  925  878  916  915  882  949 1020
173DAVIS   1994 91   955  969  962  920  999 1057 1070  963 1120 1306 1093
173DAVIS   1994 92   999  946  875  788  670  748  842  808  775  825  830
173DAVIS   1994 93   905  971  950  797  782  858 1002 1220
173DAVIS   1994101  1134 1074 1010  921  911  869  855  869  815  811  919
173DAVIS   1994102   981  972  984  968  954  921  846  765  749  817  939
173DAVIS   1994103   981  914  907  926  886  818  780  785  774
173DAVIS   1994111   808  839  806  727  670  724  755  777  833  833  962
173DAVIS   1994112  1078  912  820  821  807  825  844  890  832  805  888
173DAVIS   1994113   942  962  949  880  828  789  829  871
173DAVIS   1994121   839  806  719  731  829  800  818  915  948  969  962
173DAVIS   1994122  1006 1035  961  923  952 1013  981  904  869  912  956
173DAVIS   1994123   992 1040 1005  914  891  857  830  850  868
173DAVIS   1995 11   828  863  896  818  827  965 1011  929  943 1001  967
173DAVIS   1995 12   945 1034 1055  996  968  935  888  876  866  866  956
173DAVIS   1995 13   985  964  919  898  924  903  818  832  940
173DAVIS   1995 21   882  828  915  895  861  955 1018  992  956  964  965
173DAVIS   1995 22   902  914 1004  931  818  873  940  909  863  833  852
173DAVIS   1995 23   933  929  934  893  872  855
173DAVIS   1995 31  9999  850  888  870  896  947  931  887  844  951 1020
173DAVIS   1995 32   970  917  918  907  906  873  861  889  908  961 1037
173DAVIS   1995 33  1047  924  932 1063 1000  881 1047 1188  821
173DAVIS   1995 41   750  865  877  978 1136 1077 1079 1108 1050 1035  962
173DAVIS   1995 42   912  969  958  869  969 1004  873  905  955  947  913
173DAVIS   1995 43   818  838  861  830  820  804  884  870
173DAVIS   1995 51  1050  969  900  978  997  982  950  830  810  913  890
173DAVIS   1995 52   946 1001  937  934  863  860 1017  921  734  836  948
173DAVIS   1995 53   932  953 1146 1158 1078 1069 1020  955  929
173DAVIS   1995 61   999 1024  909 1002  967  877  986  963  931  868  893
173DAVIS   1995 62  1016 1023  980  861  843  882  839  936  889  825  873
173DAVIS   1995 63   887 1050 1038  797  796  943  971  880
173DAVIS   1995 71   913  945  881 1055 1167 1000  986  989  708  766  828
173DAVIS   1995 72   911 1097  925  694  809  933  922  953  925  924  895
173DAVIS   1995 73   848  952 1009  942  962  926  903  918  951
173DAVIS   1995 81   887  795  917  935 1001  954  792  842  867  936  919
173DAVIS   1995 82   830  862  880  888  987 1061 1004  952  958 1003 1022
173DAVIS   1995 83  1017  950  885  969  887  828  860  907  870
173DAVIS   1995 91   970 1061  992 1072 1059  971  931  836  788  817  917
173DAVIS   1995 92   935  936  967 1080 1086  968 1047 1112  982  946 1062
173DAVIS   1995 93  1002  941 1053 1023  891  918  981 1027
173DAVIS   1995101  9999 9999 9999 9999  893  819  785  780  783  821  885
173DAVIS   1995102   795  878 1071 1025 1022  924  915  888  871  872  774
173DAVIS   1995103   792  840  744  682  767  900  991  907  804
173DAVIS   1995111   784  866 1039 1027  887  826  890  932  886  881  920
173DAVIS   1995112   910  851  864  948  956  855  786  887  896  847  926
173DAVIS   1995113   941  905  926  805  743  839  770  763
173DAVIS   1995121   785  809  864  943 1010 1012  928  880 1004 1086  906
173DAVIS   1995122   843  849  902  959  991 1122 1015  818  831  917  897
173DAVIS   1995123   808  782  796  953  957  906  924  976  979
173DAVIS   1996 11   945  915  895  894  872  860  853  840  808  780  839
173DAVIS   1996 12   930  965  913  876  888  860 1080 1159  957  841  879
173DAVIS   1996 13   980  970  943  954  901  805  778  906  916
173DAVIS   1996 21   868  909  878  848  868  860  871  891  888  850  835
173DAVIS   1996 22   862  849  852  994 1016  985  992  949  895  852  821
173DAVIS   1996 23   881 1112 1012  956  932 1019 1248
173DAVIS   1996 31  1170 1019  961  920  924  932  912  905  896  899  954
173DAVIS   1996 32   865  897 1043 1019  932 1052  979  919  976  977  970
173DAVIS   1996 33   966  947  964  874  755  920 1138  924  877
173DAVIS   1996 41   991  948  839  784  864  923  946 1011  976  848  891
173DAVIS   1996 42   977 1014  942  879  868  912  964  982  875  895  981
173DAVIS   1996 43  1008  973  998  991  949  897  881  922
173DAVIS   1996 51   919  871  829  857  957  936  815  782  891  996 1001
173DAVIS   1996 52   912  888  963 1016 1001  968 1061 1062  975  975  934
173DAVIS   1996 53   874  861  866  766  696 9999 9999 9999 9999
173DAVIS   1996 61   893  897  904  789  857 1026  942  814  864  974  897
173DAVIS   1996 62   862  781  775  862  877  874  972 1083 1065  946  928
173DAVIS   1996 63   864  746  858  953  934  908  803  790
173DAVIS   1996 71   932 1035 1056  853  698  827 1052 1080  968  934  929
173DAVIS   1996 72   890  914  881  826  757  736  815  909  949  905  890
173DAVIS   1996 73   851  777  776  781  706  725  888  844  894
173DAVIS   1996 81   919  899  888  932  946 1016 1084 1053 1052 1023 1009
173DAVIS   1996 82  1067 1010  904  840  897  848  901 1066 1111 1143 1099
173DAVIS   1996 83  1054  924  832  834  822  819  805  761  794
173DAVIS   1996 91   782  835  915  900  879  855  827  833  831  832  852
173DAVIS   1996 92   911  874  811  830  850  887  865  809  810  862  874
173DAVIS   1996 93   854  886  932  905  911  917  874  937
173DAVIS   1996101  1003  928  924  926  909  903  800  855 1025 1080 1026
173DAVIS   1996102   908  833  829  858  836  813  878 1025 1126  984  924
173DAVIS   1996103   940 1006  951  910  820  668  710  857  910
173DAVIS   1996111   894  856  837  847  840  850  828  842  901  868  750
173DAVIS   1996112   701  796  797  794  891  892  814  795  760  825  847
173DAVIS   1996113   783  817  872  932 1068 1030  960  906
173DAVIS   1996121   904  958  880  789  943  925  862  917  927  924  903
173DAVIS   1996122   909  918  921  907  892  837  801  825  893  907  830
173DAVIS   1996123   896  956  917  929  946  931  925  905  852
173DAVIS   1997 11   815  817  896 1008 1052  947  899  924  924  910  923
173DAVIS   1997 12   880  815  837  821  855  798  820  928  935  926  915
173DAVIS   1997 13   874  927  936  894  870  880  883  915  877
173DAVIS   1997 21   816  841  865  870  908 1090 1097  979  974  980  983
173DAVIS   1997 22   935  917  969  963  926  932  989  951  877  835  949
173DAVIS   1997 23  1080  935  859  979  995  955
173DAVIS   1997 31  1023 1115 1056  920  955 1169 1101  965  892 1014 1091
173DAVIS   1997 32  1009  945  923 1025 1081 1088 1179 1098 1005  930  839
173DAVIS   1997 33   790  800  937  969  990 1066 1149 1057  987
173DAVIS   1997 41   956  876  790  783  765  804  938  932  811  830  925
173DAVIS   1997 42   981  969  895  880  877  870  937  894  800  814  890
173DAVIS   1997 43   929  951 1002  917  801  829  922  953
173DAVIS   1997 51   912  894  809  918 1127 1010  896  929 1023 1038  968
173DAVIS   1997 52   885  914  973  929  940  959  955  941  934  879  916
173DAVIS   1997 53   963 1017  974  895 1012 1123 1119 1137 1106
173DAVIS   1997 61   944  873  916  912  911 1045 1090  970  950 1102 1107
173DAVIS   1997 62   950  955  999 1029 1017  834  759  914  920  894  921
173DAVIS   1997 63   929  881  915  939  910  874  836  918
173DAVIS   1997 71  1065 1142 1095 1056  938  957 1155 1174 1120 1045 1050
173DAVIS   1997 72  1096 1075  939 1057 1223 1136 1031 1011 1037  942  850
173DAVIS   1997 73   881  923  961 1016 1076 1107 1090  993 1058
173DAVIS   1997 81  1141 1041  970  898  811  759  862 1052  973  882  717
173DAVIS   1997 82   629  696  848  935  951  923  904  923  798  769 1041
173DAVIS   1997 83   983  927  943  968 1078 1108 1088 1096 1202
173DAVIS   1997 91  1229 1295 1068  837  862  855  895 1037  972  894  824
173DAVIS   1997 92   844  935  839  819  847  929  948  910  862  859  925
173DAVIS   1997 93  1010  957  886  924  898  846  832  838
173DAVIS   1997101   923  986  858  785  805  813  832  864  857  846  874
173DAVIS   1997102   841  787  794  863  856  823  881 1016 1052  909 1023
173DAVIS   1997103  1135 1031  943  906  842  905 1001  982  936
173DAVIS   1997111   919 1071 1115 1005  947  929  860  827  770  701  692
173DAVIS   1997112   715  720  728  822  861  895  924  901  874  849  842
173DAVIS   1997113   837  783  771  837  846  861  964  934
173DAVIS   1997121   876  863  920  983  949  917  890  847  790  815  880
173DAVIS   1997122   936  900  833  869  878  934  935  912  907  932  899
173DAVIS   1997123   849  915  936  866  896  924  917  912  855
173DAVIS   1998 11   841  938  971  932  907  896  890  895  951  979  890
173DAVIS   1998 12   879  906  870  875  908  924  947  934  911  953 1031
173DAVIS   1998 13  1085 1010  891 1011  992  945 1013 1000  906
173DAVIS   1998 21   884  900  929  911 1009 1056 1042 1042  963  953  998
173DAVIS   1998 22   951  924  934  979  972  902  928  967  885  863  930
173DAVIS   1998 23   935  896  964 1036  982  956
173DAVIS   1998 31   898  829  845  873  905  923  910  954  970  914  829
173DAVIS   1998 32   919 1028  988 1003 1000  967 1117 1178 1016  962 1026
173DAVIS   1998 33  1199 1202 1002  964  958  897  844  974 1051
173DAVIS   1998 41   867  894  977  993  900 1009 1122  977 1043 1030  945
173DAVIS   1998 42  1006 1051 1001  886  907 1062 1074 1109 1171 1120 1031
173DAVIS   1998 43  1042  993 1014 1044  947  892 1002 1030
173DAVIS   1998 51  1010  918  764  736  831 1030 1059  887  912  941  945
173DAVIS   1998 52   997  979  962  927  977 1032  936  908  859  847  903
173DAVIS   1998 53   969  967  884  888  892  879  912 1055 1105
173DAVIS   1998 61  1089  989  834  815  898 1036  884  706  961 1249 1160
173DAVIS   1998 62  1021  978 1108 1208 1055  987  951  873  847  841  861
173DAVIS   1998 63  1011 1041 1079 1109 1027  979  921  839
173DAVIS   1998 71   844  925  972 1036 1047  973  987 1008 1002 1078  984
173DAVIS   1998 72   886  882  890  879  809  819  868  965 1073 1047  929
173DAVIS   1998 73   834  764  921 1039  837  957 1072 1061  958
173DAVIS   1998 81  1079 1115 1113 1063 1119 1143  967  932 1226 1301 1009
173DAVIS   1998 82   877  902  905  868  964 1038  928 1037 1012  874  855
173DAVIS   1998 83   883  941  948  956 1182 1162  883  953 1024
173DAVIS   1998 91   924  916  942  827  703  727  766  763  730  770  884
173DAVIS   1998 92   998  850  730  775  882  971  926  949  894 9999 9999
173DAVIS   1998 93  9999  934  922  894  843  819  843  864
173DAVIS   1998101   802  836  955  938  890  873  814  763  765  883  933
173DAVIS   1998102   882  782  694  793  877  947 1011 1043  949  919 1006
173DAVIS   1998103   894  825  906  957  991  947  915  915  883
173DAVIS   1998111   878  856  860  848  844  898  985  997  981  955  875
173DAVIS   1998112   884  984  977  911  964 1041 1042 1069 1028  961 1010
173DAVIS   1998113   981  946 1046 1048 1016  944  867  850
173DAVIS   1998121   836  894  961 1003  993  992 1037 1054  980  932 1088
173DAVIS   1998122  1131 1007  931  923  890  880  976  994  990  847  787
173DAVIS   1998123   870  941  991  946  915  879  863  838  827
173DAVIS   1999 11   815  865  987 1010 1021  949  787  814  940  933  956
173DAVIS   1999 12   940  917  960  999  957  942  977  930  929  903  916
173DAVIS   1999 13   978  949  883  876  884  838  888  968  975
173DAVIS   1999 21   909  897  960  960 1010 1020 1004  895  826  889  932
173DAVIS   1999 22   853  870  850  804  809  819  818  832  827  836  851
173DAVIS   1999 23   876  856  864  987 1083 1088
173DAVIS   1999 31   962  926  880  813  796  961 1244 1156  972  958 1017
173DAVIS   1999 32  1043  996  939  928  909  905  898  859  836  777  786
173DAVIS   1999 33   867  924  906  913  951 1027 1146 1219 1163
173DAVIS   1999 41   979  944 1000 1007  944  869  886  942 1029 1067  920
173DAVIS   1999 42   824  821  831  995 1080 1002  953  968  920  857  937
173DAVIS   1999 43   988  968  903  933 1028 1031 1010 1062
173DAVIS   1999 51  1051  966  976  964  905  967  982  905  896  815  832
173DAVIS   1999 52   989  890  928 1019  930  926  978  942  982 1059 1008
173DAVIS   1999 53   841  814  900  898  978  985  979  981 1034
173DAVIS   1999 61  1035 1060 1240 1207 1128 1006  947  922  865  806  753
173DAVIS   1999 62   792 1085 1146  883  857  954  990  907  828  910  925
173DAVIS   1999 63   936  895  809  821  896  949  885  773
173DAVIS   1999 71   761  860 1091 1095  994 1020 1066 1060 1005  986  981
173DAVIS   1999 72   996 1010  957  881  849  886 1113 1180  963  952  937
173DAVIS   1999 73   881  880  936 1052 1121 1032  968  943  874
173DAVIS   1999 81   866  884  892  812  791  951  923  843  934 1031 1168
173DAVIS   1999 82  1095  991  869  765 1022 1254 1143  949  937  978 1165
173DAVIS   1999 83  1098  957 1035 1034  949  926  839  884  908
173DAVIS   1999 91   916 1099 1099  925  857  873  945  946  940  864  708
173DAVIS   1999 92   738  738  928 1147  972  823  821  906  983 1008  947
173DAVIS   1999 93   874  840  812  780  762  784  821  869
173DAVIS   1999101   900  909  997 1024  937 1015 1093  980  859  875 1094
173DAVIS   1999102  1115  996 1001 1086 1064  975  820  778  943  942  863
173DAVIS   1999103   905  893  860  844  958  932  902  927 1000
173DAVIS   1999111   931  834  806  779  714  666  729  807  844  947  961
173DAVIS   1999112  1033  995  866  840  876  879  856  871  866  879  889
173DAVIS   1999113   880  860  838  839  903  945  887  859
173DAVIS   1999121   906  973  956  952  971  872  888 1001 1084 1118 1031
173DAVIS   1999122   935  910  935  891  933  945  897  860  836  860  960
173DAVIS   1999123   998  909  871  933  941  897  898  917  906
173DAVIS   2000 11   925 1067 1054  966  957  973  966  929  904  897  913
173DAVIS   2000 12   942  925 1000  919  894 1005  962  940  993  991  968
173DAVIS   2000 13   986  981  981  984  992  981 1009 1033  948
173DAVIS   2000 21   914  980 1000 1019  982  973 1006  972  967  965 1026
173DAVIS   2000 22  1027  971  943  915  913 1099 1123 1025 1028 1002  977
173DAVIS   2000 23  1051 1045  993  959  964 1042 1043
173DAVIS   2000 31  1041 1063  949  857  884  866  861  904  990  995  944
173DAVIS   2000 32   967  975  944  961 1063 1012  974  983  987 1118 1055
173DAVIS   2000 33   909  991 1148 1160 1086 1004 1031 1055  955
173DAVIS   2000 41   963 1038 1057  922  950 1003 1016 1009 1034 1061  975
173DAVIS   2000 42   947 1029  997  950 1020 1094  990 1005 1132 1048  927
173DAVIS   2000 43   947  890  902  904  950 1045  986  991
173DAVIS   2000 51  1008 1010 1013 1016 1003  980 1057 1030 1010 1234 1178
173DAVIS   2000 52  1104 1077 1101 1079 1044  998  926  940  957  877  868
173DAVIS   2000 53   830  969  863  725  848  943 1024 1007  841
173DAVIS   2000 61   887  948  970  912  863  837  783  793  887  911  849
173DAVIS   2000 62   857  879  930  972  948  949  961  917  984 1026 1083
173DAVIS   2000 63  1058  946  875  973 1050 1015 1048 1043
173DAVIS   2000 71   922  916 1065 1120  983  946  995  885  859  853  925
173DAVIS   2000 72  1157 1173  998  932  944  969 1007  974  949  891  767
173DAVIS   2000 73   867 1176 1114  951  968 1016  962  943  983
173DAVIS   2000 81   957  855  828  839  822 1035 1165 1115 1043  878  941
173DAVIS   2000 82   987  973 1006 1027 1067 1199 1151  997  956 1002  992
173DAVIS   2000 83   938 1004 1006  937 1013  890  750  866  808
173DAVIS   2000 91   702  819  803  760  800  864  980 1021  903  830  849
173DAVIS   2000 92   910  947  956  957  830  806  918  987  938  874  941
173DAVIS   2000 93  1000  921  809  809  920  891  916 1097
173DAVIS   2000101  1133 1012  960  980  982  963  935  836  846  909 1143
173DAVIS   2000102  1256 1008  907  878  874  868  864  889  935  936  891
173DAVIS   2000103   892  886  815  820  908  971  927  853  876
173DAVIS   2000111   936  967  977  933  765  791  816  810  923  919  794
173DAVIS   2000112   790  763  763  801  711  721  939  916  853  885  843
173DAVIS   2000113   898  939  917  879  896  926  910  870
173DAVIS   2000121   903  949  922  871  864  901  911  879  884  862  832
173DAVIS   2000122   873  881  867  845  837  810  772  829  974 1082 1019
173DAVIS   2000123   924  885  836  751  744  788  864  870  865
173DAVIS   2001 11   865  857  870  872  910  900  849  883  908  892  859
173DAVIS   2001 12   934 1075 1119 1061  991  947  925  889  869  904 1030
173DAVIS   2001 13  1104 1058 1133 1041  878  935  916  830  826
173DAVIS   2001 21   824  778  751  821  972  924  823  893  954  977  905
173DAVIS   2001 22   759  803  851  890  955  996  976  954  928  954  942
173DAVIS   2001 23   916  920  874  845  970 1102
173DAVIS   2001 31  1030  955  937  885  896  899  902  941  876  894  962
173DAVIS   2001 32   961  942  977  990 1027 1092 1105 1044  963  977  961
173DAVIS   2001 33   898  889  925 1107 1157  973  964 1070 1085
173DAVIS   2001 41  1099 1181 1039  828  891 1010 1008 1007 1018  942  906
173DAVIS   2001 42   964 1102 1160 1164 1076 1145 1261 1244 1114 1000  987
173DAVIS   2001 43   974  959 1070  996  977 1018 1053 1069
173DAVIS   2001 51   945  898  965  937  865  877  833  797  839 1003 1146
173DAVIS   2001 52  1160 1081 1078 1272 1262 1075 1018  962  975 1230 1225
173DAVIS   2001 53  1026  889 1051 1050  945 1124 1175 1051  979
173DAVIS   2001 61   946 1056 1259 1237 1110 1062 1150 1059  936  918  951
173DAVIS   2001 62   961  994  984  852  760  891  992  953 1001 1033  994
173DAVIS   2001 63  1021 1012 1018 1037  971  987 1037 1113
173DAVIS   2001 71  1011  839  919 1039  957  934  914  923 1107 1161 1055
173DAVIS   2001 72   968  985  913  919 1027 1056 1116 1085  990  947  901
173DAVIS   2001 73   980 1104 1058  988  947  882  984 1178 1179
173DAVIS   2001 81  1107 1154 1336 1309 1126 1011 1041 1032  999  965  875
173DAVIS   2001 82   949 1025  963  913  917  861  870  962  910  799  768
173DAVIS   2001 83   894 1056 1009  951  859  876  988 1068 1003
173DAVIS   2001 91   954  978  928  916  948 1107 1199 1085 1001 1004  999
173DAVIS   2001 92  1029 1022  954  936  931  880  816  815  912  975 1068
173DAVIS   2001 93  1089  968  945  912  881  979 1039 1079
173DAVIS   2001101   986 1092 1122  973  927  905  947  943  897  923  992
173DAVIS   2001102   935  894  923  867  882 1100 1165  901  938 1119 1227
173DAVIS   2001103  1078  938  976  996  917  887  889  856  871
173DAVIS   2001111   928  876  888  970 1039 1073 1036 1037 1030  969  899
173DAVIS   2001112   874  868  823  883 1074 1043  961 1032  959  921 1053
173DAVIS   2001113  1028  953  946  888  803  866  967  884
173DAVIS   2001121   988  997  926 1061  944  848  971 1021 1103  922  788
173DAVIS   2001122   859 1000  988  916  982 1048  963  899  877  897  941
173DAVIS   2001123   897  881  943  961  889  917  924  848  980
173DAVIS   2002 11   994  890  898  903  914  886  845  841  920  928  978
173DAVIS   2002 12   942  991  979  935  952  910  960 1000  951  914  918
173DAVIS   2002 13   933 1004 1133 1102 1056 1009  920  867  997
173DAVIS   2002 21  1085  990  966  969  951  907  986 1112 1047 1046 1048
173DAVIS   2002 22   984  937  896  871  843  885  890  903  971 1048  980
173DAVIS   2002 23   918  991 1022  955  965  983
173DAVIS   2002 31   917  852  829  961 1051 1005  918  845  822  828  812
173DAVIS   2002 32   825  945  951  858  790  830  827  824  815  942  989
173DAVIS   2002 33   882  845  811  755  762  829  787  874  970
173DAVIS   2002 41   898  982  996 1015 1070 1106 1167 1097  884  855  939
173DAVIS   2002 42   955 1011 1057  979  962 1001 1022  964  845  926 1045
173DAVIS   2002 43   919  806  774  840  924  945  827  800
173DAVIS   2002 51   870  900  843  895  963  851  857  862  862  869  880
173DAVIS   2002 52   913  974  935  925  951  877  760  877 1025  936  846
173DAVIS   2002 53   813  922  938  843  830  880  887  882  893
173DAVIS   2002 61   885  998 1086  941  973 1030  941  987  959  891  848
173DAVIS   2002 62   913  942  928  947  962  894 1002 1133 1065  956  909
173DAVIS   2002 63   945  932  917  995 1136 1029  838  843
173DAVIS   2002 71   884  842  906 1010 1001  959  971  935  882  913  971
173DAVIS   2002 72   901  806  786  709  631  750  850  865  921  957  960
173DAVIS   2002 73  1071 1049  864  952  997  856  903  993 1108
173DAVIS   2002 81  1095  937  921 1022  974  946  989  973 1012  958  933
173DAVIS   2002 82  1019 1079 1012  992 1015  981  971  981  913  846  903
173DAVIS   2002 83   965  946  908  836  842  843  844  830  958
173DAVIS   2002 91   950  787  830  841  846  879  856  835  959  945  796
173DAVIS   2002 92   852  916  866  840  816  876  909  935 1019 1058  940
173DAVIS   2002 93   794  824  903  938  957  891  830  885
173DAVIS   2002101   906  855  762  707  694  843  791  767  903  829  809
173DAVIS   2002102   837  836  865  909  904  839  787  773  930 1106  986
173DAVIS   2002103   841  808  865  895  873  856  820  765  826
173DAVIS   2002111   860  801  840  865  847  881  911  914  908  958  978
173DAVIS   2002112   875  801  830  896  903  887  892  857  831  966 1178
173DAVIS   2002113  1106 1031  998  949  969  950  861  997
173DAVIS   2002121  1132  924  844  862  898  931  990 1014  957  957  969
173DAVIS   2002122   934  890  865  904  901  902  895  914 1025 1005  949
173DAVIS   2002123  1102 1117  908  883  892  858  869  881  912
173DAVIS   2003 11   940  930  882  896  884  853  910  920  844  813  823
173DAVIS   2003 12   923 1008  913  819  863  860  829  852  851  811  804
173DAVIS   2003 13   857  875  877  876  881 1028 1153 1048  973
173DAVIS   2003 21  1104 1172 1091 1000  944  925  916  980 1059 1020  962
173DAVIS   2003 22   947  929  904  966 1081 1074  936 1000  961  879  939
173DAVIS   2003 23  1019 1006  904 1066 1217 1025
173DAVIS   2003 31   972  870  815  891  975  969  964  969  979  975 1056
173DAVIS   2003 32  1103 1104 1097  997  952 1097 1095 1057 1065 1028  983
173DAVIS   2003 33  1009 1070 1143 1077  976 1018 1043  974  988
173DAVIS   2003 41  1107 1181 1061  958 1059 1175 1137 1098 1085 1053  917
173DAVIS   2003 42   786  965 1120 1037  985 1012 1036 1010  962 1062 1065
173DAVIS   2003 43  1025 1125 1049  880  881  873  810  830
173DAVIS   2003 51   935 1001 1055 1120 1044  951  936 1078 1161 1055  973
173DAVIS   2003 52   917  970 1046  991  942  951  994 1170 1105  929  846
173DAVIS   2003 53   902  948  893  876  873  833  832  855  914
173DAVIS   2003 61   897  919  997  987 1011 1061 1034  903  852  894  879
173DAVIS   2003 62   925  891  812  804  864 1006 1144 1176  999  913  914
173DAVIS   2003 63   795  866  940  904  964 1022  990  933
173DAVIS   2003 71  1038  900  737  863  904  758  879 1026 1024  978  936
173DAVIS   2003 72   901 1013 1084 1040 1034  948  916  969  915  973 1129
173DAVIS   2003 73  1033  921  966  986 1031 1011  904  830  681
173DAVIS   2003 81   674  853 1055 1024  936  934  918  888 1041 1091 1114
173DAVIS   2003 82  1086  928  743  862 1041  998  885  893  952 1086 1060
173DAVIS   2003 83  1058 1104 1001  866  828  880  950 1189 1060
173DAVIS   2003 91   853  831 1024 1063  996  956  965  888  823  889  960
173DAVIS   2003 92   987  991 1032  998  924  941  948  916  906  903  897
173DAVIS   2003 93   899  929  932  935  970  794  827  939
173DAVIS   2003101   943  958  947  947  963  897  874  942 1015  855  766
173DAVIS   2003102   880 1074 1065  904  869  895  871  845  934  952  928
173DAVIS   2003103   916  919  898  808  766  864  995 1028  906
173DAVIS   2003111   862  923  932  927  966 1001  976  983  976  894  821
173DAVIS   2003112   871  899  885  898 1025  960  861  958  926  856  885
173DAVIS   2003113  1040 1089  976  943  890  855  844  862
173DAVIS   2003121   933  960  976  997  996  970 1045 1092 1009  967  969
173DAVIS   2003122   904  828 9999 9999 9999 9999 9999 9999 9999 9999  978
173DAVIS   2003123   988  975  947  930  942  947 1022  995  884
173DAVIS   2004 11   865  940 1031 1028  983 1064 1089  987 1042 1097 1047
173DAVIS   2004 12  1008  960  879  806  839  880  933 1023 1039 1068  985
173DAVIS   2004 13   981 1075 1086 1019  936  924  990  957  930
173DAVIS   2004 21  1014  928  832  929  983  944  946  984 1012  993  945
173DAVIS   2004 22   945  948  982 1016  914  915  957  901  936 1012 1033
173DAVIS   2004 23   986  903  906  963 1034 1016  972
173DAVIS   2004 31   969 1029 1055 1042  999 1152 1080 1023 1079  974  879
173DAVIS   2004 32   965  893  988 1087 1090 1181 1156 1056 1002  978 1031
173DAVIS   2004 33  1074  994  998  994  948 1062 1115 1065 1003
173DAVIS   2004 41   956  981  955  938  990 1051  934 1000 1181 1154  964
173DAVIS   2004 42   976 1151 1166 1159 1059  989 1042 1017  913  926  947
173DAVIS   2004 43   955 1029 1116 1079 1043  972 1022 1097
173DAVIS   2004 51   963  990 1067  910  934  903  951 1039 1058 1066  992
173DAVIS   2004 52  1028  978  831  882  985  958  928  946  928  983 1018
173DAVIS   2004 53  1034 1067 1097 1109 1038  847  822 1039 1020
173DAVIS   2004 61   969 1125 1172 1102 1142 1102 1095 1060  832  855  825
173DAVIS   2004 62   720  755  900 1046 1213 1159 1065  991 1065 1058  951
173DAVIS   2004 63   934  939  979 1095 1109 1047  980  903
173DAVIS   2004 71   901  965  911  901 1151 1136 1138 1204 1042  883  983
173DAVIS   2004 72   876  697  801  926 1030 1084  996  930  965 1101 1046
173DAVIS   2004 73   893  873 1039 1004 1047 1099 1108 1096 1016
173DAVIS   2004 81  1076 1194 1093 1074 1096  940  836  861  989 1007 1096
173DAVIS   2004 82  1349 1244 1042 1070 1117  932  939 1098  933  706  785
173DAVIS   2004 83   922  933  841  962 1058 1096 1093  880  836
173DAVIS   2004 91   963  957  885  901  949  952  906 1025 1192 1105 1106
173DAVIS   2004 92  1064  912  842  927  893  930  952  897  972 1062 1031
173DAVIS   2004 93   946  931  953  863  789  855  888  850
173DAVIS   2004101   818  846  871  901  972 1115 1159 1037  854  802  893
173DAVIS   2004102   900  880  905  959  967 1016 1081 1073 1077 1015  900
173DAVIS   2004103   914  949  896  755  808  951  950  968 1284
173DAVIS   2004111  1261  989  960  974  908  929  986  938  850  834  871
173DAVIS   2004112   904  907  828  875  959 1092 1173 1053  944  968  942
173DAVIS   2004113   808  729  726  794  813  828  857  872
173DAVIS   2004121   926  928  974 1048 1048  987  992  948  854  808  888
173DAVIS   2004122   913  893  882  865  847  852  875  852  868  885  873
173DAVIS   2004123   961 1024  969 1051 1157 1095  999  978 1012
173DAVIS   2005 11   945  959 1010  950  938  978 1013 1039 1030  948  901
173DAVIS   2005 12   856  795  879  973  961  946  953  971  981  995 1003
173DAVIS   2005 13   971  969 1052 1050 1007  932  880  851  901
173DAVIS   2005 21   969  946  962  961  977  965  976  985 1018  998  889
173DAVIS   2005 22   938 1074 1082 1124 1090 1060 1028 1027 1034 1082 1045
173DAVIS   2005 23   979  948  842  806  860  993
173DAVIS   2005 31   987  890 1077 1213 1060 1006 1181 1320 1115  907  914
173DAVIS   2005 32   978 1013 1101 1000  988 1082 1062 1037 1051  999 1064
173DAVIS   2005 33   997 1028 1026  903  882  905  912  975 1009
173DAVIS   2005 41  1011 1028  986  981 1083 1074 1006 1003 1000 1045 1047
173DAVIS   2005 42  1025 1033  972  980 1040 1052 1093 1091 1002  916  946
173DAVIS   2005 43  1070 1102  998  879  943 1007  966  998
173DAVIS   2005 51  1064 1043  925  810  818  852  887  820  884 1024 1082
173DAVIS   2005 52  1117  892  803  861  907  935  959  987  967  957 1058
173DAVIS   2005 53  1048  970 1129 1146 1029 1044 1118 1021  879
173DAVIS   2005 61   865  882  853  921 1029 1042 1014 1000  968  930 1006
173DAVIS   2005 62  1169 1040  897  960  907  879 1094 1191 1057  962  973
173DAVIS   2005 63   974  995 1037 1060 1011  923  881  883
173DAVIS   2005 71   945  881  853  985 1117 1143 1030 1048 1068  967  907
173DAVIS   2005 72  1001 1197 1114 1091 1010  969  951  977  984  899  918
173DAVIS   2005 73   933  840  819  890  833  775  837  970  994
173DAVIS   2005 81  1005 1115 1160 1068  855  808 1061 1239 1039  931  894
173DAVIS   2005 82   920  979  938  899  934 1037 1023  940  936  913  838
173DAVIS   2005 83   796  842  857  924  979  946 1046 1040  996
173DAVIS   2005 91   940  877  920  948  905  812  784  850  795  790  915
173DAVIS   2005 92  1016 1014  853  870 1132 1215 1036 1002 1091 1039  991
173DAVIS   2005 93   985  975  943 1025 1139 1098 1080 1081
173DAVIS   2005101   983  891  912  999 1092 1064  992 1050 1083  869  810
173DAVIS   2005102   800  829  847  953 1057 1001  966  890  885  830  771
173DAVIS   2005103   828  880  848  847  890  880  928 1008  869
173DAVIS   2005111   809  909  942 1031 1082 1024 1003  974  987 1123 1140
173DAVIS   2005112   959  850  827  859  846  867  903  907  907  953  957
173DAVIS   2005113   886  871  912  879  920  962  897  989
173DAVIS   2005121  1006  912  811  813  910  959  836  733  782  804  827
173DAVIS   2005122   849  865  942 1012  961  931  988  929  845  849  865
173DAVIS   2005123   864  833  810  843  902  918  876  935 1025
173DAVIS   2006 11   972  981  986  931  939  909  871  922  994 1003  990
173DAVIS   2006 12   984  980  988  910  831  856  893  897  839  855  934
173DAVIS   2006 13   944  983 1073 1072 1199 1163  943  898  958
173DAVIS   2006 21   944  896  894  935  934  916 1098 1232 1120 1052 1103
173DAVIS   2006 22  1053  965  991  986  944  939  974  996  965  943 1009
173DAVIS   2006 23  1035 1024  995  953  888  887
173DAVIS   2006 31   919  918  992 1081 1026  997 1009  981  992  990  976
173DAVIS   2006 32  1132 1182 1059  989 1057 1075 1065 1045 1037 1184 1286
173DAVIS   2006 33  1179 1132 1097 1032 1031 1044 1010 1018 1108
173DAVIS   2006 41  1104 1030 1025 1240 1368 1175 1016 1067 1102  945  846
173DAVIS   2006 42   954 1032  949  984  991  909 1011 1237 1131 1195 1165
173DAVIS   2006 43   949  936 1049  996 1008 1171 1204 1090
173DAVIS   2006 51  1043 1084 1117 1063  977  997  973  916  933 1017 1009
173DAVIS   2006 52  1045 1050 1093 1088 1039 1005  985  977  934  826  719
173DAVIS   2006 53   744  852  883  932 1039 1092  957  932 1006
173DAVIS   2006 61  1060 1111 1120 1093 1048 1117 1157 1023 1052 1281 1134
173DAVIS   2006 62  1033 1053 1015 1053 1124 1068  999  987  978  949  975
173DAVIS   2006 63  1033 1041 1053 1048  957  954 1160 1174
173DAVIS   2006 71  1014  926  958 1087 1034  914  918 1067 1309 1201  993
173DAVIS   2006 72  1024 1055 1009  996 1004 1084 1127 1164 1127 1054 1193
173DAVIS   2006 73  1245 1228 1199  895  900 1058  977  952  952
173DAVIS   2006 81   937  973  976  979  955  901  966  984  843  771  738
173DAVIS   2006 82   807  906  888  832  808  814  842  880  973 1060 1022
173DAVIS   2006 83  1052 1169 1128 1010  904  950  931  943 1041
173DAVIS   2006 91  1083  994 1016 1056  971  906  822  933  981  931 1152
173DAVIS   2006 92  1006  781  928 1027 1047 1131 1227 1127  893  717  716
173DAVIS   2006 93   836  914  838  889  938  904  944  978
173DAVIS   2006101  1013 1024  959  870  852  870  836  700  803 1086 1086
173DAVIS   2006102  1020 1067 1031 1035 1022  920  905  999 1051 1001  941
173DAVIS   2006103   919  881 1160 1304  987  907 1003  966  872
173DAVIS   2006111   880  888  887  842  716  989 1199  947 1054 1133  977
173DAVIS   2006112   844  952 1109 1047 9999 9999 9999 9999 9999 9999 9999
173DAVIS   2006113  9999 9999 9999 9999 9999 9999 9999 9999
173DAVIS   2006121  9999 9999 9999 9999 9999 9999 9999 9999 9999 9999 9999
173DAVIS   2006122  9999 9999 9999 9999 9999 9999 9999 9999 9999 9999 9999
173DAVIS   2006123  9999 9999 9999 9999 9999 9999 9999 9999 9999
173DAVIS   2007 11  9999 9999 9999 9999 9999 9999 9999 9999 9999 9999 9999
173DAVIS   2007 12  9999 9999 9999 9999 9999 9999 9999 9999 9999 9999 9999
173DAVIS   2007 13  9999 9999 9999 9999 9999 9999 9999 9999 9999
173DAVIS   2007 21  9999 9999 9999 9999 9999 9999 9999 9999 9999 9999 9999
173DAVIS   2007 22  9999 9999 9999 9999 9999 9999 9999 9999 9999 9999 9999
173DAVIS   2007 23  9999 9999 9999 9999 9999 9999
173DAVIS   2007 31  9999 9999 9999 9999 9999 9999 9999 9999 9999 9999 9999
173DAVIS   2007 32  9999 9999 9999 9999 9999 9999 9999 9999 9999 9999 9999
173DAVIS   2007 33  9999 9999 9999 9999 9999 9999 9999 9999 9999
173DAVIS   2007 41  9999 9999 9999 9999 9999 9999 9999 9999 9999 9999 9999
173DAVIS   2007 42  9999 9999 9999 9999 9999 9999 9999 9999 9999 9999 9999
173DAVIS   2007 43  9999 9999 9999 9999 9999 9999 9999 9999
173DAVIS   2007 51  9999 9999 9999 9999 9999 9999 9999 9999 9999 9999 9999
173DAVIS   2007 52  9999 9999 9999 9999 9999 9999 9999 9999 9999 9999 9999
173DAVIS   2007 53  9999 9999 9999 9999 9999 9999 9999 9999 9999
173DAVIS   2007 61  9999 9999 9999 9999 9999 9999 9999 9999 9999 9999 9999
173DAVIS   2007 62  9999 9999 9999 9999 9999 9999 9999 9999 9999 9999 9999
173DAVIS   2007 63  9999 9999 9999 9999 9999 9999 9999 9999
173DAVIS   2007 71  9999 9999 9999 9999 9999 9999 9999 9999 9999 9999 9999
173DAVIS   2007 72  9999 9999 9999 9999 9999 9999 9999 9999 9999 9999 9999
173DAVIS   2007 73  9999 9999 9999 9999 9999 9999 9999 9999 9999
173DAVIS   2007 81  9999 9999 9999 9999 9999 9999 9999 9999 9999 9999 9999
173DAVIS   2007 82  9999 9999 9999 9999 9999 9999 9999 9999 9999 9999 9999
173DAVIS   2007 83  9999 9999 9999 9999 9999 9999 9999 9999 9999
173DAVIS   2007 91  9999 9999 9999 9999 9999 9999 9999 9999 9999 9999 9999
173DAVIS   2007 92  9999 9999 9999 9999 9999 9999 9999 9999 9999 9999 9999
173DAVIS   2007 93  9999 9999 9999 9999 9999 9999 9999 9999
173DAVIS   2007101  9999 9999 9999 9999 9999 9999 9999 9999 9999 9999 9999
173DAVIS   2007102  9999 9999 9999 9999 9999 9999 9999 9999 9999 9999 9999
173DAVIS   2007103  9999 9999 9999 9999 9999 9999 9999 9999 9999
173DAVIS   2007111  9999 9999 9999 9999 9999 9999 9999 9999 9999 9999 9999
173DAVIS   2007112  9999 9999 9999 9999 9999 9999 9999  865  959  979  952
173DAVIS   2007113   925  905  912  974  970  980  993  982
173DAVIS   2007121   964  922  905  961  964  866  954 1034 1039  965  930
173DAVIS   2007122  1010  974  906  895  889  885  834  898 1115 1146 1072
173DAVIS   2007123  1019 1029 1086 1039  984  945  914  911  929
173DAVIS   2008 11   927  932  953  995  987  914  925  954  912  885  853
173DAVIS   2008 12   828  827  872  920  917  934  983 1012 1021  959  924
173DAVIS   2008 13   945  947  905  924  949  929  929  907  915
173DAVIS   2008 21  1012 1036  995 1004 1062  979 1063 1062  874  807  920
173DAVIS   2008 22   946  949 1035 1063 1051 1107 1089  979 1040 1074  992
173DAVIS   2008 23   929  909  982 1121 1174 1076 1043
173DAVIS   2008 31  1045  969  888 1073 1215 1109  998 1009 1004  921  917
173DAVIS   2008 32  1101 1095  976  989 1019  956  840  860  904  956  961
173DAVIS   2008 33   889  955 1015  957 1119 1090 1008  960  911
173DAVIS   2008 41  1031 1037 1017 1023  951  881  877  910  941 1029 1073
173DAVIS   2008 42  1004 1005 1045  963  880  953 1011  904  933  999  885
173DAVIS   2008 43   896  956 1147  967  723  767  964  992
173DAVIS   2008 51   843  880  842  747  801  846  834  857  873  860  920
173DAVIS   2008 52   978  921  889  969  935  897  919 1001 1111 1132 1046
173DAVIS   2008 53  1029  983 1049 1079 1076 1043  978  895  869
173DAVIS   2008 61   894  967 1026  979  930  947  918  894  899  912  884
173DAVIS   2008 62   919  949  985 1023 1036 1072 1100 1113 1176 1127  977
173DAVIS   2008 63   928  965  927  899  912  875  831  830
173DAVIS   2008 71   852  909  950  953  924  873  978 1155 1054  950  980
173DAVIS   2008 72  1137 1116 1013 1048  996  914  914 1020  890  765  870
173DAVIS   2008 73  1013 1009  936  867  826  746  943 1087  899
173DAVIS   2008 81   898  979 1036 1012  941  957 1147 1146  931  822  959
173DAVIS   2008 82  1031  932  835  914  920  763  811  891  922  832  857
173DAVIS   2008 83   916 1008 1152 1127 1023  897  883  880  864
173DAVIS   2008 91   909  950  985  915  906  968 1037 1066 1032 1086 1015
173DAVIS   2008 92   925  887  851  822  830  825  793  791  929  949  908
173DAVIS   2008 93   916  943  968  972  890  802  860  892
173DAVIS   2008101   957  934  882 1070 1218 1143 1068 1059 1076  982  920
173DAVIS   2008102  1000 1012  950  901  961 1070 1015  934  943  947  988
173DAVIS   2008103  1027  950  892  939  963  952  944  950  990
173DAVIS   2008111   998 1150 1258 1032  945  935  885  923  938 1001  972
173DAVIS   2008112   866  962 1276 1221  888  857  971 1070 1024  846  821
173DAVIS   2008113  1008 1022  873  882  976  978  945 1042
173DAVIS   2008121  1091 1079 1011  996  951  921  942  906  904  848  898
173DAVIS   2008122   982  965  939  920  866  858  933  913  885  882  877
173DAVIS   2008123   857  922  971  944  955  942  902  876  875
173DAVIS   2009 11   857  874  921  902  870  922  998  990  960  952  996
173DAVIS   2009 12  1030 1044  996  911  940 1005  958  981  990  933  961
173DAVIS   2009 13   960  976  966  928  900  829  742  814  853
173DAVIS   2009 21   803  841  828  818  945  927  929  939  876  877  912
173DAVIS   2009 22   937  929  926  998 1003  958  935 1000  908  841  902
173DAVIS   2009 23  1020 1069 1067 1103 1003  909
173DAVIS   2009 31  1022 1051 1042 1057 1032 1010  950  841  872  964  937
173DAVIS   2009 32  1026 1000  914 1116 1093  953  872  867  960  954  930
173DAVIS   2009 33   938  920  884  858  902  943  906  886  961
173DAVIS   2009 41  1083 1082  956  914 1003 1038  891  933  981 1023  994
173DAVIS   2009 42   815  747  869  985 1093 1098 1004  882  860  891  859
173DAVIS   2009 43   830  854  909  996 1112 1060  989 1048
173DAVIS   2009 51  1042  988  944  921  882  961 1111 1081 1034 1058  994
173DAVIS   2009 52   922  903  952  999  991  950  793  702  817  880  824
173DAVIS   2009 53   906 1003  929  867  918  927 1041 1057  874
173DAVIS   2009 61   895  948 1091 1139  995  883  939  952  858  886  991
173DAVIS   2009 62  1164 1138 1092  954  739  710  744  817  900 1016  979
173DAVIS   2009 63   952  841  689  618  592  693  773  831
173DAVIS   2009 71   919  914  760  675  720  808  860  886 1007 1092 1042
173DAVIS   2009 72   999  824  953  996  940 1017 1080 1123 1086 1058 1114
173DAVIS   2009 73  1039  927  890  871  833  979 1113 1059 1050
173DAVIS   2009 81  1049  972  919  907  913  897  934  921  949  879  807
173DAVIS   2009 82   944 1087  941  852  831  819  976 1047  999  852  802
173DAVIS   2009 83   886  952  867  802  974 1039  969  922  876
173DAVIS   2009 91   937 1108 1118  954  795  863  958  986  873  735  703
173DAVIS   2009 92   862  987  952  924  819  762  807  821  783  783  819
173DAVIS   2009 93   842  936 1033  962 1053 1123  925  834
173DAVIS   2009101   835  869  873  887  952  970 1022  927  801  798  926
173DAVIS   2009102   973  920  947  910  853  810  807  848  952  985  881
173DAVIS   2009103   790  834  847  957 1033  918  858  928  975
173DAVIS   2009111   849  801  843  890  988  991  912  928  888  851  810
173DAVIS   2009112   849  933  990 1056  895  860  999 1039  967  916  901
173DAVIS   2009113   873  943  898  893  914  910  926  924
173DAVIS   2009121   967 1015 1030  908  869  849  863  882  935  891  867
173DAVIS   2009122   900  886  872  922 1052 1087 1066 1059 1031  964  900
173DAVIS   2009123   915  895  893  923  930  962  947  882  867
173DAVIS   2010 11   885  865  841  808  757  755  781  839  863  891 1010
173DAVIS   2010 12  1084 1062  999  929  851  881  949 1001  952  964  968
173DAVIS   2010 13   912  963 1083 1131 1022 9999 9999 9999 9999
