174COCHIN        LAT=09 58. N  LONG=076 16. E
174COCHIN  2011101   616  633  637 9999  570  569  589  609  610  618  646
174COCHIN  2011102  9999  646  688  709  698  732  764  775  805  799  798
174COCHIN  2011103   826  813  817  842  854  820  803  850  840
174COCHIN  2011111   803  831  870  852  831  823  823  812  798  805  773
174COCHIN  2011112   720  713  751  773  748  729  766 9999 9999  844  845
174COCHIN  2011113   816  803  807  833  863  849  881  889
174COCHIN  2011121   895  898  896  864  818  799  817  837  827  801  773
174COCHIN  2011122   792  837  850  820  797  819  843  847  836  820  826
174COCHIN  2011123   870  894  858  839  881  893  870  845 9999
174COCHIN  2012 11  9999  952  957  962  980  929  930  879  841  835  802
174COCHIN  2012 12   798  839  863  897  848  786  802  798 9999 9999  888
174COCHIN  2012 13   902 9999  619  586  569  599  628  626  613
174COCHIN  2012 21   599  626  629  622  652  681  645  837  994  914 9999
174COCHIN  2012 22  9999 9999  888  874  798  821  767  715  709  712  703
174COCHIN  2012 23   674  757  692  613  579  586  560
174COCHIN  2012 31  9999 9999  448  485  464  486  689  788 9999  580  570
174COCHIN  2012 32   527  586  698  751  788 9999 9999  604  632  622  491
174COCHIN  2012 33   533  546  539  690  826  795  710  736  791
174COCHIN  2012 41   904 9999 9999 9999 1232 1107 1099 1039  962 1067 1104
174COCHIN  2012 42  1091  709  526  557  595  545  533  476  479  427  433
174COCHIN  2012 43   462  467  385  308  474  432  275  267
174COCHIN  2012 51   325 9999 9999  204  175  420  598 9999 9999  526  543
174COCHIN  2012 52   555  568  585  596  617  608  579  554  541  520  532
174COCHIN  2012 53   548  546  567  560  530  523  512  505  493
174COCHIN  2012 61   515  534  516  503  507  532  544  534  515 9999  509
174COCHIN  2012 62   522  546  560  538  511  534  546  537  547  561  546
174COCHIN  2012 63   564  576  574  585  550  540  549  542
174COCHIN  2012 71   577  618  598  596  591  603  578  535  558  582  579
174COCHIN  2012 72   583  569  525  514  519  550  564  550  563  595  606
174COCHIN  2012 73   587  568  531  514  495  492  476  440  440
174COCHIN  2012 81   466  481  484  484  489  476  466  486  507  519  520
174COCHIN  2012 82   515  506  512  517  534  596  620  604  574  574  567
174COCHIN  2012 83   558  593  612  573  548  603  626  588  570
174COCHIN  2012 91   595  630  626  616  640  633  593  576  568  561  592
174COCHIN  2012 92   614  600  599  581  592  612  609  597  597  605  614
174COCHIN  2012 93   609  617  629  605  603  591  594  566
174COCHIN  2012101  9999  543  530  537  549  601  642 9999 9999 9999  582
174COCHIN  2012102   566  567  583  580  584  613  631  649  659  665  667
174COCHIN  2012103   695  726  750  767  765  762  761  746  735
174COCHIN  2012111   715  648  592  614  664  670  667  705  705  669  689
174COCHIN  2012112   672  663  668  653 9999  677  643  634  700  741  737
174COCHIN  2012113   716  698  701  702  724  739  722  696
174COCHIN  2012121   670  651  676  702  689  659  709  749  724  715  759
174COCHIN  2012122   796  778  728  702  710  731  716  718  755  741  721
174COCHIN  2012123  9999 9999 9999  720  724  725  687  668  684
174COCHIN  2013 11   695  707  744  734  673  689  748  731  677  658  697
174COCHIN  2013 12   723  688  652  675  683 9999  690  676  668  685  694
174COCHIN  2013 13   679  676  675  669  693  719  730  730  743
174COCHIN  2013 21   805  822  770  712  703  667  645  672  676  694  748
174COCHIN  2013 22   799 9999  826  843  819  790  777  722  683  706  720
174COCHIN  2013 23   673  645  671  709  722  770
174COCHIN  2013 31   775  757  737  731  724  739  770  752  742  741  731
174COCHIN  2013 32   716  726  717  697  700  715  738  756  774  776  761
174COCHIN  2013 33   756  770  767  761  762  739  709  655  652
174COCHIN  2013 41   636  620  639  656  662  635  627  648  657  622  582
174COCHIN  2013 42   554  541  560  550  534  541  529  541  531  523  548
174COCHIN  2013 43   580  612  630  620  624  656  661  656
174COCHIN  2013 51   684  725  715  694  671  676  655  617  628  594  555
174COCHIN  2013 52   529  507  487  473  467  461  471  508  541  564  593
174COCHIN  2013 53   604  580  533  490  525  527  498  531  572
174COCHIN  2013 61   591  596  596  602  641  616  595  625  619  663  678
174COCHIN  2013 62  9999  706  711  730  751  756  746  767  754  689  636
174COCHIN  2013 63   599  599  628  663  652  609  608  605
174COCHIN  2013 71   591  595  622  626  614  627  620  609  630  619  608
174COCHIN  2013 72   631  642  638  651  684  679  673  678  684  676  662
174COCHIN  2013 73   670  664  646  636  646  626  565  531  570
174COCHIN  2013 81   611  602  578  557  544  539  546  554  525  516  534
174COCHIN  2013 82   513  507  524  518  509  519  519  495  516  547  537
174COCHIN  2013 83   524  523  532  500  470  458  447  430  443
174COCHIN  2013 91   496  555  590  611  620  590  575  561  566  549  538
174COCHIN  2013 92   579  610  633  655  698  698  642  624  633  604  576
174COCHIN  2013 93   575  568  576  556  561  570  561  562
174COCHIN  2013101   556  561  542  530  538  518  517  533  551  571  591
174COCHIN  2013102   609  612  574  552  586  579  571  611  657  675  671
174COCHIN  2013103   714  686  702  708  696  689  688  693  681
174COCHIN  2013111   695  707  700  716  724  738  719  719  783  814  782
174COCHIN  2013112   778  799  795  783  765  741  744  745  763  792  784
174COCHIN  2013113   766  766  805  818  807  790  793  782
174COCHIN  2013121   792  785  779  784  795  812  805  757  722  707  736
174COCHIN  2013122   753  766  799  767  717  713  749  741  725  722  704
174COCHIN  2013123   717  706  678  683  666  655  648  667  699
174COCHIN  2014 11   738  777  766  744  732  752  750  736 9999 9999  708
174COCHIN  2014 12   693  672  672  690  692  666  666  680  689  703  697
174COCHIN  2014 13   691  707  727  738  754  744  735  717  706
174COCHIN  2014 21   733  786  791  788  773  756  754  769  737  711  737
174COCHIN  2014 22   740  685  680  702  679  714  697  651  717  693  644
174COCHIN  2014 23   665  707  730  755  782  782
174COCHIN  2014 31   753  764  771  747  735  729 9999  738  750  765  797
174COCHIN  2014 32   790  780  788  780  746  734  748  755  753  743  738
174COCHIN  2014 33   738  697  684  738  784  756  734  735  756
174COCHIN  2014 41   746  696  674  670  662  679  693  702  713  694  688
174COCHIN  2014 42   702  656  591  584  628  642  616  579  582  628  640
174COCHIN  2014 43   623  600  601  599  601  606  591  579
174COCHIN  2014 51   620  646  634  606  596  630  699  740  688  685  710
174COCHIN  2014 52   688  665  651  628  611  589  599  609  612  604  612
174COCHIN  2014 53   645  646  627  615  600  620  633  591  587
174COCHIN  2014 61   608  614  587  602  661  638  606  604  609  604  627
174COCHIN  2014 62   644  623  614  589  574  582  575  584  586  581  605
174COCHIN  2014 63   585  559  537  533  543  554  564  567
174COCHIN  2014 71  9999  549  549  540  481  449  456  460  478  498  514
174COCHIN  2014 72   558  567  562  570  614  654  678  677  621  584  616
174COCHIN  2014 73   663  654  625  623  643  636  588  572  630
174COCHIN  2014 81   656  661  712  734  722  711  711  698  649  647  700
174COCHIN  2014 82   700  654  653 9999  630  618  614  645  640  610  614
174COCHIN  2014 83   642  643  657  701  705  700  730  756  820
174COCHIN  2014 91   781  711  691  648  635  663  653  598  577  570  548
174COCHIN  2014 92   511  497  517 9999  532  524  547  626  644  623  614
174COCHIN  2014 93   628  635  652  668  713  753  788  836
174COCHIN  2014101   849  829  834  831  807  784 9999 9999 9999 9999 9999
174COCHIN  2014102   726  727 9999  704  727  743  751  777  802  833  846
174COCHIN  2014103   859  886  874  841  825  807  826  875  922
174COCHIN  2014111   901  890  885  873  860  838  789  787  788  786  826
174COCHIN  2014112   869  895  892  888  893  909  904  906  927  920  893
174COCHIN  2014113   881  858  831  862  915  876  816  801
174COCHIN  2014121   817  831  824  786  802  819 9999  760  751  771  794
174COCHIN  2014122   789  787 9999 9999 9999 9999  911  909  894  897  921
174COCHIN  2014123   922  902  884  865  857  891  874  808  780
174COCHIN  2015 11   803  832  772  749  828  849  815  807  821  846  872
174COCHIN  2015 12   895  903  887  877  913 9999  909  926  935  928  925
174COCHIN  2015 13   934  948  942  970 9999 9999  966  943  953
174COCHIN  2015 21   926  904  857  845  857  870  867  868  878  888  865
174COCHIN  2015 22   885  884  868  852  855  867  880  885  904  909  921
174COCHIN  2015 23  9999  852  836  882  877  837
174COCHIN  2015 31   854  870  832  786  810  832  798  802  827  832  811
174COCHIN  2015 32   830  868  866  876  867  903  907  869  864  870  872
174COCHIN  2015 33   849  804  797  832  847  844  855  869  897
174COCHIN  2015 41   917  896  875  855  848  853  834  829  824  818  837
174COCHIN  2015 42   849  820  817  857  862  838  833  829  833  844  820
174COCHIN  2015 43   827  860  869  869  876  899  880  850
174COCHIN  2015 51   834  804  805  791  770  775  769  774  782  774  784
174COCHIN  2015 52   835  860  826  797  796  789  751  729  741  716  707
174COCHIN  2015 53   704  680  675  651  610 9999 9999 9999 9999
174COCHIN  2015 61  9999 9999 9999 9999  642  674  728  759  747  731  751
174COCHIN  2015 62   769  758  744  746  705  691  692  741  789  789  789
174COCHIN  2015 63   811 9999 9999 9999 9999 9999 9999 9999
174COCHIN  2015 71  9999 9999 9999  638  632  609  615  635  656  684  676
174COCHIN  2015 72   651  637  636  616  606  655  662  637  662  683  654
174COCHIN  2015 73   664  670  667  649  594  590  621  629  615
174COCHIN  2015 81   572  576  632  658  647  620  620  633  659  662  633
174COCHIN  2015 82   625  639  639  631  626  601  632  685  704  734  759
174COCHIN  2015 83   762  766  722  693  682  650  648  628  594
174COCHIN  2015 91   587  608  637  638  651  702  727  744  779  791  771
174COCHIN  2015 92   764  772  768  733  714  720  712  714  708  687  709
174COCHIN  2015 93   750  749  732  747  768  788  807  800
174COCHIN  2015101   805  807  812  820  841  839  846  881  871  797  769
174COCHIN  2015102   780  802  845  837  835  854  872  887  883  903  916
174COCHIN  2015103   905  899  893  879  831  783  770  777  764
174COCHIN  2015111   812  900  916  902  897  887  883  893  869  835  803
174COCHIN  2015112   784  779  752  741  750  737  736  788  835  822  789
174COCHIN  2015113  9999 9999  814  838  845  816  817  809
174COCHIN  2015121   802  796  818  837  810  821  844  805  773  785  799
174COCHIN  2015122   768  745 9999 9999  840  820  801 9999  774  771  806
174COCHIN  2015123   805  750  731  755  779  774  779  799  809
174COCHIN  2016 11   807  838  857  840  825  823  798 9999  761  769  796
174COCHIN  2016 12   807 9999 9999  846  825  844  842  819  821  813  817
174COCHIN  2016 13   825  821  792  777  814  818  804  797  848
174COCHIN  2016 21   855  810  799  819  817  817  795  759  751  757  763
174COCHIN  2016 22   743  727  751  768  768  787  819  816  809  814  831
174COCHIN  2016 23   844  862  832  777  787  819  822
174COCHIN  2016 31   801  825  861  874  891  884  886  882  864  839  822
174COCHIN  2016 32   814  823  806  802  798  792  784  782  795  773  770
174COCHIN  2016 33   778  756  764  775  756  755  770  792  825
174COCHIN  2016 41   859  884  883  853  852  852  826  823  847  852 9999
174COCHIN  2016 42   830  847  847  845  828  813  817  811  799  789  778
174COCHIN  2016 43   750  728  722  712  716  742  766  779
174COCHIN  2016 51   794  806  785  752  766  790  792  799  822  818  814
174COCHIN  2016 52   817  825  809  833  879  857  794  762  753  713  662
174COCHIN  2016 53   665  691  697  708  708  716  710  708  706
174COCHIN  2016 61   699  698  711  713  713  735  787  830  825  854  904
174COCHIN  2016 62   890  870  852  830  831  813  766  727  708  712  701
174COCHIN  2016 63   676  686  721  774  807  808  806  825
174COCHIN  2016 71   820  796  770  752  714  707  696  693  735  792  828
174COCHIN  2016 72   817  765  743  739  722  717  724  714  704  707  704
174COCHIN  2016 73   707  703  674  684  704  691  667  671  689
174COCHIN  2016 81   703  703  705  690  645  657  670  662  631  609  593
174COCHIN  2016 82   586  600  611  629  630  615  609  587  571  575  590
174COCHIN  2016 83   599  622  633  637  652  642  623  608  599
174COCHIN  2016 91   582  568  586  581  567 9999 9999 9999  615  601  591
174COCHIN  2016 92   608  619  606  594  589  618  637  628  629  635  627
174COCHIN  2016 93   629  640  633  607  613  627  641  651
174COCHIN  2016101   640  629  632  626  613  599  609  619 9999 9999  638
174COCHIN  2016102   642  640  678  680  685  699  711  708  711 9999 9999
174COCHIN  2016103  9999  733  727  718  723  707  702  696  694
174COCHIN  2016111   707  715  713  729  769  749  729  753  800  815  810
174COCHIN  2016112   810 9999  819  834  844  856  845 9999 9999 9999  835
174COCHIN  2016113   859  885  893  850  806  790  779  749
174COCHIN  2016121   728  748 9999  738  786  812  820  839  822  799  804
174COCHIN  2016122   816  800  761  764  786  774  759  813  878  883  899
174COCHIN  2016123   880  857  866  845  831  825  826  835  832
174COCHIN  2017 11   832 9999 9999 9999 9999 9999 9999 9999 9999 9999 9999
174COCHIN  2017 12  9999 9999 9999 9999 9999 9999 9999  815  806  794  782
174COCHIN  2017 13   810  812  817  821  803  810  852  896  892
174COCHIN  2017 21   850  800  819  837  814  795  767  750  764  763  746
174COCHIN  2017 22   731  715  726  753  757  787  839  835  802  781  781
174COCHIN  2017 23   783  795 9999  754  761  809
174COCHIN  2017 31   832 9999  858  846  852  858  824  796  812  824  772
174COCHIN  2017 32   699  669  705  727  742  760  750  754  787  784  734
174COCHIN  2017 33   742  794  796  791  792  789  780  785  765
174COCHIN  2017 41   766  781  755  733  750  754  704  679  698  709 9999
174COCHIN  2017 42   656  660  674  689  689  659  658  690  682  658  642
174COCHIN  2017 43   635  599  573  580  591  608  610  621
174COCHIN  2017 51   618  618 9999  697  710  729  757  761  746  728  701
174COCHIN  2017 52   716  732  717  735  727  706  704  707  668  642  609
174COCHIN  2017 53   595  597  610  619  605  602  619  617  591
174COCHIN  2017 61   578  583  607  618  619  616  605  629  628 9999  628
174COCHIN  2017 62   642  687  716  706  680  712  749  734  719  703  701
174COCHIN  2017 63   703  684  688  750  781  789  778  760
174COCHIN  2017 71  9999  738  729  716  694  653  617  620  619  597  585
174COCHIN  2017 72   572  589  611  607  590 9999  603  618  643  630  603
174COCHIN  2017 73   587  559  546  559  557  550 9999  569  594
174COCHIN  2017 81   625  604  597  608  604  632  641  630  648  660  624
174COCHIN  2017 82   561  566  605  617  645  673  688  705  674  628  606
174COCHIN  2017 83   628  633  628  641  667  686  690  708  701
174COCHIN  2017 91   711  739  732  690  692  735  733  742  740  737  764
174COCHIN  2017 92   765  755  753  756  808  860  819  758  746  725  685
174COCHIN  2017 93   671  651  651  694  723  718  685  691
174COCHIN  2017101   750 9999 9999  733  737  751  742  734  706  683  749
174COCHIN  2017102   815  818  796  806  799  754  715  714  707  699  708
174COCHIN  2017103   711 9999  710  737  764  796  809  835  867
174COCHIN  2017111   861  885  910  881  874  852  833  861  914  941  944
174COCHIN  2017112   936  920  893  833  783  769  777  789  792  790  800
174COCHIN  2017113   824  835  855  870  845  822 9999 9999
174COCHIN  2017121  9999 9999 9999  756  741  673  666  735  786  815  841
174COCHIN  2017122   854  840  808  784  787  788  789  797  787  766  782
174COCHIN  2017123   809  835  834  816  840  871  864  814  751
174COCHIN  2018 11   760  774  751  744  754  773  791  806  819  815  822
174COCHIN  2018 12   800  783  824  865  850  834  823  803  814  826  832
174COCHIN  2018 13   836  859  888  872  850  845  826  794  766
174COCHIN  2018 21   799  832  806  796  836  855  853  860  834  790  770
174COCHIN  2018 22   748  700  670  720  759  763  752  764  778  797  789
174COCHIN  2018 23   760  754  752  759  773  780
174COCHIN  2018 31   748  779  773  723  688  710  743  750  739  756  795
174COCHIN  2018 32   849  854  833  833  814  810  794  750  768  809  776
174COCHIN  2018 33   799  794  828  901  921  897  862  849  835
174COCHIN  2018 41   833  835  826  833  860  889  908  896  927 1012 1001
174COCHIN  2018 42   981 9999 1019 1009  973 1005 1014  993  988  993  988
174COCHIN  2018 43   978  957  942  919  922  939  939  895
174COCHIN  2018 51   860  867  818  795  832  871 9999 9999 9999  911  957
174COCHIN  2018 52   992  986 9999  972  967 1009 1002  981  974  949  921
174COCHIN  2018 53   945  958  948  908  917  970  890  868  873
174COCHIN  2018 61   866  885  877  858  863  861  855  853  880  905  939
174COCHIN  2018 62   947  940 9999  884  901  873  852  890  938  960  928
174COCHIN  2018 63   894  862  848  853  829  811  823  840
174COCHIN  2018 71   813  786  798  807  804  801  816  833  846  870  845
174COCHIN  2018 72   822  824  858  873 9999 9999 9999 9999 9999 9999 9999
174COCHIN  2018 73   848  870  895  872  855  859  845  821  830
174COCHIN  2018 81   873  881  867  855  802  781  803  809  803  788  791
174COCHIN  2018 82   797  822  886  932  923  940  950  950  924  903  919
174COCHIN  2018 83   873  837  845  869  867  864  855  858  857
174COCHIN  2018 91   862  853  855  832  821  822  807  839  840  831  833
174COCHIN  2018 92   819  762  768  820  860  899  902  891  885  900  868
174COCHIN  2018 93   826  830  859  870  894  915  896  925
174COCHIN  2018101   912  902  981 1006 1026 1037 1029  983 9999 9999 9999
174COCHIN  2018102   832 9999 9999 9999 9999 9999 9999 9999 9999 9999 9999
174COCHIN  2018103  9999 9999 9999 9999 9999 9999 9999 9999 9999
174COCHIN  2018111  9999 9999 9999 9999 9999 9999 9999 9999 9999 9999 9999
174COCHIN  2018112  9999 9999 9999 9999 9999 9999 9999 9999 9999 9999 9999
174COCHIN  2018113  9999 9999 9999 9999 9999 9999 9999 9999
174COCHIN  2018121  9999 9999 9999 9999 9999 9999 9999 9999 9999 9999 9999
174COCHIN  2018122  9999 9999 9999 9999 9999 9999 9999 9999 9999  911  909
174COCHIN  2018123   898  886  878  891  870  845  902  949  786
174COCHIN  2019 11   653  698  646  515  471  538  580  624  647  654  658
174COCHIN  2019 12   672  651  657  678  683  671  664  661  636  676  736
174COCHIN  2019 13   729  725  780  771  746  756  737  777  794
174COCHIN  2019 21   767  777  802  794  826  878  846  714  691  717  714
174COCHIN  2019 22   744  794  767  744  798  807  805  812 9999 9999  860
174COCHIN  2019 23   854  841  830  817  806  824
174COCHIN  2019 31   820  820  856  893  841  710  714  769  758  718  690
174COCHIN  2019 32   720  784  775  758  792  791  817  865  859  875  889
174COCHIN  2019 33   822  768  808  857  857  824  802  810  822
174COCHIN  2019 41   797  796  788  796  817  833  806  778  783  772  774
174COCHIN  2019 42   795  795  812  794  787  802  825  859  884  871  827
174COCHIN  2019 43   798  818  826  833  820  825  846  855
174COCHIN  2019 51   847  811  778  743  678  665 9999 9999 9999 9999 9999
174COCHIN  2019 52  9999 9999 9999  921  896  904  949  963  952  911  892
174COCHIN  2019 53   904  902  875  802  795  801  796  787  792
174COCHIN  2019 61   819  851  791  748  740  770  765  778  832  829  806
174COCHIN  2019 62   800  803  801  797  795  758  755  764  760  758  747
174COCHIN  2019 63   759  768  772  766  776  788  781  763
174COCHIN  2019 71  9999 9999 9999 9999 9999 9999 9999  701 9999 9999  751
174COCHIN  2019 72  9999 9999 9999 9999  731  739  748  742  747  791  809
174COCHIN  2019 73   787  777  798  810  797  800  809  800  795
174COCHIN  2019 81   792  789  781  787  819  843  839 9999  837  829  845
174COCHIN  2019 82   826  798  781  781  784  786  790  797 9999  821  829
174COCHIN  2019 83   830  831  810  789  801  805  822  839  829
174COCHIN  2019 91   848  841  822  840  837  826  833  828  791  760  774
174COCHIN  2019 92   793  783  798  803  796  800  836  851  843  837  846
174COCHIN  2019 93   839  822 9999 9999 9999 9999 9999  838
174COCHIN  2019101   870  889  887  883  897  886  875  867  859 9999 9999
174COCHIN  2019102  9999 9999 9999  888 9999  855  878  876  889  915  907
174COCHIN  2019103   908  921  904  869  846  848  836  882  897
174COCHIN  2019111   857  880  889 9999 9999  767  799  787  750  738  741
174COCHIN  2019112   738  728  746  751  751  760  781  811  829  821  801
174COCHIN  2019113   796  801  775  764  810  817  818  823
174COCHIN  2019121   821  823  820  791  781  793  799  807  798  779  793
174COCHIN  2019122   787  778  764  758  766  772  794  823 9999  859  841
174COCHIN  2019123   848  833  761  713  726  747  732  728  760
174COCHIN  2020 11   778  738  720  720  701  674  735  764  759  742  722
174COCHIN  2020 12   730  753  760  737  775  808  810  820  809  788  815
174COCHIN  2020 13   849  838  822  814  819  825  831  824  808
174COCHIN  2020 21   813  813  827  836  803  782  789  781  784  838  855
174COCHIN  2020 22   846  858  875  843  828  865  884  886  846  837  838
174COCHIN  2020 23  9999  860  886  886  890  876  893
174COCHIN  2020 31   919  863  819  837  835  824  822  825  831  824  793
174COCHIN  2020 32   785  794  801  789  780  805  850  886  863  835  829
174COCHIN  2020 33   825  837  812  821  828  839  876  871  834
174COCHIN  2020 41   863  902  865  855  875  901  876  881  847  800  817
174COCHIN  2020 42   870  851  812  839  847  855  899  914  894  883  885
174COCHIN  2020 43   861  831  852  801  775  779  764  746
174COCHIN  2020 51   755  759  723  733  747  763  789  774  771  775  785
174COCHIN  2020 52   797  829  831  846  844  794  749  714  694  681  655
174COCHIN  2020 53   606  573  594  621  647  630  687  752  776
174COCHIN  2020 61   774  746  751  767  779  759  707  699  788  798  757
174COCHIN  2020 62   753  767  793  801  811  833  841  844  827  808  807
174COCHIN  2020 63   791  800  847  827  785  759  778  792
174COCHIN  2020 71   781  761  750  752  748  736  730  717  699  712  716
174COCHIN  2020 72   697  684  708  718  704  699  663  662  684  680  701
174COCHIN  2020 73   789  826  788  745  749  810  847  794  738
174COCHIN  2020 81   718  757  804  812  844  918  883  826  851  841  796
174COCHIN  2020 82   762  765  741  711  702  708  707  717  732  709  681
174COCHIN  2020 83   712  718  677  662  670  664  671  667  638
