176ESPERANC      LAT=33 52.0S  LONG=121 54.0E
176ESPERANC1985 11   715  633  580  537  505  605  634  556  561  678  679
176ESPERANC1985 12   709  755  659  599  559  557  659  692  719  708  684
176ESPERANC1985 13   701  754  778  737  755  810  748  646  628
176ESPERANC1985 21   741  770  737  742  682  540  493  624  737  779  815
176ESPERANC1985 22   829  822  832  737  634  633  735  844  857  822  725
176ESPERANC1985 23   702  793  868  987 1028 1039
176ESPERANC1985 31   964  872  807  683  643  823  900  788  757  712  666
176ESPERANC1985 32   633  670  689  676  645  666  787  849  823  830  825
176ESPERANC1985 33   689  584  625  726  730  671  690  817  738
176ESPERANC1985 41   576  600  667  681  744  799  872  948 1042 1120 1167
176ESPERANC1985 42  1035  817  780  754  699  710  774  809  810  821  825
176ESPERANC1985 43   918 1013  982  979 1017 1001  988  935
176ESPERANC1985 51   853  930  919  818  758  745  733  719  760  756  751
176ESPERANC1985 52   798  757  666  682  739  690  667  810  869  797  755
176ESPERANC1985 53   738  758  888 1127 1190 1002  806  696  744
176ESPERANC1985 61   772  733  695  659  708  889 1019 1084  986  923  891
176ESPERANC1985 62   830  811  880  891  986  921  745  726  758  893  959
176ESPERANC1985 63   911  927  881  798  840  876  880  939
176ESPERANC1985 71  1062 1020  783  672  627  623  646  770  848  819  886
176ESPERANC1985 72   952 1035 1036  785  641  688  802  868  790  696  649
176ESPERANC1985 73   687  717  688  821  953  850  674  641  677
176ESPERANC1985 81   749  809  936  953  930  798  703  768  828  819  792
176ESPERANC1985 82   888  791  609  605  575  611  832  981  825  703  739
176ESPERANC1985 83   877 1064  997  936  841  700  745  815  661
176ESPERANC1985 91   476  496  603  663  673  683  739  801  690  588  606
176ESPERANC1985 92   625  706  770  728  720  658  550  546  687  844  961
176ESPERANC1985 93   799  633  525  402  364  522  695  695
176ESPERANC1985101   666  750  768  712  639  564  603  746  720  579  510
176ESPERANC1985102   521  595  654  715  742  675  590  639  738  639  477
176ESPERANC1985103   429  426  559  697  817  935  793  632  642
176ESPERANC1985111   607  588  651  627  601  590  716  843  793  734  747
176ESPERANC1985112   827  808  779  778  644  484  421  429  446  530  731
176ESPERANC1985113   716  634  584  572  606  633  666  750
176ESPERANC1985121   765  755  749  790  927  780  583  542  555  704  785
176ESPERANC1985122   810  860  848  722  643  796  884  832  749  670  600
176ESPERANC1985123   664  709  631  632  678  737  667  559  589
176ESPERANC1986 11   595  595  631  650  687  727  617  558  779  949  870
176ESPERANC1986 12   801  831  770  657  587  621  653  581  557  510  448
176ESPERANC1986 13   517  598  620  693  790  720  659  666  649
176ESPERANC1986 21   578  572  624  623  648  696  806  787  668  733  806
176ESPERANC1986 22   798  852  903  857  826  698  580  537  566  695  831
176ESPERANC1986 23   862  839  841  855  830  819
176ESPERANC1986 31   839  882  806  790  918  883  665  556  568  703  858
176ESPERANC1986 32   921  932  798  684  732  773  876 1072 1000  844  732
176ESPERANC1986 33   622  669  766  789  859  924  795  641  745
176ESPERANC1986 41   826  776  841  774  657  672  667  686  795  751  683
176ESPERANC1986 42   749  892  831  665  598  612  677  699  752  800  837
176ESPERANC1986 43   875  824  708  636  574  526  513  559
176ESPERANC1986 51   630  658  683  752  881  993  899  802  805  853  861
176ESPERANC1986 52   849  754  721  717  712  749  748  839  953  952  876
176ESPERANC1986 53   768  793  940  954  780  703  671  680  701
176ESPERANC1986 61   637  605  603  684  804  799  742  704  706  706  695
176ESPERANC1986 62   675  665  693  703  701  667  668  683  654  662  708
176ESPERANC1986 63   827  833  763  873 9999 9999 9999 9999
176ESPERANC1986 71   824  983 1019  837  820  793  618  530  543  585  678
176ESPERANC1986 72   787  915 1028  880  641  685  736  750  815  922 1003
176ESPERANC1986 73   903  694  522  462  475  548  673  804  856
176ESPERANC1986 81   831  683  573  609  699  782  863  951  939  883  916
176ESPERANC1986 82   827  667  702  632  545  695  817  770  760  825  824
176ESPERANC1986 83   754  764  704  669  838  844  664  631  620
176ESPERANC1986 91   605  652  812  840  678  574  540  583  601  620  696
176ESPERANC1986 92   683  693  781  783  637  674  808  788  708  688  712
176ESPERANC1986 93   676  706  749  587  449  495  640  648
176ESPERANC1986101   573  594  672  761  730  642  654  684  668  655  758
176ESPERANC1986102   957  860  711  751  867  856  696  605  634  611  551
176ESPERANC1986103   534  480  415  559  732  689  707  643  527
176ESPERANC1986111   615  727  725  749  738  622  552  587  601  475  412
176ESPERANC1986112   617  756 9999 9999 9999  570  526  583  640  583  566
176ESPERANC1986113   628  663  553  404  417  547  673  804
176ESPERANC1986121   755  667  631  608  620  586  509  600  601  461  406
176ESPERANC1986122   430  451  483  524  506  496  497  470  453  436  528
176ESPERANC1986123   623  628  628  635  575  566  605  566  593
176ESPERANC1987 11   618  526  509  604  688  587  465  557  705  715  676
176ESPERANC1987 12   692  675  664  696  679  705  687  603  539  497  562
176ESPERANC1987 13   668  726  722  644  576  622  654  613  631
176ESPERANC1987 21   687  610  482  503  647  657  566  564  536  412  410
176ESPERANC1987 22   631  717  592  523  480  516  649  602  534  522  575
176ESPERANC1987 23   624  595  674  690  551  443
176ESPERANC1987 31   400  420  525  609  565  508  488  449  479  619  703
176ESPERANC1987 32   709  752  820  866  934  905  794  754  745  702  696
176ESPERANC1987 33   757  817  802  775  744  640  548  558  670
176ESPERANC1987 41   748  737  836  944  784  662  735  833  849  859  896
176ESPERANC1987 42   805  695  620  576  578  638  659  607  581  687  786
176ESPERANC1987 43   802  845  921  959  875  801  736  828
176ESPERANC1987 51   982  797  643  623  560  547  674  827  918 1107 1078
176ESPERANC1987 52   820  700  691  578  520  593  684  750  762  770  786
176ESPERANC1987 53   792  801  808  678  593  656  679  613  654
176ESPERANC1987 61   729  678  611  656  778  847  921 1003 1031  898  751
176ESPERANC1987 62   685  656  680  723  752  830  954 1030 1052 1000  859
176ESPERANC1987 63   713  773  774  722  680  754  845  761
176ESPERANC1987 71   742  743  793  787  716  729  813  855  760  687  731
176ESPERANC1987 72   848  964  955  889  827  729  579  540  543  582  736
176ESPERANC1987 73   871  803  659  621  632  750  949  989  962
176ESPERANC1987 81   703  555  609  606  576  572  540  453  416  481  606
176ESPERANC1987 82   781  794  697  607  541  528  562  654  814  944  750
176ESPERANC1987 83   631  763  818  654  577  636  645  558  559
176ESPERANC1987 91   629  597  556  567  562  517  516  524  507  555  537
176ESPERANC1987 92   473  419  448  560  626  758  794  685  667  721  762
176ESPERANC1987 93   784  760  848  909  746  598  554  469
176ESPERANC1987101   477  632  658  610  677  708  682  676  620  506  377
176ESPERANC1987102   439  667  819  736  607  557  479  523  618  565  541
176ESPERANC1987103   595  622  648  620  497  480  611  675  732
176ESPERANC1987111   758  635  517  478  472  540  592  532  512  570  629
176ESPERANC1987112   587  531  636  774  755  780  845  800  761  767  848
176ESPERANC1987113   770  580  520  551  696  764  761  712
176ESPERANC1987121   581  564  598  515  510  591  616  631  668  711  695
176ESPERANC1987122   670  721  739  677  636  602  536  482  447  536  690
176ESPERANC1987123   580  477  692  773  606  587  753  832  756
176ESPERANC1988 11   624  598  579  597  700  693  631  675  753  784  751
176ESPERANC1988 12   745  740  674  637  632  654  704  710  681  669  658
176ESPERANC1988 13   561  500  594  708  769  736  643  547  482
176ESPERANC1988 21   461  494  604  736  668  585  618  731  794  711  655
176ESPERANC1988 22   600  546  553  608  632  623  562  517  585  701  776
176ESPERANC1988 23   783  737  675  622  577  564  663
176ESPERANC1988 31   793  724  554  463  422  468  657  713  614  498  377
176ESPERANC1988 32   346  403  455  535  651  733  772  793  758 9999  764
176ESPERANC1988 33   877  881  907  883  793  748  727  675  650
176ESPERANC1988 41   660  700  748  733  729  741  734  732  870  850  787
176ESPERANC1988 42   824  828  714  487  424  550  668  707  849  913  826
176ESPERANC1988 43   870  940  819  703  785  864  901  886
176ESPERANC1988 51   885  946  945  866  745  719  771  771  709  673  719
176ESPERANC1988 52   912 1088 1192 1132 1105 1050 1000  893  939 1098 1061
176ESPERANC1988 53   857  782  841  897  848  800  894  997 1084
176ESPERANC1988 61  1173 1222 1109  905  902  974 1057 1018  952 1035 1111
176ESPERANC1988 62  1128 1019  904  932  951  935  940  954  845  691  709
176ESPERANC1988 63   803  886  953  857  740  737  759  752
176ESPERANC1988 71   729  722  679  671  838  928 1030 1057  872  721  719
176ESPERANC1988 72   861 1002  973  989  914  944  949  823  690  682  790
176ESPERANC1988 73   954 1040  876  716  740  692  615  616  695
176ESPERANC1988 81   793  779  775  712  626  592  560  532  631  771  873
176ESPERANC1988 82  1017 1037  937 1059 1087  899  873  894  776  704  791
176ESPERANC1988 83   865  903  997  834  658  785 1032  948  679
176ESPERANC1988 91   688  729  684  693  805  905  956  910  958  950  743
176ESPERANC1988 92   692  811  881  855  788  776  804  851  891 1010 1116
176ESPERANC1988 93   999  871  891  948 1037 1037  974  931
176ESPERANC1988101   931  993 1032  963  868  943  946  839  817  818  807
176ESPERANC1988102   814  832  757  764  768  812  850  933  995  850  768
176ESPERANC1988103   728  745  829  789  778  835  819  823  874
176ESPERANC1988111   955  956  838  724  744  877  846  681  585  655  800
176ESPERANC1988112   734  577  505  502  612  786  849  737  646  584  593
176ESPERANC1988113   642  617  608  644  671  633  606  691
176ESPERANC1988121   841  886  804  755  700  616  650  784  844  780  677
176ESPERANC1988122   719  812  824  768  653  583  579  580  623  746  845
176ESPERANC1988123   845  760  647  567  547  580  614  591  616
176ESPERANC1989 11   755  693  556  551  690  869  890  801  686  561  528
176ESPERANC1989 12   668  814  857  801  733  675  656  690  713  719  716
176ESPERANC1989 13   780  846  840  859  779  711  687  630  552
176ESPERANC1989 21   609  741  734  652  791  880  847  865  821  760  758
176ESPERANC1989 22   702  686  806  846  873  871  742  665  667  685  788
176ESPERANC1989 23   827  687  637  790  948 1039
176ESPERANC1989 31  1050  919  862  851  803  769  829  901  876  797  703
176ESPERANC1989 32   631  610  583  520  510  593  696  732  824  880  806
176ESPERANC1989 33   723  607  565  590  673  689  647  765  895
176ESPERANC1989 41   981 1152 1208  974  786  750  749  750  755  850  787
176ESPERANC1989 42   772  849  829  731  720  762  786  776  689  611  693
176ESPERANC1989 43   923  998  896  901  890  807  824  869
176ESPERANC1989 51   962  979  903  830  787  754  724  804  917  972  988
176ESPERANC1989 52   937  807  794  930 1053 1018  858  852 1011  955  808
176ESPERANC1989 53   869  846  786  804  978 1054  928  881  877
176ESPERANC1989 61   888  888  819  772  847  906  853  754  736  733  728
176ESPERANC1989 62   844  861  819  961  984  759  647  643  696  772  747
176ESPERANC1989 63   701  759  823  816  829  928  987 1142
176ESPERANC1989 71  1046  878  767  717  744  774  900  832  668  683  805
176ESPERANC1989 72   907 1021 1044  842  718  696  724  817  982 1040  879
176ESPERANC1989 73   794  810  815  862 1031 1077  935  833  766
176ESPERANC1989 81   838  947  891  747  768  722  669  719  706  649  663
176ESPERANC1989 82   749  782  713  611  584  765  915  820  723  601  552
176ESPERANC1989 83   747  874  724  783  948  876  915  869  747
176ESPERANC1989 91   802  811  759  783  783  793  914  993  988  844  637
176ESPERANC1989 92   617  608  799  955  845  854  919  927  953  935  860
176ESPERANC1989 93   923  857  600  626  778  790  755  704
176ESPERANC1989101   680  829  827  746  811  971  874  728  742  821  914
176ESPERANC1989102   905  879  902  777  790  842  810  758  812  783  639
176ESPERANC1989103   638  761  739  639  700  821  788  661  611
176ESPERANC1989111   620  674  733  627  549  595  595  474  476  742  885
176ESPERANC1989112   831  797  747  687  643  603  567  594  704  809  780
176ESPERANC1989113   676  570  514  586  762  746  701  785
176ESPERANC1989121   718  551  538  598  596  612  700  739  692  698  698
176ESPERANC1989122   658  564  479  598  752  706  708  668  555  645  778
176ESPERANC1989123   833  881  763  642  739  770  718  759  782
176ESPERANC1990 11   805  785  701  706  772  702  613  655  838  868  793
176ESPERANC1990 12   724  608  518  628  782  785  729  676  654  772  952
176ESPERANC1990 13   909  759  732  762  680  712  851  732  585
176ESPERANC1990 21   590  620  596  579  634  669  659  635  601  620  731
176ESPERANC1990 22   851  898  950  924  807  787  770  769  713  622  570
176ESPERANC1990 23   542  544  607  705  776  848
176ESPERANC1990 31   894  888  867  780  671  734  937 1054  987  763  563
176ESPERANC1990 32   546  653  695  730  753  610  528  664  788  818  797
176ESPERANC1990 33   712  770  987  921  667  592  572  584  646
176ESPERANC1990 41   714  813  887  848  724  668  634  563  598  777  909
176ESPERANC1990 42   892  775  714  644  583  543  567  732  856  872 1041
176ESPERANC1990 43  1117 1000  919  942  953  906  938  972
176ESPERANC1990 51   863  810  916  953  831  754  855  899  802  814  835
176ESPERANC1990 52   791  779  777  768  761  694  682  631  567  613  643
176ESPERANC1990 53   653  639  663  815 1005 1043  928  811  813
176ESPERANC1990 61   853  826  764  699  783  953  966 9999 9999 9999  924
176ESPERANC1990 62   866  873  931  809  617  588  617  660  649  651  795
176ESPERANC1990 63   883  745  776  792  740  878 1045  871
176ESPERANC1990 71   681  656  708  748  636  599  661  750  826  922  929
176ESPERANC1990 72   969 1009  941 1017 1175 1064  858  894  948 1040 1170
176ESPERANC1990 73  1154  880  591  509  552  631  677  579  537
176ESPERANC1990 81   687  945 1103 1053  804  738  749  673  715  889  902
176ESPERANC1990 82   849  942  751  499  536  675  806  835  734  653  606
176ESPERANC1990 83   542  510  507  595  784  861  754  633  608
176ESPERANC1990 91   598  514  487  551  613  703  778  792  822  721  576
176ESPERANC1990 92   553  501  423  466  644  787  846  855  723  716  842
176ESPERANC1990 93   864  849  773  641  596  595  633  604
176ESPERANC1990101   528  553  617  605  519  483  538  694  791  721  665
176ESPERANC1990102   824  976  796  620  707  769  746  674  585  553  572
176ESPERANC1990103   620  658  690  717  689  669  737  771  712
176ESPERANC1990111   716  683  692  754  740  765  866  757  626  595  697
176ESPERANC1990112   780  713  696  709  670  707  787  860  892  773  652
176ESPERANC1990113   610  595  628  645  565  563  604  617
176ESPERANC1990121   596  621  746  807  696  618  652  565  468  445  424
176ESPERANC1990122   460  605  776  802  745  697  664  681  763  806  787
176ESPERANC1990123   737  740  712  688  702  728  758  702  688
176ESPERANC1991 11   785  821  778  679  585  516  508  686  741  691  686
176ESPERANC1991 12   700  646  479  399  471  584  621  646  687  786  755
176ESPERANC1991 13   697  750  743  649  615  595  602  590  605
176ESPERANC1991 21   728  743  723  650  556  560  649  719  613  560  614
176ESPERANC1991 22   685  656  594  603  748  822  667  590  652  694  661
176ESPERANC1991 23   727  751  569  497  528  454
176ESPERANC1991 31   446  682  786  702  771  876  816  767  654  589  593
176ESPERANC1991 32   590  610  634  682  732  735  667  664  631  542  565
176ESPERANC1991 33   774  927  828  759  863  923  861  866  900
176ESPERANC1991 41   792  685  696  795  824  821  849  893  980 1046  971
176ESPERANC1991 42   845  795  723  658  701  775  788  831  894  846  949
176ESPERANC1991 43  1057  936  814  749  743  787  815  798
176ESPERANC1991 51   766  724  774  856  881  775  696  574  432  434  503
176ESPERANC1991 52   513  580  749  865  924  910  892  879  894  911  935
176ESPERANC1991 53   921  802  736  762  815  871  901 1022 1093
176ESPERANC1991 61  1016  848  868  979  910  812  750  726  737  784  879
176ESPERANC1991 62   924  975 1029 1053 1015  933  772  797  812  833  938
176ESPERANC1991 63  1040 1116 1042 1043 1264 1103  814  749
176ESPERANC1991 71   800  936 1061  893  889  945  761  661  761  778  710
176ESPERANC1991 72   752  802  777  881 1028 1133 1079  871  835  795  659
176ESPERANC1991 73   725  758  731  773  697  664  793 9999 9999
176ESPERANC1991 81  9999 1029 1080 1127  875  749  715  593  569  619  654
176ESPERANC1991 82   645  652  608  554  584  721  856 1006  939  852  791
176ESPERANC1991 83   617  588  757  931  948  929  762  658  696
176ESPERANC1991 91   702  731  744  706  731  823  811  804  677  603  696
176ESPERANC1991 92   800  908 1010 1006  826  717  625  600  621  604  623
176ESPERANC1991 93   648  677  652  661  628  603  720  785
176ESPERANC1991101   648  618  735  757  692  649  653  619  600  628  598
176ESPERANC1991102   574  677  762  666  594  726  862  848  810  736  703
176ESPERANC1991103   710  643  578  550  568  603  665  606  601
176ESPERANC1991111   726  748  664  773  808  674  581  568  551  565  568
176ESPERANC1991112   656  848  839  715  698  675  590  509  466  551  666
176ESPERANC1991113   724  767  777  636  600  555  481  660
176ESPERANC1991121   739  713  695  699  692  659  639  631  582  512  582
176ESPERANC1991122   651  630  600  535  475  426  478  619  540  471  564
176ESPERANC1991123   680  777  794  733  708  715  668  630  711
176ESPERANC1992 11   705  582  522  532  556  482  394  421  549  561  494
176ESPERANC1992 12   573  630  611  522  444  565  691  713  759  775  652
176ESPERANC1992 13   527  521  517  510  508  524  587  636  642
176ESPERANC1992 21   709  783  789  759  680  630  627  613  622  633  635
176ESPERANC1992 22   609  647  727  791  826  731  628  642  699  696  620
176ESPERANC1992 23   539  461  399  424  573  717  711
176ESPERANC1992 31   689  748  757  722  682  676  633  649  763  741  625
176ESPERANC1992 32   608  601  514  429  404  400  492  708  806  771  740
176ESPERANC1992 33   736  781  825  731  679  688  685  698  673
176ESPERANC1992 41   705  843  850  790  769  690  555  586  771  826  761
176ESPERANC1992 42   743  788  769  688  686  795  907  954  808  722  759
176ESPERANC1992 43   776  723  635  629  828  897  796  814
176ESPERANC1992 51   868  875  888  849  861  956  912  852  840  784  754
176ESPERANC1992 52   768  761  684  593  601  638  646  618  621  749  836
176ESPERANC1992 53   873  912  715  620  660  767  897  940  900
176ESPERANC1992 61   805  841  930  874  734  657  647  672  653  632  765
176ESPERANC1992 62   916  913  936  991  979  925  875  849  962 1083  873
176ESPERANC1992 63   763  865  895  915  937 1067 1059 1043
176ESPERANC1992 71  1095 1096  921  934  911  651  628  653  702  786  765
176ESPERANC1992 72   766  874  754  621  751  832  787  787  800  725  673
176ESPERANC1992 73   664  686  669  736  794  810  747  708  733
176ESPERANC1992 81   685  623  749  819  814  947  840  743  903  983  997
176ESPERANC1992 82   846  765  786  852  734  589  626  593  620  693  589
176ESPERANC1992 83   538  716  886  909  860  867  763  768  825
176ESPERANC1992 91   800  714  852  813  707  662  692  807  809  703  591
176ESPERANC1992 92   699  850  716  593  614  503  352  392  532  576  659
176ESPERANC1992 93   638  518  565  680  668  566  550  580
176ESPERANC1992101   627  654  655  705  703  584  524  510  560  579  601
176ESPERANC1992102   676  689  702  784  778  677  607  558  562  644  670
176ESPERANC1992103   651  656  732  721  658  623  611  521  434
176ESPERANC1992111   486  499  440  458  583  777  975  828  625  598  573
176ESPERANC1992112   562  606  599  673  756  756  854  989  938  768  708
176ESPERANC1992113   701  659  615  614  573  536  614  726
176ESPERANC1992121   724  633  572  526  504  534  628  769  820  756  647
176ESPERANC1992122   634  596  474  406  346  387  636  720  631  628  671
176ESPERANC1992123   659  608  584  606  603  596  624  625  632
176ESPERANC1993 11   692  670  530  468  448  446  478  524  537  560  600
176ESPERANC1993 12   610  633  696  739  699  690  745  748  665  649  730
176ESPERANC1993 13   797  618  587  692  661  665  692  710  735
176ESPERANC1993 21   831  852  762  640  645  656  501  405  469  570  568
176ESPERANC1993 22   604  696  603  520  553  625  611  556  516  486  565
176ESPERANC1993 23   673  661  638  606  572  493
176ESPERANC1993 31   433  416  530  586  558  565  546  541  556  537  607
176ESPERANC1993 32   714  685  667  662  626  638  669  601  646  651  613
176ESPERANC1993 33   618  743  887  800  680  631  695  716  632
176ESPERANC1993 41   625  752  845  820  717  674  698  726  756  784  857
176ESPERANC1993 42   860  713  660  673  709  769  783  781  767  775  823
176ESPERANC1993 43   781  693  726  677  580  626  680  570
176ESPERANC1993 51   543  634  678  697  745  741  707  704  737  675  641
176ESPERANC1993 52   671  640  581  576  679  780  849  911  934  820  798
176ESPERANC1993 53   803  717  631  663  788 1057  947  641  640
176ESPERANC1993 61   713  713  649  630  640  617  612  690  734  726  699
176ESPERANC1993 62   618  574  613  783  932  978  961  861  789  758  698
176ESPERANC1993 63   617  620  705  797  845  904  950  846
176ESPERANC1993 71   909  972  763  707  557  471  517  597  718  809  912
176ESPERANC1993 72   917  859  872  878  817  644  544  514  568  749  958
176ESPERANC1993 73   935  844  914 1056 1053 1024 1063  989  868
176ESPERANC1993 81   636  548  606  743  805  875  908  993  946  804  857
176ESPERANC1993 82   848  725  769  736  599  582  621  648  662  671  662
176ESPERANC1993 83   660  727  836  683  554  699  850  868  704
176ESPERANC1993 91   545  487  614  776  743  779  814  659  554  563  465
176ESPERANC1993 92   382  549  752  766  800  938 1016  783  592  542  617
176ESPERANC1993 93   652  554  532  644  706  696  790  789
176ESPERANC1993101   840  806  581  553  633  666  727  805  617  483  528
176ESPERANC1993102   524  474  460  593  792  754  611  541  513  583  673
176ESPERANC1993103   716  701  681  808  893  710  606  753  819
176ESPERANC1993111   650  575  593  588  585  538  577  609  634  679  687
176ESPERANC1993112   742  687  612  614  670  693  639  581  582  559  508
176ESPERANC1993113   516  579  674  671  613  639  707  633
176ESPERANC1993121   540  577  554  491  491  536  569  689  781  703  596
176ESPERANC1993122   688  726  581  536  513  545  616  703  772  715  690
176ESPERANC1993123   713  668  534  407  516  701  657  609  664
176ESPERANC1994 11   734  736  757  780  791  808  731  646  660  661  663
176ESPERANC1994 12   671  607  630  799  762  699  700  665  619  654  690
176ESPERANC1994 13   752  925  934  733  541  476  465  477  560
176ESPERANC1994 21   701  834  820  805  806  763  840  850  813  698  621
176ESPERANC1994 22   701  776  691  628  588  520  490  644  786  718  669
176ESPERANC1994 23   626  564  558  542  454  428
176ESPERANC1994 31   499  560  599  630  599  540  535  696  727  602  571
176ESPERANC1994 32   671  757  764  716  684  732  759  781  833  853  837
176ESPERANC1994 33   873  921  890  802  820  822  768  762  648
176ESPERANC1994 41   598  627  710  745  668  661  739  776  699  627  639
176ESPERANC1994 42   703  818  903  966  905  781  757  804  829  810  806
176ESPERANC1994 43   820  821  894  926  808  742  792  752
176ESPERANC1994 51   628  615  610  654  671  684  670  605  628  702  806
176ESPERANC1994 52   833  769  707  816  910  833  791  878  992  952  980
176ESPERANC1994 53  1182 1210  981  882  831  853  978  912  845
176ESPERANC1994 61   935  897  759  726  671  654  742  866  818  797  893
176ESPERANC1994 62   841  748  715  732  735  754  802  859  981 1166 1040
176ESPERANC1994 63   853  836  747  770  858  819  766  797
176ESPERANC1994 71   926  988  913  805  747  748  797  913  974  910  778
176ESPERANC1994 72   759  849  818  726  721  686  651  698  674  686  728
176ESPERANC1994 73   749  695  672  705  807  938  841  691  663
176ESPERANC1994 81   651  674  775  906  843  670  570  546  654  812  860
176ESPERANC1994 82   690  548  549  643  619  541  490  501  610  731  690
176ESPERANC1994 83   617  666  724  767  766  652  563  660  842
176ESPERANC1994 91   865  743  591  534  536  628  623  556  683  829  734
176ESPERANC1994 92   651  713  652  583  587  576  446  353  530  696  641
176ESPERANC1994 93   591  572  535  586  697  675  740  866
176ESPERANC1994101   796  768  693  689  813  642  517  568  592  564  581
176ESPERANC1994102   612  716  734  612  520  526  495  430  406  525  695
176ESPERANC1994103   761  792  709  653  606  564  618  745  659
176ESPERANC1994111   582  647  627  607  604  607  639  681  672  670  678
176ESPERANC1994112   641  573  510  515  595  671  717  634  541  509  591
176ESPERANC1994113   675  723  802  816  701  659  633  642
176ESPERANC1994121   735  734  714  727  767  715  526  414  531  710  723
176ESPERANC1994122   755  678  619  651  682  713  738  674  623  608  617
176ESPERANC1994123   613  684  781  788  803  662  566  603  614
176ESPERANC1995 11   546  546  641  673  569  492  493  534  599  620  635
176ESPERANC1995 12   672  625  550  575  666  668  677  636  514  529  654
176ESPERANC1995 13   550  459  482  508  575  723  768  722  744
176ESPERANC1995 21   710  641  691  701  548  501  500  470  476  615  764
176ESPERANC1995 22   760  796  806  696  633  650  609  541  583  685  722
176ESPERANC1995 23   817  874  744  614  576  547
176ESPERANC1995 31   502  576  732  670  522  506  523  534  544  597  617
176ESPERANC1995 32   587  640  657  671  703  654  629  563  593  716  763
176ESPERANC1995 33   694  621  685  718  684  673  678  662  642
176ESPERANC1995 41   673  815  859  725  646  639  662  684  668  679  738
176ESPERANC1995 42   752  836  912  842  813  850  751  684  705  738  703
176ESPERANC1995 43   639  634  635  628  750  815  846  846
176ESPERANC1995 51   799  662  580  566  596  645  744  844  882 1040 1320
176ESPERANC1995 52  1297  934  745  707  728  886  921  793  791  838  880
176ESPERANC1995 53  1014  939  697  608  694  808  759  729  787
176ESPERANC1995 61   860  927  835  769  874 1039 1160 1252 1079  749  697
176ESPERANC1995 62   781  785  643  564  550  502  475  542  710  873  959
176ESPERANC1995 63  1066 1016 1135 1222  910  739  748  750
176ESPERANC1995 71   768  788  753  728  769  881  904  978 1060  974  995
176ESPERANC1995 72  1118  984  874  904  880  796  770  911 1158 1052  721
176ESPERANC1995 73   680  862  966  848  745  816 1056  976  792
176ESPERANC1995 81   682  591  539  488  450  488  550  626  791  848  810
176ESPERANC1995 82   936  931  752  766  825  802  791  830  797  861  897
176ESPERANC1995 83   894  945  915  745  618  705  780  759  688
176ESPERANC1995 91   700  800  722  536  541  712  770  738  764  724  760
176ESPERANC1995 92   802  724  696  659  672  815  827  723  636  672  682
176ESPERANC1995 93   547  586  717  710  689  782  807  711
176ESPERANC1995101   606  568  696  813  766  695  665  751  816  777  823
176ESPERANC1995102   733  579  571  679  689  651  679  574  454  462  476
176ESPERANC1995103   502  637  727  712  728  799  776  745  845
176ESPERANC1995111   911  848  743  622  601  745  865  939  810  652  740
176ESPERANC1995112   736  570  598  741  701  634  650  704  678  620  675
176ESPERANC1995113   638  732  912 1001 1041  981  904  834
176ESPERANC1995121   773  810  749  659  689  761  736  675  639  602  544
176ESPERANC1995122   495  568  769  940 1040  955  774  748  932  968  858
176ESPERANC1995123   685  629  657  594  507  529  593  592  579
176ESPERANC1996 11   554  490  550  719  727  676  640  674  727  692  679
176ESPERANC1996 12   745  759  613  517  549  599  690  716  671  619  630
176ESPERANC1996 13   650  593  632  742  800  815  935  951  804
176ESPERANC1996 21   729  743  772  779  847  867  735  585  679  877  881
176ESPERANC1996 22   859  846  740  742  785  782  781  782  747  720  712
176ESPERANC1996 23   747  749  744  702  624  596  626
176ESPERANC1996 31   733  722  747  841  792  652  519  478  607  730  671
176ESPERANC1996 32   600  565  700  795  695  704  701  595  544  629  824
176ESPERANC1996 33   833  804  793  799  971 1047  743  642  627
176ESPERANC1996 41   579  596  703  838  867  755  684  652  691  789  971
176ESPERANC1996 42  1037  810  737  778  770  731  797  999 1030  868  856
176ESPERANC1996 43   872  906  848  750  706  627  621  765
176ESPERANC1996 51   776  747  783  854  779  730  809  889 1036 1011  781
176ESPERANC1996 52   636  633  662  709  774  754  708  713  765  838  852
176ESPERANC1996 53   821  764  776  875  890  831  867  999 1172
176ESPERANC1996 61  1086  963  895  708  719  776  787  805  871  961  964
176ESPERANC1996 62   936  929  902 1062 1159  983 1073 1116 1110 1147 1041
176ESPERANC1996 63  1029 1019  878  813  981 1009  883  966
176ESPERANC1996 71   907  961 1063  930  773  774  852  835  764  756  726
176ESPERANC1996 72   753  814  743  905 1174 1296 1350 1075  807  902 1003
176ESPERANC1996 73   972 1009  923  890 1062 1007  937 1068 1161
176ESPERANC1996 81  1229 1177  963  780  794  725  629  603  695  798  831
176ESPERANC1996 82   905  898  795  754  787  661  539  627  849  899  864
176ESPERANC1996 83   908  891  776  741  816  782  707  800  848
176ESPERANC1996 91   780  844  992  866  824  917  885  825  850 1007  946
176ESPERANC1996 92   757  828 1054 1134  999 1030 1087  910  792  923  972
176ESPERANC1996 93   865  758  761  731  832  868  782  765
176ESPERANC1996101   763  740  767  727  665  658  720  778  821  862  701
176ESPERANC1996102   648  728  761  723  644  688  763  656  599  654  764
176ESPERANC1996103   817  704  643  662  675  655  630  702  809
176ESPERANC1996111   786  750  680  578  512  601  760  726  652  664  770
176ESPERANC1996112   869  884  845 1025 1109  829  755  703  592  535  675
176ESPERANC1996113   849  875  807  811  767  737  765  830
176ESPERANC1996121   952  914  810  855  892  789  730  723  723  764  819
176ESPERANC1996122   847  804  703  632  507  423  452  638  850  839  792
176ESPERANC1996123   838  868  739  673  690  674  645  637  600
176ESPERANC1997 11   497  525  664  716  712  735  725  684  632  651  724
176ESPERANC1997 12   833  809  735  712  664  678  816  964  987  721  591
176ESPERANC1997 13   600  602  797  804  681  645  766  831  782
176ESPERANC1997 21   731  708  773  783  696  691  722  683  629  622  630
176ESPERANC1997 22   684  761  754  728  800  804  726  680  662  723  733
176ESPERANC1997 23   621  563  633  713  845  832
176ESPERANC1997 31   699  649  584  559  705  834  722  576  565  649  646
176ESPERANC1997 32   559  489  458  482  659  818  713  676  658  652  583
176ESPERANC1997 33   553  633  776  756  623  581  538  526  639
176ESPERANC1997 41   693  607  599  588  556  561  609  710  774  860  892
176ESPERANC1997 42   802  635  584  636  699  720  731  767  790  749  752
176ESPERANC1997 43   728  690  738  798  888  942  936  927
176ESPERANC1997 51   887  877  920  867  852  687  582  582  555  541  523
176ESPERANC1997 52   548  606  674  765  798  812  928 1008  893  810  710
176ESPERANC1997 53   742  894  955  943  933  774  615  674  883
176ESPERANC1997 61   974  984 1097 1232 1113  836  744  847  899  822  957
176ESPERANC1997 62   915  720  615  565  526  544  640  771  845  788  796
176ESPERANC1997 63   754  663  698  711  713  723  688  680
176ESPERANC1997 71   670  633  636  694  801  928  832  691  554  502  593
176ESPERANC1997 72   701  823  679  548  551  502  487  543  596  594  589
176ESPERANC1997 73   672  874  925  867  804  683  634  640  685
176ESPERANC1997 81   654  612  677  823  963  894  737  741  885  809  630
176ESPERANC1997 82   604  684  839  953  830  634  550  557  581  599  544
176ESPERANC1997 83   483  494  511  519  653  740  661  613  677
176ESPERANC1997 91   828 1016  919  695  835 1018  840  758  716  623  620
176ESPERANC1997 92   669  589  499  485  479  534  593  617  611  597  581
176ESPERANC1997 93   628  693  681  682  602  602  649  723
176ESPERANC1997101   736  607  560  549  448  516  689 9999 9999  968  743
176ESPERANC1997102   626  652  605  586  527  428  382  335  289  352  533
176ESPERANC1997103   688  688  619  623  649  654  669  552  505
176ESPERANC1997111   504  422  437  600  580  514  506  522  550  529  454
176ESPERANC1997112   479  521  537  533  457  405  505  610  665  738  753
176ESPERANC1997113   751  762  779  741  725  752  700  688
176ESPERANC1997121   684  617  598  592  533  488  495  477  433  541  657
176ESPERANC1997122   645  633  614  580  590  561  585  721  765  662  545
176ESPERANC1997123   580  604  541  566  668  619  505  569  640
176ESPERANC1998 11   601  547  512  446  380  385  448  558  560  515  611
176ESPERANC1998 12   709  719  677  666  739  634  555  552  605  641  596
176ESPERANC1998 13   601  487  408  480  470  484  564  594  596
176ESPERANC1998 21   651  659  671  589  488  515  447  415  534  616  598
176ESPERANC1998 22   590  586  560  509 9999 9999 9999 9999  627  630  612
176ESPERANC1998 23   659  696  680  604  485  480
176ESPERANC1998 31   593  681  645  553  477  505  641  728  758  820  850
176ESPERANC1998 32   746  674  660  642  604  602  686  790  820  897  871
176ESPERANC1998 33   701  607  613  668  676  618  615  644  624
176ESPERANC1998 41   624  713  785  829  875  886  776  621  627  817  855
176ESPERANC1998 42   742  668  644  666  641  690  788  828  817  800  867
176ESPERANC1998 43   925  791  709  800  821  816  790  704
176ESPERANC1998 51   630  574  611  815  881  789  785  853  924  942  876
176ESPERANC1998 52   884  923  854  754  769  870  918  874  931 1082  983
176ESPERANC1998 53   815  843  880  922  989 1021  905  755  784
176ESPERANC1998 61   816  880  918 1065 1084  809  810  997 1055 1198 1164
176ESPERANC1998 62   906  843  692  589  660  764  861  881  767  609  611
176ESPERANC1998 63   712  759  920 1026 1001  867  702  676
176ESPERANC1998 71   696  825 1024 1180 1104  982  812  685  652  691  726
176ESPERANC1998 72   742  775  820  798  779  838  987  955  738  683  647
176ESPERANC1998 73   598  651  841 1000  833  619  593  645  824
176ESPERANC1998 81   980  951  877  832  955  951  802  743  779  842  821
176ESPERANC1998 82   677  630  569  588  771  827  945  963  837  770  648
176ESPERANC1998 83   720  797  642  609  668  607  596  730  801
176ESPERANC1998 91   883 1032 1013  762  581  556  567 9999 9999 9999 9999
176ESPERANC1998 92  9999 9999 9999 9999 9999 9999 9999 9999 9999 9999 9999
176ESPERANC1998 93  9999 9999 9999 9999 9999 9999 9999 9999
176ESPERANC1998101  9999  830  762  845  789  621  619  626  608  686  796
176ESPERANC1998102   776  821  812  836  950  976  827  630  561  586  627
176ESPERANC1998103   645  704  713  628  631  697  667  601  618
176ESPERANC1998111   762  786  707  688  799  806  663  610 9999 9999 9999
176ESPERANC1998112   701  832  753  691  615  551  610  663  689  711  817
176ESPERANC1998113   854  810  899  850  691  645  694  746
176ESPERANC1998121   824  737  621  543  508  562  633  724  842  911  822
176ESPERANC1998122   692  591  515  615  761  758  760  682  553  614  725
176ESPERANC1998123   667  658  708  686  684  662  607  579  594
176ESPERANC1999 11   659  706  792  792  677  592  606  659  760  762  746
176ESPERANC1999 12   791  770  730  693  713  724  649  553  537  611  670
176ESPERANC1999 13   734  732  605  524  564  636  614  613  773
176ESPERANC1999 21   928  806  718  703  687  587  509  598  771  784  803
176ESPERANC1999 22   818  810  705  658  738  741  740  804  795  773  744
176ESPERANC1999 23   649  585  615  657  709  704
176ESPERANC1999 31   763  831  794  829  860  759  761  830  734  701  731
176ESPERANC1999 32   643  601  734  771  762  730  730  809  912  804  786
176ESPERANC1999 33   986 1032  970  936  876  753  677  580  550
176ESPERANC1999 41   674  799  857  897  911  908  938  976  967  857  779
176ESPERANC1999 42   824  799  676  656  816  951  921  861  731  706  859
176ESPERANC1999 43   855  821  790  732  758  773  771  835
176ESPERANC1999 51   991 1070  993  953 1008  991  815  730  832 1015  971
176ESPERANC1999 52   944 1029  999 1046 1191 1148 1076 1171 1219 1148  901
176ESPERANC1999 53   708  777  917  825  880 1166 1088  928  956
176ESPERANC1999 61   949  943 1154 1103  905  893  926 1011  930  932 1197
176ESPERANC1999 62  1096  888  947 1008 1087 1024 1136 1127  908  836  927
176ESPERANC1999 63   958  787  876 1003 1087 1227  988  769
176ESPERANC1999 71   768  812  981 1094 1110 1177 1081  890  860  872  804
176ESPERANC1999 72   737  782  987 1053 1111 1203 1038  763  660  645  670
176ESPERANC1999 73   773  807  860  961  936  984  886  749  770
176ESPERANC1999 81   803  789  735  660  710  998 1008  819  872 1009  928
176ESPERANC1999 82   676  543  537  642  813  987 1105  993  788  717  748
176ESPERANC1999 83   830  999  972  839  845  879  878  796  658
176ESPERANC1999 91   755  949  999  783  657  717  754  654  579  726  831
176ESPERANC1999 92   815  980 1137  992  683  599  655  725  762  766  751
176ESPERANC1999 93   724  685  698  777  861  853  820  846
176ESPERANC1999101   730  621  673  744  805  876 1046 1170  928  741  803
176ESPERANC1999102   841  898  940  876  842  668  528  578  654  549  465
176ESPERANC1999103   698  823  750  764  778  750  720  660  569
176ESPERANC1999111   524  527  586  702  798  680  602  644  568  521  645
176ESPERANC1999112   698  711  732  688  661  817  905  742  669  619  570
176ESPERANC1999113   554  625  718  761  804  795  862  913
176ESPERANC1999121   848  772  733  736  781  763  716  697  654  603  554
176ESPERANC1999122   547  638  759  748  655  577  536  605  751  777  718
176ESPERANC1999123   720  752  770  774  781  752  753  688  633
176ESPERANC2000 11   671  710  681  583  591  678  776  898  902  912  927
176ESPERANC2000 12   863  815  859  924  903  882  819  819  756  625  531
176ESPERANC2000 13   613  705  675  607  572  605  688  869  961
176ESPERANC2000 21   941  954  996  939  776  714  786  840  842  793  722
176ESPERANC2000 22   668  618  675  774  806  856  903  790  713  851  948
176ESPERANC2000 23   877  907  848  700  685  742  844
176ESPERANC2000 31   948  844  721  677  638  596  663  848  999  964  872
176ESPERANC2000 32   803  732  797  912  995  906  768  736 9999 9999 9999
176ESPERANC2000 33  9999 9999 9999 9999 9999 9999 9999 9999 9999
176ESPERANC2000 41  9999 9999 9999 9999 9999 9999 9999 9999 9999 9999 9999
176ESPERANC2000 42  9999 9999 9999 9999 9999 9999 9999 9999 9999 9999 9999
176ESPERANC2000 43  9999 9999 9999 9999 9999 9999 9999 9999
176ESPERANC2000 51  9999 9999 9999 9999 9999 9999 9999 9999 9999 9999 9999
176ESPERANC2000 52  9999 9999 9999 9999 9999 9999 9999 9999 9999 9999 9999
176ESPERANC2000 53  9999 9999 9999 9999 9999 9999 9999 9999 9999
176ESPERANC2000 61  9999 9999 9999 9999 9999 9999 9999 9999 9999 9999 9999
176ESPERANC2000 62  9999 9999 9999 9999 9999 9999 9999 9999 9999 9999 9999
176ESPERANC2000 63  9999 9999 9999 9999 9999 9999 9999 9999
176ESPERANC2000 71  9999 9999 9999 9999 9999 9999 9999 9999 9999 9999 9999
176ESPERANC2000 72  9999 9999 9999 9999 9999 9999 9999 9999 9999 9999 9999
176ESPERANC2000 73  9999 9999 9999 9999 9999 9999 9999 9999 9999
176ESPERANC2000 81  9999 9999 9999  740  840  949  917  837  706  580  586
176ESPERANC2000 82   664  750  776  926 1063  955  834  866 1017  898  665
176ESPERANC2000 83   691  855  888  923  795  825  953  961 1019
176ESPERANC2000 91   994  867  797  779  877 1042  962  840  768  754  742
176ESPERANC2000 92   824  828  811  870  790  725  768  709  685  738  742
176ESPERANC2000 93   686  656  680  779  882  935  863  768
176ESPERANC2000101   712  753  782  757  762  793  766  726  722  768  848
176ESPERANC2000102   793  648  687  756  752  647  567  662  827  818  752
176ESPERANC2000103   752  764  796  758  674  659  831  964  841
176ESPERANC2000111   783  755  692  674  779  889  908  888  821  785  705
176ESPERANC2000112   600  569  619  642  696  783  762  658  581  563  562
176ESPERANC2000113   699  805  807  925  968  865  791  737
176ESPERANC2000121   782  728  684  669  586  570  610  693  750  692  681
176ESPERANC2000122   713  663  614  652  680  658  687  724  770  777  700
176ESPERANC2000123   678  633  579  508  466  700  859  790  780
176ESPERANC2001 11   802  774  752  724  672  666  708  770  785  750  739
176ESPERANC2001 12   789  791  764  702  718  805  856  864  844  880  884
176ESPERANC2001 13   952 1074  996  843  759  717  656  661  916
176ESPERANC2001 21   973  787  740  678  682  846  903  854  791  769  796
176ESPERANC2001 22   769  730  678  593  680  901  914  894  879  763  701
176ESPERANC2001 23   687  651  685  729  747  756
176ESPERANC2001 31   747  730  701  623  625  725  842  873  752  646  652
176ESPERANC2001 32   701  740  875  959  844  822  913  896  748  718  832
176ESPERANC2001 33   853  737  712  689  633  723  853  860  759
176ESPERANC2001 41   667  747  819  824  890  962  872  748  746  687  630
176ESPERANC2001 42   756  892  869  844  852  876  847  753  702  668  721
176ESPERANC2001 43   894 1019 1029  880  765  747  807  853
176ESPERANC2001 51   848  855  870  866  885  952 1016  940  921  985  980
176ESPERANC2001 52  1038  987  830  733  699  694  671  716  869  936  878
176ESPERANC2001 53   924 1031 1008  932  831  816  771  736  850
176ESPERANC2001 61   945  874  890  941  746  681  804  837  826  921  929
176ESPERANC2001 62   817  739  727  798  873  892  870  866  822  780  836
176ESPERANC2001 63   899  919  899  864  894  908  930  960
176ESPERANC2001 71  1026 1005 1066  942  714  686  796  985  985  815  801
176ESPERANC2001 72   884  808  776  750  733  736  706  703  817  947  848
176ESPERANC2001 73   769  746  776  827  864  964 1022 1021  867
176ESPERANC2001 81   753  867  981  935  827  925  913  925  861  802  810
176ESPERANC2001 82   750 9999 9999  908  772  690  729  722  647  636  713
176ESPERANC2001 83   877  921  732  663  716  756  867  854  811
176ESPERANC2001 91   809  792  694  688  850 1016  931  844  949  815  683
176ESPERANC2001 92   729  736  798  797  699  754  799  691  651  769  948
176ESPERANC2001 93   952  766  705  788  830  884 1114  970
176ESPERANC2001101   673  635  655  682  602  453  433  680  802  747  751
176ESPERANC2001102   760  699  699  659  605  629  583  572  734  936  944
176ESPERANC2001103   726  630  629  721  719  659  675  678  638
176ESPERANC2001111   569  611  732  691  608  586  619  543  463  425  402
176ESPERANC2001112   458  598  735  827  843  677  484  529  722  813  876
176ESPERANC2001113   819  685  575  522  548  559  534  540
176ESPERANC2001121   592  595  564  613  682  653  651  653  601  545  529
176ESPERANC2001122   544  548  571  617  713  800  798  745  726  720  728
176ESPERANC2001123   736  706  635  600  689  772  704  706  712
176ESPERANC2002 11   651  570  548  708  802  677  616  712  798  769  653
176ESPERANC2002 12   652  644  564  512  489  581  713  712  632  651  720
176ESPERANC2002 13   735  774  767  728  684  653  663  666  732
176ESPERANC2002 21   698  555  501  516  535  571  625  612  598  614  736
176ESPERANC2002 22   836  841  943  832  689  667  721  751  597  503  504
176ESPERANC2002 23   536  660  669  549  442  388
176ESPERANC2002 31   374  423  610  761  735  688  637  637  827  850  727
176ESPERANC2002 32   672  696  743  781  839  854  802  747  751  796  846
176ESPERANC2002 33   816  786  720  625  552  538  636  828  877
176ESPERANC2002 41   854  780  619  542  570  668  823  886  813  831  841
176ESPERANC2002 42   723  592  610  762  827  913  908  749  715  794  862
176ESPERANC2002 43   831  728  706  769  784  774  720  698
176ESPERANC2002 51   758  851  894  898  915 1034 1111 1093 1041 1090 1118
176ESPERANC2002 52   943  876  933  847  805  895  822  718  790  866  791
176ESPERANC2002 53   775  826  761  746  828  810  775  703  672
176ESPERANC2002 61   747  848  882  948 1129 1199  974  763  729  814  915
176ESPERANC2002 62   939 1099 1281 1008  689  701  883  907  711  647  676
176ESPERANC2002 63   767  838  782  809  664  604  795  905
176ESPERANC2002 71  1040 1010  882  939  841  801  942  933  826  954 1107
176ESPERANC2002 72  1079  889  875  832  673  691  819  801  744  808  799
176ESPERANC2002 73   820  993 1054 1069  911  676  700  833  825
176ESPERANC2002 81   891  851  810  932  876  716  699  807  911  862  650
176ESPERANC2002 82   591  637  697  688  511  431  502  612  669  676  645
176ESPERANC2002 83   671  793  874  947  798  689  775  837  894
176ESPERANC2002 91  1102 1140  949  833  795  697  637  622  546  520  630
176ESPERANC2002 92   676  737  943  912  636  560  623  673  656  664  817
176ESPERANC2002 93   930  884  782  744  577  458  526  663
176ESPERANC2002101   659  578  516  599  826 1002  835  585  563  645  730
176ESPERANC2002102   643  608  670  692  757  908  826  719  703  724  705
176ESPERANC2002103   701  710  589  520  666  807  734  625  724
176ESPERANC2002111   796  640  555  649  717  671  634  607  645  744  780
176ESPERANC2002112   673  569  587  687  665  646  676  591  507  531  629
176ESPERANC2002113   632  606  590  604  627  581  537  669
176ESPERANC2002121   770  682  555  535  522  544  571  518  437  409  498
176ESPERANC2002122   635  747  727  703  694  672  665  649  649  541  386
176ESPERANC2002123   348  439  557  663  740  778  828  756  643
176ESPERANC2003 11   660  584  480  529  636  629  563  482  484  587  725
176ESPERANC2003 12   787  652  600  666  764  750  732  757  713  612  667
176ESPERANC2003 13   819  796  691  634  638  715  717  609  544
176ESPERANC2003 21   581  712  755  732  731  720  584  560  643  741  894
176ESPERANC2003 22   821  725  766  760  684  705  875  925  890  872  846
176ESPERANC2003 23   812  719  669  606  524  505
176ESPERANC2003 31   467  439  495  549  614  661  579  510  632  785  875
176ESPERANC2003 32   847  769  746  797  821  873  801  655  597  547  572
176ESPERANC2003 33   771  844  759  698  675  734  812  822  821
176ESPERANC2003 41   804  777  764  764  788  848  768  718  757  819 1043
176ESPERANC2003 42  1193  994  883  760  760  853  843  818  776  762  771
176ESPERANC2003 43   820  853  864  901  835  781  730  631
176ESPERANC2003 51   570  591  639  698  755  772  876  918  889  849  810
176ESPERANC2003 52   909  929  835  929 1211 1236 1096  905  749  881  939
176ESPERANC2003 53   816  770  734  702  684  727  824  951 1007
176ESPERANC2003 61  1087 1069 1151 1143 1108  912  696  713  808  928  937
176ESPERANC2003 62   802  654  563  546  528  572  657  746  819  806  848
176ESPERANC2003 63   937  971 1126 1256 1232 1186 1101  994
176ESPERANC2003 71   861  790  873  935 1030  979  753  739  870  988  915
176ESPERANC2003 72   750  854  900  741  649  660  692  740  860 1004  976
176ESPERANC2003 73   733  689  747  852  883  701  583  713  856
176ESPERANC2003 81   806  914 1055 1017  815  706  678  636  652  788  893
176ESPERANC2003 82   795  653  634  723  744  624  639  891 1015  973  982
176ESPERANC2003 83   803  641  560  512  594  774  790  632  580
176ESPERANC2003 91   577  578  710  798  758  767  890  912  833  856  906
176ESPERANC2003 92   964  848  674  614  648  711  747  786  849  925 1017
176ESPERANC2003 93  1014  905  699  555  580  502  484  611
176ESPERANC2003101   607  553  569  598  589  583  544  454  360  338  511
176ESPERANC2003102   734  799  723  673  737  771  682  684  718  680  639
176ESPERANC2003103   604  601  643  696  671  630  731  685  549
176ESPERANC2003111   495  511  597  585  524  512  514  560  532  450  375
176ESPERANC2003112   500  695  645  554  591  745  838  855  694  552  527
176ESPERANC2003113   615  752  763  726  693  662  648  617
176ESPERANC2003121   640  640  600  549  567  625  685  845  906  715  664
176ESPERANC2003122   661  658  718  684  617  605  656  671  715  697  695
176ESPERANC2003123   724  688  654  619  655  723  732  717  701
176ESPERANC2004 11   708  704  642  566  578  659  651  586  586  598  615
176ESPERANC2004 12   711  669  574  589  569  529  686  764  693  637  586
176ESPERANC2004 13   548  542  564  531  519  574  663  738  720
176ESPERANC2004 21   629  599  658  732  688  665  702  745  778  781  772
176ESPERANC2004 22   816  858  801  682  631  636  684  761  751  744  716
176ESPERANC2004 23   657  620  718  784  751  698  656
176ESPERANC2004 31   772  795  749  710  693  674  768  662  530  553  573
176ESPERANC2004 32   596  637  711  797  782  763  783  766  689  637  703
176ESPERANC2004 33   856  898  779  738  776  675  677  718  636
176ESPERANC2004 41   590  583  577  732  820  769  734  743  810  845  881
176ESPERANC2004 42   925  937  896  797  725  803  874  866  930  962  769
176ESPERANC2004 43   625  668  733  667  696  791  829  841
176ESPERANC2004 51   757  705  741  796  820  909  985 1004 1025 1085 1182
176ESPERANC2004 52  1060  931  846  874  975  906  771  730  797 1004 1052
176ESPERANC2004 53   857  815  788  740  688  686  747  924  928
176ESPERANC2004 61   809  810  787  839  986 1028 1077 1084 1006  987 1069
176ESPERANC2004 62  1107  967  802  772  857  958  889  685  635  746  807
176ESPERANC2004 63   777  788  693  730  878  952 1002  902
176ESPERANC2004 71   864  964  922  786  703  723  908  977  847  721  677
176ESPERANC2004 72   619  585  649  683  561  551  617  677  772  874  967
176ESPERANC2004 73   924  964  867  745  760  760  774  812  811
176ESPERANC2004 81   934  874  735  666  663  641  617  593  568  613  831
176ESPERANC2004 82  1041  875  801  731  606  639  669  757  843  811  804
176ESPERANC2004 83   917 1031 1024  948  839  689  587  548  554
176ESPERANC2004 91   578  586  552  645  846  940  800  699  669  478  405
176ESPERANC2004 92   461  538  544  573  634  675  719  762  803  771  688
176ESPERANC2004 93   692  738  724  644  614  666  679  692
176ESPERANC2004101   691  642  638  675  757  831  742  741  789  826  895
176ESPERANC2004102   919  759  616  689  747  642  598  711  688  612  569
176ESPERANC2004103   612  683  594  420  369  480  704  840  776
176ESPERANC2004111   688  674  687  626  570  517  473  588  825  899  939
176ESPERANC2004112   839  666  634  687  778  831  693  550  488  429  458
176ESPERANC2004113   634  820  889  874  814  856  869  758
176ESPERANC2004121   662  741  706  694  750  650  548  497  565  717  774
176ESPERANC2004122   698  601  596  710  732  710  683  630  680  750  696
176ESPERANC2004123   649  610  580  490  420  575  796  760  659
176ESPERANC2005 11   655  760  756  698  605  544  633  646  634  701  700
176ESPERANC2005 12   713  691  563  454  383  484  639  596  628  696  674
176ESPERANC2005 13   671  704  675  699  765  753  700  711  722
176ESPERANC2005 21   605  485  525  602  709  738  710  731  694  631  573
176ESPERANC2005 22   622  693  676  554  622  803  748  705  761  778  650
176ESPERANC2005 23   618  654  689  717  751  728
176ESPERANC2005 31   631  597  636  601  529  586  690  733  790  877  845
176ESPERANC2005 32   784  822  739  627  583  703  888  824  726  756  677
176ESPERANC2005 33   612  678  769  757  723  714  765  856  841
176ESPERANC2005 41   764  659  482  536  664  651  751  936  872  798  837
176ESPERANC2005 42   875  776  705  800  863  775  741  749  794  762  705
176ESPERANC2005 43   780  783  795  866  793  653  620  673
176ESPERANC2005 51   774  867  929  896  769  690  652  665  720  798  914
176ESPERANC2005 52   983  959  880  879  927  914  934  973  916  862  864
176ESPERANC2005 53   849  736  638  674  730  769  814  778  703
176ESPERANC2005 61   724  877  993  910  882  980 1067 1050 1114 1160 1141
176ESPERANC2005 62  1109  888  690  691  731  874 1006  952  796  645  605
176ESPERANC2005 63   747  854  746  707  716  712  814  948
176ESPERANC2005 71   869  859 1023 1170 1005  770  722  710  660  659  728
176ESPERANC2005 72   821  976  883  791  717  657  667  691  821  875  820
176ESPERANC2005 73   837  818  768  751  782  831  834  751  727
176ESPERANC2005 81   836  873  759  710  772  782  742  756  772  759  734
176ESPERANC2005 82   852 1020  951  851  950  971  818  712  736  662  577
176ESPERANC2005 83   547  545  564  629  697  801 1048  919  622
176ESPERANC2005 91   635  695  731  811  940 1071 1074 1080  980  672  689
176ESPERANC2005 92   819  787  726  676  733  845  753  721  809  744  709
176ESPERANC2005 93   732  695  671  819 1015  934  809  847
176ESPERANC2005101   886  823  788  748  641  565  639  700  772  642  574
176ESPERANC2005102   641  594  579  616  644  663  664  664  676  751  780
176ESPERANC2005103   740  863  961  859  770  761  819  874  834
176ESPERANC2005111   738  719  777  834  841  752  780  792  706  650  669
176ESPERANC2005112   683  628  500  500  642  655  604  612  637  568  546
176ESPERANC2005113   624  669  619  543  554  690  800  802
176ESPERANC2005121   730  765  853  905  959  937  823  777  800  864  928
176ESPERANC2005122   828  806  905  860  748  687  776  790  728  747  874
176ESPERANC2005123   875  741  762  850  858  863  886  884  779
176ESPERANC2006 11   665  656  659  640  628  668  757  795  741  701  677
176ESPERANC2006 12   617  558  549  639  723  730  742  734  757  780  687
176ESPERANC2006 13   552  537  586  563  615  715  634  515  523
176ESPERANC2006 21   531  513  511  554  563  517  635  696  635  645  661
176ESPERANC2006 22   605  605  738  881  837  807  779  707  641  626  724
176ESPERANC2006 23   838  794  722  685  643  666
176ESPERANC2006 31   838  903  803  723  745  761  787  873  886  914  969
176ESPERANC2006 32   921  821  778  689  626  680  735  703  709  830  928
176ESPERANC2006 33   992  950  762  671  661  694  626  614  684
176ESPERANC2006 41   749  794  742  718  692  668  690  797  973 1054 1004
176ESPERANC2006 42   960  881  703  786  963  930  901  756  615  628  777
176ESPERANC2006 43   865  918  976  932  878  907  867  847
176ESPERANC2006 51   862  858  854  848  878  898  753  765  792  777  769
176ESPERANC2006 52   776  810  889  935  859  800  798  703  613  600  684
176ESPERANC2006 53   833  811  714  701  673  760  983 1010  845
176ESPERANC2006 61   759  754  733  700  726  809  801  715  675  650  679
176ESPERANC2006 62   797  863  769  703  707  759  806  915 1045  873  692
176ESPERANC2006 63   652  660  753  815  949  998  842  894
176ESPERANC2006 71   800  716  806  796  675  618  671  849 1054  945  642
176ESPERANC2006 72   565  666  686  572  518  534  572  644  771  868  679
176ESPERANC2006 73   562  719  825  798  973  926  769  723  798
176ESPERANC2006 81   915  847  780  781  774  793  919  871  704  699  740
176ESPERANC2006 82   808  818  842 1014  890  712  799  903  905  857  956
176ESPERANC2006 83   922  747  815  769  696  694  737  804  853
176ESPERANC2006 91   820  743  775  774  578  443  417  368  389  646  844
176ESPERANC2006 92   850  691  626  696  761  835  944  873  898 1035 1015
176ESPERANC2006 93   940  751  747  803  716  658  703  756
176ESPERANC2006101   728  775  886  769  661  727  603  399  468  725  864
176ESPERANC2006102   834  715  580  628  690  655  612  568  466  515  668
176ESPERANC2006103   671  619  616  597  535  553  720  756  740
176ESPERANC2006111   731  711  663  573  477  419  459  652  780  832  867
176ESPERANC2006112   724  612  532  475  626  795  732  693  712  700  714
176ESPERANC2006113   746  620  508  532  693  810  825  836
176ESPERANC2006121   747  640  682  729  637  612  710  717  646  599  520
176ESPERANC2006122   588  640  538  542  656  729  740  759  772  719  626
176ESPERANC2006123   551  489  455  561  689  774  856  817  794
176ESPERANC2007 11   873  879  909 1040  815  611  602  732  936  975  839
176ESPERANC2007 12   772  757  780  872  803  775  828  741  598  601  695
176ESPERANC2007 13   677  595  554  520  473  547  720  797  740
176ESPERANC2007 21   672  621  647  636  515  499  543  585  555  546  655
176ESPERANC2007 22   714  688  721  804  840  846  785  741  739  749  744
176ESPERANC2007 23   691  574  518  570  742  946
176ESPERANC2007 31  1072 1029  832  716  652  687  763  921 1004  840  682
176ESPERANC2007 32   604  635  782  851  791  706  686  792  844  939 1004
176ESPERANC2007 33   842  641  710  920  889  694  614  627  731
176ESPERANC2007 41   833  763  725  709  696  818  927 1013  977  807  771
176ESPERANC2007 42   784  794  835  927  960  900  897  840  784  688  657
176ESPERANC2007 43   787  872  878  842  845  915 1069 1218
176ESPERANC2007 51  1253 1214 1082  986  924  898  837  707  679  700  760
176ESPERANC2007 52   816  891  871  798  765  811  850  853  870  761  809
176ESPERANC2007 53   931  945  958 1023 1056  991  864  821  794
176ESPERANC2007 61   753  744  705  595  576  587  682  902  899  808  776
176ESPERANC2007 62   756  793  822  728  676  658  635  623  638  718  825
176ESPERANC2007 63  1037 1049  882  841  927 1006 1030 1077
176ESPERANC2007 71  1160 1277 1310 1131  935  806  823  922  855  742  704
176ESPERANC2007 72   649  651  728  787  787  705  695  738  810  917 1022
176ESPERANC2007 73  1058 1097 1074  881  877  969  968 1104 1207
176ESPERANC2007 81  1071  812  714  740  816  940  943  926  987  989  811
176ESPERANC2007 82   741  866  925  794  666  631  679  747  696  692  826
176ESPERANC2007 83   853  834  877  999  964  871  908  785  721
176ESPERANC2007 91   741  593  545  683  662  638  818  898  715  677  839
176ESPERANC2007 92  1000  902  841  941  897  851  927  836  761  770  788
176ESPERANC2007 93   801  871  892  915  838  706  729  748
176ESPERANC2007101   800  851  762  724  661  641  614  680  833  817  724
176ESPERANC2007102   654  736  782  653  616  746  719  681  775  703  500
176ESPERANC2007103   487  568  703  906 1093  927  757  680  640
176ESPERANC2007111   642  609  539  484  476  555  743  807  751  665  591
176ESPERANC2007112   604  691  726  745  737  771  843  906  754  638  649
176ESPERANC2007113   660  658  738  770  742  748  792  861
176ESPERANC2007121   928  869  822  839  922  858  773  769  658  557  547
176ESPERANC2007122   643  723  679  649  637  726  815  852  890  850  760
176ESPERANC2007123   705  624  641  789  875  860  817  819  753
176ESPERANC2008 11   656  651  791  910  901  817  719  727  736  729  773
176ESPERANC2008 12   819  775  768  681  553  593  710  655  552  547  595
176ESPERANC2008 13   619  664  690  691  716  731  712  669  657
176ESPERANC2008 21   680  692  709  698  670  691  685  618  638  723  786
176ESPERANC2008 22   689  576  711  860  861  878  876  745  686  693  628
176ESPERANC2008 23   623  655  643  666  656  660  833
176ESPERANC2008 31   942  918  837  796  801  805  895  942  930  906  886
176ESPERANC2008 32   930 1027  979  971  997  887  765  791  803  788  907
176ESPERANC2008 33   900  801  792  726  747  843  866  876  929
176ESPERANC2008 41   966  852  808  862  908  982 1078 1054 1043 1133  956
176ESPERANC2008 42   806  816  856  892  886  936 1011  955  853  787  819
176ESPERANC2008 43   915  865  792  784  791  901 1029 1042
176ESPERANC2008 51   901  894  929  896  900  886  888  922  938  955  939
176ESPERANC2008 52   958 1033 1002  949  837  759  773  763  751  835  963
176ESPERANC2008 53  1127 1085  880  791  875 1010  982  836  901
176ESPERANC2008 61   979  918  840  770  758  793  827  899 1065 1099 1030
176ESPERANC2008 62   899  775  837 1054 1176  985  791  715  688  684  757
176ESPERANC2008 63   885 1075 1115  978 1047 1182 1154  946
176ESPERANC2008 71   853  833  891  974  998  840  757  861  847  750 1103
176ESPERANC2008 72  1106  828  817  999 1066  989 1142 1039  715  676  726
176ESPERANC2008 73   862  925  806  751  778  950 1041 1092  981
176ESPERANC2008 81   848  985  868  662  670  722  744  675  608  625  709
176ESPERANC2008 82   723  682  670  661  674  717  809  887  720  560  542
176ESPERANC2008 83   661  803  794  698  724  876  951  904  860
176ESPERANC2008 91   793  689  702  749  745  682  632  665  731  847 1046
176ESPERANC2008 92  1166 1173 1101  816  825  952  993  982  945  922  719
176ESPERANC2008 93   647  801  833  768  783  798  854  948
176ESPERANC2008101   965  895  819  911  787  607  597  635  652  627  705
176ESPERANC2008102   738  655  611  668  737  711  665  592  572  645  735
176ESPERANC2008103   791  910  959  866  802  684  738  711  636
176ESPERANC2008111   637  643  816  953  959  945  796  728  735  728  704
176ESPERANC2008112   710  716  657  590  583  595  619  646  614  562  717
176ESPERANC2008113   938  927  873  898  850  787  828  795
176ESPERANC2008121   721  692  734  795  816  808  869  929  867  867  855
176ESPERANC2008122   830  841  828  834  798  776  782  796  881  815  708
176ESPERANC2008123   802  800  752  754  773  708  636  662  712
176ESPERANC2009 11   712  760  818  770  779  776  711  685  730  775  859
176ESPERANC2009 12   924  839  741  679  687  771  751  751  822  950  944
176ESPERANC2009 13   876  803  819  915  915  898  847  807  765
176ESPERANC2009 21   784  834  901  906  893  928  843  657  533  474  578
176ESPERANC2009 22   857  926  717  691  829  839  806  778  737  800  890
176ESPERANC2009 23   824  868 1009  986  897  835
176ESPERANC2009 31   860  940  750  581  614  692  679  682  785  864  957
176ESPERANC2009 32   971  916  823  737  793  960 1015  980  978  859  833
176ESPERANC2009 33   919  943  872  774  827  812  705  721  816
176ESPERANC2009 41   776  701  658  599  579  574  659  816  889  849  801
176ESPERANC2009 42   753  808  881  865  863  833  762  771  848  905  980
176ESPERANC2009 43   908  866  822  767  742  735  785  776
176ESPERANC2009 51   730  727  692  699  754  779  805  839  905  981  947
176ESPERANC2009 52   866  858  860  825  787  809  894  947 1004 1158 1367
176ESPERANC2009 53  1276  965  828  775  779  806  794  826  907
176ESPERANC2009 61   907  924 1089 1175  894  776  819  775  786  936 1114
176ESPERANC2009 62  1100  933  833  819  826  851 1000 1188 1255 1197  893
176ESPERANC2009 63   769  909 1035 1040 1164 1292 1352 1208
176ESPERANC2009 71   954  779  723  699  691  799  903  925 1029 1143 1012
176ESPERANC2009 72   845  806  710  709  945 1105 1027 1009 1057  994  780
176ESPERANC2009 73   774  801  787  699  668  652  605  601  657
176ESPERANC2009 81   715  727  742  803  907  881  813  857  847  840  897
176ESPERANC2009 82   915  981 1111 1156  968  848  880  863  894  977 1080
176ESPERANC2009 83  1079  857  655  707  797  759  657  625  687
176ESPERANC2009 91   885  943  729  714  958  863  741  761  805 1010 1084
176ESPERANC2009 92   986  818  811  871  813  852  904  803  857 1017  852
176ESPERANC2009 93   797  879  634  485  649  813  789  691
176ESPERANC2009101   648  690  697  623  625  627  612  618  706  805  835
176ESPERANC2009102   788  690  601  495  435  482  631  677  659  662  660
176ESPERANC2009103   588  470  440  588  751  838  815  765  753
176ESPERANC2009111   649  499  497  490  557  739  778  716  680  698  720
176ESPERANC2009112   715  765  799  805  847  901  977  990  781  664  604
176ESPERANC2009113   573  618  725  778  669  599  617  703
176ESPERANC2009121   743  739  673  656  680  625  538  619  734  639  542
176ESPERANC2009122   524  606  745  735  669  593  553  580  651  656  724
176ESPERANC2009123   745  657  651  672  602  613  773  861  757
176ESPERANC2010 11   689  650  630  634  606  663  704  718  783  814  743
176ESPERANC2010 12   634  598  649  595  498  492  681  781  756  732  690
176ESPERANC2010 13   688  732  691  615  642  659  661  688  627
176ESPERANC2010 21   642  712  593  487  517  622  587  554  608  690  719
176ESPERANC2010 22   743  737  720  765  758  673  721  794  779  736  684
176ESPERANC2010 23   636  599  589  553  458  446
176ESPERANC2010 31   535  698  789  795  724  656  615  553  464  442  528
176ESPERANC2010 32   620  739  818  837  783  739  793  793  704  634  599
176ESPERANC2010 33   650  775  790  759  790  759  704  770  792
176ESPERANC2010 41   678  658  805  903  893  833  782  771  786  762  709
176ESPERANC2010 42   749  829  885  996  983  879  821  804  857  871  882
176ESPERANC2010 43   914  786  751  742  698  744  817  869
176ESPERANC2010 51   840  870  935  809  757  796  828  874  916  828  751
176ESPERANC2010 52   882 1023  977  874  846  845  864  872  861  944 1190
176ESPERANC2010 53  1383 1058  836  915  996  871  742  814  875
176ESPERANC2010 61   840  862  870  796  703  738  881  857  810  807  762
176ESPERANC2010 62   767  832  903  971  952  900  862  817  766  737  804
176ESPERANC2010 63   904  814  748  825  918  854  728  646
176ESPERANC2010 71   718  835  886  826  773  775  807  960 1153 1025 1019
176ESPERANC2010 72  1157  948  753  795  878  867  846  784  733  695  666
176ESPERANC2010 73   691  749  767  833  906  931  926  827  721
176ESPERANC2010 81   611  651  713  726  862  893  870  797  663  640  718
176ESPERANC2010 82   957 1091  925  840  870  980  909  729  723  805  802
176ESPERANC2010 83   759  691  651  641  635  692  792  858  836
176ESPERANC2010 91   742  728  791  807  742  821  967 1037  905  799  889
176ESPERANC2010 92   865  621  561  588  505  442  466  485  494  558  649
176ESPERANC2010 93   758  840  851  846  763  663  687  731
176ESPERANC2010101   743  831  797  744  747  619  529  624  802  871  804
176ESPERANC2010102   779  901  796  586  549  623  701  813  941  896  796
176ESPERANC2010103   782  793  798  776  864  959  757  605  626
176ESPERANC2010111   587  542  602  842 1003  984  913  871  874  920  961
176ESPERANC2010112   876  788  754  701  708  707  656  649  699  893  975
176ESPERANC2010113   824  808  840  753  617  548  602  765
176ESPERANC2010121   936  966  995 1029  982  991  992  890  793  814  826
176ESPERANC2010122   815  861  826  793  860  855  797  758  753  766  754
176ESPERANC2010123   767  876  785  652  722  832  792  805  814
176ESPERANC2011 11   711  601  623  715  888 1022 1031  965  881  819  813
176ESPERANC2011 12   885 1043 1110  982  867  814  800  814  804  764  847
176ESPERANC2011 13   898  879  901  911  915  932  866  830  858
176ESPERANC2011 21   984 1040  925  813  678  591  589  692  830  819  715
176ESPERANC2011 22   653  662  793  960  955  859  913  977  863  810  898
176ESPERANC2011 23   966  951  912  883  821  799
176ESPERANC2011 31   718  696  752  831  951  943  878  827  830  860  842
176ESPERANC2011 32   757  721  734  696  653  738  896  963  945  881  827
176ESPERANC2011 33   874  872  793  763  826  899  847  757  734
176ESPERANC2011 41   740  742  742  802  931 1093 1182 1047  800  694  896
176ESPERANC2011 42  1165 1081  955  870  872  975  965  912  898  868  845
176ESPERANC2011 43   924 1014 1063 1073 1174 1177 1022  974
176ESPERANC2011 51   962  913  884  886  998 1008  895  869  900  848  854
176ESPERANC2011 52   914  893  845  916 1090 1192 1114 1080 1222 1128  962
176ESPERANC2011 53   885  816  793  826  890  923  980 1095 1159
176ESPERANC2011 61  1177 1087  922  920  936  855  724  647  678  733  729
176ESPERANC2011 62   715  795  985 1182 1095  981 1089 1215 1133  879  804
176ESPERANC2011 63   876  972  948  843  828  941 1003  971
176ESPERANC2011 71  1110 1151  937  688  689  700  615  615  662  698  719
176ESPERANC2011 72   756  799  832  944  980  891  857  898  948  944  902
176ESPERANC2011 73   844  784  811  823  865 1007 1111 1071 1114
176ESPERANC2011 81  1133 1168 1163  950  778  736  785  965  960  794  746
176ESPERANC2011 82   724  801  925 1019  986  780  724  721  731  779  822
176ESPERANC2011 83   872  887  777  744  808  774  670  653  780
176ESPERANC2011 91   898  974  932  875  835  780  645  529  493  502  577
176ESPERANC2011 92   735  791  793  858  965 1018 1111 1053  945  991  853
176ESPERANC2011 93   684  739  858  932  978  870  779  715
176ESPERANC2011101   652  732  810  755  728  772  791  747  653  657  740
176ESPERANC2011102   837  932  912  783  718  806  808  710  670  717  733
176ESPERANC2011103   662  572  620  807  893  813  726  664  599
176ESPERANC2011111   578  617  769  902  931  967 1081 1147  963  846  817
176ESPERANC2011112   829  888  856  773  849  957  879  761  781  816  705
176ESPERANC2011113   591  699  892  933  915  968  877  657
176ESPERANC2011121   577  555  537  638  792  790  764  804  826  808  793
176ESPERANC2011122   737  655  641  676  749  821  870  850  791  823  883
176ESPERANC2011123   843  800  759  721  670  647  759  902  920
176ESPERANC2012 11   848  787  703  601  689 1008 1096  943  853  778  678
176ESPERANC2012 12   699  753  831 1022 1056  952  875  802  765  871 1001
176ESPERANC2012 13   916  762  660  695  797  963  957  713  625
176ESPERANC2012 21   673  882 1005  993  936  862  796  721  651  642  803
176ESPERANC2012 22   965  882  824  879  944  929  857  799  772  796  916
176ESPERANC2012 23  1031 1097 1107 1086  993  866  759
176ESPERANC2012 31   720  772  832  880  892  918 1026  986  904  919  924
176ESPERANC2012 32  1028 1086 1010  974  927  872  963 1078 1001  916  880
176ESPERANC2012 33   791  761  875 1010 1021  927  968 1044  938
176ESPERANC2012 41  1015 1080 1045 1074 1007  855  844  779  701  803  922
176ESPERANC2012 42   997 1000  962  934 1000 1053 1085 1018 1044 1098  979
176ESPERANC2012 43   825  737  765  827  862  915 1053 1066
176ESPERANC2012 51   860  792  872 1013 1144 1172 1236 1260 1047  917  832
176ESPERANC2012 52   768  788  906  933  930  907  810  761  872  938  972
176ESPERANC2012 53   878  837  862  851  820  805  822  920  990
176ESPERANC2012 61   837  676  707  756  757  726  764  934  947  962 1154
176ESPERANC2012 62  1258 1232 1044  955  821  815  901 1000  970  837  782
176ESPERANC2012 63   765  730  712  833 1146 1181  961  864
176ESPERANC2012 71   832  831  812  785  840  966 1003  890  832  943  950
176ESPERANC2012 72   878  829  844  889  921  803  743  792  757  701  756
176ESPERANC2012 73   875  874  796  752  768  748  700  744  957
176ESPERANC2012 81  1061 1022 1030  975  901  984 1022  813  670  663  738
176ESPERANC2012 82   929  957  869  845  799  726  731  793  788 1009 1132
176ESPERANC2012 83   869  724  700  777  838  872  760  647  774
176ESPERANC2012 91   837  831  975 1146 1073  863  634  594  718  822  832
176ESPERANC2012 92   746  702  735  699  626  633  797  900  904 1033  978
176ESPERANC2012 93   734  806 1012 1071  967  753  642  614
176ESPERANC2012101   647  783  852  818  750  749  807  731  649  550  530
176ESPERANC2012102   675  849  946  863  761  780  803  797  711  747  869
176ESPERANC2012103   812  658  644  627  599  700  811  797  670
176ESPERANC2012111   602  741  884 1006 1028  942  842  740  758  846  750
176ESPERANC2012112   669  746  774  708  665  683  828  824  709  694  787
176ESPERANC2012113   780  710  731  739  841 1075 1211 1084
176ESPERANC2012121   863  754  717  697  775  878  931  818  667  669  729
176ESPERANC2012122   742  751  754  795  821  896  955  893  842  917  921
176ESPERANC2012123   858  767  760  788  683  617  675  776  850
176ESPERANC2013 11   938 1004 1088 1093  908  827  844  850 1011 1051  901
176ESPERANC2013 12   748  676  769  891 1064 1223 1039  825  794  786  776
176ESPERANC2013 13   875  835  720  695  661  594  676  768  683
176ESPERANC2013 21   599  630  721  829  870  901  900  863  773  657  617
176ESPERANC2013 22   686  804  953  981  954  943  824  739  691  720  917
176ESPERANC2013 23  1014  957  877  773  674  636
176ESPERANC2013 31   793 1013 1088 1043  988  945  932  910  863  879  992
176ESPERANC2013 32   908  769  779  729  580  571  763  921  919  851  884
176ESPERANC2013 33   924  942 1010  985  808  753  796  807  791
176ESPERANC2013 41   759  747  813  911  988  914  813  834  901  912  933
176ESPERANC2013 42   953  969  975  962  998 1034 1031 1032 1078 1106 1044
176ESPERANC2013 43   950  908  926  969  937  828  795  839
176ESPERANC2013 51   909 1030  988  860  909 1005 1079 1141 1231 1248 1120
176ESPERANC2013 52   836  777  858  881  901 1038 1063 1026 1042  969  919
176ESPERANC2013 53   895  859  870  973 1122 1161 1145 1180  996
176ESPERANC2013 61   797  783  798  881  994  941  879  988 1016  912  847
176ESPERANC2013 62   861  878  896  940  989 1083 1018  939  871  775  795
176ESPERANC2013 63   950 1100 1152 1005  932  946  913  916
176ESPERANC2013 71   952 1029 1117 1017  881  824  782  817  926  928  886
176ESPERANC2013 72   919  901  902  971 1205 1236  883  729  719  746  728
176ESPERANC2013 73   798  971 1022 1103 1145 1001  890  947 1019
176ESPERANC2013 81   955  852  854  930  971  910  943 1011 1004 1025 1018
176ESPERANC2013 82  1002  986  933 1073 1092  969  766  670  737  747  703
176ESPERANC2013 83   683  739  818  826  848  935  985 1075 1118
176ESPERANC2013 91   993  930  969  950  856  762  822  838  716  835  985
176ESPERANC2013 92  1005  894  907  864  854  954  998  991  936  921 1075
176ESPERANC2013 93  1222 1232 1077  977  925  944  990  894
176ESPERANC2013101   800  735  792  850  833  832  890  915  855  840  949
176ESPERANC2013102   855  645  690  857  862  767  844  878  743  663  680
176ESPERANC2013103   641  563  603  678  698  705  678  679  762
176ESPERANC2013111   773  695  623  726  842  780  708  674  583  491  580
176ESPERANC2013112   732  772  660  519  544  753  769  648  582  579  607
176ESPERANC2013113   715  887  885  836  771  660  781  990
176ESPERANC2013121   939  852  837  670  558  629  677  639  641  652  629
176ESPERANC2013122   617  611  685  827  906  939  911  828  764  732  752
176ESPERANC2013123   816  870  790  797  821  759  805  860  834
176ESPERANC2014 11   803  822  871  929  846  704  777  845  853  842  757
176ESPERANC2014 12   762  837  803  883  936  770  661  640  580  522  564
176ESPERANC2014 13   652  603  625  762  789  718  690  778  835
176ESPERANC2014 21   813  767  641  595  720  758  762  783  725  755  755
176ESPERANC2014 22   677  656  689  734  786  758  710  666  611  570  596
176ESPERANC2014 23   740  797  747  685  627  622
176ESPERANC2014 31   665  788  840  758  672  606  649  765  765  732  704
176ESPERANC2014 32   695  764  851  881  881  825  752  760  716  621  632
176ESPERANC2014 33   620  609  706  838  901  883  963 1033  972
176ESPERANC2014 41   920  835  790  771  816  885  852  794  800  793  770
176ESPERANC2014 42   823  788  767  849  860  830  809  839  862  828  848
176ESPERANC2014 43   898  916  892  907 1065 1096  947  892
176ESPERANC2014 51   879  836  808  773  761  841 1009 1188 1154  985  925
176ESPERANC2014 52   951  972  999  981  915  886  900  891  895  938  981
176ESPERANC2014 53  1061 1147 1204 1102 1027 1120 1024  825  818
176ESPERANC2014 61   914  957  878  824  789  723  786  941 1060 1114  976
176ESPERANC2014 62   874  833  816  815  821  908 1092 1084  994 1141 1137
176ESPERANC2014 63   861  806  860 1012  899  694  691  750
176ESPERANC2014 71   866 1026  960  880  941 1061 1290 1189  846  795  726
176ESPERANC2014 72   642  785 1006 1052  874  675  647  730  812  843  896
176ESPERANC2014 73   894  850  828  919  978  994  981 1050  942
176ESPERANC2014 81   745  746  682  628  678  762  815  805  721  633  589
176ESPERANC2014 82   547  557  739  802  750  805  891  894  882  927  884
176ESPERANC2014 83   763  784  833  802  760  815  900  885  825
176ESPERANC2014 91   719  749  777  695  734  935 1094 1227 1102  874  767
176ESPERANC2014 92   808  841  760  749  717  677  722  701  685  867  852
176ESPERANC2014 93   692  716  760  816  927  940  849  738
176ESPERANC2014101  9999 9999 9999 9999 9999 9999 9999 9999 9999 9999 9999
176ESPERANC2014102  9999 9999 9999 9999 9999 9999 9999 9999 9999 9999 9999
176ESPERANC2014103   850  848  886  902  808  820  851  855  796
176ESPERANC2014111   677  789  814  712  791  910  880  713  672  755  799
176ESPERANC2014112   819  785  672  657  700  725  753  774  891 1011 1017
176ESPERANC2014113   952  784  688  627  660  813  876  866
176ESPERANC2014121   911  809  739  797  745  750  792  831  829  684  622
176ESPERANC2014122   720  713  702  828  808  790  769  782  794  731  701
176ESPERANC2014123   693  665  618  637  698  760  744  767  803
176ESPERANC2015 11   798  855  796  689  674  757  772  702  680  654  650
176ESPERANC2015 12   648  637  655  709  743  734  753  825  850  869  865
176ESPERANC2015 13   851  800  715  660  636  669  691  668  604
176ESPERANC2015 21   542  561  649  753  859  849  784  733  736  695  677
176ESPERANC2015 22   738  840  875  773  715  716  736  788  817  860  832
176ESPERANC2015 23   704  707  778  802  812  789
176ESPERANC2015 31   806  779  686  658  663  709  786  826  820  819  800
176ESPERANC2015 32   793  867  934  989 1030 1066 1162  999  827  870  764
176ESPERANC2015 33   626  684  624  513  586  738  795  872  878
176ESPERANC2015 41   765  731  799  863  820  722  687  787  904  983 1074
176ESPERANC2015 42  1066 1006  913  767  732  801  688  563  619  768  870
176ESPERANC2015 43   843  772  784  823  803  832  972 1118
176ESPERANC2015 51  1100 1021 1164 1205  944  846  833  840  862  822  790
176ESPERANC2015 52   672  552  613  767  889 1074 1121  902  789  780  840
176ESPERANC2015 53   892  857  840  877  844  734  654  663  714
176ESPERANC2015 61   744  856  961  901  903  954  937  850  736  714  833
176ESPERANC2015 62   948  915  860  792  713  625  616  780  939 1079  979
176ESPERANC2015 63   659  645  723  721  664  662  709  761
176ESPERANC2015 71   768  773  836  890  871  835  876  823  789  815  653
176ESPERANC2015 72   619  648  608  580  620  724  872  944 1088 1049  952
176ESPERANC2015 73   970  933  837  674  632  731  779  785  783
176ESPERANC2015 81   676  627  607  604  592  629  758  937  896  948  889
176ESPERANC2015 82   695  673  672  651  680  772  906 1033 1034  910  795
176ESPERANC2015 83   618  536  576  629  612  660  792  805  887
176ESPERANC2015 91   842  631  612  726  793  683  580  589  644  735  810
176ESPERANC2015 92   848  773  726  614  524  533  643  675  595  564  512
176ESPERANC2015 93   497  637  748  712  617  645  760  737
176ESPERANC2015101   764  801  815  866  919  715  538  594  647  650  628
176ESPERANC2015102   631  764  830  788  721  718  798  774  674  658  657
176ESPERANC2015103   745  733  599  594  585  584  632  736  783
176ESPERANC2015111   753  730  737  794  886  854  773  699  637  604  665
176ESPERANC2015112   652  559  567  698  799  863  915  859  650  569  570
176ESPERANC2015113   684  812  778  668  676  703  726  737
176ESPERANC2015121   638  600  672  737  759  882  896  755  706  670  639
176ESPERANC2015122   699  733  698  742  771  721  775  835  638  527  563
176ESPERANC2015123   665  789  712  568  573  655  751  724  585
176ESPERANC2016 11   492  491  483  503  531  473  425  478  622  725  755
176ESPERANC2016 12   735  605  473  488  625  736  794  748  717  701  683
176ESPERANC2016 13  9999 9999 9999  721  730  702  658  750  948
176ESPERANC2016 21   965  822  686  626  653  685  637  607  694  737  760
176ESPERANC2016 22   768  711  642  614  576  612  639  582 9999 9999 9999
176ESPERANC2016 23   810  780  738  712  727  796  826
176ESPERANC2016 31   824  789  801  800  736  695  686  674  707  820  831
176ESPERANC2016 32   750  673  595  722  920  829  720  662  654  724  748
176ESPERANC2016 33   630  556  574  588  641  696  710  755  840
176ESPERANC2016 41   816  711  768  875  794  680  690  714  683  628  622
176ESPERANC2016 42   717  850  843  739  718  846  925  908  835  736  660
176ESPERANC2016 43   711  875  995 1062  987 1025 1077  944
176ESPERANC2016 51   861  921  888  896  877  886 1060  979  740  678  757
176ESPERANC2016 52   836  895  937  999  998  944  911  898 1009 1184 1086
176ESPERANC2016 53   961 1072 1074  950  856  921  909  772  747
176ESPERANC2016 61   741  699  796  920  858  909 1099  912  736  666  577
176ESPERANC2016 62   699  810  757  758  805  755  780  959 1040  986 1027
176ESPERANC2016 63   942  841  883  848  842  910  887  772
176ESPERANC2016 71   731  787  755  624  642  720  841 1045 1207 1138  945
176ESPERANC2016 72   698  636  734  866  967 1004  900  822  911 1071  946
176ESPERANC2016 73   827  772  731  689  612  656  797  958  962
176ESPERANC2016 81   708  631  707  801  830  896  997 1128 1060  840  810
176ESPERANC2016 82   753  681  764  805  744  903  935  795  829  856  861
176ESPERANC2016 83   683  596  602  731  951  992  799  726  811
176ESPERANC2016 91   775  743  704  693  752  865  962  892  788  764  638
176ESPERANC2016 92   539  520  627  814  778  623  794  875  700  691  829
176ESPERANC2016 93   825  769  795  836  994  893  692  878
176ESPERANC2016101  1128 1033  827  776  838  820  799  914  927  740  681
176ESPERANC2016102   705  774  920  983  860  794  736  779  710  543  550
176ESPERANC2016103   730  803  739  732  788  893  945  823  766
176ESPERANC2016111   777  795  756  641  659  729  677  676  743  805  832
176ESPERANC2016112   711  648  660  726  786  705  740  857  825  693  637
176ESPERANC2016113   618  570  526  614  766  766  777  812
176ESPERANC2016121   779  762  850  824  755  834  862  700  620  672  806
176ESPERANC2016122   863  802  738  787  766  669  773  793  716  707  810
176ESPERANC2016123   805  799  793  847 1066  982  735  727  745
176ESPERANC2017 11   669  591  596  609  759  937  859  730  674  641  700
176ESPERANC2017 12   821  734  656  758  728  620  625  749  762  829  893
176ESPERANC2017 13   816  727  734  793  810  814  825  754  685
176ESPERANC2017 21   659  727  883  925  798  680  787  803  686  673  580
176ESPERANC2017 22   454  501  718  791  779  732  640  667  877 1004  882
176ESPERANC2017 23   753  714  757  838  816  799
176ESPERANC2017 31   788  747  790  848  811  802  824  787  764  731  699
176ESPERANC2017 32   733  839 1001 1007  892  969  948  817  750  732  741
176ESPERANC2017 33   811  827  881  982  899  880  769  644  613
176ESPERANC2017 41   572  631  785  813  875  899  827  805  769  755  790
176ESPERANC2017 42   830  809  822  828  810  832  856  800  762  806  798
176ESPERANC2017 43   730  733  753  741  732  730  764  809
176ESPERANC2017 51   732  669  757  903  893  805  818  901  944  890  854
176ESPERANC2017 52   885  866  907 1099 1010  777  807  964 1001 1041  995
176ESPERANC2017 53   876  873  907  939  800  713  715  686  714
176ESPERANC2017 61   784  809  773  721  686  744  773  706  749  843  861
176ESPERANC2017 62   882  966  952  943  989  961  949  944  823  785  876
176ESPERANC2017 63   800  698  724  775  712  606  687  942
176ESPERANC2017 71  1146 1070  922  916 1025  986  866  792  783  823  908
176ESPERANC2017 72  1024  952  884 1075 1134  808  659  847 1079 1116  994
176ESPERANC2017 73   925  911  861  937  991 1125 1129  924  909
176ESPERANC2017 81   845  713  893  978  884  792  888 1044 1104  962  937
176ESPERANC2017 82  1009 1031 1106 1179 1157  932  758  871  843  782  782
176ESPERANC2017 83   670  645  662  587  538  613  685  759  840
176ESPERANC2017 91   925  885  725  605  591  597  583  629  762  849  909
176ESPERANC2017 92   842  673  662  715  740  773  768  856  916  994 1137
176ESPERANC2017 93  1084  891  859  852  790  787  749  671
176ESPERANC2017101   674  741  672  533  505  691  852  760  781  873  783
176ESPERANC2017102   686  678  717  808  938  987  914  714  570  570  683
176ESPERANC2017103   769  790  866 1005 1011 1081  981  778  743
176ESPERANC2017111   704  623  574  563  551  509  533  628  702  747  785
176ESPERANC2017112   833  838  714  621  647  804  858  828  867  825  746
176ESPERANC2017113   714  751  780  769  827  887  872  821
176ESPERANC2017121   733  676  634  733  840  793  720  684  684  730  843
176ESPERANC2017122   896  875  873  888  952 1064 1157  916  712  739  737
176ESPERANC2017123   641  632  756  849  830  815  784  767  759
176ESPERANC2018 11   724  734  803  858  954  892  806  789  773  866  944
176ESPERANC2018 12   896  790  661  596  693  895  903  813  809  851  857
176ESPERANC2018 13   874  901  907  960  977  843  684  582  557
176ESPERANC2018 21   537  568  653  725  800  835  779  747  784  770  769
176ESPERANC2018 22   814  799  689  684  729  778  821  873  831  799  813
176ESPERANC2018 23   793  701  723  912  894  774
176ESPERANC2018 31   863  856  720  624  577  605  758  886  882  731  578
176ESPERANC2018 32   558  647  819  941  975  998  867  764  687  694  861
176ESPERANC2018 33   883  809  801  895  980  965  898  849  799
176ESPERANC2018 41   690  673  745  781  790  855  897  922  927  910  910
176ESPERANC2018 42  1013  989  859  796  756  798  917  963  920  907  967
176ESPERANC2018 43   984  913  866  866  827  698  731  923
176ESPERANC2018 51  1012 1102  942  746  795  954  934  848  797  659  623
176ESPERANC2018 52   696  778  732  655  698  749  781  815  820  811  847
176ESPERANC2018 53   910  979 1116 1265 1214  993  767  809  936
176ESPERANC2018 61   888  776  811  879  975 1114 1076  963  999 1123 1016
176ESPERANC2018 62   992  952  874  785  723  783  983 1008  905  856  806
176ESPERANC2018 63   770  766  836  970 1083 1060  947  948
176ESPERANC2018 71  1035 1158 1263 1267 1161  892  727  694  719  752  809
176ESPERANC2018 72   911  990 1004 1056 1162 1112 1030  843  853 1057 1215
176ESPERANC2018 73  1221 1042  968  925  862  837  906  906  827
176ESPERANC2018 81  1000 1081 1097 1122  915  727  788  881  997  836  662
176ESPERANC2018 82   685  825  935  874  889  863  711  707  802  940  926
176ESPERANC2018 83   750  703  725  725  799  944 1020  942  739
176ESPERANC2018 91   619  561  656  861  886  737  759  762  777  851  781
176ESPERANC2018 92   744  897  847  628  701  771  687  615  623  624  575
176ESPERANC2018 93   613  718  755  758  700  579  571  669
176ESPERANC2018101   648  553  493  515  629  670  666  647  573  558  651
176ESPERANC2018102   788  915  885  726  659  794  912  850  840  945  860
176ESPERANC2018103   731  757  738  699  678  693  705  670  692
176ESPERANC2018111   735  733  705  817  886  744  651  673  657  667  680
176ESPERANC2018112   685  706  665  630  591  682  795  811  811  741  709
176ESPERANC2018113   722  725  812  764  696  728  735  761
176ESPERANC2018121   762  717  723  766  749  727  744  759  743  759  740
176ESPERANC2018122   664  560  581  645  630  615  606  566  525  486  535
176ESPERANC2018123   627  602  661  753  801  776  721  764  806
176ESPERANC2019 11   830  864  872  793  723  700  655  587  623  776  783
176ESPERANC2019 12   755  800  739  723  757  749  658  624  712  811  805
176ESPERANC2019 13   882  930  754  703  716  752  751  683  671
176ESPERANC2019 21   808  914  765  646  634  627  584  557  629  740  812
176ESPERANC2019 22   754  710  734  731  730  724  693  663  657  724  774
176ESPERANC2019 23   769  750  676  710  804  834
176ESPERANC2019 31   853  789  721  681  612  623  768  824  815  834  832
176ESPERANC2019 32   845  839  806  803  812  725  667  741  841  838  838
176ESPERANC2019 33   897  898  757  700  860  932  849  743  682
176ESPERANC2019 41   790  820  814  960  886  799  846  762  660  735  812
176ESPERANC2019 42   782  797  958 1084 1088  926  967 1099  920  757  755
176ESPERANC2019 43   733  693  669  643  678  813 1005 1043
176ESPERANC2019 51   868  766  748  804  944  989  888  799  677  616  658
176ESPERANC2019 52   738  767  780  884  962  919  909  869  898  875  843
176ESPERANC2019 53   857  844  755  688  669  657 9999 9999  715
176ESPERANC2019 61   711  631  655  680  723  834 1014 1184 1261 1249 1162
176ESPERANC2019 62   961  879  845  785  754  686  652  684  658  676  823
176ESPERANC2019 63   936  901  868  984 1099 1009  908  979
176ESPERANC2019 71   902  782  754  874 1014  927  809  775  872  894  796
176ESPERANC2019 72   655  550  500  517  642  771  856 1007 1068 1103 1017
176ESPERANC2019 73   831  800  767  704  752  741  664  616  576
176ESPERANC2019 81   511  530  659  748  769  778  834  799  686  627  616
176ESPERANC2019 82   692  882  940  851  942 1016  733  605  642  649  754
176ESPERANC2019 83   805  674  645  677  683  693  802  905  946
176ESPERANC2019 91  1010 1035 1027  994  795  704  694  639  680  714  665
176ESPERANC2019 92   693  766  781  698  638  778 1001 1002  765  663  623
176ESPERANC2019 93   584  652  757  756  716  710  667  707
176ESPERANC2019101   747  710 9999 9999 9999 9999 9999 9999 9999 9999 9999
176ESPERANC2019102  9999 9999 9999 9999 9999 9999 9999 9999 9999 9999 9999
176ESPERANC2019103  9999 9999  793  691  720  745  708  868 1068
176ESPERANC2019111  1073  902  735  691  728  735  675  564  625  778  715
176ESPERANC2019112   645  675  713  663  654  761  832  924  932  814  728
176ESPERANC2019113   744  773  695  664  677  657  558  510
176ESPERANC2019121   546  571  641  703  684  725  845  812  720  700  647
176ESPERANC2019122   595  651  771  823  838  781  804  876  842  742  802
176ESPERANC2019123   752  667  691  739  780  846  918  859  787
176ESPERANC2020 11   848  876  781  650  678  785  808  819  819  722  657
176ESPERANC2020 12   748  720  652  631  601  682  709  692  778  931  919
176ESPERANC2020 13   783  710  693  691  710  784  844  890  787
176ESPERANC2020 21   722  690  616  552  501  487  670  893  840  686  598
176ESPERANC2020 22   626  729  775  838  843  734  669  640  591  574  755
176ESPERANC2020 23   825  749  691  672  633  728  877
176ESPERANC2020 31   725  563  627  737  708  624  600  606  655  749  806
176ESPERANC2020 32   735  591  551  732  874  945 1022  911  801  725  593
176ESPERANC2020 33   589  682  715  789  971 1059  970  885  865
176ESPERANC2020 41   882  963  865  765  738  693  642  727  883  849  804
176ESPERANC2020 42   893  967  976  960  857  816  944 1054 1059 1040 1015
176ESPERANC2020 43   984  981  958  881  971 1003  761  637
176ESPERANC2020 51   674  723  822  947 1111 1278 1158  952  827  842  870
176ESPERANC2020 52   782  794  913  940  872  887  950  862  828  801  772
176ESPERANC2020 53   777  865 1149 1172 1009 1089 1165 1150  986
176ESPERANC2020 61   820  754  765  821  812  804  856  894  917  947 1044
176ESPERANC2020 62  1121 1009  926  831  764  923 1035  813  671  682  756
176ESPERANC2020 63   932  963  881  934  968 1039 1170 1200
176ESPERANC2020 71  1060  804  692  730  803  888 1038 1057  929  806  745
176ESPERANC2020 72   823  977 1088 1047 1058 1107 1006  811  688  700  868
176ESPERANC2020 73  1001  811  771  813  837  904  860  861  879
176ESPERANC2020 81   828  796  775  743  601  599  619  527  637 1059 1177
176ESPERANC2020 82  1018  890  787  840 1072 1200 1050  843  757  716  722
176ESPERANC2020 83   837  826  772  749  745  879  855  631  794
176ESPERANC2020 91  1067 1039  908  861  920 1049  988  832  876  920  828
176ESPERANC2020 92   749  695  653  720  694  590  704 1015 1152  930  766
176ESPERANC2020 93   689  639  540  596  801  860  904  926
176ESPERANC2020101   938  899  787  674  559  573  696  764  738  772  804
176ESPERANC2020102   757  751  774  706  694  688  667  679  681  691  682
176ESPERANC2020103   667  605  543  696  840  783  668  672  834
176ESPERANC2020111   904  913  852  757  695  607  631  815 1024 1121  899
176ESPERANC2020112   821  948 1009  951  886  904  875  827  852  792  698
176ESPERANC2020113   748  849  771  754  800  776  877  934
176ESPERANC2020121   721  658  781  871  811  715  671  675  600  526  675
176ESPERANC2020122   953 1036  952  854  826  794  756  734  719  663  604
176ESPERANC2020123   551  588  768  792  677  651  663  612  582
176ESPERANC2021 11   661  704  660  615  581  580  630  761  889  964  917
176ESPERANC2021 12   896  828  705  616  574  567  614  771  903  936 1007
176ESPERANC2021 13  1051 1005  949  925  936  851  768  700  658
176ESPERANC2021 21   614  662  821  802  717  639  585  692  828  934  907
176ESPERANC2021 22   833  771  693  679  826  971 1003  890  827  760  605
176ESPERANC2021 23   590  696  720  759  793  778
176ESPERANC2021 31   750  750  786  860 1010 1047 1018  953  882  915  982
176ESPERANC2021 32   942  821  772  721  751  860  910  886  851  901  985
176ESPERANC2021 33   947  931  980  964  913  917  915  917  932
176ESPERANC2021 41   982  975  873  807  902 1029 1010  944  859  812  882
176ESPERANC2021 42  1139 1135 1059 1008  856  790  893 1000  952  869  795
176ESPERANC2021 43   739  704  758  878  912  930 1027 1003
176ESPERANC2021 51   873  848  707  711  974 1022  958  932  948  888  893
176ESPERANC2021 52   921  817  769  762  828  953 1039  971  903  955 1050
176ESPERANC2021 53  1155 1122  842  732  773  837  931 1105 1146
176ESPERANC2021 61   870  823  839  897  992 1106 1002  755  705  934 1113
176ESPERANC2021 62  1061 1074 1257 1155  866  755  759  885 1006 1057 1062
176ESPERANC2021 63   881  689  689  740  828  999 1018  927
