179ST. PAUL      LAT=38 42.7S  LONG=077 32.3E
179ST. PAUL1994101  9999 9999 9999 9999 9999 9999 9999 9999 9999 9999 9999
179ST. PAUL1994102  9999 9999 9999 9999 9999 9999 9999 9999 9999 9999 9999
179ST. PAUL1994103  9999 9999 9999 1274 1352 1296 1350 1378 1310
179ST. PAUL1994111  1383 1539 1578 1466 1351 1307 1272 1293 1361 1390 1413
179ST. PAUL1994112  1374 1265 1173 1168 1219 1288 1285 1250 1236 1225 1223
179ST. PAUL1994113  1227 1234 1243 1255 1322 1349 1311 1226
179ST. PAUL1994121  1164 1136 1224 1372 1368 1312 1256 1195 1159 1151 1175
179ST. PAUL1994122  1201 1239 1284 1340 1260 1167 1232 1340 1326 1389 1415
179ST. PAUL1994123  1349 1308 1280 1303 1378 1384 1342 1345 1331
179ST. PAUL1995 11  1271 1275 1323 1362 1379 1395 1407 1383 1363 1370 1429
179ST. PAUL1995 12  1480 1398 1339 1347 1372 1350 1390 1373 1318 1364 1400
179ST. PAUL1995 13  1327 1322 1351 1311 1317 1389 1392 1352 1362
179ST. PAUL1995 21  1378 1365 1407 1379 1358 1399 1389 1381 1374 1352 1319
179ST. PAUL1995 22  1378 1482 1408 1302 1284 1319 1369 1373 1401 1362 1264
179ST. PAUL1995 23  1251 1305 1375 1413 1410 1403
179ST. PAUL1995 31  1336 1381 1499 1441 1299 1227 1250 1342 1324 1270 1267
179ST. PAUL1995 32  1267 1306 1257 1266 1394 1436 1389 1282 1253 1272 1293
179ST. PAUL1995 33  1284 1307 1368 1378 1343 1375 1355 1328 1357
179ST. PAUL1995 41  1339 1348 1442 1359 1250 1258 1337 1353 1286 1283 1245
179ST. PAUL1995 42  1216 1192 1190 1204 1219 1212 1202 1213 1228 1259 1294
179ST. PAUL1995 43  1250 1171 1126 1137 1183 1217 1270 1361
179ST. PAUL1995 51  1412 1387 1359 1310 1279 1276 1289 1320 1289 1223 1212
179ST. PAUL1995 52  1238 1324 1372 1300 1321 1400 1405 1297 1236 1271 1280
179ST. PAUL1995 53  1323 1381 1359 1275 1275 1312 1342 1404 1462
179ST. PAUL1995 61  1436 1355 1415 1377 1267 1238 1243 1278 1264 1230 1240
179ST. PAUL1995 62  1306 1393 1493 1529 1428 1369 1424 1424 1404 1346 1321
179ST. PAUL1995 63  1316 1316 1398 1465 1409 1446 1424 1371
179ST. PAUL1995 71  1393 1491 1454 1440 1412 1350 1444 1359 1277 1277 1283
179ST. PAUL1995 72  1320 1355 1454 1495 1433 1332 1206 1239 1414 1435 1319
179ST. PAUL1995 73  1328 1398 1409 1422 1279 1238 1288 1310 1386
179ST. PAUL1995 81  1436 1501 1539 1460 1459 1364 1369 1449 1521 1552 1535
179ST. PAUL1995 82  1566 1455 1327 1238 1242 1282 1213 1215 1257 1224 1211
179ST. PAUL1995 83  1209 1281 1400 1415 1321 1252 1208 1222 1351
179ST. PAUL1995 91  1459 1361 1264 1301 1347 1389 1408 1450 1372 1257 1282
179ST. PAUL1995 92  1367 1403 1332 1256 1346 1310 1174 1233 1379 1425 1377
179ST. PAUL1995 93  1416 1390 1383 1411 1351 1285 1408 1454
179ST. PAUL1995101  1382 1302 1293 1357 1371 1297 1275 1315 1322 1348 1384
179ST. PAUL1995102  1366 1254 1237 1245 1263 1315 1430 1438 1364 1363 1387
179ST. PAUL1995103  1423 1471 1454 1420 1410 1413 1414 1425 1458
179ST. PAUL1995111  1539 1456 1348 1354 1305 1313 1376 1378 1330 1282 1353
179ST. PAUL1995112  1349 1261 1265 1328 1379 1346 1381 1402 1325 1266 1282
179ST. PAUL1995113  1253 1229 1241 1227 1224 1236 1191 1170
179ST. PAUL1995121  1168 1248 1247 1123 1082 1096 1101 1125 1222 1235 1129
179ST. PAUL1995122  1123 1291 1353 1181 1081 1081 1153 1278 1344 1298 1264
179ST. PAUL1995123  1295 1403 1427 1325 1280 1248 1164 1144 1174
179ST. PAUL1996 11  1213 1220 1214 1224 1241 1236 1268 1252 1252 1259 1218
179ST. PAUL1996 12  1207 1248 1291 1258 1233 1252 1276 1247 1236 1281 1370
179ST. PAUL1996 13  1320 1276 1303 1370 1365 1381 1413 1404 1421
179ST. PAUL1996 21  1429 1415 1399 1364 1390 1473 1432 1364 1375 1291 1299
179ST. PAUL1996 22  1371 1359 1276 1238 1329 1376 1346 1341 1326 1317 1359
179ST. PAUL1996 23  1256 1163 1200 1303 1311 1281 1261
179ST. PAUL1996 31  1258 1255 1232 1269 1335 1305 1246 1189 1159 1202 1252
179ST. PAUL1996 32  1212 1141 1150 1202 1223 1234 1283 1276 1176 1141 1167
179ST. PAUL1996 33  1179 1197 1214 1235 1271 1233 1217 1312 1306
179ST. PAUL1996 41  1213 1189 1158 1210 1328 1343 1247 1198 1156 1119 1148
179ST. PAUL1996 42  1188 1245 1313 1268 1221 1133 1085 1130 1210 1189 1150
179ST. PAUL1996 43  1158 1201 1191 1181 1291 1275 1228 1295
179ST. PAUL1996 51  1372 1362 1325 1323 1216 1214 1262 1301 1284 1224 1264
179ST. PAUL1996 52  1345 1394 1256 1163 1225 1305 1310 1294 1300 1386 1503
179ST. PAUL1996 53  1459 1385 1401 1367 1291 1229 1231 1228 1222
179ST. PAUL1996 61  1232 1276 1331 1359 1375 1371 1333 1341 1381 1396 1454
179ST. PAUL1996 62  1467 1354 1372 1340 1232 1200 1240 1295 1353 1376 1448
179ST. PAUL1996 63  1480 1406 1349 1351 1367 1312 1326 1406
179ST. PAUL1996 71  1355 1280 1359 1399 1303 1325 1451 1470 1344 1292 1383
179ST. PAUL1996 72  1417 1290 1238 1264 1263 1282 1372 1352 1298 1323 1327
179ST. PAUL1996 73  1365 1443 1409 1324 1310 1197 1128 1153 1170
179ST. PAUL1996 81  1176 1174 1212 1341 1456 1378 1271 1196 1081 1053 1064
179ST. PAUL1996 82  1035 1064 1168 1221 1254 1146 1088 1154 1220 1250 1196
179ST. PAUL1996 83  1152 1188 1209 1207 1288 1307 1216 1287 1335
179ST. PAUL1996 91  1202 1217 1295 1202 1204 1194 1085 1045 1160 1356 1390
179ST. PAUL1996 92  1340 1326 1302 1344 1273 1177 1124 1104 1130 1255 1282
179ST. PAUL1996 93  1193 1142 1171 1181 1117 1092 1140 1246
179ST. PAUL1996101  1297 1212 1248 1352 1287 1216 1219 1221 1263 1286 1255
179ST. PAUL1996102  1219 1205 1197 1193 1202 1272 1329 1240 1198 1228 1283
179ST. PAUL1996103  1344 1319 1267 1314 1428 1412 1353 1375 1382
179ST. PAUL1996111  1357 1382 1425 1388 1383 1421 1455 1427 1386 1366 1392
179ST. PAUL1996112  1385 1322 1355 1415 1389 1398 1491 1482 1404 1409 1490
179ST. PAUL1996113  1421 1367 1462 1501 1433 1367 1368 1365
179ST. PAUL1996121  1408 1476 1439 1376 1418 1495 1474 1452 1407 1435 1480
179ST. PAUL1996122  1393 1397 1436 1411 1408 1366 1273 1249 1271 1277 1313
179ST. PAUL1996123  1373 1285 1245 1297 1323 1323 1373 1455 1527
179ST. PAUL1997 11  1472 1318 1290 1300 1338 1328 1324 1377 1419 1397 1378
179ST. PAUL1997 12  1382 1407 1352 1292 1291 1270 1263 1285 1243 1219 1250
179ST. PAUL1997 13  1275 1273 1284 1347 1366 1360 1381 1402 1359
179ST. PAUL1997 21  1297 1307 1329 1346 1315 1285 1287 1274 1269 1284 1288
179ST. PAUL1997 22  1257 1241 1277 1308 1295 1290 1285 1317 1331 1302 1283
179ST. PAUL1997 23  1278 1277 1267 1274 1326 1354
179ST. PAUL1997 31  1363 1393 1318 1238 1253 1317 1284 1219 1244 1364 1334
179ST. PAUL1997 32  1258 1311 1353 1397 1421 1416 1394 1368 1332 1360 1401
179ST. PAUL1997 33  1366 1273 1248 1250 1286 1349 1336 1265 1285
179ST. PAUL1997 41  1312 1382 1439 1499 1440 1405 1443 1329 1273 1284 1297
179ST. PAUL1997 42  1278 1306 1322 1296 1248 1209 1220 1209 1234 1305 1309
179ST. PAUL1997 43  1204 1136 1139 1123 1138 1157 1137 1140
179ST. PAUL1997 51  1172 1237 1284 1280 1293 1358 1390 1395 1420 1579 1743
179ST. PAUL1997 52  1725 1638 1407 1289 1298 1388 1367 1286 1293 1260 1203
179ST. PAUL1997 53  1208 1226 1186 1239 1226 1109 1121 1244 1293
179ST. PAUL1997 61  1213 1174 1215 1298 1273 1212 1242 1262 1217 1172 1193
179ST. PAUL1997 62  1285 1381 1372 1379 1375 1402 1346 1348 1370 1392 1438
179ST. PAUL1997 63  1413 1419 1346 1323 1343 1301 1220 1196
179ST. PAUL1997 71  1300 1321 1284 1291 1324 1402 1494 1467 1408 1388 1293
179ST. PAUL1997 72  1246 1259 1364 1445 1420 1408 1452 1399 1414 1391 1289
179ST. PAUL1997 73  1297 1322 1347 1389 1436 1353 1373 1451 1385
179ST. PAUL1997 81  1377 1337 1232 1223 1312 1289 1189 1176 1210 1392 1486
179ST. PAUL1997 82  1406 1320 1315 1329 1330 1361 1372 1401 1498 1463 1341
179ST. PAUL1997 83  1318 1412 1395 1279 1331 1475 1466 1390 1355
179ST. PAUL1997 91  1411 1407 1338 1309 1333 1383 1379 1392 1472 1453 1358
179ST. PAUL1997 92  1400 1456 1507 1490 1489 1450 1376 1369 1408 1396 1327
179ST. PAUL1997 93  1314 1373 1439 1414 1429 1398 1384 1504
179ST. PAUL1997101  1511 1468 1492 1473 1496 1440 1366 1365 1382 1398 1349
179ST. PAUL1997102  1293 1324 1326 1317 1333 1463 1580 1461 1421 1407 1385
179ST. PAUL1997103  1425 1395 1401 1363 1318 1377 1352 1286 1390
179ST. PAUL1997111  1389 1327 1307 1372 1478 1449 1378 1397 1502 1451 1386
179ST. PAUL1997112  1418 1550 1517 1483 1445 1326 1295 1328 1373 1497 1567
179ST. PAUL1997113  1505 1487 1469 1504 1583 1586 1538 1434
179ST. PAUL1997121  1398 1364 1331 1373 1399 1329 1324 1339 1383 1422 1381
179ST. PAUL1997122  1406 1520 1572 1470 1380 1316 1299 1361 1468 1458 1367
179ST. PAUL1997123  1387 1429 1393 1333 1354 1398 1427 1394 1392
179ST. PAUL1998 11  1371 1347 1363 1403 1449 1436 1389 1400 1347 1337 1437
179ST. PAUL1998 12  1467 1397 1332 1329 1311 1291 1300 1303 1320 1341 1367
179ST. PAUL1998 13  1399 1352 1356 1438 1455 1378 1308 1299 1346
179ST. PAUL1998 21  1398 1415 1387 1359 1380 1397 1403 1368 1364 1435 1542
179ST. PAUL1998 22  1501 1684 1998 1630 1544 1562 1538 1515 1545 1468 1425
179ST. PAUL1998 23  1430 1444 1490 1505 1500 1504
179ST. PAUL1998 31  1516 1598 1670 1558 1467 1479 1408 1350 1347 1455 1847
179ST. PAUL1998 32  1797 1446 1478 1538 1522 1429 1331 1332 1367 1421 1450
179ST. PAUL1998 33  1416 1396 1378 1405 1464 1508 1564 1636 1547
179ST. PAUL1998 41  1431 1428 1427 1429 1408 1410 1441 1410 1386 1384 1399
179ST. PAUL1998 42  1477 1509 1493 1517 1559 1551 1578 1634 1561 1431 1389
179ST. PAUL1998 43  1408 1409 1408 1420 1401 1391 1425 1500
179ST. PAUL1998 51  1525 1568 1620 1483 1471 1572 1540 1499 1510 1542 1498
179ST. PAUL1998 52  1505 1620 1654 1571 1474 1458 1479 1442 1408 1482 1438
179ST. PAUL1998 53  1395 1352 1334 1319 1310 1376 1365 1321 1378
179ST. PAUL1998 61  1456 1413 1402 1499 1472 1383 1301 1267 1320 1298 1258
179ST. PAUL1998 62  1408 1487 1417 1363 1386 1414 1465 1481 1452 1518 1420
179ST. PAUL1998 63  1298 1314 1358 1418 1312 1288 1467 1529
179ST. PAUL1998 71  1433 1258 1143 1120 1143 1217 1292 1199 1128 1144 1202
179ST. PAUL1998 72  1252 1308 1286 1202 1187 1166 1159 1151 1172 1296 1338
179ST. PAUL1998 73  1251 1321 1450 1536 1442 1307 1216 1224 1246
179ST. PAUL1998 81  1259 1353 1355 1242 1249 1382 1281 1179 1273 1291 1310
179ST. PAUL1998 82  1249 1299 1342 1389 1423 1485 1394 1262 1295 1294 1230
179ST. PAUL1998 83  1328 1289 1134 1170 1301 1265 1130 1049 1092
179ST. PAUL1998 91  1167 1179 1231 1342 1347 1307 1284 1232 1266 1278 1240
179ST. PAUL1998 92  1228 1317 1291 1157 1150 1209 1229 1202 1267 1354 1249
179ST. PAUL1998 93  1215 1248 1259 1304 1248 1129 1125 1202
179ST. PAUL1998101  1195 1093 1038 1101 1246 1252 1175 1233 1296 1277 1198
179ST. PAUL1998102  1193 1251 1185 1182 1237 1258 1199 1191 1183 1158 1161
179ST. PAUL1998103  1194 1256 1197 1162 1233 1301 1327 1206 1268
179ST. PAUL1998111  1386 1381 1300 1236 1262 1226 1291 1304 1288 1318 1267
179ST. PAUL1998112  1183 1195 1185 1211 1281 1220 1234 1310 1339 1296 1301
179ST. PAUL1998113  1319 1288 1280 1273 1294 1288 1217 1242
179ST. PAUL1998121  1284 1281 1280 1307 1382 1333 1274 1255 1204 1225 1273
179ST. PAUL1998122  1276 1256 1263 1287 1277 1258 1276 1300 1283 1239 1248
179ST. PAUL1998123  1295 1292 1252 1253 1301 1387 1443 1367 1389
179ST. PAUL1999 11  1492 1565 1519 1395 1283 1240 1214 1243 1290 1264 1294
179ST. PAUL1999 12  1297 1257 1310 1331 1297 1303 1326 1335 1381 1367 1370
179ST. PAUL1999 13  1413 1385 1324 1342 1441 1471 9999 9999 9999
179ST. PAUL1999 21  9999 9999 9999 1336 1361 1351 1361 1431 1484 1490 1459
179ST. PAUL1999 22  1423 1439 1485 1551 1503 1391 1402 1455 1485 1554 1528
179ST. PAUL1999 23  1466 1558 1546 1472 1466 1436
179ST. PAUL1999 31  1415 1430 1496 1545 1455 1366 1363 1392 1423 1474 1457
179ST. PAUL1999 32  1396 1410 1470 1498 1515 1537 1522 1539 1580 1522 1453
179ST. PAUL1999 33  1399 1401 1452 1484 9999 9999 9999 9999 9999
179ST. PAUL1999 41  9999 9999 1494 1516 1508 9999 9999 9999 9999 9999 9999
179ST. PAUL1999 42  9999 9999 9999 9999 9999 9999 9999 9999 9999 9999 9999
179ST. PAUL1999 43  9999 9999 9999 9999 9999 9999 9999 9999
179ST. PAUL1999 51  9999 9999 9999 9999 9999 9999 9999 9999 9999 9999 9999
179ST. PAUL1999 52  9999 9999 9999 9999 9999 9999 9999 9999 9999 9999 9999
179ST. PAUL1999 53  9999 9999 9999 9999 9999 9999 9999 9999 9999
179ST. PAUL1999 61  9999 9999 9999 9999 9999 9999 9999 9999 9999 9999 9999
179ST. PAUL1999 62  9999 9999 9999 9999 9999 9999 9999 9999 9999 9999 9999
179ST. PAUL1999 63  9999 9999 9999 9999 9999 9999 9999 9999
179ST. PAUL1999 71  9999 9999 9999 9999 9999 9999 9999 9999 9999 9999 9999
179ST. PAUL1999 72  9999 9999 9999 9999 9999 9999 9999 9999 9999 9999 9999
179ST. PAUL1999 73  9999 9999 9999 9999 9999 9999 9999 9999 9999
179ST. PAUL1999 81  9999 9999 9999 9999 9999 9999 9999 9999 9999 9999 9999
179ST. PAUL1999 82  9999 9999 9999 9999 9999 9999 9999 9999 9999 9999 9999
179ST. PAUL1999 83  9999 9999 9999 9999 9999 9999 9999 9999 9999
179ST. PAUL1999 91  9999 9999 9999 9999 9999 9999 9999 9999 9999 9999 9999
179ST. PAUL1999 92  9999 9999 9999 9999 9999 9999 9999 9999 9999 9999 9999
179ST. PAUL1999 93  9999 9999 9999 9999 9999 9999 9999 9999
179ST. PAUL1999101  9999 9999 9999 9999 9999 9999 9999 9999 9999 9999 9999
179ST. PAUL1999102  9999 9999 9999 9999 9999 9999 9999 9999 9999 9999 9999
179ST. PAUL1999103  9999 9999 9999 9999 9999 9999 9999 9999 9999
179ST. PAUL1999111  9999 9999 9999 9999 9999 9999 9999 9999 9999 9999 9999
179ST. PAUL1999112  9999 9999 9999 9999 9999 9999 9999 9999 9999 9999 9999
179ST. PAUL1999113  9999 1369 1455 1447 1292 1259 1279 1313
179ST. PAUL1999121  1313 1277 1280 1285 1263 1258 1269 1280 1284 1349 1373
179ST. PAUL1999122  1332 1361 1421 1390 1382 1455 1452 1438 1455 1504 1538
179ST. PAUL1999123  1538 1430 1407 1474 1499 1535 1497 1401 1379
179ST. PAUL2000 11  1416 1453 1507 1566 1561 1474 1412 1405 1413 1412 1426
179ST. PAUL2000 12  1448 1606 1759 1491 1422 1425 1405 1441 1640 1561 1463
179ST. PAUL2000 13  1495 1541 1542 1488 1519 1500 1469 1480 1496
179ST. PAUL2000 21  1522 1470 1397 1390 1308 1234 1236 1267 1284 1342 1295
179ST. PAUL2000 22  1201 1213 1268 1287 1285 1282 1323 1336 1307 1310 1318
179ST. PAUL2000 23  1290 1293 1344 1334 1300 1256 1230
179ST. PAUL2000 31  1236 1264 1311 1355 1410 1410 1327 1307 1322 1302 1293
179ST. PAUL2000 32  1325 1314 1264 1211 1202 1248 1312 1293 1243 1277 1283
179ST. PAUL2000 33  1266 1255 1247 1255 1291 1306 1304 1306 1320
179ST. PAUL2000 41  1358 1360 1318 1232 1252 1297 1316 1332 1252 1270 1348
179ST. PAUL2000 42  1347 1334 1317 1350 1354 1326 1373 1411 1448 1504 1445
179ST. PAUL2000 43  1347 1262 1261 1219 1208 1248 1300 1332
179ST. PAUL2000 51  1387 1437 1355 1260 1258 1230 1206 1227 1201 1230 1275
179ST. PAUL2000 52  1332 1374 1357 1375 1441 1428 1387 1415 1345 1306 1312
179ST. PAUL2000 53  1339 1363 1371 1418 1484 1473 1416 1390 1351
179ST. PAUL2000 61  1313 1367 1351 1332 1399 1527 1540 1472 1495 1542 1462
179ST. PAUL2000 62  1307 1203 1202 1290 1247 1122 1162 1304 1342 1277 1254
179ST. PAUL2000 63  1245 1229 1260 1305 1374 1286 1186 1314
179ST. PAUL2000 71  1308 1199 1190 1241 1281 1355 1393 1312 1268 1409 1420
179ST. PAUL2000 72  1206 1211 1250 1215 1174 1188 1278 1335 1264 1247 1300
179ST. PAUL2000 73  1422 1442 1393 1328 1361 1433 1406 1356 1334
179ST. PAUL2000 81  1403 1433 1299 1216 1279 1369 1449 1494 1447 1436 1470
179ST. PAUL2000 82  1429 1360 1451 1523 1504 1510 1461 1446 1495 1419 1446
179ST. PAUL2000 83  1388 1335 1407 1318 1277 1288 1306 1298 1308
179ST. PAUL2000 91  1356 1443 1441 1371 1371 1420 1507 1510 1566 1462 1354
179ST. PAUL2000 92  1411 1307 1269 1433 1400 1242 1239 1330 1334 1339 1396
179ST. PAUL2000 93  1504 1469 1425 1399 1295 1328 1442 1469
179ST. PAUL2000101  1405 1324 1265 1245 1276 1283 1292 1299 1240 1196 1222
179ST. PAUL2000102  1266 1315 1337 1370 1479 1543 1403 1267 1273 1288 1304
179ST. PAUL2000103  1322 1292 1354 1357 1251 1266 1322 1285 1250
179ST. PAUL2000111  1336 1430 1436 1311 1262 1269 1312 1309 1346 1430 1400
179ST. PAUL2000112  1439 1431 1360 1460 1456 1504 1550 1499 9999 9999 1369
179ST. PAUL2000113  9999 1358 1310 1304 1321 1402 1404 1346
179ST. PAUL2000121  1374 1367 1388 1366 1365 1383 1345 1345 1404 1453 1450
179ST. PAUL2000122  1418 1459 1468 1449 1424 1299 1251 1252 1272 1294 1310
179ST. PAUL2000123  1341 1459 1447 1316 1383 1460 1357 1291 1282
179ST. PAUL2001 11  1282 1304 1324 1337 1384 1295 1263 1252 1222 1221 1220
179ST. PAUL2001 12  1223 1224 1194 1250 1298 1297 1289 1292 1257 1236 1266
179ST. PAUL2001 13  1295 1268 1264 1277 1285 1317 1282 1278 1328
179ST. PAUL2001 21  1358 1417 1376 1311 1368 1489 1504 1397 1321 1332 1377
179ST. PAUL2001 22  1431 1442 1373 1294 1268 1283 1297 1308 1312 1342 1379
179ST. PAUL2001 23  1328 1263 1293 1311 1283 1292
179ST. PAUL2001 31  1313 1339 1388 1352 1339 1361 1361 1404 1406 1376 1306
179ST. PAUL2001 32  1250 1243 1270 1256 1231 1249 1252 1284 1297 1335 1395
179ST. PAUL2001 33  1346 1361 1337 1282 1291 1300 1375 1392 1311
179ST. PAUL2001 41  1296 1358 1294 1212 1264 1349 1352 1340 1492 1440 1348
179ST. PAUL2001 42  1323 1298 1269 1228 1242 1305 1390 1380 1258 1271 1289
179ST. PAUL2001 43  1272 1409 1482 1355 1316 1333 1381 1463
179ST. PAUL2001 51  1436 1342 1322 1293 1285 1349 1405 1399 1354 1283 1293
179ST. PAUL2001 52  1328 1377 1441 1446 1459 1374 1357 1440 1478 1432 1394
179ST. PAUL2001 53  1385 1430 1444 1362 1317 1357 1399 1343 1309
179ST. PAUL2001 61  1329 1404 1406 1395 1410 1476 1458 1374 1429 1904 2048
179ST. PAUL2001 62  1721 1604 1596 9999 9999 9999 9999 1544 9999 9999 9999
179ST. PAUL2001 63  9999 1385 1292 1343 1474 1367 1325 9999
179ST. PAUL2001 71  9999 9999 9999 9999 9999 9999 9999 9999 9999 9999 9999
179ST. PAUL2001 72  1293 1353 1532 1575 1546 1559 1434 1342 1381 1541 1564
179ST. PAUL2001 73  1385 9999 9999 1505 9999 9999 9999 1432 1428
179ST. PAUL2001 81  1304 1251 1292 1333 1333 1335 1319 1264 1287 1366 1358
179ST. PAUL2001 82  1247 1224 1264 1313 1346 1365 1301 1306 1422 1345 1254
179ST. PAUL2001 83  1285 1362 1348 1363 1350 1351 1236 1230 1334
179ST. PAUL2001 91  1350 1344 1312 1265 1291 1360 1321 1339 1395 1314 1299
179ST. PAUL2001 92  1326 1316 1324 1407 1358 1321 1387 1332 1236 1291 1381
179ST. PAUL2001 93  1382 1305 1263 1232 1220 1265 1367 1400
179ST. PAUL2001101  1270 1263 1323 1392 1366 1253 1218 1268 1307 1249 1241
179ST. PAUL2001102  1263 1264 1291 1359 1443 1426 1295 1230 1274 1354 1434
179ST. PAUL2001103  1363 1275 1294 1344 1405 1481 1473 1454 1478
179ST. PAUL2001111  1422 1316 1313 1332 1311 1325 1358 1390 1432 1394 1385
179ST. PAUL2001112  1388 1374 1361 1391 1478 1430 1348 1380 1460 1451 1428
179ST. PAUL2001113  1468 1479 1484 1504 1492 1511 1493 1383
179ST. PAUL2001121  1379 1437 1431 1430 1423 1387 1395 1471 1547 1506 1469
179ST. PAUL2001122  1519 1586 1518 1465 1444 1403 1367 1357 1371 1391 1393
179ST. PAUL2001123  1399 1411 1350 1304 1350 1412 1509 1557 1449
179ST. PAUL2002 11  1369 1352 1370 1395 1398 1380 1373 1377 1399 1449 1483
179ST. PAUL2002 12  1472 1476 1549 1602 1518 1460 1537 1615 1561 1520 1496
179ST. PAUL2002 13  1463 1462 1489 1498 1495 1521 1535 1502 1626
179ST. PAUL2002 21  1588 1441 1410 1425 1444 1452 1448 1458 1462 1442 1422
179ST. PAUL2002 22  1426 1450 1477 1455 1408 1404 1449 1517 1541 1523 1438
179ST. PAUL2002 23  1402 1404 1427 1481 1531 1516
179ST. PAUL2002 31  1475 1390 1362 1433 1516 1490 1421 1411 1473 1448 1432
179ST. PAUL2002 32  1429 1401 1426 1406 1548 1732 1585 1565 1493 1409 1422
179ST. PAUL2002 33  1448 1554 1602 1499 1436 1440 1380 1380 1444
179ST. PAUL2002 41  1524 1527 1509 1474 1462 1410 1349 1322 1336 1441 1534
179ST. PAUL2002 42  1498 1421 1431 1450 1450 1509 1477 1428 1447 1476 1429
179ST. PAUL2002 43  1383 1463 1509 1477 1482 1520 1458 1377
179ST. PAUL2002 51  1394 1474 1498 1418 1392 1384 1440 1546 1426 1431 1536
179ST. PAUL2002 52  1425 1394 1440 1483 1766 1800 1532 1421 1510 1510 1448
179ST. PAUL2002 53  1547 1536 1514 1529 1484 1520 1483 1359 1332
179ST. PAUL2002 61  1290 1229 1213 1265 1405 1628 1572 1435 1424 1427 1344
179ST. PAUL2002 62  1349 1465 1433 9999 1390 1399 9999 1403 1460 1458 1402
179ST. PAUL2002 63  1395 1359 1298 1334 1379 1421 1339 1341
179ST. PAUL2002 71  1490 1440 1338 1409 1323 1267 1302 1316 1244 1233 1290
179ST. PAUL2002 72  1354 1368 1459 1768 1587 1272 1389 1337 1302 1388 1300
179ST. PAUL2002 73  1191 1169 1159 1209 1272 1223 1227 1238 1267
179ST. PAUL2002 81  1334 1281 1191 1225 1334 1335 1251 1308 1389 1390 1375
179ST. PAUL2002 82  1363 1327 1281 1397 1419 1322 1289 1292 1345 1375 1299
179ST. PAUL2002 83  1368 9999 9999 9999 9999 9999 1337 1333 1273
179ST. PAUL2002 91  1234 1256 1270 1267 1282 1308 1354 1396 1367 1387 9999
179ST. PAUL2002 92  9999 9999 9999 1520 1434 1349 1342 1397 1455 1416 1403
179ST. PAUL2002 93  1411 1389 1420 1440 1366 1332 1297 1299
179ST. PAUL2002101  1352 1345 1275 1321 1416 1411 1369 1375 1389 1476 1461
179ST. PAUL2002102  1390 1407 1459 1369 1356 1428 1466 1357 1241 1301 1327
179ST. PAUL2002103  1407 1395 1303 1347 1345 1280 1238 1221 1259
179ST. PAUL2002111  1316 1344 1287 1267 1260 1343 1316 1297 1264 1252 1323
179ST. PAUL2002112  1332 1275 9999 9999 1187 1200 1264 1283 9999 9999 9999
179ST. PAUL2002113  1199 1221 1247 1233 1261 9999 9999 9999
179ST. PAUL2002121  9999 9999 9999 9999 9999 9999 9999 9999 9999 9999 9999
179ST. PAUL2002122  9999 9999 9999 9999 9999 9999 9999 9999 9999 9999 9999
179ST. PAUL2002123  9999 9999 9999 9999 9999 9999 9999 9999 9999
179ST. PAUL2003 11  9999 9999 9999 9999 9999 9999 9999 9999 9999 9999 9999
179ST. PAUL2003 12  9999 9999 9999 9999 9999 1375 1424 1447 1428 1366 1289
179ST. PAUL2003 13  1293 1349 1392 1386 1436 1487 1423 1340 1282
179ST. PAUL2003 21  1302 1356 1422 1368 1378 1465 1469 1366 1336 1386 1476
179ST. PAUL2003 22  1604 1655 1526 1526 1490 1419 1395 1410 1358 1325 1329
179ST. PAUL2003 23  1340 1348 1379 1473 1508 1428
179ST. PAUL2003 31  1404 1407 1403 1379 1401 1414 1396 1386 1332 1318 1375
179ST. PAUL2003 32  1417 1413 1392 1359 1415 1486 1385 1309 1384 1403 1355
179ST. PAUL2003 33  1349 1414 1477 1482 1419 1472 1490 1443 1469
179ST. PAUL2003 41  1455 1414 1445 1425 1437 1454 1392 1371 1394 1359 1418
179ST. PAUL2003 42  1479 1412 1344 1345 1351 1353 1342 1361 1352 1277 1279
179ST. PAUL2003 43  1308 1330 1347 1400 1447 1467 1493 1468
179ST. PAUL2003 51  1472 1399 1355 1427 1384 1361 1469 1532 1511 1454 1503
179ST. PAUL2003 52  1484 1368 1343 1405 1421 1419 1328 1332 1401 1476 1544
179ST. PAUL2003 53  1506 1439 1455 1405 1290 1253 1243 1232 1242
179ST. PAUL2003 61  1241 1243 1253 1286 1347 1372 1351 1411 1597 1638 1569
179ST. PAUL2003 62  1588 1670 1539 1387 1421 1445 1366 1347 1383 1504 1508
179ST. PAUL2003 63  1447 1376 1345 1348 1401 1531 1506 1504
179ST. PAUL2003 71  1480 1387 1326 1363 1410 1383 1411 1412 1269 1352 1346
179ST. PAUL2003 72  1168 1155 1229 1382 1459 1403 1294 1296 1304 1363 1344
179ST. PAUL2003 73  1346 1307 1262 1302 1418 1506 1491 1516 1521
179ST. PAUL2003 81  1298 1185 1122 1102 1132 1206 1310 1247 1123 1109 1172
179ST. PAUL2003 82  1279 1280 1227 1280 1261 1286 1342 1205 1118 1144 1177
179ST. PAUL2003 83  1188 1292 1315 1212 1180 1253 1343 1349 1362
179ST. PAUL2003 91  1261 1184 1192 1250 1263 1277 1250 1188 1134 1178 1212
179ST. PAUL2003 92  1143 1134 1242 1310 1245 1239 1239 1206 1104 1068 1139
179ST. PAUL2003 93  1216 1268 1216 1167 1264 1234 1224 1295
179ST. PAUL2003101  1322 1313 1386 1465 1376 1301 1369 1461 1436 1332 1247
179ST. PAUL2003102  1251 1288 1308 1234 1187 1196 1216 1257 1238 1220 1193
179ST. PAUL2003103  1192 1210 1262 1312 1297 1307 1332 1364 1383
179ST. PAUL2003111  1322 1293 1382 1499 1455 1448 1493 1467 1480 1425 1372
179ST. PAUL2003112  1410 1431 1405 1374 1436 1449 1418 1408 1418 1359 1390
179ST. PAUL2003113  1491 1528 1484 1466 1430 1429 1419 1407
179ST. PAUL2003121  1436 1472 1437 1371 1365 1351 1366 1369 1327 1337 1373
179ST. PAUL2003122  1376 1369 1454 1502 1453 1436 1392 1404 1462 1471 1499
179ST. PAUL2003123  1452 1390 1404 1380 1423 9999 9999 1505 1438
179ST. PAUL2004 11  1420 1387 1364 1384 1458 1525 1591 1606 1536 1456 1424
179ST. PAUL2004 12  1440 1472 1531 1547 1475 1450 1459 1491 1497 1446 1435
179ST. PAUL2004 13  1427 1448 1473 1483 1508 1518 1538 1544 1542
179ST. PAUL2004 21  1544 1518 1542 1600 1647 1654 1597 1554 1533 1513 1533
179ST. PAUL2004 22  1481 1540 1539 1452 1449 1376 1341 1321 1310 1345 1396
179ST. PAUL2004 23  1431 1468 1488 1504 1535 1471 1394
179ST. PAUL2004 31  1408 1447 1418 1406 1394 1411 1502 1545 1458 1467 1491
179ST. PAUL2004 32  1453 1472 1573 1639 1595 1482 1465 1508 1480 1473 1496
179ST. PAUL2004 33  1475 1494 1451 1419 1439 1375 1332 1357 1401
179ST. PAUL2004 41  1396 1405 1401 1393 1437 1415 1422 1465 1469 1446 1400
179ST. PAUL2004 42  1400 1456 1441 1391 1373 1347 1383 1406 1388 1425 1362
179ST. PAUL2004 43  1343 1372 1388 1377 1364 1417 1504 1505
179ST. PAUL2004 51  1512 1599 1535 1436 1358 1432 1412 1333 1347 1422 1448
179ST. PAUL2004 52  1385 1307 1269 1313 1366 1379 1411 1335 1318 1315 1251
179ST. PAUL2004 53  1290 1404 1440 1442 1396 1289 1217 1274 1462
179ST. PAUL2004 61  1483 1419 1382 1369 1354 1292 1231 1235 1258 1303 1324
179ST. PAUL2004 62  1461 1470 1328 1223 1172 1210 1292 1239 1227 1310 1297
179ST. PAUL2004 63  1310 1212 1126 1116 1100 1106 1116 1094
179ST. PAUL2004 71  1092 1169 1216 1146 1118 1193 1336 1454 1371 1238 1241
179ST. PAUL2004 72  1292 1224 1254 1302 1251 1192 1198 1260 1243 1205 1268
179ST. PAUL2004 73  1339 1334 1244 1253 1278 1362 1366 1329 1298
179ST. PAUL2004 81  1334 1355 1258 1209 1293 1426 1511 1442 1348 1418 1443
179ST. PAUL2004 82  1332 1370 1436 1328 1349 1416 1446 1424 1404 1364 1399
179ST. PAUL2004 83  1405 1373 1391 1384 1463 1494 1454 1432 1356
179ST. PAUL2004 91  1354 1433 1410 1321 1326 1385 1382 1357 1407 1408 1300
179ST. PAUL2004 92  1279 1355 1437 1442 1469 1415 1322 1284 1321 1427 1443
179ST. PAUL2004 93  1305 1244 1281 1378 1397 1389 1391 1470
179ST. PAUL2004101  1543 1508 1466 1384 1358 1385 1331 1328 1336 1258 1281
179ST. PAUL2004102  1383 1351 1280 1306 1361 1292 1281 1340 1368 1343 1304
179ST. PAUL2004103  1311 1400 1428 1336 1311 1316 1256 1236 1264
179ST. PAUL2004111  1286 1300 1327 1414 1381 1317 1337 1326 1337 1361 1412
179ST. PAUL2004112  1391 1366 1352 1307 1343 1469 1484 1519 1479 1406 1441
179ST. PAUL2004113  1467 1494 1451 1387 1408 1444 1412 1422
179ST. PAUL2004121  1437 1412 1396 1473 1574 1545 1521 1565 1565 1558 1480
179ST. PAUL2004122  1505 1519 1550 1507 1531 1605 1553 1500 1493 1482 1500
179ST. PAUL2004123  1516 1573 1638 1475 1377 1523 1549 1529 1464
179ST. PAUL2005 11  1456 1476 1543 1532 1460 1478 1498 1463 1477 1535 1451
179ST. PAUL2005 12  1367 1437 1465 1379 1352 1426 1424 9999 1470 1469 1468
179ST. PAUL2005 13  1462 1492 1472 1444 1435 1461 1490 1545 1538
179ST. PAUL2005 21  1455 1412 1415 1434 1493 1552 1520 1412 1410 1495 1476
179ST. PAUL2005 22  1438 1485 1491 1456 1468 1541 1508 1414 1425 1477 1475
179ST. PAUL2005 23  1421 1402 1398 1368 1372 1475
179ST. PAUL2005 31  1565 1547 1516 1547 1558 1618 1587 1466 1442 1437 1431
179ST. PAUL2005 32  1480 1518 1494 1479 1466 1533 1521 1414 1417 1432 1370
179ST. PAUL2005 33  1366 1376 1418 1474 1449 1382 1382 1732 1848
179ST. PAUL2005 41  1497 1425 1467 1437 1415 1369 1444 1594 1481 1392 1387
179ST. PAUL2005 42  1493 1454 1381 1354 1352 1394 1406 1298 1320 1366 1347
179ST. PAUL2005 43  1384 1335 1260 1262 1299 1323 1370 1392
179ST. PAUL2005 51  1333 1364 1468 1536 1593 1607 1585 1518 1400 1409 1485
179ST. PAUL2005 52  1633 1532 1384 1519 1639 1424 1356 1297 1331 1434 1532
179ST. PAUL2005 53  1505 1381 1298 1349 1385 1373 1470 1505 1393
179ST. PAUL2005 61  1344 1378 1406 1370 1385 1397 1401 1400 1414 1434 1430
179ST. PAUL2005 62  1446 1371 1300 1330 1364 1440 1521 1538 1460 1428 1530
179ST. PAUL2005 63  1649 1718 1598 1476 1401 1404 1469 1554
179ST. PAUL2005 71  1457 1347 1390 1483 1419 1312 1292 1304 1397 1413 1384
179ST. PAUL2005 72  1433 1401 1421 1441 1469 1502 1427 1306 1306 1279 1322
179ST. PAUL2005 73  1404 1436 1436 1440 1446 1462 1446 1260 1155
179ST. PAUL2005 81  1182 1222 1234 1293 1426 1423 1319 1312 1344 1248 1229
179ST. PAUL2005 82  1251 1331 1264 1192 1251 1300 1237 1296 1373 1475 1570
179ST. PAUL2005 83  1557 1558 1373 1231 1158 1191 1211 1217 1244
179ST. PAUL2005 91  1310 1354 1401 1334 1279 1311 1375 1417 1353 1375 1446
179ST. PAUL2005 92  1438 1542 1646 1475 1380 1417 1338 1404 1414 1332 1364
179ST. PAUL2005 93  1377 1312 1260 1240 1252 1297 1377 1380
179ST. PAUL2005101  1401 1382 1270 1274 1334 1399 1373 1338 1365 1350 1383
179ST. PAUL2005102  1432 1384 1371 1458 1457 1459 1518 1496 1515 1501 1407
179ST. PAUL2005103  1371 1420 1411 1384 1383 1313 1338 1584 1576
179ST. PAUL2005111  1374 1349 1327 1340 1332 1340 1422 1439 1369 1380 1394
179ST. PAUL2005112  1420 1448 1426 1406 1409 1470 1392 1324 1363 1357 1328
179ST. PAUL2005113  1334 1362 1397 1370 1338 1370 1422 1419
179ST. PAUL2005121  1405 1411 1407 1471 1469 1404 1380 1387 1407 1472 1442
179ST. PAUL2005122  1433 1466 1490 1500 1459 1439 1478 1488 1428 1393 1450
179ST. PAUL2005123  1463 1420 1433 1510 1498 1449 1453 1484 1483
179ST. PAUL2006 11  1421 1398 1419 1448 1446 1383 1360 1392 1406 1393 1424
179ST. PAUL2006 12  1471 1413 1359 1428 1448 1446 1456 1437 1401 1400 1399
179ST. PAUL2006 13  1343 1339 1334 1331 1346 1343 1315 1314 1341
179ST. PAUL2006 21  1359 1393 1432 1479 1428 1399 1426 1337 1301 1339 1443
179ST. PAUL2006 22  1497 1426 1392 1416 1461 1492 1522 1484 1450 1441 1472
179ST. PAUL2006 23  1478 1459 1474 9999 9999 9999
179ST. PAUL2006 31  9999 9999 9999 9999 9999 9999 9999 9999 9999 9999 9999
179ST. PAUL2006 32  9999 9999 9999 9999 9999 9999 9999 9999 9999 9999 9999
179ST. PAUL2006 33  9999 9999 9999 9999 9999 9999 9999 9999 9999
179ST. PAUL2006 41  9999 9999 9999 9999 9999 9999 1368 1394 1427 1470 1474
179ST. PAUL2006 42  1447 1408 1356 1385 1456 1471 1445 1434 1494 1498 1485
179ST. PAUL2006 43  1469 1412 1415 1452 1485 1502 1456 1427
179ST. PAUL2006 51  1482 1519 1508 1527 1565 1579 1505 1476 1528 1542 1496
179ST. PAUL2006 52  1472 1443 1411 1406 1443 1479 1659 1533 1373 1350 1397
179ST. PAUL2006 53  1479 1492 1478 1433 1363 1383 1447 1422 1395
179ST. PAUL2006 61  1464 1476 1450 1382 1273 1312 1424 1467 1492 1386 1307
179ST. PAUL2006 62  1386 1472 1467 1452 1400 1341 1354 1390 1428 1459 1454
179ST. PAUL2006 63  1460 1416 1459 1420 1500 1474 1307 1302
179ST. PAUL2006 71  1406 1450 1428 1449 1504 1452 1412 1434 1529 1548 1433
179ST. PAUL2006 72  1350 1414 1470 1430 1464 1557 1512 1458 1543 1512 1372
179ST. PAUL2006 73  1376 1485 1535 1439 1383 1421 1427 1463 1556
179ST. PAUL2006 81  1578 1549 1547 1537 1448 1422 1536 1617 1601 1466 1507
179ST. PAUL2006 82  1583 1507 1479 1576 1560 1527 1579 1558 1473 1546 1507
179ST. PAUL2006 83  1507 1559 1567 1566 1461 1440 1390 1271 1275
179ST. PAUL2006 91  1319 1294 1296 1388 1406 1453 1544 1547 1465 1363 1389
179ST. PAUL2006 92  1442 1467 1417 1404 1374 1375 1394 1445 1447 1449 1484
179ST. PAUL2006 93  1410 1396 1432 1476 1557 1461 1383 1452
179ST. PAUL2006101  1420 1378 1442 1363 1181 1270 1486 1412 1305 1184 1186
179ST. PAUL2006102  1310 1358 1239 1200 1232 1254 1264 1319 1327 1314 1323
179ST. PAUL2006103  1336 1376 1450 1416 1408 1490 1413 1334 1308
179ST. PAUL2006111  1355 1457 1523 1522 1508 1445 1391 1418 1419 1363 1366
179ST. PAUL2006112  1405 1511 1523 1466 1446 1489 1542 1573 1558 1496 1405
179ST. PAUL2006113  1411 1476 1384 1323 1370 1384 1391 1409
179ST. PAUL2006121  1397 1368 1364 1412 1366 1268 1342 1493 1447 1356 1343
179ST. PAUL2006122  1383 1390 1397 1399 1411 1429 1389 1324 1330 1413 1495
179ST. PAUL2006123  1408 9999 9999 9999 9999 9999 9999 9999 9999
