225SAO TOME      LAT=00 20.9N  LONG=006 44.2E
225SAO TOME2004 81  9999 9999 9999 9999 9999 9999 9999 9999 9999 9999 9999
225SAO TOME2004 82  9999 9999 9999 9999 9999 9999 9999 9999 9999 9999 9999
225SAO TOME2004 83  9999 9999 9999 9999 9999 1721 1720 1763 1762
225SAO TOME2004 91  1720 1617 1597 1681 1702 1684 1723 1784 1820 1810 1774
225SAO TOME2004 92  1804 1838 1858 1860 1840 1847 1860 1861 1867 1864 1848
225SAO TOME2004 93  1834 1831 1849 1882 1897 1881 1856 1862
225SAO TOME2004101  1894 1911 1876 1869 1872 1874 1875 1878 1867 1873 1884
225SAO TOME2004102  1915 1911 1865 1834 1830 1793 1788 1785 1787 1792 1811
225SAO TOME2004103  1842 1843 1821 1815 1819 1801 1776 1768 1761
225SAO TOME2004111  1767 1774 1777 1785 1801 1812 1805 1823 1848 1858 1829
225SAO TOME2004112  1813 1823 1801 1784 1780 1777 1778 1786 1786 1822 1847
225SAO TOME2004113  1847 1819 1786 1763 1805 1819 1811 1817
225SAO TOME2004121  1812 1820 1819 1821 1830 1851 1872 1858 1820 1820 1802
225SAO TOME2004122  1770 1762 1773 1795 1805 1821 1825 1840 1853 1826 1824
225SAO TOME2004123  1844 1843 1843 1857 1818 1817 1825 1829 1841
225SAO TOME2005 11  1849 1890 1920 1888 1860 1839 1838 1859 1847 1831 1850
225SAO TOME2005 12  1855 1862 1890 1870 1860 1846 1859 1873 1874 1864 1817
225SAO TOME2005 13  1821 1826 1827 1843 1871 1881 1865 1891 1922
225SAO TOME2005 21  1878 1865 1869 1882 1889 1869 1852 1863 1885 1885 1897
225SAO TOME2005 22  1887 1883 1891 1871 1828 1833 1834 1819 1821 1827 1835
225SAO TOME2005 23  1854 1853 1831 1853 1890 1894
225SAO TOME2005 31  1843 1822 1826 1821 1796 1805 1853 1877 1880 1869 1884
225SAO TOME2005 32  1894 1852 1810 1793 1816 1834 1815 1806 1814 1812 1823
225SAO TOME2005 33  1836 1834 1841 1862 1880 1839 1808 1801 1813
225SAO TOME2005 41  1819 1788 1763 1765 1792 1803 1823 1825 1828 1822 1808
225SAO TOME2005 42  1779 1767 1761 1778 1763 1713 1702 1732 1771 1773 1752
225SAO TOME2005 43  1755 1761 1751 1700 1703 1751 1751 1744
225SAO TOME2005 51  1724 1752 1782 1779 1763 1730 1711 1710 1693 1675 1672
225SAO TOME2005 52  1677 1668 1646 1656 1656 1643 1640 1650 1663 1685 1700
225SAO TOME2005 53  1692 1680 1688 1673 1642 1648 1659 1651 1665
225SAO TOME2005 61  1687 1695 1689 1677 1671 1657 1661 1674 1692 1673 1641
225SAO TOME2005 62  1662 1691 1708 1721 1715 1691 1679 1676 1668 1640 1650
225SAO TOME2005 63  1671 1681 1690 1695 1706 1708 1709 1697
225SAO TOME2005 71  1671 1648 1637 1635 1632 1641 1659 1653 1650 1652 1657
225SAO TOME2005 72  1683 1696 1681 1659 1654 1657 1670 1669 1649 1673 1714
225SAO TOME2005 73  1716 1694 1693 1690 1686 1694 1693 1673 1659
225SAO TOME2005 81  1662 1672 1675 1695 1695 1712 1723 1742 1747 1737 1754
225SAO TOME2005 82  1745 1717 1736 1762 1748 1724 1737 1770 1770 1771 1772
225SAO TOME2005 83  1771 1757 1733 1726 1748 1749 1735 1762 1788
225SAO TOME2005 91  1801 1815 1788 1788 1814 1813 1784 1766 1784 1790 1775
225SAO TOME2005 92  1754 1750 1800 1838 1856 1858 1877 1899 1877 1846 1845
225SAO TOME2005 93  1871 1865 1868 1870 1870 1883 1891 1884
225SAO TOME2005101  1896 1911 1908 1902 1875 1877 1876 1872 1872 1868 1860
225SAO TOME2005102  1869 1898 1912 1878 1902 1933 1893 1853 1836 1845 1850
225SAO TOME2005103  1841 1865 1857 1848 1870 1878 1872 1872 1863
225SAO TOME2005111  1851 1849 1866 1852 1853 1862 1875 1875 1894 1912 1902
225SAO TOME2005112  1884 1875 1870 1852 1848 1822 1791 1795 1790 1782 1791
225SAO TOME2005113  1829 1837 1836 1826 1822 1841 1833 1810
225SAO TOME2005121  1770 1780 1811 1828 1827 1813 1820 1840 1842 1802 1786
225SAO TOME2005122  1796 1791 1804 1776 1748 1760 1752 1754 1775 1789 1809
225SAO TOME2005123  1812 1791 1801 1786 1775 1778 1761 1776 1799
225SAO TOME2006 11  1801 1807 1818 1827 1850 1855 1858 1839 1816 1788 1783
225SAO TOME2006 12  1770 1781 1811 1847 1864 1886 1896 1875 1864 1896 1879
225SAO TOME2006 13  1852 1842 1849 1847 1836 1820 1833 1873 1900
225SAO TOME2006 21  1926 1942 1933 1931 1939 1893 1858 1888 1901 1877 1875
225SAO TOME2006 22  1902 1922 1916 1919 1939 1918 1927 1929 1903 1864 1842
225SAO TOME2006 23  1854 1848 1857 1899 1964 1977
225SAO TOME2006 31  1955 1934 1917 1919 1895 1876 1877 1868 1874 1908 1916
225SAO TOME2006 32  1900 1903 1922 1919 1907 1894 1885 1883 1862 1842 1842
225SAO TOME2006 33  1843 1831 1820 1836 1890 1901 1878 1882 1893
225SAO TOME2006 41  1849 1814 1806 1777 1774 1815 1845 1848 1853 1830 1817
225SAO TOME2006 42  1825 1809 1783 1765 1780 1779 1759 1729 1726 1746 1754
225SAO TOME2006 43  1778 1804 1800 1794 1789 1803 1780 1758
225SAO TOME2006 51  1760 1739 1716 1726 1758 1780 1811 1820 1797 1769 1758
225SAO TOME2006 52  1749 1749 1739 1720 1699 1699 1734 1786 1806 1809 1819
225SAO TOME2006 53  1814 1793 1793 1790 1758 1758 1758 1764 1762
225SAO TOME2006 61  1783 1824 1839 1826 1815 1827 1827 1819 1817 1786 1758
225SAO TOME2006 62  1758 1770 1788 1770 1778 1800 1825 1813 1792 1798 1797
225SAO TOME2006 63  1776 1763 1743 1725 1726 1731 1725 1721
225SAO TOME2006 71  1740 1758 1772 1756 1737 1728 1718 1702 1704 1690 1701
225SAO TOME2006 72  1742 1763 1774 1797 1801 1781 1769 1747 1708 1700 1720
225SAO TOME2006 73  1734 1730 1736 1733 1748 1769 1748 1730 1761
225SAO TOME2006 81  1758 1752 1741 1714 1687 1708 1728 1722 1743 1776 1788
225SAO TOME2006 82  1803 1790 1759 1750 1762 1760 1738 1748 1800 1816 1793
225SAO TOME2006 83  1772 1790 1822 1819 1827 1829 1811 1805 1808
225SAO TOME2006 91  1821 1819 1817 1819 1828 1848 1865 1868 1858 1858 1874
225SAO TOME2006 92  1858 1798 1780 1799 1818 1838 1873 1889 1878 1876 1880
225SAO TOME2006 93  1873 1862 1878 1885 1889 1870 1848 1881
225SAO TOME2006101  1916 1932 1932 1935 1947 1955 1941 1916 1918 1931 1939
225SAO TOME2006102  1923 1915 1934 1931 1948 1962 1948 1923 1925 1928 1910
225SAO TOME2006103  1894 1887 1875 1886 1906 1918 1949 1966 1977
225SAO TOME2006111  1991 1993 2003 1980 1937 1933 1931 1899 1893 1879 1879
225SAO TOME2006112  1899 1893 1897 1878 1890 1904 1900 1876 1851 1846 1847
225SAO TOME2006113  1822 1821 1847 1868 1881 1880 1914 1934
225SAO TOME2006121  1917 1890 1866 1845 1841 1841 1854 1852 1871 1885 1887
225SAO TOME2006122  1906 1889 1861 1859 1873 1859 1855 1846 1852 1870 1867
225SAO TOME2006123  1871 1897 1939 1953 1944 1941 1933 1908 1899
225SAO TOME2007 11  1876 1875 1888 1894 1904 1900 1898 1905 1919 1918 1917
225SAO TOME2007 12  1902 1882 1873 1885 1884 1862 1859 1872 1896 1951 1944
225SAO TOME2007 13  1919 1940 1935 1908 1894 1893 1901 1893 1911
225SAO TOME2007 21  1944 1967 1967 1957 1970 1974 1951 1961 1978 1959 1933
225SAO TOME2007 22  1917 1908 1916 1927 1931 1982 2037 2018 1995 1966 1950
225SAO TOME2007 23  1936 1936 1928 1913 1905 1925
225SAO TOME2007 31  1945 1952 1941 1935 1963 1992 1990 1956 1947 1960 1924
225SAO TOME2007 32  1898 1904 1928 1945 1967 1997 2020 2014 1994 1952 1932
225SAO TOME2007 33  1939 1942 1934 1918 1918 1948 1966 1970 2004
225SAO TOME2007 41  2026 2019 1996 1935 1906 1896 1887 1893 1877 1888 1907
225SAO TOME2007 42  1911 1936 1961 1983 1972 1949 1947 1938 1919 1908 1947
225SAO TOME2007 43  1958 1943 1957 1968 1973 2004 2004 1984
225SAO TOME2007 51  1964 1960 1963 1953 1931 1931 1940 1949 1955 1980 1978
225SAO TOME2007 52  1983 1977 1955 1938 1912 1932 1953 1933 1937 1957 1982
225SAO TOME2007 53  1965 9999 9999 9999 9999 9999 9999 9999 9999
225SAO TOME2007 61  9999 9999 9999 9999 9999 9999 9999 9999 9999 9999 9999
225SAO TOME2007 62  9999 9999 9999 9999 9999 9999 9999 9999 9999 9999 9999
225SAO TOME2007 63  9999 9999 9999 9999 9999 9999 9999 9999
225SAO TOME2007 71  9999 9999 9999 9999 9999 9999 9999 9999 9999 9999 9999
225SAO TOME2007 72  9999 9999 9999 9999 9999 9999 9999 9999 9999 9999 9999
225SAO TOME2007 73  9999 9999 9999 9999 9999 9999 9999 9999 9999
225SAO TOME2007 81  9999 9999 9999 9999 9999 9999 9999 9999 9999 9999 9999
225SAO TOME2007 82  9999 9999 9999 9999 9999 9999 9999 9999 9999 9999 9999
225SAO TOME2007 83  9999 9999 9999 9999 9999 9999 9999 9999 9999
225SAO TOME2007 91  9999 9999 9999 9999 1734 1744 1758 1779 1792 1789 1790
225SAO TOME2007 92  1800 1815 1820 1812 1784 1797 1805 1791 1776 1806 1839
225SAO TOME2007 93  1846 1846 1881 1887 1871 1865 1858 1844
225SAO TOME2007101  1862 1884 1887 1854 1876 1908 1915 1928 1941 1929 1908
225SAO TOME2007102  1907 1902 1874 1859 1858 1851 1841 1853 1870 1864 1890
225SAO TOME2007103  1913 1898 1882 1868 1845 1857 1869 1871 1859
225SAO TOME2007111  1860 1875 1883 1864 1850 1866 1854 1847 1858 1827 1817
225SAO TOME2007112  1809 1803 1811 1793 1796 1829 1841 1827 1818 1836 1838
225SAO TOME2007113  1813 1811 1815 1804 1796 1809 1837 1835
225SAO TOME2007121  1828 1826 1828 1803 1798 1797 1796 1775 1760 1789 1806
225SAO TOME2007122  1786 1784 1835 1861 1856 1851 1842 1835 1824 1811 1817
225SAO TOME2007123  1804 1778 1771 1774 1803 1807 1795 1790 1790
225SAO TOME2008 11  1784 1752 1745 1747 1743 1751 1787 1805 1825 1847 1864
225SAO TOME2008 12  1857 1809 1786 1787 1791 1796 1808 1807 1802 1807 1809
225SAO TOME2008 13  1798 1781 1792 1815 1831 1831 1823 1827 1814
225SAO TOME2008 21  1809 1778 1764 1761 1768 1788 1796 1800 1820 1821 1821
225SAO TOME2008 22  1824 1821 1794 1791 1792 1793 1809 1815 1810 1823 1835
225SAO TOME2008 23  1827 1813 1804 1788 1796 1807 1821
225SAO TOME2008 31  1825 1823 1826 1857 1881 1883 1863 1871 1869 1839 1834
225SAO TOME2008 32  1850 1864 1843 1856 1880 1880 1867 1874 1884 1890 1868
225SAO TOME2008 33  1859 1870 1872 1834 1827 1847 1856 1861 1884
225SAO TOME2008 41  1895 1899 1913 1913 1892 1869 1848 1835 1832 1838 1830
225SAO TOME2008 42  1842 1851 1838 1837 1822 1819 1824 1816 1834 1879 1845
225SAO TOME2008 43  1794 1773 1799 1832 1849 1851 1868 1872
225SAO TOME2008 51  1890 1895 1864 1819 1770 1755 1755 1778 1795 1784 1797
225SAO TOME2008 52  1799 1795 1783 1764 1764 1768 1757 1752 1731 1733 1763
225SAO TOME2008 53  1782 1788 1788 1792 1793 1799 1785 1771 1775
225SAO TOME2008 61  1761 1714 1674 1662 1669 1667 1677 1684 1684 1693 1716
225SAO TOME2008 62  1722 1690 1663 1654 1651 1649 1676 1704 1721 1731 1726
225SAO TOME2008 63  1731 1731 1725 1729 1739 1755 1736 1699
225SAO TOME2008 71  1695 1711 1735 1741 1754 1754 1728 1698 1684 1715 1750
225SAO TOME2008 72  1728 1710 1693 1689 1702 1711 1717 1727 1742 1757 1733
225SAO TOME2008 73  1706 1717 1730 1710 1700 1713 1697 1686 1719
225SAO TOME2008 81  1754 1766 1758 1772 1772 1742 1696 1693 1722 1733 1730
225SAO TOME2008 82  1726 1724 1736 1775 1785 1786 1829 1845 1835 1812 1798
225SAO TOME2008 83  1764 1749 1765 1778 1800 1818 1817 1804 1822
225SAO TOME2008 91  1836 1829 1815 1788 1766 1802 1802 1781 1800 1845 1859
225SAO TOME2008 92  1871 1886 1885 1896 1923 1930 1902 1885 1870 1849 1860
225SAO TOME2008 93  1863 1900 1930 1921 1912 1926 1939 1959
225SAO TOME2008101  1940 1911 1921 1931 1947 1964 1971 1986 1996 2001 2006
225SAO TOME2008102  2005 2001 2022 2015 2001 1974 1939 1953 1963 1982 2012
225SAO TOME2008103  2032 2041 2060 2046 2006 2017 2028 2004 1996
225SAO TOME2008111  1987 2009 2013 1979 2006 2044 2057 2057 2060 2039 2002
225SAO TOME2008112  1991 1993 1994 1965 1959 1977 2010 2009 2000 2023 2041
225SAO TOME2008113  2009 1994 1983 1970 1967 1958 1942 1940
225SAO TOME2008121  1942 1941 1947 1972 1981 1977 1986 1977 1977 1950 1912
225SAO TOME2008122  1908 1919 1959 1973 1970 1990 2024 2016 2017 2025 2006
225SAO TOME2008123  1984 1978 1977 1973 1992 1979 1965 1954 1954
225SAO TOME2009 11  1968 1978 1985 1984 1972 1967 1957 1929 1914 1921 1943
225SAO TOME2009 12  1939 1950 1976 1955 1940 1949 1959 1966 1963 1948 1946
225SAO TOME2009 13  1955 1954 1953 1967 1981 1978 1976 1993 1999
225SAO TOME2009 21  2002 1988 1994 2016 2002 1990 1980 1979 1982 2011 2049
225SAO TOME2009 22  2044 2029 2019 2011 2008 1999 2003 1988 1978 1989 2007
225SAO TOME2009 23  2022 2030 2034 2024 1998 1983
225SAO TOME2009 31  1985 1971 1972 1987 1997 1998 1988 2005 2033 2022 2014
225SAO TOME2009 32  1994 1971 1970 1965 1972 1971 1972 1964 1969 1981 2002
225SAO TOME2009 33  2021 2032 2029 2009 2001 1981 1939 1927 1945
225SAO TOME2009 41  1953 1921 1898 1920 1901 1923 1966 1977 1954 1933 1925
225SAO TOME2009 42  1925 1925 1897 1906 1929 1904 1907 1954 1986 1984 1989
225SAO TOME2009 43  1980 1966 1969 1944 1821 1705 1708 1760
225SAO TOME2009 51  1793 1775 1788 1800 1795 1786 1763 1751 1754 1752 1757
225SAO TOME2009 52  1763 1766 1778 1765 1767 1794 1817 1815 1775 1761 1758
225SAO TOME2009 53  1764 1756 1742 1739 1728 1724 1718 1709 1699
225SAO TOME2009 61  1711 1706 1687 1674 1654 1672 1688 1697 1690 1668 1680
225SAO TOME2009 62  1678 1670 1693 1706 1709 1695 1704 1708 1683 1644 1630
225SAO TOME2009 63  1652 1655 1634 1634 1635 1630 1632 1634
225SAO TOME2009 71  1627 1634 1636 1629 1634 1637 1614 1616 1636 1650 1655
225SAO TOME2009 72  1671 1680 1694 1683 1669 1670 1657 1636 1642 1669 1686
225SAO TOME2009 73  1692 1714 1718 1679 1652 1637 1627 1651 1657
225SAO TOME2009 81  1641 1654 1677 1681 1650 1675 1715 1741 1758 1749 1733
225SAO TOME2009 82  1719 1715 1713 1703 1721 1741 1741 1763 1790 1787 1768
225SAO TOME2009 83  1746 1743 1746 1736 1710 1706 1711 1713 1708
225SAO TOME2009 91  1716 1736 1747 1750 1749 1740 1734 1734 1752 1770 1748
225SAO TOME2009 92  1731 1748 1784 1794 1799 1793 1795 1794 1776 1755 1751
225SAO TOME2009 93  1753 1757 1765 1743 1742 1792 1810 1799
225SAO TOME2009101  1797 1799 1801 1797 1798 1808 1820 1818 1818 1823 1829
225SAO TOME2009102  1838 1851 1863 1867 1882 1889 1861 1834 1831 1844 1835
225SAO TOME2009103  1838 1852 1883 1882 1880 1888 1876 1881 1889
225SAO TOME2009111  1881 1884 1855 1819 1829 1844 1836 1817 1813 1821 1809
225SAO TOME2009112  1798 1801 1805 1794 1780 1795 1789 1777 1779 1799 1800
225SAO TOME2009113  1794 1780 1791 1807 1806 1799 1790 1791
225SAO TOME2009121  1768 1752 1757 1741 1756 1786 1807 1811 1806 1799 1796
225SAO TOME2009122  1785 1750 1756 1759 1744 1730 1724 1747 1778 1773 1779
225SAO TOME2009123  1789 1788 1803 1800 1783 1757 1757 1772 1777
225SAO TOME2010 11  1774 1755 1766 1795 1811 1796 1777 1769 1766 1750 1744
225SAO TOME2010 12  1736 1729 1752 1772 1767 1783 1802 1791 1798 1797 1810
225SAO TOME2010 13  1830 1825 1800 1792 1812 1819 1817 1828 1852
225SAO TOME2010 21  1856 1819 1810 1801 1795 1796 1792 1779 1788 1793 1779
225SAO TOME2010 22  1779 1789 1799 1825 1806 1775 1757 1773 1772 1766 1785
225SAO TOME2010 23  1801 1810 1826 1850 1876 1899
225SAO TOME2010 31  1901 1855 1824 1833 1828 1794 1774 1772 1782 1795 1798
225SAO TOME2010 32  1816 1823 1804 1793 1791 1790 1796 1794 1778 1764 1754
225SAO TOME2010 33  1774 1807 1829 1828 9999 9999 1817 1784 1798
225SAO TOME2010 41  9999 9999 9999 9999 9999 9999 1750 1768 1797 9999 9999
225SAO TOME2010 42  9999 9999 9999 9999 9999 9999 9999 9999 9999 1720 1732
225SAO TOME2010 43  1752 1766 1758 1748 1739 1746 1750 1744
225SAO TOME2010 51  1736 1746 1745 1714 1708 1726 1738 1754 1759 1759 1722
225SAO TOME2010 52  1682 1656 1664 1670 1674 1708 1724 1722 1754 1772 1763
225SAO TOME2010 53  1759 1736 1713 1702 1702 1697 1696 1705 1690
225SAO TOME2010 61  1671 1665 1697 1735 1721 1698 1709 1730 1724 1710 1698
225SAO TOME2010 62  1683 1675 1695 1715 1710 1715 1736 1752 1704 1699 1712
225SAO TOME2010 63  1694 1669 1662 1684 1696 1700 1723 1740
225SAO TOME2010 71  1734 1708 1705 1701 1711 1722 1707 1686 1706 1724 1726
225SAO TOME2010 72  1736 9999 9999 9999 9999 9999 9999 9999 9999 9999 9999
225SAO TOME2010 73  9999 9999 9999 9999 9999 9999 9999 9999 9999
225SAO TOME2010 81  9999 9999 9999 9999 9999 9999 9999 9999 9999 9999 9999
225SAO TOME2010 82  9999 9999 9999 9999 9999 9999 9999 9999 9999 9999 9999
225SAO TOME2010 83  9999 9999 9999 9999 9999 9999 9999 9999 9999
