259BERMUDA       LAT=32 22.4N  LONG=064 42.2W
259BERMUDA 1985 11  9999 1187 1195 1271 1368 1305 1262 1358 1329 1250 1302
259BERMUDA 1985 12  1418 1399 1334 1382 1343 1259 1336 1350 1305 1320 1303
259BERMUDA 1985 13  1308 1300 1308 1350 1250 1245 1326 1251 1138
259BERMUDA 1985 21  1111 1150 1169 1156 1143 1266 1347 1357 1385 1342 1260
259BERMUDA 1985 22  1241 1299 1303 1298 1307 1238 1208 1220 1298 1308 1181
259BERMUDA 1985 23  1167 1219 1237 1233 1257 1291
259BERMUDA 1985 31  1269 1292 1340 1299 1276 1322 1275 1225 1323 1374 1320
259BERMUDA 1985 32  1294 1343 1340 1355 1339 1348 1456 1386 1258 1264 1287
259BERMUDA 1985 33  1366 1429 1432 1371 1288 1265 1279 1307 1289
259BERMUDA 1985 41  1283 1355 1397 1313 1221 1214 1225 1234 1261 1231 1146
259BERMUDA 1985 42  1152 1161 1140 1140 1156 1187 1158 1084 1096 1122 1127
259BERMUDA 1985 43  1154 1138 1107 1165 1185 1186 1200 1195
259BERMUDA 1985 51  1161 1157 1157 1151 1125 1104 1105 1085 1030  987 1017
259BERMUDA 1985 52  1041 1054 1088 1112 1121 1210 1234 1157 1078 1054 1083
259BERMUDA 1985 53  1149 1182 1217 1249 1239 1238 1240 1242 1242
259BERMUDA 1985 61  1246 1259 1276 1283 1263 1271 1320 1350 1360 1334 1308
259BERMUDA 1985 62  1303 1330 1350 1326 1310 1333 1341 1339 1329 1322 1330
259BERMUDA 1985 63  1335 1327 1347 1426 1425 1352 1342 1322
259BERMUDA 1985 71  1314 1297 1277 1288 1288 1274 1292 1320 1345 1344 1335
259BERMUDA 1985 72  1348 1344 1337 1341 1369 1391 1371 1376 1399 1440 1408
259BERMUDA 1985 73  1384 1362 1332 1325 1332 1349 1354 1369 1369
259BERMUDA 1985 81  1398 1455 1476 1489 1481 1450 1412 1402 1418 1435 1433
259BERMUDA 1985 82  1470 1430 1354 1347 1366 1392 1382 1356 1366 1401 1430
259BERMUDA 1985 83  1436 1426 1396 1369 1384 1412 1453 1470 1471
259BERMUDA 1985 91  1462 1448 1468 1469 1455 1462 1484 1512 1514 1510 1508
259BERMUDA 1985 92  1531 1543 1543 1543 1604 1635 1579 1557 1574 1597 1639
259BERMUDA 1985 93  1649 1650 1658 1646 1648 1629 1595 1604
259BERMUDA 1985101  1605 1606 1598 1589 1607 1625 1637 1609 1548 1574 1659
259BERMUDA 1985102  1716 1668 1615 1585 1572 1556 1559 1539 1573 1590 1587
259BERMUDA 1985103  1645 1667 1676 1714 1689 1700 1707 1671 1666
259BERMUDA 1985111  1739 1755 1709 1658 1653 1681 1667 1667 1606 1542 1505
259BERMUDA 1985112  1490 1501 1508 1527 1516 1493 1500 1493 1476 1474 1495
259BERMUDA 1985113  1559 1597 1529 1496 1506 1529 1535 1538
259BERMUDA 1985121  1547 1552 1559 1488 1457 1531 1572 1425 1415 1421 1413
259BERMUDA 1985122  1464 1482 1516 1490 1425 1431 1437 1427 1400 1454 1449
259BERMUDA 1985123  1397 1409 1422 1407 1329 1303 1347 1423 1350
259BERMUDA 1986 11  1359 1360 1336 1361 1378 1405 1385 1401 1304 1309 1440
259BERMUDA 1986 12  1434 1412 1456 1410 1324 1272 1284 1352 1426 1433 1379
259BERMUDA 1986 13  1390 1445 1401 1387 1463 1465 1407 1407 1377
259BERMUDA 1986 21  1316 1295 1372 1403 1354 1399 1428 1405 1382 1366 1418
259BERMUDA 1986 22  1463 1447 1390 1421 1459 1345 1382 1498 1539 1513 1479
259BERMUDA 1986 23  1515 1541 1605 1614 1520 1520
259BERMUDA 1986 31  1550 1582 1492 1457 1519 1532 1561 1546 1431 1389 1421
259BERMUDA 1986 32  1476 1438 1448 1475 1520 1563 1492 1430 1467 1518 1525
259BERMUDA 1986 33  1527 1517 1416 1385 1467 1513 1484 1494 1471
259BERMUDA 1986 41  1441 1489 1486 1409 1368 1360 1379 1451 1554 1592 1539
259BERMUDA 1986 42  1492 1465 1483 1494 1446 1450 1495 1525 1509 1466 1429
259BERMUDA 1986 43  1436 1445 1427 1404 1378 1369 1407 1422
259BERMUDA 1986 51  1390 1357 1360 1347 1299 1286 1340 1416 1460 1454 1439
259BERMUDA 1986 52  1396 1358 1325 1309 1321 1321 1288 1264 1249 1252 1274
259BERMUDA 1986 53  1291 1292 1310 1332 1343 1335 1369 1384 1368
259BERMUDA 1986 61  1353 1351 1366 1360 1334 1300 1286 1298 1321 1368 1367
259BERMUDA 1986 62  1360 1367 1368 1384 1386 1411 1443 1468 1443 1491 1509
259BERMUDA 1986 63  1452 1411 1437 1466 1424 1421 1443 1467
259BERMUDA 1986 71  1476 1459 1496 1494 1466 1467 1474 1489 1503 1531 1521
259BERMUDA 1986 72  1473 1439 1427 1431 1414 1407 1453 1479 1460 1428 1363
259BERMUDA 1986 73  1344 1355 1364 1376 1334 1326 1362 1326 1315
259BERMUDA 1986 81  1329 1322 1304 1312 1361 1363 1347 1364 1368 1370 1358
259BERMUDA 1986 82  1362 1369 1414 1458 1472 1462 1442 1445 1446 1436 1440
259BERMUDA 1986 83  1453 1430 1441 1421 1393 1400 1410 1416 1410
259BERMUDA 1986 91  1397 1391 1373 1424 1473 1424 1415 1406 1347 1298 1302
259BERMUDA 1986 92  1322 1358 1377 1357 1352 1370 1306 1282 1305 1319 1322
259BERMUDA 1986 93  1326 1362 1377 1359 1348 1362 1314 1305
259BERMUDA 1986101  1363 1423 1441 1429 1463 1496 1472 1400 1362 1419 1436
259BERMUDA 1986102  1432 1458 1444 1465 1505 1524 1529 1552 1538 1502 1469
259BERMUDA 1986103  1454 1469 1463 1447 1458 1462 1448 1471 1455
259BERMUDA 1986111  1357 1374 1432 1464 1463 1475 1456 1442 1430 1430 1468
259BERMUDA 1986112  1467 1470 1468 1438 1512 1516 1528 1556 1512 1521 1505
259BERMUDA 1986113  1435 1412 1432 1414 1422 1447 1437 1435
259BERMUDA 1986121  1407 1391 1428 1467 1451 1409 1385 1383 1357 1359 1368
259BERMUDA 1986122  1365 1406 1368 1341 1387 1406 1395 1463 1479 1435 1425
259BERMUDA 1986123  1331 1305 1344 1392 1419 1429 1423 1373 1406
259BERMUDA 1987 11  1377 1412 1421 1383 1424 1463 1427 1422 1382 1346 1439
259BERMUDA 1987 12  1515 1524 1422 1313 1336 1375 1367 1373 1418 1397 1439
259BERMUDA 1987 13  1506 1427 1372 1465 1521 1500 1463 1404 1508
259BERMUDA 1987 21  1546 1432 1482 1506 1421 1359 1441 1545 1564 1514 1450
259BERMUDA 1987 22  1487 1552 1491 1481 1478 1522 1513 1438 1404 1419 1428
259BERMUDA 1987 23  1478 1464 1398 1394 1357 1298
259BERMUDA 1987 31  1266 1325 1319 1272 1281 1205 1180 1220 1302 1381 1417
259BERMUDA 1987 32  1349 1319 1427 1406 1328 1381 1426 1401 1446 1433 1436
259BERMUDA 1987 33  1467 1445 1400 1329 1288 1308 1321 1308 1312
259BERMUDA 1987 41  1350 1309 1245 1262 1322 1354 1369 1398 1425 1447 1381
259BERMUDA 1987 42  1301 1316 1400 1447 1434 1434 1444 1471 1515 1523 1544
259BERMUDA 1987 43  1563 1565 1567 1582 1618 1625 1608 1578
259BERMUDA 1987 51  1568 1549 1509 1502 1507 1531 1561 1545 1536 1500 1482
259BERMUDA 1987 52  1487 1471 1436 1442 1477 1505 1512 1522 1513 1450 1363
259BERMUDA 1987 53  1369 1389 1413 1448 1448 1442 1470 1498 1478
259BERMUDA 1987 61  1465 1470 1500 1519 1505 1539 1543 1498 1481 1479 1467
259BERMUDA 1987 62  1420 1398 1405 1415 1441 1468 1457 1425 1428 1417 1412
259BERMUDA 1987 63  1412 1402 1400 1407 1403 1394 1374 1362
259BERMUDA 1987 71  1401 1439 1440 1418 1409 1410 1414 1415 1383 1387 1396
259BERMUDA 1987 72  1387 1370 1366 1374 1366 1371 1381 1380 1398 1381 1396
259BERMUDA 1987 73  1424 1385 1354 1356 1378 1411 1438 1443 1432
259BERMUDA 1987 81  1451 1456 1439 1471 1499 1489 1497 1494 1483 1489 1516
259BERMUDA 1987 82  1531 1579 1519 1452 1423 1409 1407 1432 1478 1474 1447
259BERMUDA 1987 83  1443 1471 1440 1406 1402 1404 1399 1402 1388
259BERMUDA 1987 91  1406 1423 1417 1426 1428 1419 1431 1425 1455 1485 1490
259BERMUDA 1987 92  1478 1463 1467 1466 1493 1532 1556 1555 1547 1551 1542
259BERMUDA 1987 93  1573 1593 1602 1549 1502 1463 1477 1533
259BERMUDA 1987101  1552 1541 1530 1580 1609 1617 1581 1575 1521 1489 1517
259BERMUDA 1987102  1557 1596 1584 1546 1529 1493 1474 1497 1508 1482 1479
259BERMUDA 1987103  1448 1438 1474 1480 1458 1464 1436 1368 1339
259BERMUDA 1987111  1320 1329 1295 1332 1423 1442 1335 1263 1266 1295 1365
259BERMUDA 1987112  1418 1383 1329 1302 1256 1226 1268 1318 1357 1400 1315
259BERMUDA 1987113  1239 1284 1252 1281 1279 1269 1291 1388
259BERMUDA 1987121  1328 1266 1262 1324 1380 1293 1208 1168 1183 1244 1332
259BERMUDA 1987122  1346 1290 1245 1224 1325 1423 1314 1178 1152 1179 1241
259BERMUDA 1987123  1302 1223 1171 1231 1283 1293 1388 1387 1220
259BERMUDA 1988 11  1154 1230 1262 1295 1331 1306 1285 1311 1378 1348 1321
259BERMUDA 1988 12  1354 1369 1323 1313 1389 1325 1298 1343 1316 1333 1367
259BERMUDA 1988 13  1384 1336 1308 1342 1329 1284 1251 1184 1154
259BERMUDA 1988 21  1182 1208 1241 1264 1284 1315 1282 1207 1251 1277 1225
259BERMUDA 1988 22  1195 1262 1238 1143 1184 1190 1160 1205 1214 1260 1228
259BERMUDA 1988 23  1165 1219 1284 1342 1321 1343 1415
259BERMUDA 1988 31  1328 1236 1189 1188 1234 1255 1295 1244 1203 1316 1401
259BERMUDA 1988 32  1277 1242 1360 1456 1392 1315 1232 1251 1295 1241 1218
259BERMUDA 1988 33  1154 1120 1135 1166 1192 1240 1265 1279 1264
259BERMUDA 1988 41  1254 1227 1231 1267 1340 1428 1467 1534 1536 1501 1459
259BERMUDA 1988 42  1425 1448 1454 1394 1368 1371 1362 1379 1432 1453 1468
259BERMUDA 1988 43  1428 1377 1399 1387 1372 1362 1345 1305
259BERMUDA 1988 51  1294 1378 1334 1227 1247 1343 1398 1367 1319 1260 1214
259BERMUDA 1988 52  1199 1160 1164 1190 1206 1216 1194 1206 1213 1221 1244
259BERMUDA 1988 53  1245 1229 1224 1239 1224 1216 1232 1274 1298
259BERMUDA 1988 61  1264 1264 1279 1283 1253 1252 1299 1295 1246 1216 1212
259BERMUDA 1988 62  1236 1221 1213 1219 1245 1271 1270 1269 1273 1295 1295
259BERMUDA 1988 63  1314 1362 1364 1367 1393 1403 1410 1434
259BERMUDA 1988 71  9999 9999 9999 9999 9999 9999 9999 9999 9999 9999 9999
259BERMUDA 1988 72  9999 9999 9999 9999 9999 9999 9999 9999 9999 9999 9999
259BERMUDA 1988 73  9999 9999 9999 9999 9999 9999 9999 9999 9999
259BERMUDA 1988 81  9999 1384 1380 1371 1386 1410 1417 1425 1434 1414 1409
259BERMUDA 1988 82  1430 1430 1438 1451 1488 1547 1596 1560 1491 1481 1493
259BERMUDA 1988 83  1487 1487 1497 1478 1457 1452 1437 1449 1498
259BERMUDA 1988 91  1518 1512 1530 1540 1535 1545 1534 1505 1510 1533 1570
259BERMUDA 1988 92  1577 1555 1577 1628 1603 1550 1546 1562 1571 1571 1602
259BERMUDA 1988 93  1617 1593 1574 1578 1564 1538 1535 1523
259BERMUDA 1988101  1545 9999 9999 9999 9999 9999 9999 9999 9999 9999 9999
259BERMUDA 1988102  9999 9999 9999 9999 9999 9999 9999 9999 9999 9999 9999
259BERMUDA 1988103  9999 9999 9999 9999 9999 9999 9999 9999 9999
259BERMUDA 1988111  9999 9999 9999 9999 9999 9999 9999 9999 9999 9999 9999
259BERMUDA 1988112  9999 9999 9999 9999 9999 9999 9999 9999 9999 9999 9999
259BERMUDA 1988113  9999 9999 9999 9999 9999 9999 9999 9999
259BERMUDA 1988121  9999 9999 9999 9999 9999 9999 9999 9999 9999 9999 9999
259BERMUDA 1988122  9999 9999 9999 9999 9999 9999 9999 9999 9999 9999 9999
259BERMUDA 1988123  9999 9999 9999 9999 9999 9999 9999 9999 9999
259BERMUDA 1989 11  1365 1405 1408 1367 1323 1315 1307 1296 1290 1300 1290
259BERMUDA 1989 12  1294 1340 1346 1314 1360 1390 1345 1370 1369 1417 1363
259BERMUDA 1989 13  1391 1504 1462 1325 1399 1450 1358 1396 1472
259BERMUDA 1989 21  1437 1350 1315 1327 1337 1344 1358 1373 1377 1437 1459
259BERMUDA 1989 22  1475 1450 1338 1329 1340 1350 1415 1475 1449 1396 1384
259BERMUDA 1989 23  1433 1493 1506 1514 1494 1485
259BERMUDA 1989 31  1487 1457 1468 1469 1468 1495 1533 1531 1541 1598 1625
259BERMUDA 1989 32  1636 1553 1463 1421 1397 1347 1331 1391 1379 1328 1328
259BERMUDA 1989 33  1302 1273 1278 1294 1233 1185 1217 1238 1217
259BERMUDA 1989 41  9999 9999 9999 9999 9999 9999 9999 9999 9999 9999 9999
259BERMUDA 1989 42  9999 9999 9999 9999 9999 9999 9999 9999 9999 9999 9999
259BERMUDA 1989 43  9999 9999 9999 9999 9999 9999 9999 9999
259BERMUDA 1989 51  9999 9999 9999 9999 9999 9999 9999 9999 9999 9999 9999
259BERMUDA 1989 52  9999 9999 9999 9999 9999 9999 9999 9999 9999 9999 9999
259BERMUDA 1989 53  9999 9999 9999 9999 9999 9999 9999 9999 9999
259BERMUDA 1989 61  1102 1150 1163 1167 1154 1161 1169 1179 1181 1184 1215
259BERMUDA 1989 62  1239 1220 1195 1207 1165 1141 1164 1197 1194 1191 1223
259BERMUDA 1989 63  1285 1325 1319 1352 1338 1282 1297 1362
259BERMUDA 1989 71  9999 9999 9999 9999 9999 9999 9999 9999 9999 9999 1362
259BERMUDA 1989 72  1375 1362 1370 1348 1323 1340 1346 1364 1385 1396 1385
259BERMUDA 1989 73  1386 1433 1433 1443 1463 1499 1561 1561 1514
259BERMUDA 1989 81  1510 1559 1621 1618 1586 1632 1620 1565 1506 1461 1457
259BERMUDA 1989 82  1438 1402 1421 1456 1455 1446 1424 1402 1398 1409 1428
259BERMUDA 1989 83  1438 1458 1456 1457 1463 1430 1415 1434 1446
259BERMUDA 1989 91  1418 1398 1394 1420 1439 1479 1587 1612 1529 1496 1475
259BERMUDA 1989 92  1477 1464 1475 1479 1464 1470 1498 1500 1501 1502 1511
259BERMUDA 1989 93  1515 1475 1431 1418 1439 1399 1380 1416
259BERMUDA 1989101  1393 1378 1408 1479 1477 1449 1449 1467 1471 1415 1392
259BERMUDA 1989102  1380 1379 1398 1392 1389 1400 1431 1417 1406 1486 1509
259BERMUDA 1989103  1480 1510 1551 1460 1395 1411 1436 1447 1448
259BERMUDA 1989111  1462 1493 1546 1532 1526 1541 1546 1572 1570 1559 1550
259BERMUDA 1989112  1520 1476 1474 1501 1562 1574 1531 1523 1560 1684 1642
259BERMUDA 1989113  1599 1605 1505 1507 1520 1486 1534 1569
259BERMUDA 1989121  1541 1471 1547 1615 1522 1492 1447 1426 1506 1590 1463
259BERMUDA 1989122  1430 1541 1542 1441 1455 1467 1416 1462 1545 1520 1472
259BERMUDA 1989123  1422 1491 1482 1450 1426 1403 1369 1333 1372
259BERMUDA 1990 11  1418 1394 1324 1322 1331 1375 1384 1380 1388 1416 1439
259BERMUDA 1990 12  1478 1519 1385 1302 1309 1306 1293 1305 1318 1323 1356
259BERMUDA 1990 13  1336 1293 1293 1314 1310 1285 1317 1357 1366
259BERMUDA 1990 21  1340 1309 1338 1393 1489 1405 1339 1395 1337 1328 1414
259BERMUDA 1990 22  1498 1395 1279 1292 1283 1317 1323 1342 1441 1361 1313
259BERMUDA 1990 23  1388 1480 1491 1421 1342 1356
259BERMUDA 1990 31  1406 1378 1414 1492 1456 1409 1417 1375 1353 1413 1423
259BERMUDA 1990 32  1360 1338 1352 1335 1311 1311 1357 1388 1414 1451 1413
259BERMUDA 1990 33  1409 1459 1446 1439 1513 1481 1422 1398 1423
259BERMUDA 1990 41  1507 1554 1570 1596 1537 1422 1423 1456 1373 1294 1340
259BERMUDA 1990 42  1417 1416 1362 1352 1373 1358 1324 1287 1230 1256 1331
259BERMUDA 1990 43  1368 1310 1258 1263 1234 1211 1213 1206
259BERMUDA 1990 51  1252 1295 1274 1253 1276 1363 1400 1325 1268 1268 1283
259BERMUDA 1990 52  1268 1228 1223 1245 1236 1239 1251 1246 1226 1223 1271
259BERMUDA 1990 53  1339 1324 1255 1226 1245 1311 1387 1366 1301
259BERMUDA 1990 61  1241 1185 1195 1247 1301 1302 1274 1282 1284 1310 1387
259BERMUDA 1990 62  1439 1406 1366 1358 1347 1331 1333 1356 1358 1351 1345
259BERMUDA 1990 63  1358 1366 1345 1331 1336 1341 1370 1398
259BERMUDA 1990 71  1415 1427 1404 1372 1376 1390 1380 1357 1341 1349 1366
259BERMUDA 1990 72  1381 1378 1380 1392 1386 1369 1368 1377 1394 1422 1429
259BERMUDA 1990 73  1412 1391 1367 1363 1371 1394 1441 1499 1481
259BERMUDA 1990 81  1455 1440 1430 1433 1456 1428 1409 1406 1416 1429 1419
259BERMUDA 1990 82  1410 1419 1426 1435 1446 1438 1414 1408 1399 1387 1386
259BERMUDA 1990 83  1367 1319 1280 1274 1320 1372 1382 1362 1340
259BERMUDA 1990 91  1314 1314 1329 1311 1331 1372 1351 1324 1312 1317 1318
259BERMUDA 1990 92  1306 1310 1341 1361 1362 1360 1362 1333 1350 1384 1377
259BERMUDA 1990 93  1409 1415 1413 1390 1372 1361 1353 1352
259BERMUDA 1990101  1403 1430 1409 1402 1398 1408 1391 1377 1388 1426 1475
259BERMUDA 1990102  1456 1482 1491 1482 1494 1461 1450 1508 1495 1438 1420
259BERMUDA 1990103  1444 1480 1494 1569 1566 1510 1542 1520 1478
259BERMUDA 1990111  1492 1472 1467 1480 1516 1532 1508 1512 1457 1453 1539
259BERMUDA 1990112  1537 1553 1531 1412 1388 1475 1592 1579 1515 1537 1523
259BERMUDA 1990113  1497 1482 1442 1415 1396 1408 1438 1493
259BERMUDA 1990121  1424 1377 1423 1421 1492 1506 1452 1464 1533 1548 1536
259BERMUDA 1990122  1483 1461 1501 1456 1441 1477 1501 1508 1476 1411 1431
259BERMUDA 1990123  1480 1548 1563 1513 1473 1457 1448 1454 1488
259BERMUDA 1991 11  1494 1463 1468 1485 1468 1446 1454 1460 1467 1465 1415
259BERMUDA 1991 12  1463 1591 1533 1425 1425 1487 1500 1495 1542 1605 1568
259BERMUDA 1991 13  1465 1392 1440 1422 1427 1406 1388 1389 1394
259BERMUDA 1991 21  1371 1314 1304 1351 1406 1419 1413 1472 1531 1548 1535
259BERMUDA 1991 22  1489 1395 1423 1532 1507 1354 1251 1250 1270 1300 1357
259BERMUDA 1991 23  1414 1387 1392 1447 1448 1347
259BERMUDA 1991 31  1294 1312 1360 1434 1476 1470 1466 1505 1528 1612 1602
259BERMUDA 1991 32  1492 1404 1416 1490 1475 1383 1365 1499 1522 1369 1305
259BERMUDA 1991 33  1315 1381 1472 1461 1400 1371 1411 1440 1414
259BERMUDA 1991 41  1413 1436 1429 1377 1361 1411 1459 1437 1414 1433 1457
259BERMUDA 1991 42  1424 1364 1359 1424 1415 1388 1408 1420 1428 1465 1471
259BERMUDA 1991 43  1425 1419 1423 1341 1303 1327 1300 1281
259BERMUDA 1991 51  1304 1293 1275 1255 1180 1106 1066 1069 1098 1113 1158
259BERMUDA 1991 52  1176 1182 1202 1187 1176 1177 1194 1219 1187 1151 1182
259BERMUDA 1991 53  1197 1168 1161 1171 1159 1193 1275 1299 1279
259BERMUDA 1991 61  1313 1334 1332 1329 1344 1328 1310 1331 1345 1337 1346
259BERMUDA 1991 62  1353 1384 1396 1360 1354 1340 1322 1326 1323 1360 1403
259BERMUDA 1991 63  1410 1403 1369 1364 1381 1390 1408 1418
259BERMUDA 1991 71  9999 9999 9999 9999 9999 9999 9999 9999 9999 1469 1487
259BERMUDA 1991 72  1503 1506 1495 1464 1431 1427 1408 1359 1326 1336 1354
259BERMUDA 1991 73  1374 1376 1343 1308 1315 1334 1353 1373 1381
259BERMUDA 1991 81  1386 1398 1414 1427 1402 1365 1374 1381 1389 1381 1349
259BERMUDA 1991 82  1325 1318 1315 1307 1311 1322 1331 1339 1329 1319 1353
259BERMUDA 1991 83  1385 1375 1357 1345 1357 1371 1403 1421 1449
259BERMUDA 1991 91  1492 1479 1421 1442 1505 1520 1482 1511 1493 1446 1461
259BERMUDA 1991 92  1496 1508 1500 1474 1426 1401 1401 1413 1477 1511 1479
259BERMUDA 1991 93  1461 1476 1503 1520 1545 1549 1500 1452
259BERMUDA 1991101  1447 1477 1480 1479 1483 1468 1468 1455 1381 1384 1456
259BERMUDA 1991102  1473 1464 1406 1366 1380 1369 1345 1364 1381 1365 1339
259BERMUDA 1991103  1315 1272 1271 1319 1380 1444 1440 1329 1309
259BERMUDA 1991111  1327 1246 1184 1198 1204 1205 1215 1223 1211 1195 1260
259BERMUDA 1991112  1281 1283 1278 1209 1201 1272 1262 1199 1147 1147 1170
259BERMUDA 1991113  1176 1180 1198 1225 1177 1165 1186 1176
259BERMUDA 1991121  1182 1212 1255 1319 1325 1259 1254 1246 1256 1307 1308
259BERMUDA 1991122  1269 1271 1312 1402 1409 1376 1353 1414 1371 1322 1444
259BERMUDA 1991123  1472 1468 1466 1393 1366 1358 1415 1501 1482
259BERMUDA 1992 11  1429 1419 1471 1588 1668 1651 1612 1578 1497 1582 1727
259BERMUDA 1992 12  1609 1496 1538 1616 1662 1611 1536 1537 1538 1499 1412
259BERMUDA 1992 13  1378 1469 1527 1486 1399 1363 1463 1499 1557
259BERMUDA 1992 21  1654 1668 1610 1522 1501 1528 1630 1606 1496 1429 1458
259BERMUDA 1992 22  1448 1405 1451 1433 1401 1370 1346 1352 1366 1351 1316
259BERMUDA 1992 23  1335 1383 1383 1401 1469 1462 1491
259BERMUDA 1992 31  1418 1352 1366 1361 1334 1314 1305 1389 1463 1434 1428
259BERMUDA 1992 32  1452 1466 1451 1437 1486 1412 1306 1334 1461 1485 1376
259BERMUDA 1992 33  1356 1397 1299 1250 1345 1402 1362 1322 1375
259BERMUDA 1992 41  1441 1442 1454 1456 1513 1496 1396 1363 1371 1328 1299
259BERMUDA 1992 42  1279 1316 1405 1427 1311 1278 1308 1329 1323 1333 1364
259BERMUDA 1992 43  1385 1427 1509 1570 1566 1531 1607 1591
259BERMUDA 1992 51  1466 1439 1461 1486 1462 1407 1365 1347 1360 1398 1438
259BERMUDA 1992 52  1447 1465 1468 1445 1427 1456 1464 1487 1522 1509 1484
259BERMUDA 1992 53  1502 1534 1551 1485 1447 1430 1407 1379 1381
259BERMUDA 1992 61  1410 1432 1447 1443 1438 1447 1441 1432 1468 1516 1582
259BERMUDA 1992 62  1545 1496 1512 1512 1495 1457 1406 1423 1489 1477 1423
259BERMUDA 1992 63  1414 1416 1431 1393 1394 1435 1407 1393
259BERMUDA 1992 71  1419 1466 1458 1383 1387 1379 1364 1346 1354 1386 1422
259BERMUDA 1992 72  1441 1444 1448 1420 1396 1361 1318 1287 1278 1303 1324
259BERMUDA 1992 73  1356 1385 1423 1492 1492 1472 1491 1482 1468
259BERMUDA 1992 81  1469 1457 1459 1477 1478 1471 1473 1469 1476 1511 1511
259BERMUDA 1992 82  1497 1491 1464 1450 1465 1457 1471 1507 1522 1503 1500
259BERMUDA 1992 83  1514 1510 1587 1628 1594 1583 1603 1624 1635
259BERMUDA 1992 91  1647 1666 1643 1626 1634 1653 1662 1624 1591 1576 1572
259BERMUDA 1992 92  1544 1515 1506 1472 1451 1431 1395 1358 1342 1320 1313
259BERMUDA 1992 93  1309 1295 1249 1220 1241 1252 1287 1330
259BERMUDA 1992101  1351 1340 1344 1367 1404 1379 1277 1272 1274 1302 1315
259BERMUDA 1992102  1350 1365 1310 1268 1281 1335 1362 1408 1359 1311 1325
259BERMUDA 1992103  1373 1432 1467 1458 1398 1402 1408 1401 1387
259BERMUDA 1992111  1400 1383 1344 1333 1335 1378 1380 1350 1342 1324 1287
259BERMUDA 1992112  1275 1333 1378 1421 1390 1359 1363 1378 1357 1311 1319
259BERMUDA 1992113  1348 1379 1362 1343 1351 1380 1430 1463
259BERMUDA 1992121  1465 1499 1478 1423 1496 1556 1487 1542 1508 1417 1439
259BERMUDA 1992122  1539 1546 1527 1447 1342 1306 1352 1349 1324 1358 1357
259BERMUDA 1992123  1320 1353 1331 1315 1279 1190 1170 1166 1207
259BERMUDA 1993 11  1261 1263 1174 1120 1163 1207 1220 1237 1249 1261 1277
259BERMUDA 1993 12  1276 1292 1319 1282 1349 1423 1327 1280 1267 1232 1229
259BERMUDA 1993 13  1277 1316 1306 1307 1386 1407 1298 1324 1344
259BERMUDA 1993 21  1442 1530 1430 1366 1359 1333 1341 1341 1370 1280 1296
259BERMUDA 1993 22  1350 1411 1461 1374 1272 1284 1389 1499 1385 1312 1295
259BERMUDA 1993 23  1331 1369 1329 1275 1303 1382
259BERMUDA 1993 31  1388 1373 1341 1298 1304 1334 1289 1305 1364 1329 1306
259BERMUDA 1993 32  1296 1283 1373 1302 1134 1122 1236 1268 1248 1235 1242
259BERMUDA 1993 33  1243 1236 1264 1287 1302 1320 1378 1424 1406
259BERMUDA 1993 41  1331 1315 1342 1340 1339 1353 1395 1411 1358 1341 1394
259BERMUDA 1993 42  1407 1437 1416 1332 1304 1308 1352 1384 1378 1429 1454
259BERMUDA 1993 43  1432 1368 1299 1307 1412 1509 1552 1538
259BERMUDA 1993 51  1490 1450 1396 1366 1373 1407 1474 1506 1542 1524 1478
259BERMUDA 1993 52  1511 1503 1515 1554 1539 1525 1507 1503 1541 1548 1553
259BERMUDA 1993 53  1537 1478 1446 1441 1470 1459 1452 1474 1457
259BERMUDA 1993 61  1433 1468 1449 1381 1353 1331 1331 1313 1279 1273 1296
259BERMUDA 1993 62  1302 1273 1291 1297 1279 1259 1209 1195 1197 1203 1258
259BERMUDA 1993 63  1311 1280 1228 1211 1231 1269 1297 1298
259BERMUDA 1993 71  1289 1290 1285 1301 1311 1294 1262 1268 1286 1281 1275
259BERMUDA 1993 72  1285 1262 1207 1200 1252 1274 1246 1192 1158 1171 1195
259BERMUDA 1993 73  1195 1169 1180 1214 1211 1207 1229 1233 1198
259BERMUDA 1993 81  1181 1185 1156 1158 1198 1219 1219 1217 1234 1243 1241
259BERMUDA 1993 82  1289 1337 1350 1386 1376 1333 1332 1348 1343 1341 1338
259BERMUDA 1993 83  1314 1294 1252 1249 1254 1254 1267 1263 1236
259BERMUDA 1993 91  1220 1239 1248 1267 1284 1290 1303 1305 1340 1368 1399
259BERMUDA 1993 92  1393 1360 1344 1351 1370 1374 1385 1439 1448 1390 1388
259BERMUDA 1993 93  1398 1410 1417 1407 1373 1386 1443 1474
259BERMUDA 1993101  1457 1417 1450 1473 1468 1430 1395 1431 1495 1535 1546
259BERMUDA 1993102  1547 1532 1500 1470 1435 1454 1498 1499 1466 1417 1425
259BERMUDA 1993103  1472 1461 1473 1480 1501 1504 1455 1415 1414
259BERMUDA 1993111  1438 1405 1349 1356 1376 1401 1403 1357 1322 1363 1378
259BERMUDA 1993112  1323 1276 1252 1261 1276 1283 1309 1339 1374 1356 1290
259BERMUDA 1993113  1268 1265 1295 1265 1189 1179 1223 1241
259BERMUDA 1993121  1184 1160 1214 1239 1262 1285 1240 1229 1252 1227 1272
259BERMUDA 1993122  1384 1359 1328 1335 1429 1378 1218 1206 1252 1284 1328
259BERMUDA 1993123  1333 1310 1333 1348 1238 1234 1320 1424 1384
259BERMUDA 1994 11  1314 1345 1402 1445 1492 1409 1372 1431 1458 1385 1315
259BERMUDA 1994 12  1339 1452 1510 1486 1385 1262 1319 1378 1324 1320 1340
259BERMUDA 1994 13  1314 1278 1261 1265 1243 1181 1224 1294 1320
259BERMUDA 1994 21  1307 1312 1301 1237 1259 1319 1335 1295 1284 1291 1247
259BERMUDA 1994 22  1280 1329 1379 1328 1329 1343 1309 1311 1353 1438 1495
259BERMUDA 1994 23  1445 1443 1502 1550 1588 1513
259BERMUDA 1994 31  1450 1453 1558 9999 9999 1609 1493 1434 1459 1468 9999
259BERMUDA 1994 32  9999 9999 9999 9999 9999 9999 9999 9999 9999 9999 9999
259BERMUDA 1994 33  9999 9999 9999 9999 9999 9999 9999 9999 9999
259BERMUDA 1994 41  9999 9999 9999 9999 9999 9999 9999 9999 9999 9999 9999
259BERMUDA 1994 42  9999 9999 9999 9999 9999 9999 9999 9999 9999 9999 9999
259BERMUDA 1994 43  9999 9999 9999 9999 9999 9999 9999 9999
259BERMUDA 1994 51  9999 9999 9999 9999 9999 9999 9999 9999 9999 9999 9999
259BERMUDA 1994 52  9999 9999 9999 9999 9999 9999 9999 9999 9999 9999 9999
259BERMUDA 1994 53  9999 9999 9999 9999 9999 9999 9999 9999 1223
259BERMUDA 1994 61  1244 1291 1317 1323 1321 1327 1325 1335 1365 1377 1331
259BERMUDA 1994 62  1289 1271 1265 1255 1256 1300 1320 1350 1388 1419 1437
259BERMUDA 1994 63  1443 1437 1422 1383 1386 1399 1412 1427
259BERMUDA 1994 71  1425 1411 1392 1398 1395 1393 1414 1414 1423 1454 1477
259BERMUDA 1994 72  1465 1438 1430 1413 1397 1388 1380 1386 1383 1403 1412
259BERMUDA 1994 73  1419 1429 1411 1396 1381 1380 1354 1336 1329
259BERMUDA 1994 81  1337 1345 1339 1339 1369 1374 1346 1346 1338 1311 1325
259BERMUDA 1994 82  1329 1322 1329 1351 1351 1345 1353 1370 1398 1444 1474
259BERMUDA 1994 83  1457 1438 1424 1421 1453 1471 1455 1448 1449
259BERMUDA 1994 91  1456 1458 1468 1486 1519 1528 1507 1509 1523 1520 1514
259BERMUDA 1994 92  1502 1492 1498 1553 1546 1509 1543 1570 1561 1525 1530
259BERMUDA 1994 93  1552 1581 1596 1631 1634 1634 1672 1690
259BERMUDA 1994101  1658 1635 1686 1709 1623 1613 1569 1532 1551 1602 1637
259BERMUDA 1994102  1569 1491 1498 1610 1733 1660 1563 1522 1500 1531 1566
259BERMUDA 1994103  1533 1491 1493 1523 1476 1400 1336 1316 1336
259BERMUDA 1994111  1373 1390 1379 1330 1327 1352 1367 1332 1361 1412 1411
259BERMUDA 1994112  1348 1322 1336 1309 1301 1316 1294 1304 1337 1305 1331
259BERMUDA 1994113  1416 1443 1300 1277 1286 1252 1257 1286
259BERMUDA 1994121  1324 1276 1256 1254 1272 1317 1338 1364 1327 1304 1349
259BERMUDA 1994122  1367 1361 1377 1392 1403 1319 1314 1392 1331 1244 1280
259BERMUDA 1994123  1433 1506 1501 1447 1439 1446 1416 1379 1299
259BERMUDA 1995 11  1268 1318 1310 1303 1346 1258 1277 1369 1350 1344 1320
259BERMUDA 1995 12  1246 1222 1240 1258 1298 1408 1461 1451 1458 1442 1436
259BERMUDA 1995 13  1391 1453 1478 1409 1403 1381 1411 1410 1453
259BERMUDA 1995 21  1421 1449 1455 1425 1522 1521 1451 1488 1498 1377 1393
259BERMUDA 1995 22  1448 1415 1373 1354 1311 1334 1340 1353 1422 1533 1514
259BERMUDA 1995 23  1383 1410 1464 1393 1313 1328
259BERMUDA 1995 31  1408 1464 1471 1409 1427 1430 1369 1354 1417 1476 1362
259BERMUDA 1995 32  1298 1302 1353 1398 1430 1406 1425 1470 1422 1409 1462
259BERMUDA 1995 33  1529 1557 1522 1485 1447 1444 1449 1391 1395
259BERMUDA 1995 41  1466 1483 1427 1340 1402 1437 1495 1473 1361 1361 1363
259BERMUDA 1995 42  1326 1346 1458 1490 1444 1427 1433 1415 1393 1391 1421
259BERMUDA 1995 43  1450 1452 1442 1385 1326 1361 1406 1397
259BERMUDA 1995 51  1391 1406 1449 1421 1403 1497 1501 1521 1512 1407 1376
259BERMUDA 1995 52  1432 1493 1482 1458 1473 1421 1382 1414 1447 1432 1388
259BERMUDA 1995 53  1347 1302 1308 1354 1392 1330 1269 1320 1358
259BERMUDA 1995 61  1314 1282 1278 1311 1336 1325 1336 1338 1336 1329 1294
259BERMUDA 1995 62  1293 1318 1323 1291 1238 1236 1258 1276 1317 1319 1282
259BERMUDA 1995 63  1290 1354 1360 1343 1362 1384 1379 1376
259BERMUDA 1995 71  1391 1384 1374 1355 1341 1327 1339 1365 1372 1373 1363
259BERMUDA 1995 72  1359 1358 1372 1401 1411 1422 1464 1476 1444 1424 1424
259BERMUDA 1995 73  1440 1456 1449 1449 1467 1459 1442 1457 1486
259BERMUDA 1995 81  1501 1497 1475 1481 1538 1563 1564 1596 1578 1583 1608
259BERMUDA 1995 82  1624 1659 1684 1652 1612 1614 1638 1671 1622 1571 1565
259BERMUDA 1995 83  1576 1595 1625 1608 1567 1572 1589 1638 1619
259BERMUDA 1995 91  1606 1662 1668 1622 1612 1630 1648 1656 1683 1687 1619
259BERMUDA 1995 92  1610 1623 1633 1625 1615 1640 1677 1690 1664 1635 1647
259BERMUDA 1995 93  1634 1653 1659 1647 1653 1657 1642 1623
259BERMUDA 1995101  1646 1664 1648 1615 1572 1572 1576 1571 1583 1585 1586
259BERMUDA 1995102  1605 1619 1600 1629 1683 1659 1627 1655 1711 1721 1737
259BERMUDA 1995103  1748 1760 1811 1851 1862 1854 1875 1821 1725
259BERMUDA 1995111  1715 1736 1790 1844 1839 1803 1774 1785 1744 1590 1532
259BERMUDA 1995112  1605 1639 1658 1643 1577 1541 1519 1532 1539 1508 1549
259BERMUDA 1995113  1474 1398 1425 1496 1393 1330 1355 1458
259BERMUDA 1995121  1419 1421 1387 1365 1392 1402 1428 1415 1361 1404 1422
259BERMUDA 1995122  1382 1344 1329 1336 1422 1468 1382 1396 1510 1581 1552
259BERMUDA 1995123  1492 1484 1494 1507 1509 1424 1356 1294 1272
259BERMUDA 1996 11  1359 1409 1412 1412 1329 1302 1333 1490 1484 1410 1405
259BERMUDA 1996 12  1328 1437 1438 1307 1243 1224 1228 1256 1307 1321 1313
259BERMUDA 1996 13  1299 1284 1303 1248 1178 1242 1284 1283 1339
259BERMUDA 1996 21  1361 1312 1315 1350 1346 1285 1262 1290 1338 1371 1347
259BERMUDA 1996 22  1429 1433 1327 1324 1344 1425 1383 1265 1183 1192 1253
259BERMUDA 1996 23  1252 1267 1296 1336 1338 1301 1312
259BERMUDA 1996 31  1260 1247 1250 1173 1112 1153 1201 1237 1262 1196 1171
259BERMUDA 1996 32  1265 1346 1320 1305 1342 1344 1340 1357 1368 1389 1372
259BERMUDA 1996 33  1363 1318 1229 1179 1175 1214 1308 1423 1379
259BERMUDA 1996 41  1346 1421 1454 1414 1429 1435 1453 1469 1458 1524 1505
259BERMUDA 1996 42  1442 1419 1441 1429 1388 1387 1360 1317 1277 1254 1268
259BERMUDA 1996 43  1297 1346 1365 1334 1332 1323 1297 1313
259BERMUDA 1996 51  1346 1369 1369 1359 1349 1355 1356 1328 1370 1328 1315
259BERMUDA 1996 52  1372 1379 1344 1278 1226 1275 1326 1338 1379 1389 1381
259BERMUDA 1996 53  1409 1414 1392 1371 1355 1360 1367 1395 1387
259BERMUDA 1996 61  9999 1237 1230 1231 1240 1241 1252 1258 1261 1266 1287
259BERMUDA 1996 62  1299 1290 1287 1306 1304 1304 1327 1346 1357 1399 1429
259BERMUDA 1996 63  1433 1414 1392 1406 1402 1427 1466 1441
259BERMUDA 1996 71  1420 1471 1501 1477 1443 1404 1429 1452 1433 1399 1346
259BERMUDA 1996 72  1315 1331 1343 1330 1328 1328 1339 1370 1411 1447 1446
259BERMUDA 1996 73  1447 1440 1417 1416 1420 1397 1385 1397 1405
259BERMUDA 1996 81  1405 1402 1387 1372 1377 1394 1406 1370 1362 1399 1425
259BERMUDA 1996 82  1424 1416 1402 1391 1389 1404 1399 1386 1374 1348 1349
259BERMUDA 1996 83  1342 1337 1332 1316 1318 1314 1329 1369 1389
259BERMUDA 1996 91  1414 1403 1378 1373 1354 1323 1341 1359 1347 1341 1357
259BERMUDA 1996 92  1382 1427 1467 1452 1443 1437 1467 1492 1457 1434 1468
259BERMUDA 1996 93  1514 1481 1459 1419 1370 1375 1414 1447
259BERMUDA 1996101  1433 1427 1472 1501 1453 1444 1519 1539 1546 1541 1533
259BERMUDA 1996102  1524 1506 1512 1520 1517 1541 1590 1653 1710 1639 1551
259BERMUDA 1996103  1536 1538 1529 1517 1507 1528 1595 1592 1596
259BERMUDA 1996111  1593 1591 1603 1514 1455 1475 1475 1487 1541 1558 1538
259BERMUDA 1996112  1492 1434 1440 1515 1496 1508 1540 1528 1589 1608 1646
259BERMUDA 1996113  1613 1479 1412 1410 1508 1496 1498 1499
259BERMUDA 1996121  1430 1435 1453 1481 1449 1443 1505 1545 1617 1561 1398
259BERMUDA 1996122  1386 1424 1455 1484 1442 1407 1399 1380 1397 1369 1334
259BERMUDA 1996123  1304 1278 1315 1309 1292 1309 1314 1316 1366
259BERMUDA 1997 11  1401 1420 1461 1430 1398 1419 1449 1461 1443 1442 1425
259BERMUDA 1997 12  1348 1316 1311 1298 1300 1394 1434 1410 1334 1363 1274
259BERMUDA 1997 13  1283 1321 1307 1322 1276 1225 1242 1263 1306
259BERMUDA 1997 21  1306 1265 1244 1236 1218 1262 1281 1269 1306 1317 1371
259BERMUDA 1997 22  1325 1259 1223 1245 1280 1285 1228 1225 1261 1261 1273
259BERMUDA 1997 23  1285 1284 1318 1319 1297 1332
259BERMUDA 1997 31  1355 1353 1382 1399 1390 1411 1436 1384 1367 1335 1391
259BERMUDA 1997 32  1426 1340 1293 1333 1346 1267 1218 1244 1332 1353 1336
259BERMUDA 1997 33  1359 1255 1132 1134 1241 1231 1182 1217 1278
259BERMUDA 1997 41  1378 1373 1247 1163 1169 1146 1137 1185 1224 1245 1186
259BERMUDA 1997 42  1122 1178 1237 1226 1227 1271 1419 1454 1413 1365 1355
259BERMUDA 1997 43  1416 1477 1436 1365 1362 1368 1432 1479
259BERMUDA 1997 51  1445 1439 1421 1439 1468 1428 1427 1435 1437 1507 1533
259BERMUDA 1997 52  1485 1497 1520 1518 1520 1513 1486 1473 1487 1549 1586
259BERMUDA 1997 53  1556 1516 1498 1526 1542 1534 1479 1445 1460
259BERMUDA 1997 61  1460 1469 1498 1550 1541 1497 1510 1485 1470 1463 1455
259BERMUDA 1997 62  1473 1496 1477 1466 1465 1444 1403 1392 1398 1408 1392
259BERMUDA 1997 63  1387 1373 1350 1364 1386 1387 1337 1292
259BERMUDA 1997 71  1299 1325 1333 1330 1298 1273 1256 1244 1248 1256 1270
259BERMUDA 1997 72  1299 1315 1305 1292 1281 1300 1345 1373 1363 1325 1310
259BERMUDA 1997 73  1318 1329 1364 1401 1408 1415 1437 1453 1452
259BERMUDA 1997 81  1447 1467 1478 1489 1476 1469 1447 1443 1416 1378 1394
259BERMUDA 1997 82  1436 1478 1487 1458 1438 1438 1465 1502 1509 1505 1506
259BERMUDA 1997 83  1477 1466 1473 1509 1541 1564 1590 1571 1549
259BERMUDA 1997 91  1525 1512 1541 1615 1592 1536 1543 1557 1564 1561 1506
259BERMUDA 1997 92  1458 1453 1488 1500 1489 1479 1448 1441 1441 1403 1363
259BERMUDA 1997 93  1340 1361 1383 1399 1384 1397 1457 1506
259BERMUDA 1997101  1507 1467 1437 1455 1426 1419 1424 1445 1435 1417 1421
259BERMUDA 1997102  1424 1411 1446 1488 1470 1416 1411 1486 1593 1534 1472
259BERMUDA 1997103  1488 1436 1417 1458 1472 1509 1495 1491 1489
259BERMUDA 1997111  1486 1494 1449 1424 1436 1460 1524 1594 1635 1623 1587
259BERMUDA 1997112  1545 1530 1580 1627 1595 1564 1498 1493 1512 1432 1451
259BERMUDA 1997113  1533 1586 1520 1496 1592 1593 1586 1615
259BERMUDA 1997121  1677 1667 1585 1561 1654 1713 1703 1625 1592 1652 1647
259BERMUDA 1997122  1609 1629 1679 1653 1565 1667 1671 1552 1496 1542 1515
259BERMUDA 1997123  1501 1550 1511 1503 1512 1570 1536 1582 1577
259BERMUDA 1998 11  1484 1358 1351 1381 1381 1362 1363 1386 1435 1451 1473
259BERMUDA 1998 12  1459 1395 1389 1406 1464 1526 1516 1484 1482 1444 1352
259BERMUDA 1998 13  1272 1290 1352 1327 1322 1417 1485 1360 1361
259BERMUDA 1998 21  1377 1306 1235 1290 1408 1416 1375 1460 1393 1242 1189
259BERMUDA 1998 22  1223 1294 1370 1309 1159 1175 1266 1305 1303 1346 1315
259BERMUDA 1998 23  1297 1441 1521 1439 1346 1270
259BERMUDA 1998 31  1240 1285 1362 1358 1335 1293 1224 1195 1192 1249 1330
259BERMUDA 1998 32  1310 1223 1204 1241 1219 1187 1156 1177 1255 1363 1415
259BERMUDA 1998 33  1371 1350 1269 1177 1211 1275 1302 1316 1297
259BERMUDA 1998 41  1296 1334 1383 1464 1539 1490 1421 1370 1378 1469 1514
259BERMUDA 1998 42  1527 1483 1356 1303 1323 1323 1303 1311 1339 1398 1429
259BERMUDA 1998 43  1437 1431 1399 1344 1341 1381 1342 1315
259BERMUDA 1998 51  1338 1376 1392 1386 1364 1377 1402 1429 1470 1502 1509
259BERMUDA 1998 52  1498 1453 1450 1462 1427 1393 1350 1379 1401 1402 1411
259BERMUDA 1998 53  1401 1386 1367 1357 1362 1357 1349 1331 1328
259BERMUDA 1998 61  1388 1441 1436 1432 1410 1407 1370 1330 1285 1262 1271
259BERMUDA 1998 62  1298 1328 1353 1356 1341 1311 1324 1356 1372 1379 1373
259BERMUDA 1998 63  1373 1357 1344 1348 1387 1418 1406 1410
259BERMUDA 1998 71  1392 1363 1366 1393 1378 1350 1339 1334 1376 1411 1433
259BERMUDA 1998 72  1434 1425 1360 1315 1322 1330 1331 1322 1330 1343 1371
259BERMUDA 1998 73  1392 1377 1379 1385 1419 1437 1431 1433 1459
259BERMUDA 1998 81  1463 1456 1470 1474 1456 1446 1451 1449 1443 1451 1481
259BERMUDA 1998 82  1483 1484 1503 1526 1541 1544 1570 1604 1617 1626 1664
259BERMUDA 1998 83  1684 1681 1676 1664 1661 1681 1701 1718 1745
259BERMUDA 1998 91  1799 1835 1773 1746 1757 1736 1762 1807 1844 1832 1786
259BERMUDA 1998 92  1748 1721 1693 1660 1644 1638 1662 1691 1730 1745 1748
259BERMUDA 1998 93  1782 1697 1637 1627 1629 1651 1652 1632
259BERMUDA 1998101  1635 1669 1657 1589 1567 1574 1558 1556 1561 1555 1615
259BERMUDA 1998102  1620 1603 1555 1489 1463 1440 1434 1453 1485 1526 1566
259BERMUDA 1998103  1554 1487 1478 1500 1496 1514 1561 1560 1556
259BERMUDA 1998111  1553 1527 1488 1488 1527 1588 1503 1426 1399 1348 1316
259BERMUDA 1998112  1316 1388 1435 1467 1477 1467 1461 1393 1392 1453 1447
259BERMUDA 1998113  1397 1439 1495 1458 1512 1510 1474 1445
259BERMUDA 1998121  1441 1478 1514 1533 1522 1515 1496 1461 1485 1495 1502
259BERMUDA 1998122  1484 1489 1605 1552 1555 1638 1605 1477 1452 1462 1462
259BERMUDA 1998123  1449 1460 1474 1496 1497 1468 1532 1611 1531
259BERMUDA 1999 11  1495 1472 1463 1504 1522 1483 1399 1357 1366 1415 1394
259BERMUDA 1999 12  1333 1353 1318 1279 1280 1264 1259 1266 1286 1284 1224
259BERMUDA 1999 13  1172 1183 1254 1284 1238 1285 1296 1276 1301
259BERMUDA 1999 21  1210 1149 1163 1260 1392 1354 1295 1305 1296 1269 1278
259BERMUDA 1999 22  1230 1257 1336 1368 1337 1277 1264 1327 1436 1477 1508
259BERMUDA 1999 23  1392 1312 1396 1445 1442 1411
259BERMUDA 1999 31  1481 1474 1387 1424 1414 1351 1399 1448 1420 1474 1566
259BERMUDA 1999 32  1549 1530 1463 1474 1533 1452 1435 1470 1439 1400 1410
259BERMUDA 1999 33  1400 1390 1417 1423 1434 1471 1502 1465 1392
259BERMUDA 1999 41  1353 1415 1483 1444 1491 1432 1330 1322 1372 1454 1456
259BERMUDA 1999 42  1480 1529 1474 1430 1430 1418 1399 1370 1342 1338 1306
259BERMUDA 1999 43  1296 1361 1365 1337 1383 1363 1348 1401
259BERMUDA 1999 51  9999 9999 9999 9999 9999 9999 9999 9999 9999 9999 9999
259BERMUDA 1999 52  9999 9999 9999 9999 9999 9999 9999 9999 9999 9999 9999
259BERMUDA 1999 53  9999 9999 9999 9999 9999 9999 9999 9999 9999
259BERMUDA 1999 61  9999 9999 9999 9999 9999 9999 9999 9999 9999 9999 9999
259BERMUDA 1999 62  9999 9999 9999 9999 9999 9999 9999 9999 9999 9999 9999
259BERMUDA 1999 63  9999 9999 9999 9999 9999 9999 9999 9999
259BERMUDA 1999 71  9999 9999 9999 9999 9999 9999 9999 9999 9999 9999 9999
259BERMUDA 1999 72  9999 9999 9999 9999 9999 9999 9999 9999 9999 9999 9999
259BERMUDA 1999 73  9999 9999 9999 9999 9999 9999 9999 9999 9999
259BERMUDA 1999 81  9999 9999 9999 9999 9999 9999 9999 9999 9999 9999 9999
259BERMUDA 1999 82  9999 9999 9999 9999 9999 9999 9999 9999 9999 9999 9999
259BERMUDA 1999 83  9999 9999 9999 9999 9999 9999 9999 9999 9999
259BERMUDA 1999 91  9999 9999 9999 9999 9999 9999 9999 9999 9999 9999 9999
259BERMUDA 1999 92  9999 9999 9999 9999 9999 9999 9999 9999 9999 9999 9999
259BERMUDA 1999 93  9999 9999 9999 9999 9999 9999 9999 9999
259BERMUDA 1999101  9999 9999 9999 9999 9999 9999 9999 9999 9999 9999 9999
259BERMUDA 1999102  9999 9999 9999 9999 9999 9999 9999 9999 9999 9999 9999
259BERMUDA 1999103  9999 9999 9999 9999 9999 9999 9999 9999 9999
259BERMUDA 1999111  9999 9999 9999 9999 9999 9999 9999 9999 9999 9999 9999
259BERMUDA 1999112  9999 9999 9999 9999 9999 9999 9999 9999 9999 9999 9999
259BERMUDA 1999113  9999 9999 9999 9999 9999 9999 9999 9999
259BERMUDA 1999121  9999 9999 9999 9999 9999 9999 9999 9999 9999 9999 9999
259BERMUDA 1999122  9999 9999 9999 9999 9999 9999 9999 9999 9999 9999 9999
259BERMUDA 1999123  9999 9999 9999 9999 9999 9999 9999 9999 9999
259BERMUDA 2000 11  9999 9999 9999 9999 9999 9999 9999 9999 9999 9999 9999
259BERMUDA 2000 12  9999 9999 9999 9999 9999 9999 9999 9999 9999 9999 9999
259BERMUDA 2000 13  9999 9999 9999 9999 9999 9999 9999 9999 9999
259BERMUDA 2000 21  9999 9999 9999 9999 9999 9999 9999 9999 9999 9999 9999
259BERMUDA 2000 22  9999 9999 9999 9999 9999 9999 9999 9999 9999 9999 9999
259BERMUDA 2000 23  9999 9999 9999 9999 9999 9999 9999
259BERMUDA 2000 31  9999 9999 9999 9999 9999 9999 9999 9999 9999 9999 9999
259BERMUDA 2000 32  9999 9999 9999 9999 9999 9999 9999 9999 9999 9999 9999
259BERMUDA 2000 33  9999 9999 9999 9999 9999 9999 9999 9999 9999
259BERMUDA 2000 41  9999 9999 9999 9999 9999 9999 9999 9999 9999 9999 9999
259BERMUDA 2000 42  9999 9999 9999 9999 9999 9999 9999 9999 9999 9999 9999
259BERMUDA 2000 43  9999 9999 9999 9999 9999 9999 9999 9999
259BERMUDA 2000 51  9999 9999 9999 9999 9999 9999 9999 9999 9999 9999 9999
259BERMUDA 2000 52  9999 9999 9999 9999 9999 9999 9999 9999 9999 9999 9999
259BERMUDA 2000 53  9999 9999 9999 9999 9999 9999 9999 9999 9999
259BERMUDA 2000 61  9999 9999 9999 9999 9999 9999 9999 9999 9999 9999 9999
259BERMUDA 2000 62  9999 9999 9999 9999 9999 9999 9999 9999 9999 9999 9999
259BERMUDA 2000 63  9999 9999 9999 9999 9999 9999 9999 9999
259BERMUDA 2000 71  9999 9999 9999 9999 9999 9999 9999 9999 9999 9999 9999
259BERMUDA 2000 72  9999 9999 9999 9999 9999 9999 9999 9999 9999 9999 9999
259BERMUDA 2000 73  9999 9999 9999 9999 9999 9999 9999 9999 9999
259BERMUDA 2000 81  9999 9999 9999 9999 9999 9999 9999 9999 9999 9999 9999
259BERMUDA 2000 82  9999 9999 9999 9999 9999 9999 9999 9999 9999 9999 9999
259BERMUDA 2000 83  9999 9999 9999 9999 9999 9999 9999 9999 9999
259BERMUDA 2000 91  9999 9999 9999 9999 9999 9999 9999 9999 9999 9999 9999
259BERMUDA 2000 92  9999 9999 9999 9999 9999 9999 9999 9999 9999 9999 9999
259BERMUDA 2000 93  9999 9999 9999 9999 9999 9999 9999 9999
259BERMUDA 2000101  9999 9999 9999 9999 9999 9999 9999 9999 9999 9999 9999
259BERMUDA 2000102  9999 9999 9999 9999 9999 9999 9999 9999 9999 9999 9999
259BERMUDA 2000103  9999 9999 9999 9999 9999 9999 9999 9999 9999
259BERMUDA 2000111  9999 9999 9999 9999 9999 9999 9999 9999 9999 9999 9999
259BERMUDA 2000112  9999 9999 9999 9999 9999 9999 9999 9999 9999 9999 9999
259BERMUDA 2000113  9999 9999 9999 9999 9999 9999 9999 9999
259BERMUDA 2000121  9999 9999 9999 9999 9999 9999 9999 9999 9999 9999 9999
259BERMUDA 2000122  9999 9999 9999 9999 9999 9999 9999 9999 9999 9999 9999
259BERMUDA 2000123  9999 9999 9999 9999 9999 9999 9999 9999 9999
259BERMUDA 2001 11  9999 9999 9999 9999 9999 9999 9999 9999 9999 9999 9999
259BERMUDA 2001 12  9999 9999 9999 9999 9999 9999 9999 9999 9999 9999 9999
259BERMUDA 2001 13  9999 9999 9999 9999 9999 9999 9999 9999 9999
259BERMUDA 2001 21  9999 9999 9999 9999 9999 9999 9999 9999 9999 9999 9999
259BERMUDA 2001 22  9999 9999 9999 9999 9999 9999 9999 9999 9999 9999 9999
259BERMUDA 2001 23  9999 9999 9999 9999 9999 9999
259BERMUDA 2001 31  9999 9999 9999 9999 9999 9999 9999 9999 9999 9999 9999
259BERMUDA 2001 32  9999 9999 9999 9999 9999 9999 9999 9999 9999 9999 9999
259BERMUDA 2001 33  9999 9999 9999 9999 9999 9999 9999 9999 9999
259BERMUDA 2001 41  9999 9999 9999 9999 9999 9999 9999 9999 9999 9999 9999
259BERMUDA 2001 42  9999 9999 9999 9999 9999 9999 9999 9999 9999 9999 9999
259BERMUDA 2001 43  9999 9999 9999 9999 9999 9999 9999 9999
259BERMUDA 2001 51  9999 9999 9999 9999 9999 9999 9999 9999 9999 9999 9999
259BERMUDA 2001 52  9999 9999 9999 9999 9999 9999 9999 9999 9999 9999 9999
259BERMUDA 2001 53  9999 9999 9999 9999 9999 9999 9999 9999 9999
259BERMUDA 2001 61  9999 9999 9999 9999 9999 9999 9999 9999 9999 9999 9999
259BERMUDA 2001 62  9999 9999 9999 9999 9999 9999 9999 9999 9999 9999 9999
259BERMUDA 2001 63  9999 9999 9999 9999 9999 9999 9999 9999
259BERMUDA 2001 71  9999 9999 9999 9999 9999 9999 9999 9999 9999 9999 9999
259BERMUDA 2001 72  9999 9999 9999 9999 9999 9999 9999 9999 9999 9999 9999
259BERMUDA 2001 73  9999 9999 9999 9999 9999 9999 9999 9999 9999
259BERMUDA 2001 81  9999 9999 9999 9999 9999 9999 9999 9999 9999 9999 9999
259BERMUDA 2001 82  9999 9999 9999 9999 9999 9999 9999 9999 9999 9999 9999
259BERMUDA 2001 83  9999 9999 9999 9999 9999 9999 9999 9999 9999
259BERMUDA 2001 91  9999 9999 9999 9999 9999 9999 9999 9999 9999 9999 9999
259BERMUDA 2001 92  9999 9999 9999 9999 9999 9999 9999 9999 9999 9999 9999
259BERMUDA 2001 93  9999 9999 9999 9999 9999 9999 9999 9999
259BERMUDA 2001101  9999 9999 9999 9999 9999 9999 9999 9999 9999 9999 9999
259BERMUDA 2001102  9999 9999 9999 9999 9999 9999 9999 9999 9999 9999 9999
259BERMUDA 2001103  9999 9999 9999 9999 9999 9999 9999 9999 9999
259BERMUDA 2001111  9999 9999 9999 9999 9999 9999 9999 9999 9999 9999 9999
259BERMUDA 2001112  9999 9999 9999 9999 9999 9999 9999 9999 9999 9999 9999
259BERMUDA 2001113  9999 9999 9999 9999 9999 9999 9999 9999
259BERMUDA 2001121  9999 9999 9999 9999 9999 9999 9999 9999 9999 9999 9999
259BERMUDA 2001122  9999 9999 9999 9999 9999 9999 9999 9999 9999 9999 9999
259BERMUDA 2001123  9999 9999 9999 9999 9999 9999 9999 9999 9999
259BERMUDA 2002 11  9999 9999 9999 9999 9999 9999 9999 9999 9999 9999 9999
259BERMUDA 2002 12  9999 9999 9999 9999 9999 9999 9999 9999 9999 9999 9999
259BERMUDA 2002 13  9999 9999 9999 9999 9999 9999 9999 9999 9999
259BERMUDA 2002 21  9999 9999 9999 9999 9999 9999 9999 9999 9999 9999 9999
259BERMUDA 2002 22  9999 9999 9999 9999 9999 9999 9999 9999 9999 9999 9999
259BERMUDA 2002 23  9999 9999 9999 9999 9999 9999
259BERMUDA 2002 31  9999 9999 9999 9999 9999 9999 9999 9999 9999 9999 9999
259BERMUDA 2002 32  9999 9999 9999 9999 9999 9999 9999 9999 9999 9999 9999
259BERMUDA 2002 33  9999 9999 9999 9999 9999 9999 9999 9999 9999
259BERMUDA 2002 41  9999 9999 9999 9999 9999 9999 9999 9999 9999 9999 9999
259BERMUDA 2002 42  9999 9999 9999 9999 9999 9999 9999 9999 9999 9999 9999
259BERMUDA 2002 43  9999 9999 9999 9999 9999 9999 9999 9999
259BERMUDA 2002 51  9999 9999 9999 9999 9999 9999 9999 9999 9999 9999 9999
259BERMUDA 2002 52  9999 9999 9999 9999 9999 9999 9999 9999 9999 9999 9999
259BERMUDA 2002 53  9999 9999 9999 9999 9999 9999 9999 9999 9999
259BERMUDA 2002 61  9999 9999 9999 9999 9999 9999 9999 9999 9999 9999 9999
259BERMUDA 2002 62  9999 9999 9999 9999 9999 9999 9999 9999 9999 9999 9999
259BERMUDA 2002 63  9999 9999 9999 9999 9999 9999 9999 9999
259BERMUDA 2002 71  9999 9999 9999 9999 9999 9999 9999 9999 9999 9999 9999
259BERMUDA 2002 72  9999 9999 9999 9999 9999 9999 9999 9999 9999 9999 9999
259BERMUDA 2002 73  9999 9999 9999 9999 9999 9999 9999 9999 9999
259BERMUDA 2002 81  9999 9999 9999 9999 9999 9999 9999 9999 9999 9999 9999
259BERMUDA 2002 82  9999 9999 9999 9999 9999 9999 9999 9999 9999 9999 9999
259BERMUDA 2002 83  9999 9999 9999 9999 9999 9999 9999 9999 9999
259BERMUDA 2002 91  9999 9999 9999 9999 9999 9999 9999 9999 9999 9999 9999
259BERMUDA 2002 92  9999 9999 9999 9999 9999 9999 9999 9999 9999 9999 9999
259BERMUDA 2002 93  9999 9999 1776 1786 1792 1818 1823 1806
259BERMUDA 2002101  1772 1760 1739 1717 1685 1671 1713 1711 1659 1639 1636
259BERMUDA 2002102  1624 1639 1674 1665 1661 1652 1623 1579 1557 1584 1586
259BERMUDA 2002103  1580 1549 1536 1594 1648 1585 1577 1628 1662
259BERMUDA 2002111  1611 1586 1543 1518 1526 1527 1580 1478 1422 1441 1426
259BERMUDA 2002112  1415 1483 1543 1481 1436 1453 1455 1418 1433 1468 1522
259BERMUDA 2002113  1531 1469 1449 1458 1509 1542 1533 1524
259BERMUDA 2002121  1563 1524 1548 1501 1475 1569 1529 1483 1475 1477 1517
259BERMUDA 2002122  1505 1491 1534 1577 1534 1518 1457 1425 1462 1516 1499
259BERMUDA 2002123  1510 1501 1549 1625 1525 1505 1559 1478 1384
259BERMUDA 2003 11  1378 1452 1469 1492 1452 1474 1561 1583 1584 1557 1532
259BERMUDA 2003 12  1475 1426 1463 1498 1437 1456 1514 1504 1495 1507 1553
259BERMUDA 2003 13  1616 1627 1408 1355 1449 1430 1317 1300 1321
259BERMUDA 2003 21  1414 1492 1436 1377 1364 1345 1378 1410 1379 1402 1460
259BERMUDA 2003 22  1467 1479 1419 1380 1389 1387 1419 1392 1336 1351 1382
259BERMUDA 2003 23  1424 1415 1394 1428 1448 1516
259BERMUDA 2003 31  1456 1432 1504 1413 1395 1458 1429 1424 1466 1494 1424
259BERMUDA 2003 32  1344 1344 1418 1384 1344 1371 1462 1466 1307 1277 1343
259BERMUDA 2003 33  1395 1425 1447 1408 1355 1297 1267 1290 1375
259BERMUDA 2003 41  1375 1295 1278 1296 1301 1278 1240 1245 1284 1308 1351
259BERMUDA 2003 42  1390 1358 1249 1200 1268 1364 1395 1373 1370 1410 1417
259BERMUDA 2003 43  1432 1429 1368 1364 1403 1412 1397 1379
259BERMUDA 2003 51  1325 1326 1372 1378 1385 1332 1332 1380 1394 1411 1440
259BERMUDA 2003 52  1445 1468 1467 1422 1398 1442 1472 1423 1401 1406 1413
259BERMUDA 2003 53  1388 1370 1383 1420 1435 1450 1475 1492 1474
259BERMUDA 2003 61  1459 1451 1398 1367 1367 1376 1359 1374 1417 1415 1395
259BERMUDA 2003 62  1395 1405 1417 1439 1457 1420 1432 1465 1448 1464 1492
259BERMUDA 2003 63  1516 1554 1552 1540 1535 1504 1455 1436
259BERMUDA 2003 71  1443 1462 1461 1446 1432 1439 1464 1468 1482 1472 1473
259BERMUDA 2003 72  1464 1446 1417 1416 1418 1415 1420 1430 1433 1439 1439
259BERMUDA 2003 73  1425 1411 1409 1413 1428 1459 1476 1447 1427
259BERMUDA 2003 81  1455 1475 1498 1489 1497 1521 1522 1520 1524 1523 1532
259BERMUDA 2003 82  1535 1535 1540 1558 1567 1556 1557 1550 1540 1536 1548
259BERMUDA 2003 83  9999 9999 9999 9999 9999 9999 9999 9999 9999
259BERMUDA 2003 91  9999 9999 9999 9999 9999 9999 9999 9999 9999 9999 9999
259BERMUDA 2003 92  9999 9999 9999 9999 9999 9999 9999 9999 9999 9999 9999
259BERMUDA 2003 93  9999 9999 1557 1571 1552 1531 1523 1507
259BERMUDA 2003101  1534 1586 1598 1575 1568 1570 1571 1561 1592 1639 1652
259BERMUDA 2003102  1694 1775 1830 1872 1823 1739 1788 1836 1765 1737 1836
259BERMUDA 2003103  1907 1827 1711 1670 1705 1739 1768 1749 1690
259BERMUDA 2003111  1662 1625 1606 1589 1559 1555 1580 1595 1536 1525 1572
259BERMUDA 2003112  1589 1654 1708 1657 1588 1526 1542 1556 1603 1626 1615
259BERMUDA 2003113  1613 1572 1547 1499 1477 1477 1546 1526
259BERMUDA 2003121  1493 1543 1528 1469 1499 1598 1676 1633 1572 1549 1604
259BERMUDA 2003122  1631 1599 1607 1647 1621 1605 1674 1657 1634 1545 1391
259BERMUDA 2003123  1363 1408 1443 1488 1543 1516 1443 1440 1451
259BERMUDA 2004 11  1426 1407 1381 1373 1388 1460 1520 1500 1519 1571 1541
259BERMUDA 2004 12  1454 1498 1537 1586 1652 1590 1493 1526 1542 1484 1444
259BERMUDA 2004 13  1486 1477 1409 1351 1433 1530 1481 1436 1480
259BERMUDA 2004 21  1390 1290 1245 1237 1214 1204 1305 1369 1247 1270 1363
259BERMUDA 2004 22  1348 1371 1339 1329 1343 1264 1292 1424 1381 1377 1410
259BERMUDA 2004 23  1358 1344 1378 1354 1372 1404 1318
259BERMUDA 2004 31  1249 1210 1235 1273 1273 1308 1374 1488 1467 1419 1474
259BERMUDA 2004 32  1448 1437 1406 1380 1424 1508 1507 1471 1474 1471 1543
259BERMUDA 2004 33  1528 1393 1319 1314 1374 1450 1466 1460 1486
259BERMUDA 2004 41  1498 1516 1568 1595 1630 1593 1496 1475 1523 1507 1455
259BERMUDA 2004 42  1424 1395 1429 1506 1504 1420 1390 1407 1447 1475 1405
259BERMUDA 2004 43  1368 1394 1400 1376 1425 1453 1354 1291
259BERMUDA 2004 51  1275 1291 1319 1362 1414 1443 1404 1379 1369 1364 1362
259BERMUDA 2004 52  1369 1380 1365 1343 1320 1317 1330 1350 1356 1366 1388
259BERMUDA 2004 53  1385 1384 1397 1460 1493 1514 1520 1521 1503
259BERMUDA 2004 61  1508 1460 1408 1397 1401 1398 1402 1386 1388 1431 1469
259BERMUDA 2004 62  1499 1410 1332 1311 1297 1339 1418 1494 1522 1487 1465
259BERMUDA 2004 63  1471 1456 1436 1450 1446 1434 1441 1444
259BERMUDA 2004 71  1445 1459 1486 1517 1539 1539 1560 1551 1508 1523 1547
259BERMUDA 2004 72  1530 1544 1553 1535 1504 1491 1478 1482 1485 1503 1508
259BERMUDA 2004 73  1505 1494 1462 1460 1476 1477 1474 1466 1456
259BERMUDA 2004 81  1452 1474 1514 1560 1597 1613 1613 1549 1515 1536 1551
259BERMUDA 2004 82  1563 1550 1562 1589 1609 1640 1665 1657 1623 1604 1606
259BERMUDA 2004 83  1583 1534 1482 1458 1447 1434 1418 1384 1381
259BERMUDA 2004 91  1395 1410 1419 1415 1402 1387 1393 1404 1405 1381 1402
259BERMUDA 2004 92  1409 1397 1376 1327 1335 1393 1443 1485 1506 1503 1515
259BERMUDA 2004 93  1516 1532 1540 1552 1569 1553 1565 1606
259BERMUDA 2004101  1606 1580 1600 1618 1594 1595 1605 1610 1660 1740 1733
259BERMUDA 2004102  1687 1676 1635 1639 1638 1617 1594 1570 1575 1637 1705
259BERMUDA 2004103  1738 1757 1693 1638 1564 1510 1481 1490 1503
259BERMUDA 2004111  1509 1506 1485 1471 1531 1534 1499 1507 1491 1381 1297
259BERMUDA 2004112  1321 1344 1356 1356 1362 1359 1341 1326 1342 1344 1377
259BERMUDA 2004113  1363 1299 1272 1298 1230 1211 1235 1219
259BERMUDA 2004121  1204 1238 1289 1294 1228 1193 1213 1238 1249 1285 1345
259BERMUDA 2004122  1402 1369 1381 1435 1378 1311 1374 1485 1552 1443 1366
259BERMUDA 2004123  1396 1425 1468 1474 1486 1433 1396 1399 1374
259BERMUDA 2005 11  1348 1360 1316 1329 1375 1383 1367 1352 1343 1355 1357
259BERMUDA 2005 12  1337 1311 1295 1311 1326 1400 1409 1367 1400 1469 1389
259BERMUDA 2005 13  1439 1515 1438 1396 1398 1345 1281 1331 1434
259BERMUDA 2005 21  1491 1474 1380 1397 1435 1427 1423 1446 1411 1430 1537
259BERMUDA 2005 22  1524 1437 1319 1274 1334 1455 1487 1431 1332 1303 1387
259BERMUDA 2005 23  1423 1389 1434 1467 1422 1444
259BERMUDA 2005 31  1515 1560 1547 1493 1463 1525 1448 1418 1460 1474 1470
259BERMUDA 2005 32  1476 1458 1414 1420 1382 1392 1441 1345 1297 1341 1302
259BERMUDA 2005 33  1250 1341 1357 1290 1240 1223 1311 1367 1305
259BERMUDA 2005 41  1270 1281 1303 1288 1265 1237 1206 1221 1284 1396 1408
259BERMUDA 2005 42  1326 1291 1346 1360 1337 1344 1301 1241 1246 1282 1309
259BERMUDA 2005 43  1327 1380 1366 1255 1248 1328 1314 1245
259BERMUDA 2005 51  1250 1294 1328 1303 1265 1268 1340 1402 1412 1411 1335
259BERMUDA 2005 52  1280 1255 1252 1263 1266 1255 1276 1290 1265 1273 1336
259BERMUDA 2005 53  1338 1359 1416 1414 1366 1349 1389 1387 1376
259BERMUDA 2005 61  1359 1286 1261 1292 1341 1325 1294 1317 1322 1298 1303
259BERMUDA 2005 62  1321 1341 1387 1423 1411 1403 1392 1347 1333 1339 1383
259BERMUDA 2005 63  1374 1323 1292 1295 1282 1292 1335 1376
259BERMUDA 2005 71  1416 1441 1436 1417 1449 1472 1474 1474 1460 1461 1488
259BERMUDA 2005 72  1507 1517 1522 1534 1541 1535 1528 1539 1574 1614 1623
259BERMUDA 2005 73  1607 1606 1584 1591 1564 1535 1518 1500 1511
259BERMUDA 2005 81  1539 1561 1616 1625 1558 1522 1507 1509 1506 1522 1540
259BERMUDA 2005 82  1536 1536 1555 1568 1595 1604 1586 1573 1569 1570 1574
259BERMUDA 2005 83  1575 1568 1573 1587 1577 1548 1547 1583 1591
259BERMUDA 2005 91  1574 1582 1585 1573 1532 1496 1485 1519 1521 1482 1441
259BERMUDA 2005 92  1415 1437 1453 1460 1447 1443 1466 1471 1460 1452 1472
259BERMUDA 2005 93  1534 1560 1460 1423 1467 1477 1441 1416
259BERMUDA 2005101  1392 1351 1358 1362 1383 1384 1387 1424 1450 1422 1444
259BERMUDA 2005102  1494 1547 1556 1557 1537 1511 1472 1456 1440 1455 1495
259BERMUDA 2005103  1525 1521 1576 1566 1506 1476 1528 1510 1452
259BERMUDA 2005111  1456 1539 1521 1475 1474 1482 1505 1538 1549 1569 1621
259BERMUDA 2005112  1527 1427 1403 1415 1415 1424 1496 1511 1452 1463 1586
259BERMUDA 2005113  1657 1584 1505 1450 1454 1458 1462 1476
259BERMUDA 2005121  1522 1562 1514 1446 1436 1453 1413 1360 1367 1421 1440
259BERMUDA 2005122  1486 1476 1426 1319 1326 1311 1292 1362 1364 1368 1375
259BERMUDA 2005123  1357 1378 1395 1463 1483 1399 1403 1476 1452
259BERMUDA 2006 11  1425 1386 1420 1534 1497 1478 1503 1425 1326 1302 1317
259BERMUDA 2006 12  1373 1405 1487 1627 1545 1392 1372 1349 1344 1317 1298
259BERMUDA 2006 13  1303 1400 1494 1513 1415 1284 1296 1360 1447
259BERMUDA 2006 21  1485 1419 1385 1388 1426 1405 1385 1421 1439 1377 1313
259BERMUDA 2006 22  1424 1444 1328 1249 1238 1272 1318 1342 1287 1317 1313
259BERMUDA 2006 23  1342 1362 1282 1357 1409 1335
259BERMUDA 2006 31  1342 1332 1388 1397 1365 1336 1361 1417 1304 1215 1234
259BERMUDA 2006 32  1237 1261 1329 1401 1369 1341 1389 1377 1365 1382 1433
259BERMUDA 2006 33  1389 1343 1418 1430 1363 1273 1249 1274 1219
259BERMUDA 2006 41  1172 1211 1252 1250 1284 1297 1239 1232 1234 1245 1223
259BERMUDA 2006 42  1166 1153 1193 1263 1340 1349 1368 1345 1322 1241 1177
259BERMUDA 2006 43  1164 1195 1257 1287 1300 1310 1303 1303
259BERMUDA 2006 51  1323 1337 1344 1381 1366 1308 1289 1298 1318 1336 1334
259BERMUDA 2006 52  1321 1325 1326 1277 1262 1324 1387 1370 1367 1389 1427
259BERMUDA 2006 53  1439 1421 1388 1325 1322 1308 1296 1294 1272
259BERMUDA 2006 61  1286 1335 1355 1347 1351 1368 1375 1347 1367 1394 1376
259BERMUDA 2006 62  1351 1315 1296 1343 1393 1385 1355 1319 1322 1326 1322
259BERMUDA 2006 63  1328 1344 1347 1343 1342 1357 1374 1387
259BERMUDA 2006 71  1351 1325 1321 1314 1310 1312 1320 1305 1306 1303 1295
259BERMUDA 2006 72  1290 1316 1346 1376 1385 1375 1344 1328 1340 1351 1369
259BERMUDA 2006 73  1379 1398 1396 1391 1396 1388 1411 1472 1485
259BERMUDA 2006 81  1481 1462 1446 1450 1449 1434 1430 1447 1474 1503 1548
259BERMUDA 2006 82  1564 1508 1458 1446 1458 1460 1451 1462 1469 1467 1480
259BERMUDA 2006 83  1512 1540 1537 1521 1492 1482 1502 1541 1538
259BERMUDA 2006 91  1493 1470 1465 1477 1478 1477 1467 1479 1493 1539 1622
259BERMUDA 2006 92  1505 1429 1435 1438 1447 1463 1433 1405 1434 1460 1411
259BERMUDA 2006 93  1339 1327 1389 1424 1432 1424 1430 1430
259BERMUDA 2006101  1431 1420 1391 1403 1453 1476 1485 1442 1444 1490 1520
259BERMUDA 2006102  1512 1531 1537 1537 1485 1445 1474 1516 1556 1582 1568
259BERMUDA 2006103  1615 1698 1668 1612 1568 1594 1633 1583 1576
259BERMUDA 2006111  1559 1569 1606 1563 1510 1501 1485 1552 1678 1659 1589
259BERMUDA 2006112  1566 1574 1557 1533 1520 1531 1586 1631 1601 1566 1542
259BERMUDA 2006113  1536 1586 1578 1543 1508 1467 1429 1402
259BERMUDA 2006121  1404 1435 1437 1469 1493 1454 1456 1529 1431 1373 1401
259BERMUDA 2006122  1386 1343 1357 1412 1448 1384 1336 1365 1399 1338 1341
259BERMUDA 2006123  1382 1431 1409 1440 1486 1395 1321 1345 1405
259BERMUDA 2007 11  1388 1418 1406 1389 1393 1428 1454 1476 1537 1566 1451
259BERMUDA 2007 12  1369 1373 1390 1390 1442 1464 1384 1446 1568 1503 1437
259BERMUDA 2007 13  1520 1500 1514 1571 1439 1436 1543 1443 1415
259BERMUDA 2007 21  1369 1350 1371 1342 1363 1346 1378 1423 1421 1405 1351
259BERMUDA 2007 22  1271 1253 1345 1435 1447 1421 1452 1507 1337 1381 1506
259BERMUDA 2007 23  1552 1508 1392 1379 1444 1412
259BERMUDA 2007 31  1356 1336 1356 1381 1389 1405 1366 1357 1325 1277 1368
259BERMUDA 2007 32  1352 1301 1272 1299 1328 1386 1422 1304 1218 1190 1183
259BERMUDA 2007 33  1229 1262 1278 1242 1239 1332 1363 1337 1280
259BERMUDA 2007 41  1203 1191 1228 1249 1281 1328 1374 1308 1279 1329 1313
259BERMUDA 2007 42  1327 1356 1338 1307 1383 1467 1435 1372 1337 1290 1218
259BERMUDA 2007 43  1171 1173 1215 1225 1226 1268 1324 1323
259BERMUDA 2007 51  1312 1339 1367 1390 1391 1388 1392 1357 1375 1424 1443
259BERMUDA 2007 52  1429 1446 1433 1296 1297 1324 1332 1385 1416 1391 1392
259BERMUDA 2007 53  1366 1323 1329 1339 1354 1354 1398 1421 1363
259BERMUDA 2007 61  1333 1327 1352 1410 1407 1395 1390 1370 1420 1443 1388
259BERMUDA 2007 62  1388 1390 1400 1410 1386 1388 1362 1354 1366 1391 1406
259BERMUDA 2007 63  1403 1359 1319 1297 1312 1335 1372 1406
259BERMUDA 2007 71  1429 1450 1404 1350 1343 1365 1382 1382 1380 1348 1329
259BERMUDA 2007 72  1327 1327 1338 1345 1354 1372 1372 1365 1382 1390 1386
259BERMUDA 2007 73  1366 1356 1367 1368 1393 1427 1422 1448 1469
259BERMUDA 2007 81  1478 1473 1471 1488 1496 1503 1508 1508 1524 1538 1549
259BERMUDA 2007 82  1538 1540 1564 1538 1480 1473 1491 1497 1487 1480 1510
259BERMUDA 2007 83  1527 1535 1552 1568 1558 1571 1595 1606 1622
259BERMUDA 2007 91  1632 1606 1571 1578 1592 1558 1488 1482 1540 1593 1576
259BERMUDA 2007 92  1582 1569 1584 1573 1591 1616 1612 1614 1627 1662 1657
259BERMUDA 2007 93  1644 1667 1642 1630 1632 1629 1659 1637
259BERMUDA 2007101  1595 1600 1594 1607 1620 1625 1670 1702 1733 1720 1716
259BERMUDA 2007102  1739 1683 1613 1580 1589 1596 1591 1590 1576 1583 1578
259BERMUDA 2007103  1593 1610 1608 1582 1601 1634 1658 1631 1595
259BERMUDA 2007111  1624 1681 1727 1727 1737 1696 1703 1722 1697 1708 1691
259BERMUDA 2007112  1635 1647 1650 1662 1739 1660 1547 1557 1616 1607 1543
259BERMUDA 2007113  1540 1523 1445 1427 1443 1475 1468 1474
259BERMUDA 2007121  1499 1475 1481 1589 1589 1524 1403 1356 1352 1351 1383
259BERMUDA 2007122  1411 1448 1490 1481 1483 1561 1513 1450 1467 1482 1465
259BERMUDA 2007123  1432 1462 1491 1536 1559 1508 1473 1483 1521
259BERMUDA 2008 11  1559 1639 1648 1484 1414 1448 1481 1467 1498 1521 1535
259BERMUDA 2008 12  1555 1562 1586 1605 1575 1473 1469 1497 1535 1454 1385
259BERMUDA 2008 13  1466 1534 1576 1489 1551 1613 1529 1421 1373
259BERMUDA 2008 21  1371 1365 1357 1370 1378 1408 1414 1412 1405 1438 1414
259BERMUDA 2008 22  1348 1347 1399 1356 1360 1369 1352 1386 1404 1371 1334
259BERMUDA 2008 23  1368 1407 1412 1388 1389 1393 1305
259BERMUDA 2008 31  1280 1314 1275 1269 1333 1357 1342 1332 1345 1354 1363
259BERMUDA 2008 32  1458 1459 1397 1450 1511 1480 1394 1302 1335 1375 1333
259BERMUDA 2008 33  1370 1413 1421 1286 1248 1306 1340 1317 1243
259BERMUDA 2008 41  1233 1299 1305 1281 1298 1288 1311 1329 1294 1279 1296
259BERMUDA 2008 42  1332 1387 1426 1429 1442 1440 1433 1430 1422 1413 1407
259BERMUDA 2008 43  1406 1393 1399 1417 1383 1340 1369 1413
259BERMUDA 2008 51  1394 1377 1413 1414 1406 1463 1503 1465 1475 1578 1607
259BERMUDA 2008 52  1616 1667 1583 1489 1458 1513 1521 1506 1497 1496 1499
259BERMUDA 2008 53  1476 1473 1460 1385 1369 1384 1388 1367 1348
259BERMUDA 2008 61  1370 1375 1369 1352 1331 1344 1344 1337 1381 1401 1377
259BERMUDA 2008 62  1346 1332 1341 1355 1356 1355 1384 1379 1341 1311 1324
259BERMUDA 2008 63  1335 1344 1346 1355 1377 1366 1349 1366
259BERMUDA 2008 71  1391 1403 1413 1427 1446 1429 1423 1436 1453 1481 1498
259BERMUDA 2008 72  1495 1502 1595 1541 1504 1536 1510 1479 1474 1474 1455
259BERMUDA 2008 73  1418 1425 1429 1447 1484 1502 1524 1538 1561
259BERMUDA 2008 81  1582 1564 1531 1524 1526 1536 1558 1553 1541 1550 1545
259BERMUDA 2008 82  1534 1523 1539 1532 1508 1537 1529 1522 1500 1468 1415
259BERMUDA 2008 83  1378 1368 1375 1400 1417 1411 1380 1376 1407
259BERMUDA 2008 91  1444 1463 1455 1444 1458 1490 1504 1498 1511 1533 1532
259BERMUDA 2008 92  1553 1592 1645 1633 1606 1607 1622 1613 1581 1570 1562
259BERMUDA 2008 93  1572 1592 1558 1527 1542 1581 1596 1610
259BERMUDA 2008101  1685 1694 1581 1534 1520 1568 1592 1550 1526 1523 1517
259BERMUDA 2008102  1476 1459 1486 1500 1506 1473 1470 1493 1492 1441 1427
259BERMUDA 2008103  1420 1379 1388 1419 1444 1488 1463 1423 1380
259BERMUDA 2008111  1364 1400 1364 1386 1456 1507 1536 1568 1563 1542 1545
259BERMUDA 2008112  1490 1469 1481 1495 1541 1571 1613 1657 1606 1567 1553
259BERMUDA 2008113  1484 1462 1489 1558 1602 1595 1611 1654
259BERMUDA 2008121  1656 1635 1631 1603 1611 1650 1697 1679 1637 1599 1579
259BERMUDA 2008122  1624 1671 1628 1608 1610 1596 1571 1568 1605 1620 1630
259BERMUDA 2008123  1498 1395 1417 1432 1409 1383 1389 1468 1488
259BERMUDA 2009 11  1477 1458 1484 1471 1448 1447 1469 1561 1611 1518 1539
259BERMUDA 2009 12  1567 1544 1562 1541 1526 1492 1451 1541 1651 1626 1550
259BERMUDA 2009 13  1415 1466 1502 1461 1416 1393 1432 1475 1553
259BERMUDA 2009 21  1426 1330 1448 1515 1471 1359 1290 1309 1363 1349 1333
259BERMUDA 2009 22  1372 1471 1508 1535 1571 1551 1370 1379 1466 1417 1394
259BERMUDA 2009 23  1457 1457 1399 1361 1365 1385
259BERMUDA 2009 31  1395 1433 1461 1429 1374 1316 1327 1390 1453 1527 1524
259BERMUDA 2009 32  1435 1365 1375 1359 1373 1434 1420 1305 1372 1439 1389
259BERMUDA 2009 33  1383 1449 1439 1403 1381 1354 1367 1456 1462
259BERMUDA 2009 41  1446 1436 1398 1426 1434 1420 1479 1498 1451 1394 1372
259BERMUDA 2009 42  1445 1396 1338 1386 1453 1402 1309 1316 1305 1279 1284
259BERMUDA 2009 43  1297 1269 1225 1219 1214 1216 1251 1282
259BERMUDA 2009 51  1272 1302 1337 1326 1332 1327 1335 1389 1425 1432 1457
259BERMUDA 2009 52  1472 1434 1380 1356 1395 1441 1452 1435 1420 1413 1418
259BERMUDA 2009 53  1452 1457 1467 1488 1490 1527 1548 1547 1551
259BERMUDA 2009 61  1512 1473 1463 1483 1482 1474 1496 1516 1511 1504 1493
259BERMUDA 2009 62  1474 1447 1445 1463 1488 1481 1448 1488 1536 1579 1586
259BERMUDA 2009 63  1552 1533 1519 1520 1528 1553 1559 1534
259BERMUDA 2009 71  1519 1505 1483 1500 1519 1529 1558 1568 1539 1520 1503
259BERMUDA 2009 72  1509 1541 1545 1539 1576 1585 1538 1512 1507 1509 1501
259BERMUDA 2009 73  1519 1554 1539 1525 1503 1508 1533 1541 1533
259BERMUDA 2009 81  1535 1561 1567 1559 1559 1571 1603 1616 1599 1603 1610
259BERMUDA 2009 82  1595 1564 1547 1563 1573 1567 1567 1595 1622 1612 1600
259BERMUDA 2009 83  1589 1574 1561 1549 1543 1517 1489 1466 1444
259BERMUDA 2009 91  1447 1449 1434 1430 1432 1430 1422 1436 1456 1424 1378
259BERMUDA 2009 92  1392 1419 1424 1401 1381 1375 1395 1415 1404 1392 1409
259BERMUDA 2009 93  1437 1491 1549 1547 1569 1582 1595 1650
259BERMUDA 2009101  1629 1595 1580 1619 1640 1655 1696 1723 1684 1679 1692
259BERMUDA 2009102  1672 1698 1734 1714 1769 1755 1730 1738 1685 1648 1627
259BERMUDA 2009103  1616 1618 1614 1632 1643 1662 1707 1650 1547
259BERMUDA 2009111  1565 1626 1609 1579 1579 1566 1478 1415 1404 1432 1511
259BERMUDA 2009112  1568 1564 1565 1570 1550 1544 1503 1476 1513 1569 1569
259BERMUDA 2009113  1500 1489 1519 1533 1599 1635 1554 1515
259BERMUDA 2009121  1547 1492 1485 1514 1540 1558 1519 1534 1559 1612 1610
259BERMUDA 2009122  1524 1488 1563 1571 1566 1546 1535 1639 1714 1681 1653
259BERMUDA 2009123  9999 9999 9999 9999 9999 9999 9999 9999 9999
259BERMUDA 2010 11  9999 9999 9999 9999 9999 9999 9999 9999 9999 9999 9999
259BERMUDA 2010 12  9999 9999 9999 9999 9999 9999 9999 9999 9999 9999 9999
259BERMUDA 2010 13  9999 9999 9999 9999 9999 9999 9999 9999 9999
259BERMUDA 2010 21  9999 9999 9999 9999 9999 9999 9999 9999 9999 9999 9999
259BERMUDA 2010 22  9999 9999 9999 9999 9999 9999 9999 9999 9999 9999 9999
259BERMUDA 2010 23  9999 9999 1513 1522 1461 1532
259BERMUDA 2010 31  1559 1479 1533 1589 1503 1468 1413 1394 1391 1329 1287
259BERMUDA 2010 32  1301 1369 1461 1509 1542 1460 1387 1442 1404 1320 1299
259BERMUDA 2010 33  1377 1429 1383 1428 1511 1398 1322 1384 1454
259BERMUDA 2010 41  1513 1515 1455 1415 1397 1413 1425 1438 1451 1448 1399
259BERMUDA 2010 42  1392 1395 1368 1357 1367 1395 1421 1437 1429 1387 1404
259BERMUDA 2010 43  1450 1422 1371 1425 1501 1528 1471 1409
259BERMUDA 2010 51  1401 1371 1350 1362 1374 1373 1394 1403 1425 1366 1271
259BERMUDA 2010 52  1218 1238 1235 1250 1296 1311 1290 1265 1261 1259 1236
259BERMUDA 2010 53  1226 1223 1224 1263 1307 1279 1194 1167 1160
259BERMUDA 2010 61  1134 1142 1154 1147 1134 1131 1168 1203 1166 1172 1214
259BERMUDA 2010 62  1169 1145 1187 1224 1171 1186 1216 1151 1137 1156 1163
259BERMUDA 2010 63  1169 1187 1195 1215 1240 1210 1179 1180
259BERMUDA 2010 71  1194 1240 1253 1237 1220 1214 1220 1219 1218 1227 1263
259BERMUDA 2010 72  1282 1252 1249 1279 1289 1291 1312 1323 1309 1307 1334
259BERMUDA 2010 73  1359 1383 1398 1410 1413 1403 1413 1456 1463
259BERMUDA 2010 81  1431 1418 1405 1417 1437 1462 1497 1469 1432 1453 1490
259BERMUDA 2010 82  1516 1536 1493 1436 1408 1386 1364 1389 1443 1434 1399
259BERMUDA 2010 83  1399 1425 1436 1445 1472 1518 1502 1462 1478
259BERMUDA 2010 91  1497 1519 1572 1606 1567 1556 1552 1588 1663 1692 1678
259BERMUDA 2010 92  1634 1628 1655 1656 1641 1653 1691 1805 1817 1562 1474
259BERMUDA 2010 93  1454 1428 1417 1407 1396 1405 1391 1368
259BERMUDA 2010101  1380 1381 1353 1331 1332 1364 1423 1423 1411 1383 1342
259BERMUDA 2010102  1314 1318 1327 1380 1416 1385 1357 1348 1362 1396 1363
259BERMUDA 2010103  1314 1282 1270 1279 1276 1278 1372 1375 1346
259BERMUDA 2010111  1347 1298 1290 1328 1359 1327 1348 1412 1449 1485 1507
259BERMUDA 2010112  1500 1480 1461 1415 1386 1384 1380 1388 1335 1306 1313
259BERMUDA 2010113  1350 1438 1456 1436 1475 1434 1342 1308
259BERMUDA 2010121  1336 1413 1461 1469 1473 1480 1466 1416 1337 1317 1319
259BERMUDA 2010122  1320 1422 1512 1493 1451 1385 1343 1387 1529 1539 1457
259BERMUDA 2010123  1475 1452 1329 1315 1449 1503 1391 1335 1296
259BERMUDA 2011 11  1286 1291 1365 1391 1441 1532 1590 1554 1522 1455 1439
259BERMUDA 2011 12  1501 1512 1432 1410 1436 1438 1433 1468 1452 1469 1525
259BERMUDA 2011 13  1492 9999 9999 9999 9999 9999 9999 9999 9999
259BERMUDA 2011 21  9999 9999 9999 9999 9999 9999 9999 9999 9999 9999 9999
259BERMUDA 2011 22  9999 9999 9999 9999 9999 9999 9999 9999 9999 9999 9999
259BERMUDA 2011 23  9999 9999 9999 9999 9999 9999
259BERMUDA 2011 31  9999 9999 9999 9999 9999 9999 9999 9999 9999 9999 9999
259BERMUDA 2011 32  9999 9999 9999 9999 9999 9999 9999 9999 9999 9999 9999
259BERMUDA 2011 33  9999 9999 9999 9999 9999 9999 9999 9999 9999
259BERMUDA 2011 41  9999 9999 9999 9999 9999 9999 9999 9999 9999 9999 9999
259BERMUDA 2011 42  9999 9999 9999 9999 9999 9999 9999 9999 9999 9999 9999
259BERMUDA 2011 43  9999 9999 9999 9999 9999 9999 9999 9999
259BERMUDA 2011 51  9999 9999 9999 9999 9999 9999 9999 9999 9999 9999 9999
259BERMUDA 2011 52  9999 9999 9999 9999 9999 9999 9999 9999 9999 9999 9999
259BERMUDA 2011 53  9999 9999 9999 9999 9999 9999 9999 9999 9999
259BERMUDA 2011 61  9999 9999 9999 9999 9999 9999 9999 1390 1399 1390 1364
259BERMUDA 2011 62  1379 1427 1447 1465 1433 1378 1375 1415 1466 1497 1493
259BERMUDA 2011 63  1458 1476 1489 1472 1428 1414 1415 1412
259BERMUDA 2011 71  1414 1399 1384 1363 1339 1312 1280 1277 1301 1313 1321
259BERMUDA 2011 72  1370 1403 1447 1446 1400 1369 1412 1508 1517 1487 1465
259BERMUDA 2011 73  1474 1506 1535 1554 1556 1548 1560 1566 1557
259BERMUDA 2011 81  1566 1606 1613 1581 1569 1561 1577 1635 1648 1599 1553
259BERMUDA 2011 82  1518 1474 1484 1505 1490 1466 1474 1490 1489 1497 1519
259BERMUDA 2011 83  1548 1526 1507 1516 1549 1570 1537 1512 1518
259BERMUDA 2011 91  1547 1573 1555 1534 1525 1538 1559 1595 1629 1654 1637
259BERMUDA 2011 92  1611 1602 1594 1620 1601 1565 1547 1535 1529 1513 1535
259BERMUDA 2011 93  1550 1555 1583 1626 1646 1635 1623 1633
259BERMUDA 2011101  1690 1684 1603 1631 1647 1619 1588 1539 1517 1558 1597
259BERMUDA 2011102  1589 1599 1621 1624 1611 1616 1640 1643 1624 1616 1648
259BERMUDA 2011103  1678 1691 1712 1677 1707 1745 1763 1765 1710
259BERMUDA 2011111  1768 1812 1775 1797 1823 1712 1687 1740 1773 1820 1863
259BERMUDA 2011112  1744 1694 1708 1705 1709 1744 1748 1660 1617 1622 1612
259BERMUDA 2011113  1603 1657 1595 1539 1515 1500 1522 1611
259BERMUDA 2011121  1630 1551 1508 1471 1457 1465 1498 1542 1518 1495 1496
259BERMUDA 2011122  1522 1596 1599 1537 1515 1556 1625 1562 1462 1454 1475
259BERMUDA 2011123  1508 1531 1525 1606 1599 1616 1621 1580 1586
259BERMUDA 2012 11  1588 1599 1709 1689 1620 1632 1571 1586 1573 1622 1623
259BERMUDA 2012 12  1608 1607 1600 1611 1523 1456 1522 1610 1562 1470 1477
259BERMUDA 2012 13  1464 1447 1456 1459 1484 1496 1467 1439 1384
259BERMUDA 2012 21  1379 1428 1467 1395 1460 1487 1448 1466 1494 1449 1526
259BERMUDA 2012 22  1623 1489 1403 1384 1400 1410 1430 1438 1515 1413 1339
259BERMUDA 2012 23  1412 1409 1397 1339 1250 1270 1291
259BERMUDA 2012 31  1339 1372 1351 1370 1382 1303 1203 1215 1290 1372 1309
259BERMUDA 2012 32  1267 1279 1284 1295 1296 1302 1290 1291 1279 1240 1232
259BERMUDA 2012 33  1301 1349 1354 1412 1430 1317 1326 1335 1297
259BERMUDA 2012 41  1384 1491 1466 1364 1359 1364 1375 1298 1278 1308 1334
259BERMUDA 2012 42  1359 1330 1262 1217 1248 1308 1343 1334 1317 1331 1350
259BERMUDA 2012 43  1390 1414 1363 1319 1303 1301 1331 1363
259BERMUDA 2012 51  1326 1363 1420 1419 1451 1485 1486 1436 1405 1447 1485
259BERMUDA 2012 52  1437 1386 1418 1459 1479 1495 1509 1515 1510 1509 1539
259BERMUDA 2012 53  1565 1521 1484 1484 1496 1488 1475 1502 1539
259BERMUDA 2012 61  1546 1547 1602 1625 1634 1599 1577 1564 1556 1525 1520
259BERMUDA 2012 62  1518 1531 1533 1551 1549 1558 1524 1472 1477 1509 1532
259BERMUDA 2012 63  1520 1510 1532 1549 1539 1526 1529 1501
259BERMUDA 2012 71  1484 1488 1510 1501 1520 1531 1551 1580 1586 1552 1518
259BERMUDA 2012 72  1515 1516 1525 1551 1595 1615 1593 1580 1605 1654 1687
259BERMUDA 2012 73  1700 1742 1787 1742 1675 1622 1602 1601 1582
259BERMUDA 2012 81  1568 1553 1531 1502 1474 1489 1525 1531 1513 1508 1507
259BERMUDA 2012 82  1517 1529 1520 1538 1557 1559 1551 1528 1512 1484 1474
259BERMUDA 2012 83  1485 1503 1511 1495 1498 1512 1567 1584 1523
259BERMUDA 2012 91  1511 1545 1555 1556 1555 1550 1565 1598 1681 1654 1546
259BERMUDA 2012 92  1482 1459 1486 1500 1480 1465 1469 1462 1464 1514 1528
259BERMUDA 2012 93  1533 1551 1544 1524 1529 1543 1552 1565
259BERMUDA 2012101  1553 1528 1532 1562 1610 1644 1654 1642 1620 1640 1651
259BERMUDA 2012102  1680 1647 1585 1644 1784 1795 1679 1666 1710 1749 1732
259BERMUDA 2012103  1681 1641 1634 1640 1687 1783 1809 1721 1663
259BERMUDA 2012111  1649 1637 1627 1590 1567 1594 1630 1654 1612 1558 1492
259BERMUDA 2012112  1452 1512 1577 1525 1477 1463 1433 1466 1545 1526 1501
259BERMUDA 2012113  1547 1496 1422 1365 1322 1355 1351 1285
259BERMUDA 2012121  1296 1299 1302 1310 1305 1326 1288 1275 1286 1255 1261
259BERMUDA 2012122  1249 1312 1376 1349 1327 1327 1384 1429 1349 1293 1341
259BERMUDA 2012123  1258 1189 1234 1232 1259 1270 1246 1320 1287
259BERMUDA 2013 11  1214 1260 1248 1242 1205 1169 1201 1144 1133 1171 1170
259BERMUDA 2013 12  1204 1241 1199 1170 1187 1212 1259 1232 1257 1307 1337
259BERMUDA 2013 13  1323 1317 1272 1249 1287 1242 1277 1295 1300
259BERMUDA 2013 21  1371 1336 1353 1395 1357 1385 1335 1334 1431 1384 1295
259BERMUDA 2013 22  1338 1407 1418 1402 1431 1485 1424 1329 1391 1446 1405
259BERMUDA 2013 23  1323 1368 1411 1341 1360 1456
259BERMUDA 2013 31  1470 1454 1471 1480 1426 1399 1473 1520 1538 1417 1303
259BERMUDA 2013 32  1288 1324 1367 1354 1358 1376 1338 1336 1393 1456 1460
259BERMUDA 2013 33  1405 1430 1502 1497 1422 1409 1387 1313 1249
259BERMUDA 2013 41  1254 1339 1336 1264 1259 1328 1292 1200 1210 1240 1261
259BERMUDA 2013 42  1270 1288 1306 1276 1239 1225 1216 1191 1212 1255 1255
259BERMUDA 2013 43  1262 1283 1272 1267 1277 1315 1329 1332
259BERMUDA 2013 51  1358 1365 1395 1416 1411 1382 1374 1367 1384 1408 1394
259BERMUDA 2013 52  1404 1441 1487 1418 1393 1419 1431 1402 1370 1380 1376
259BERMUDA 2013 53  1350 1353 1407 1410 1369 1357 1360 1368 1373
259BERMUDA 2013 61  1390 1399 1414 1420 1420 1416 1400 1389 1397 1420 1453
259BERMUDA 2013 62  1504 1520 1537 1575 1503 1467 1462 1444 1417 1390 1386
259BERMUDA 2013 63  1381 1380 1407 1437 1442 1442 1437 1415
259BERMUDA 2013 71  1404 1373 1371 1390 1413 1453 1488 1496 1504 1528 1556
259BERMUDA 2013 72  1580 1548 1529 1536 1541 1552 1564 1541 1517 1505 1479
259BERMUDA 2013 73  1469 1492 1489 1469 1433 1421 1424 1436 1450
259BERMUDA 2013 81  1457 1465 1467 1513 1539 1512 1493 1493 1502 1510 1527
259BERMUDA 2013 82  1569 1565 1554 1547 1567 1556 1555 1604 1619 1592 1570
259BERMUDA 2013 83  1587 1609 1609 1585 1546 1514 1502 1502 1478
259BERMUDA 2013 91  1446 1421 1404 1387 1395 1395 1404 1434 1416 1370 1347
259BERMUDA 2013 92  1351 1414 1420 1377 1388 1434 1453 1459 1457 1480 1523
259BERMUDA 2013 93  1535 1527 1499 1543 1533 1502 1540 1538
259BERMUDA 2013101  1527 1508 1490 1495 1507 1520 1524 1538 1555 1543 1533
259BERMUDA 2013102  1552 1534 1509 1543 1607 1614 1575 1570 1583 1588 1597
259BERMUDA 2013103  1648 1650 1595 1569 1596 1595 1605 1598 1543
259BERMUDA 2013111  1566 1626 1675 1630 1535 1511 1553 1612 1576 1541 1560
259BERMUDA 2013112  1592 1626 1519 1462 1493 1506 1543 1585 1545 1438 1430
259BERMUDA 2013113  1493 1569 1476 1363 1393 1410 1355 1323
259BERMUDA 2013121  1332 1423 1482 1401 1316 1271 1274 1311 1318 1354 1365
259BERMUDA 2013122  1376 1341 1273 1319 1373 1355 1375 1310 1269 1277 1272
259BERMUDA 2013123  1279 1320 1351 1323 1330 1322 1302 1400 1487
259BERMUDA 2014 11  9999 9999 9999 9999 9999 9999 9999 9999 9999 9999 9999
259BERMUDA 2014 12  9999 9999 9999 9999 9999 9999 9999 9999 9999 9999 9999
259BERMUDA 2014 13  9999 9999 9999 9999 9999 9999 9999 9999 9999
259BERMUDA 2014 21  9999 9999 9999 9999 9999 9999 9999 9999 9999 9999 9999
259BERMUDA 2014 22  9999 9999 9999 9999 9999 9999 9999 9999 9999 9999 9999
259BERMUDA 2014 23  9999 9999 9999 9999 9999 9999
259BERMUDA 2014 31  9999 9999 9999 9999 9999 9999 9999 9999 9999 9999 9999
259BERMUDA 2014 32  9999 9999 9999 9999 9999 9999 9999 9999 9999 9999 9999
259BERMUDA 2014 33  9999 9999 9999 9999 9999 9999 9999 9999 9999
259BERMUDA 2014 41  9999 9999 9999 9999 9999 9999 9999 9999 9999 9999 9999
259BERMUDA 2014 42  9999 9999 9999 9999 9999 9999 9999 9999 9999 9999 9999
259BERMUDA 2014 43  9999 9999 9999 9999 9999 9999 9999 9999
259BERMUDA 2014 51  9999 9999 9999 9999 9999 9999 9999 9999 9999 9999 9999
259BERMUDA 2014 52  9999 9999 9999 9999 9999 9999 9999 9999 9999 9999 9999
259BERMUDA 2014 53  9999 9999 9999 9999 9999 9999 9999 9999 9999
259BERMUDA 2014 61  9999 9999 9999 9999 9999 9999 9999 9999 9999 9999 9999
259BERMUDA 2014 62  9999 9999 9999 9999 9999 9999 9999 9999 9999 9999 9999
259BERMUDA 2014 63  9999 9999 9999 9999 9999 9999 9999 9999
259BERMUDA 2014 71  9999 9999 9999 9999 9999 9999 9999 9999 9999 9999 9999
259BERMUDA 2014 72  9999 9999 9999 9999 9999 1409 1391 1394 1423 1443 1473
259BERMUDA 2014 73  1501 1516 1528 1535 1539 1534 1532 1525 1520
259BERMUDA 2014 81  1518 1530 1534 1540 1551 1580 1597 1566 1555 1575 1575
259BERMUDA 2014 82  1579 1583 1601 1614 1604 1576 1549 1514 1480 1468 1505
259BERMUDA 2014 83  1570 1564 1549 1501 1429 1429 1394 1348 1338
259BERMUDA 2014 91  1342 1349 1357 1370 1383 1386 1398 1402 1401 1416 1442
259BERMUDA 2014 92  1455 1479 1471 1475 1524 1557 1553 1527 1474 1481 1504
259BERMUDA 2014 93  1481 1468 1449 1507 1568 1586 1596 1605
259BERMUDA 2014101  1603 1577 1566 1577 1559 1520 1483 1473 1467 1467 1533
259BERMUDA 2014102  1569 1413 1383 1415 1477 1625 1621 1464 1445 1435 1456
259BERMUDA 2014103  1487 1495 1489 1542 1506 1436 1429 1454 1517
259BERMUDA 2014111  1570 1577 1518 1450 1419 1477 1571 1522 1501 1495 1500
259BERMUDA 2014112  1544 1531 1512 1491 1415 1402 1469 1485 1451 1449 1372
259BERMUDA 2014113  1356 1414 1412 1426 1505 1556 1502 1432
259BERMUDA 2014121  1425 1458 1469 1499 1531 1540 1606 1594 1571 1636 1612
259BERMUDA 2014122  1603 1637 1678 1685 1601 1593 1643 1640 1616 1568 9999
259BERMUDA 2014123  9999 9999 9999 9999 9999 9999 9999 9999 9999
259BERMUDA 2015 11  9999 9999 9999 9999 9999 9999 9999 9999 9999 9999 9999
259BERMUDA 2015 12  9999 9999 9999 9999 1767 1704 1629 1694 1677 1676 1692
259BERMUDA 2015 13  1656 1676 1718 1725 1779 1738 1674 1638 1693
259BERMUDA 2015 21  1605 1557 1595 1483 1513 1574 1510 1474 1490 1608 1760
259BERMUDA 2015 22  1659 1574 1579 1675 1660 1570 1606 1645 1577 1439 1408
259BERMUDA 2015 23  1474 1560 1577 1510 1468 1433
259BERMUDA 2015 31  1371 1410 1444 1415 1424 1452 1458 1421 1398 1378 1402
259BERMUDA 2015 32  1440 1398 1370 1440 1523 1509 1527 1468 1400 1421 1438
259BERMUDA 2015 33  1450 1437 1315 1284 1376 1445 1446 1427 1425
259BERMUDA 2015 41  9999 9999 9999 9999 9999 9999 9999 9999 9999 9999 9999
259BERMUDA 2015 42  9999 9999 9999 9999 9999 9999 9999 9999 9999 9999 9999
259BERMUDA 2015 43  9999 9999 9999 9999 9999 9999 9999 9999
259BERMUDA 2015 51  9999 9999 9999 9999 9999 9999 9999 9999 9999 9999 9999
259BERMUDA 2015 52  9999 9999 9999 9999 9999 9999 9999 9999 9999 9999 9999
259BERMUDA 2015 53  9999 9999 9999 9999 9999 9999 9999 9999 9999
259BERMUDA 2015 61  9999 9999 9999 9999 9999 9999 9999 9999 9999 9999 1413
259BERMUDA 2015 62  1398 1396 1411 1394 1379 1395 1407 1398 9999 9999 9999
259BERMUDA 2015 63  9999 9999 9999 9999 9999 9999 9999 9999
259BERMUDA 2015 71  9999 9999 9999 9999 9999 9999 1569 1577 1587 1603 1618
259BERMUDA 2015 72  1616 1609 1589 1591 1592 1589 1586 1599 1604 1621 1642
259BERMUDA 2015 73  1628 1622 1632 1588 1555 1554 1531 1501 1495
259BERMUDA 2015 81  1503 1515 1506 1481 1488 1528 1567 1584 1592 1566 1505
259BERMUDA 2015 82  1475 1453 1425 1434 1452 1450 1461 1478 1513 1529 1537
259BERMUDA 2015 83  1546 1531 1519 1514 1510 1495 1471 1480 1511
259BERMUDA 2015 91  1523 1543 1583 1580 1518 1469 1463 1483 1502 1539 1542
259BERMUDA 2015 92  1525 1516 1514 1486 1469 1471 1504 1507 1514 1514 1475
259BERMUDA 2015 93  1444 1451 1465 1462 1396 1406 1458 1503
259BERMUDA 2015101  1539 1544 1550 1600 1597 1560 1548 1563 1555 1532 1513
259BERMUDA 2015102  1511 1512 1513 1539 1535 1548 1579 1551 1468 1492 1557
259BERMUDA 2015103  1625 1634 1628 1613 1594 1568 1596 1640 1629
259BERMUDA 2015111  1600 1581 1582 1543 1473 1461 1485 1521 1509 1557 1609
259BERMUDA 2015112  1630 1648 1664 1633 1638 1659 1587 1558 1590 1581 1573
259BERMUDA 2015113  1628 1636 1542 1467 1497 1534 1561 1555
259BERMUDA 2015121  1523 1540 1562 1518 1447 1458 1499 1512 1475 1474 1467
259BERMUDA 2015122  1396 1370 1375 1428 1449 1407 1417 1436 1374 1334 1351
259BERMUDA 2015123  1367 1350 1333 1337 1328 1351 1355 1339 1332
259BERMUDA 2016 11  1367 1401 1405 1465 1449 1289 1332 1480 1406 1309 1324
259BERMUDA 2016 12  1335 1356 1335 1319 1380 1412 1427 1397 1351 1325 1313
259BERMUDA 2016 13  1352 1419 1265 1171 1212 1302 1391 1389 1311
259BERMUDA 2016 21  1328 1333 1265 1206 1256 1290 1343 1453 1430 1402 1386
259BERMUDA 2016 22  1338 1384 1362 1234 1263 1366 1426 1359 1262 1287 1345
259BERMUDA 2016 23  1347 1329 1360 1422 1406 1356 1343
259BERMUDA 2016 31  1373 1407 1406 1416 1461 1457 1473 1395 1367 1338 1358
259BERMUDA 2016 32  1383 1426 1455 9999 9999 9999 9999 9999 9999 9999 9999
259BERMUDA 2016 33  1395 1417 1444 1445 1431 1443 1469 1419 1379
259BERMUDA 2016 41  1408 1461 1536 1526 1576 1507 1443 1524 1536 1473 1384
259BERMUDA 2016 42  1381 1409 1455 1469 1473 1533 1554 1489 1467 1424 1389
259BERMUDA 2016 43  1422 1500 1484 1423 1441 1425 1443 1461
259BERMUDA 2016 51  1439 1418 1414 1453 1492 1521 1545 1518 1448 1429 1436
259BERMUDA 2016 52  1451 1462 1474 1497 1472 1400 1416 1461 1459 1428 1484
259BERMUDA 2016 53  1500 1464 1434 1373 1366 1379 1370 1369 1376
259BERMUDA 2016 61  1395 1399 1409 1421 1427 1424 1440 1486 1498 1488 1466
259BERMUDA 2016 62  1480 1534 1534 1496 1523 1574 1573 1544 1502 1496 1512
259BERMUDA 2016 63  1526 1536 1538 1547 1540 1548 1561 1559
259BERMUDA 2016 71  1544 1535 1535 1541 1553 1567 1565 1586 1607 1586 1577
259BERMUDA 2016 72  1583 1591 1618 1653 1671 1655 1636 1619 1639 1649 1634
259BERMUDA 2016 73  1645 1636 1604 1591 1592 1588 1563 1514 1489
259BERMUDA 2016 81  1483 1503 1513 1503 1510 1511 1522 1522 1501 1444 1444
259BERMUDA 2016 82  1475 1468 1461 1450 1446 1465 1485 1515 1551 1552 1518
259BERMUDA 2016 83  1516 1515 1543 1554 1550 1533 1539 1552 1562
259BERMUDA 2016 91  1590 1589 1565 1572 1568 1551 1530 1533 1542 1550 1551
259BERMUDA 2016 92  1560 1577 1576 1568 1575 1587 1609 1639 1633 1633 1660
259BERMUDA 2016 93  1715 1793 1728 1672 1665 1676 1645 1608
259BERMUDA 2016101  1613 1639 1681 1694 1686 1679 1653 1664 1701 1729 1658
259BERMUDA 2016102  1639 1797 1660 1508 1501 1537 1543 1545 1575 9999 9999
259BERMUDA 2016103  9999 9999 9999 9999 9999 9999 9999 9999 9999
259BERMUDA 2016111  9999 9999 9999 9999 9999 9999 9999 9999 9999 9999 9999
259BERMUDA 2016112  9999 9999 9999 9999 9999 9999 9999 1675 1655 1626 1592
259BERMUDA 2016113  1557 1521 1517 1555 1580 1534 1490 1499
259BERMUDA 2016121  1543 1556 1570 1551 1484 1490 1527 1514 1493 1459 1413
259BERMUDA 2016122  1421 1503 1567 1635 1589 1484 1481 1455 1455 1500 1518
259BERMUDA 2016123  1486 1448 1492 1433 1420 1489 1547 1618 1591
259BERMUDA 2017 11  1464 1439 1469 1543 1578 1597 1570 1583 1507 1420 1403
259BERMUDA 2017 12  1391 1426 1431 1476 1451 1413 1465 1585 1535 1484 1505
259BERMUDA 2017 13  1509 1584 1607 1475 1487 1524 1513 1531 1464
259BERMUDA 2017 21  1386 1403 1430 1439 1373 1383 1369 1402 1462 1463 1347
259BERMUDA 2017 22  1345 1453 1490 1457 1543 1563 1455 1408 1450 1462 1445
259BERMUDA 2017 23  1413 1410 1455 1446 1351 1313
259BERMUDA 2017 31  1335 1400 1440 1436 1477 1428 1360 1353 1408 1496 1529
259BERMUDA 2017 32  1475 1409 1420 1511 1466 1377 1343 1417 1503 1454 1432
259BERMUDA 2017 33  1397 1303 1329 1386 1428 1497 1530 1506 1468
259BERMUDA 2017 41  1511 1566 1504 1470 1494 1495 1546 1584 1548 1480 1445
259BERMUDA 2017 42  1454 1471 1514 1501 1457 1479 1497 1469 1475 1506 1512
259BERMUDA 2017 43  1514 1518 1506 1482 1454 1409 1402 1443
259BERMUDA 2017 51  1459 1488 1517 1511 1502 1517 1526 1545 1550 1552 1586
259BERMUDA 2017 52  1626 1571 1562 1602 1572 1509 1493 1496 1512 1502 1487
259BERMUDA 2017 53  1500 1517 1499 1502 1513 1509 1488 1453 1429
259BERMUDA 2017 61  1424 1438 1454 1463 1457 1482 1510 1489 1477 1454 1421
259BERMUDA 2017 62  1425 1441 1477 1500 1482 1450 1422 1419 1434 1451 1474
259BERMUDA 2017 63  1501 1505 1503 1525 1551 1558 1521 1488
259BERMUDA 2017 71  1487 1489 1498 1500 1497 1489 1502 1501 1492 1487 1483
259BERMUDA 2017 72  1485 1479 1466 1470 1496 1459 1420 1440 1437 1428 1440
259BERMUDA 2017 73  1459 1459 1457 1478 1507 1541 1555 1527 1498
259BERMUDA 2017 81  1489 1503 1512 1509 1513 1492 1489 1506 1509 1494 1503
259BERMUDA 2017 82  1530 1537 1532 1553 1568 1576 1572 1564 1547 1536 1555
259BERMUDA 2017 83  1577 1589 1574 1566 1580 1571 1566 1602 1607
259BERMUDA 2017 91  1619 1606 1598 1620 1623 1611 1599 1616 1646 1636 1621
259BERMUDA 2017 92  1650 1691 1700 1672 1669 1706 1738 1738 1705 1699 1674
259BERMUDA 2017 93  1683 1691 1682 1679 1695 1739 1728 1690
259BERMUDA 2017101  1723 1719 1645 1657 1756 1829 1888 1901 1904 1910 1932
259BERMUDA 2017102  1961 1919 1845 1846 1874 1897 1819 1749 1723 1672 1624
259BERMUDA 2017103  1599 1645 1684 1736 1736 1700 1721 1749 1703
259BERMUDA 2017111  1703 1714 1728 1768 1779 1767 1799 1838 1853 1890 1888
259BERMUDA 2017112  1847 1859 1895 1909 1905 1904 1852 1831 1820 1730 1733
259BERMUDA 2017113  1785 1747 1755 1736 1702 1638 1592 1633
259BERMUDA 2017121  1660 1654 1626 1595 1547 1549 1596 1616 1599 1612 1603
259BERMUDA 2017122  1637 1706 1654 1597 1568 1508 1500 1533 1559 1594 1536
259BERMUDA 2017123  1460 1443 1466 1464 1443 1456 1434 1470 1484
259BERMUDA 2018 11  1489 1425 1392 1529 1562 1474 1408 1359 1379 1345 1268
259BERMUDA 2018 12  1271 1321 1340 1365 1364 1363 1463 1447 1373 1374 1370
259BERMUDA 2018 13  1363 1367 1359 1300 1223 1248 1340 1450 1456
259BERMUDA 2018 21  1377 1406 1443 1417 1457 1443 1405 1425 1427 1390 1372
259BERMUDA 2018 22  1341 1342 1366 1409 1452 1430 1387 1326 1296 1278 1284
259BERMUDA 2018 23  1292 1331 1367 1354 1370 1345
259BERMUDA 2018 31  1382 1546 1786 1731 1640 1553 1371 1404 1424 1348 1308
259BERMUDA 2018 32  1375 1441 1412 1429 1441 1428 1443 1433 1380 1406 1429
259BERMUDA 2018 33  1438 1466 1406 1403 1355 1300 1290 1316 1339
259BERMUDA 2018 41  1342 1340 1317 1313 1320 1272 1302 1361 1320 1301 1344
259BERMUDA 2018 42  1288 1219 1226 1238 1253 1310 1318 1287 1286 1258 1233
259BERMUDA 2018 43  1237 1224 1259 1308 1323 1344 1356 1354
259BERMUDA 2018 51  1328 1321 1317 1331 1348 1339 1371 1368 1356 1356 1369
259BERMUDA 2018 52  1361 1344 1358 1348 1336 1337 1337 1328 1312 1334 1349
259BERMUDA 2018 53  1369 1395 1366 1364 1353 1349 1381 1404 1413
259BERMUDA 2018 61  1454 1492 1496 1503 1522 1504 1464 1407 1403 1438 1482
259BERMUDA 2018 62  1487 1440 1457 1504 1520 1474 1436 1460 1488 1484 1445
259BERMUDA 2018 63  1397 1393 1395 1400 1398 1420 1397 1387
259BERMUDA 2018 71  1421 1409 1359 1337 1337 1364 1382 1369 1363 1376 1391
259BERMUDA 2018 72  1391 1391 1406 1411 1401 1380 1389 1397 1390 1386 1393
259BERMUDA 2018 73  1399 1402 1423 1448 1450 1452 1438 1412 1425
259BERMUDA 2018 81  1434 1443 1438 1426 1423 1419 1430 1443 1454 1473 1448
259BERMUDA 2018 82  1394 1391 1412 1428 1441 1445 1468 1475 1458 1444 1440
259BERMUDA 2018 83  1448 1472 1452 1444 1462 1464 1480 1485 1474
259BERMUDA 2018 91  1464 1470 1457 1446 1473 1470 1475 1516 1549 1514 1473
259BERMUDA 2018 92  1457 1457 1482 1479 1465 1438 1457 1489 1499 1450 1369
259BERMUDA 2018 93  1387 1393 1361 1389 1452 1488 1500 1517
259BERMUDA 2018101  1484 1460 1478 1500 1510 1495 1469 1443 1419 1436 1500
259BERMUDA 2018102  1567 1593 1545 1511 1538 1573 1578 1541 1584 1659 1622
259BERMUDA 2018103  1581 1648 1642 1613 1617 1615 1654 1688 1664
259BERMUDA 2018111  1604 1611 1621 1598 1606 1639 1669 1674 1671 1681 1679
259BERMUDA 2018112  1622 1601 1615 1584 1687 1713 1640 1611 1641 1630 1609
259BERMUDA 2018113  1561 1558 1674 1657 1671 1783 1726 1621
259BERMUDA 2018121  1577 1559 1547 1564 1594 1572 1498 1483 1475 1554 1563
259BERMUDA 2018122  1533 1409 1350 1370 1455 1519 1514 1436 1386 1403 1433
259BERMUDA 2018123  1391 1376 1386 1356 1313 1294 1336 1383 1389
259BERMUDA 2019 11  1376 1385 1397 1447 1491 1534 1517 1458 1515 1646 1588
259BERMUDA 2019 12  1476 1467 1528 1574 1567 1534 1538 1552 1563 1611 1543
259BERMUDA 2019 13  1435 1455 1526 1572 1588 1580 1593 1612 1575
259BERMUDA 2019 21  1549 1556 1557 1595 1670 1635 1540 1492 1443 1390 1407
259BERMUDA 2019 22  1423 1416 1439 1420 1459 1434 1386 1334 1281 1340 1401
259BERMUDA 2019 23  1348 1348 1386 1302 1291 1355
259BERMUDA 2019 31  1367 1319 1312 1324 1345 1380 1312 1244 1260 1236 1215
259BERMUDA 2019 32  1284 1260 1206 1214 1242 1283 1264 1243 1231 1296 1387
259BERMUDA 2019 33  1384 1318 1323 1409 1428 1357 1399 1444 1466
259BERMUDA 2019 41  1445 1406 1417 1385 1383 1423 1473 1485 1500 1550 1521
259BERMUDA 2019 42  1420 1392 1415 1465 1474 1433 1386 1345 1342 1318 1352
259BERMUDA 2019 43  1414 1435 1431 1421 1436 1390 1338 1331
259BERMUDA 2019 51  1331 1334 1349 1364 1381 1388 1397 1379 1346 1318 1344
259BERMUDA 2019 52  1402 1447 1498 1516 1485 1445 1423 1431 1443 1505 1531
259BERMUDA 2019 53  1469 1502 1570 1538 1553 1600 1617 1621 1615
259BERMUDA 2019 61  1614 1644 1670 1672 1662 1673 1697 1695 1668 1659 1680
259BERMUDA 2019 62  1684 1659 1650 1637 1616 1611 1614 1639 1661 1700 1713
259BERMUDA 2019 63  1682 1648 1620 1605 1570 1546 1556 1593
259BERMUDA 2019 71  1627 1602 1573 1562 1542 1522 1546 1562 1564 1538 1510
259BERMUDA 2019 72  1513 1509 1502 1514 1519 1534 1532 1523 1527 1543 1557
259BERMUDA 2019 73  1554 1552 1553 1554 1551 1563 1597 1616 1616
259BERMUDA 2019 81  1620 1643 1651 1662 1667 1648 1636 1643 1667 1675 1655
259BERMUDA 2019 82  1647 1644 1660 1699 1730 1740 1738 1739 1721 1711 1705
259BERMUDA 2019 83  1711 1697 1673 1653 1658 1664 1661 1660 1657
259BERMUDA 2019 91  1643 1623 1637 1634 1616 1660 1704 1692 1673 1641 1623
259BERMUDA 2019 92  1636 1628 1583 1569 1613 1632 1703 1621 1476 1452 1466
259BERMUDA 2019 93  1520 1578 1608 1582 1513 1472 1475 1467
259BERMUDA 2019101  1463 1490 1531 1555 1534 1457 1443 1518 1572 1600 1610
259BERMUDA 2019102  1577 1542 1544 1558 1567 1607 1608 1535 1510 1540 1579
259BERMUDA 2019103  1576 1555 1541 1570 1590 1616 1592 1548 1539
259BERMUDA 2019111  1561 1585 1614 1592 1559 1551 1576 1656 1699 1655 1584
259BERMUDA 2019112  1631 1677 1613 1599 1655 1747 1791 1790 1804 1781 1726
259BERMUDA 2019113  9999 9999 9999 9999 9999 9999 9999 9999
259BERMUDA 2019121  9999 9999 9999 9999 9999 9999 9999 9999 9999 9999 9999
259BERMUDA 2019122  9999 9999 9999 9999 9999 9999 9999 9999 9999 9999 9999
259BERMUDA 2019123  9999 9999 9999 9999 9999 9999 9999 9999 9999
259BERMUDA 2020 11  9999 9999 9999 9999 9999 9999 9999 9999 9999 9999 9999
259BERMUDA 2020 12  9999 9999 9999 9999 9999 9999 9999 9999 9999 9999 9999
259BERMUDA 2020 13  9999 9999 9999 9999 9999 9999 9999 9999 9999
259BERMUDA 2020 21  9999 9999 9999 9999 9999 9999 9999 9999 9999 9999 9999
259BERMUDA 2020 22  9999 9999 9999 9999 9999 9999 9999 9999 9999 9999 9999
259BERMUDA 2020 23  9999 9999 9999 9999 9999 9999 9999
259BERMUDA 2020 31  9999 9999 9999 9999 9999 9999 9999 9999 9999 9999 9999
259BERMUDA 2020 32  9999 9999 9999 9999 9999 9999 9999 9999 9999 9999 9999
259BERMUDA 2020 33  9999 9999 9999 9999 9999 9999 9999 9999 9999
259BERMUDA 2020 41  9999 9999 9999 9999 9999 9999 9999 9999 9999 9999 9999
259BERMUDA 2020 42  9999 9999 9999 9999 9999 9999 9999 9999 9999 9999 9999
259BERMUDA 2020 43  9999 9999 9999 9999 9999 9999 9999 9999
259BERMUDA 2020 51  9999 9999 9999 9999 9999 9999 9999 9999 9999 9999 9999
259BERMUDA 2020 52  9999 9999 9999 9999 9999 9999 9999 9999 9999 9999 9999
259BERMUDA 2020 53  9999 9999 9999 9999 9999 9999 9999 9999 9999
259BERMUDA 2020 61  9999 9999 9999 9999 9999 9999 9999 9999 9999 9999 9999
259BERMUDA 2020 62  9999 9999 9999 9999 9999 9999 9999 9999 9999 9999 9999
259BERMUDA 2020 63  9999 9999 9999 9999 9999 9999 9999 9999
259BERMUDA 2020 71  9999 9999 9999 9999 9999 9999 9999 9999 9999 9999 9999
259BERMUDA 2020 72  9999 9999 9999 9999 9999 9999 9999 9999 9999 9999 9999
259BERMUDA 2020 73  9999 9999 9999 9999 9999 9999 9999 9999 9999
259BERMUDA 2020 81  9999 9999 9999 9999 9999 9999 9999 9999 9999 9999 9999
259BERMUDA 2020 82  9999 9999 9999 9999 9999 9999 9999 9999 9999 9999 9999
259BERMUDA 2020 83  9999 9999 9999 9999 9999 9999 9999 9999 9999
259BERMUDA 2020 91  9999 9999 9999 9999 9999 9999 9999 9999 9999 9999 9999
259BERMUDA 2020 92  9999 9999 9999 9999 9999 9999 9999 9999 9999 9999 9999
259BERMUDA 2020 93  9999 9999 9999 9999 9999 9999 9999 9999
259BERMUDA 2020101  9999 9999 9999 9999 9999 9999 9999 9999 9999 9999 9999
259BERMUDA 2020102  9999 9999 9999 9999 9999 9999 9999 9999 9999 9999 9999
259BERMUDA 2020103  9999 9999 9999 9999 9999 9999 9999 9999 9999
259BERMUDA 2020111  9999 9999 9999 9999 9999 9999 9999 9999 9999 9999 9999
259BERMUDA 2020112  9999 9999 9999 9999 9999 9999 9999 9999 9999 9999 9999
259BERMUDA 2020113  9999 9999 9999 9999 9999 9999 9999 9999
259BERMUDA 2020121  9999 9999 9999 9999 9999 9999 9999 9999 9999 9999 9999
259BERMUDA 2020122  9999 9999 9999 9999 9999 9999 9999 9999 9999 9999 9999
259BERMUDA 2020123  9999 9999 9999 9999 9999 9999 9999 9999 9999
259BERMUDA 2021 11  9999 9999 9999 9999 9999 9999 9999 9999 9999 9999 9999
259BERMUDA 2021 12  9999 9999 9999 9999 9999 9999 9999 9999 9999 9999 9999
259BERMUDA 2021 13  9999 9999 9999 9999 9999 9999 9999 9999 9999
259BERMUDA 2021 21  9999 9999 9999 9999 9999 9999 9999 9999 9999 9999 9999
259BERMUDA 2021 22  9999 9999 9999 9999 9999 9999 9999 9999 9999 9999 9999
259BERMUDA 2021 23  9999 9999 9999 9999 9999 9999
259BERMUDA 2021 31  9999 9999 9999 9999 9999 9999 9999 9999 9999 9999 9999
259BERMUDA 2021 32  9999 9999 9999 9999 9999 9999 9999 9999 9999 9999 9999
259BERMUDA 2021 33  9999 9999 9999 9999 9999 9999 9999 9999 9999
259BERMUDA 2021 41  9999 9999 9999 9999 9999 9999 9999 9999 9999 9999 9999
259BERMUDA 2021 42  9999 9999 9999 9999 9999 9999 9999 9999 9999 9999 9999
259BERMUDA 2021 43  9999 9999 9999 9999 9999 9999 9999 9999
259BERMUDA 2021 51  9999 9999 9999 9999 9999 9999 9999 9999 9999 9999 9999
259BERMUDA 2021 52  9999 9999 9999 9999 9999 9999 9999 9999 9999 9999 9999
259BERMUDA 2021 53  9999 9999 9999 9999 9999 9999 9999 9999 9999
259BERMUDA 2021 61  9999 9999 9999 9999 9999 9999 9999 9999 9999 9999 9999
259BERMUDA 2021 62  9999 9999 9999 9999 9999 9999 9999 9999 9999 9999 9999
259BERMUDA 2021 63  9999 9999 9999 9999 9999 9999 9999 9999
