276ST-JOHN'      LAT=47 34.0N  LONG=052 43.0W
276ST-JOHN'1989 91  9999 9999  786  755  661  654  710  745  725  786  768
276ST-JOHN'1989 92   803  824  799  819  853  758  832  660  718  861  765
276ST-JOHN'1989 93   768  865  840  698  862  901  730  745
276ST-JOHN'1989101   805  770  789  850  979  916  882  873  866  782  641
276ST-JOHN'1989102   698  898  913  831  736  848  848  716  700  718  852
276ST-JOHN'1989103   892  687  725  813  815  941  899  773  826
276ST-JOHN'1989111   778  772  813  823  974  785  703  876  763  619  773
276ST-JOHN'1989112   844  939  975  850  829  817  828  872  968 1061 1050
276ST-JOHN'1989113   948  870  984 1003 1082  943  853 1113
276ST-JOHN'1989121  1118 1103 1134 1070  996  973  920 1050 1254 1242 1197
276ST-JOHN'1989122  1294 1246 1173 1116 1053 1107 1179  938  811  989 1113
276ST-JOHN'1989123  1036  736  878  910  947 1067 1033 1009  916
276ST-JOHN'1990 11   890 1083 1267 9999 9999 9999 9999 9999  915  884  978
276ST-JOHN'1990 12  1070 1008 1007  876  756  800  810  968 1082 1013  859
276ST-JOHN'1990 13   711  710  726  655  869 1001  847  942  772
276ST-JOHN'1990 21   741  952 1328 1106 1063  981  951 9999 9999 9999 9999
276ST-JOHN'1990 22  9999 9999 9999 9999 9999 9999 9999 9999 9999 9999 9999
276ST-JOHN'1990 23  9999 9999 9999 9999 9999 9999
276ST-JOHN'1990 31  9999 9999 9999 9999 9999 9999 9999 9999 9999 9999 9999
276ST-JOHN'1990 32  9999 9999 9999 9999 9999 9999 9999 9999 9999  636  831
276ST-JOHN'1990 33   418  544  586  441  629  633  571  531  473
276ST-JOHN'1990 41   513  569  564  561  524  558  688  732  712  653  685
276ST-JOHN'1990 42   669  577  509  491  487  658  675  642  510  543  616
276ST-JOHN'1990 43   702  806  670  726  711  744  678  561
276ST-JOHN'1990 51   568  570  635  711  704  775  983  959  789 9999 9999
276ST-JOHN'1990 52  9999 9999 9999  630  620  598  583  608  752  755  698
276ST-JOHN'1990 53   688 9999 9999 9999 9999 9999 9999 9999 9999
276ST-JOHN'1990 61  9999  683  752  703  743  779  753  782  821  744  674
276ST-JOHN'1990 62   672  606  540  645  643  603  682  703  692  764  797
276ST-JOHN'1990 63   702  570  606  715  702  711  784  797
276ST-JOHN'1990 71   802  752  696  789  904  868  727  733  684  630  825
276ST-JOHN'1990 72   853  776  791  844  751  653  677  683  764  839  756
276ST-JOHN'1990 73   634  611  580  610  690  644  747  706  626
276ST-JOHN'1990 81   641  637  678  660  647  605  601  569  549  600  602
276ST-JOHN'1990 82   605  695  719  710  784  734  712  873  830  619  664
276ST-JOHN'1990 83   747 9999 9999 9999 9999 9999 9999 9999 9999
276ST-JOHN'1990 91  9999 9999 9999 9999 9999 9999 9999 9999 9999 9999 9999
276ST-JOHN'1990 92  9999 9999 9999 9999 9999 9999 9999 9999 9999 9999 9999
276ST-JOHN'1990 93  9999 9999 9999 9999 9999 9999 9999 9999
276ST-JOHN'1990101  9999 9999 9999 9999 9999 9999 9999 9999 9999 9999 9999
276ST-JOHN'1990102  9999 9999 9999 9999 9999 9999 9999 9999 9999 9999 9999
276ST-JOHN'1990103  9999 9999  809  940 1013  878  721  795  992
276ST-JOHN'1990111  1183 1165 1119 1030 1084 1133 1053 1141 1146 1133  904
276ST-JOHN'1990112  1003 1134 1096  932  875  887  810  814  877  943  822
276ST-JOHN'1990113   765  806  749  870 1055  889  785  901
276ST-JOHN'1990121   895  766  934  825  722  779  687  573  621  881  980
276ST-JOHN'1990122   967  912  857  885  708  710  802  813  921  734  762
276ST-JOHN'1990123   750  872  869  682  783  821  679  829 1097
276ST-JOHN'1991 11  1030  764  831  897  791  839  859  934  888  818 1391
276ST-JOHN'1991 12  1389  955 1002  901  815  824 1006 1140  970  970 1190
276ST-JOHN'1991 13  1003  709  842 1037  903  734  841  804  863
276ST-JOHN'1991 21  1096  859  836  896  671  840  710  806  935  895  967
276ST-JOHN'1991 22  1038 1122 1003  819  855  859  760  787  823 1040  901
276ST-JOHN'1991 23   966 1139  820  769  867 1034
276ST-JOHN'1991 31   737  569  873 1006  800  882  933 1016 1120  997  941
276ST-JOHN'1991 32  1005 1017 1025  896  926  991  839  679  691  941  965
276ST-JOHN'1991 33   862  849  843  911 1028  851  718  749  786
276ST-JOHN'1991 41   699  711  676  667  804  880  873  760  758  749  825
276ST-JOHN'1991 42  1042  850  935 1132  906  831  854  812  779  758  644
276ST-JOHN'1991 43   636  742  822  831  878 1008 1026 1000
276ST-JOHN'1991 51   905  828  835  842  870  885  639  688  807  756  691
276ST-JOHN'1991 52   623  823 1005  883  704  756  896  804  704  752  941
276ST-JOHN'1991 53  1001  793  740  842  761  711  812  968 1060
276ST-JOHN'1991 61  1053  993  938  857  873  868  809  876  925  879  868
276ST-JOHN'1991 62   895  875  891  944  947  874  805  771  792  927  892
276ST-JOHN'1991 63   803  777  743  764  747  724  913 1037
276ST-JOHN'1991 71   936  831  804  768  750  776  750  709  747  831  892
276ST-JOHN'1991 72   866  756  676  743  744  764  819  772  725  780  880
276ST-JOHN'1991 73   887  846  778  642  662  755  773  682  679
276ST-JOHN'1991 81   784  834  863  810  697  795  938  929  798  698  711
276ST-JOHN'1991 82   803  880  891  849  830  838  756  801  694  701  736
276ST-JOHN'1991 83   772  780  665  651  787  880  789  810  860
276ST-JOHN'1991 91   966  891  803  801  816  751  695  796  934  999  961
276ST-JOHN'1991 92   906  904  914  842  727  754  900  788  797  897  853
276ST-JOHN'1991 93   723  692  702  693  726  764  739  747
276ST-JOHN'1991101   732  656  699  765  760  513  492  731  723  619  700
276ST-JOHN'1991102   808  867  896  808  639  627  654  659  774  862  858
276ST-JOHN'1991103   718  603  729  813  875  897  950  708  617
276ST-JOHN'1991111   681  734  785  764  794  827  740  736  736  645  773
276ST-JOHN'1991112   767  919  913  872  923  970 1005  981  937  935  951
276ST-JOHN'1991113   892  813  792 1017  894  758  850  897
276ST-JOHN'1991121   727  985 1205 1089 1060 1117  991  934  727  899  925
276ST-JOHN'1991122   839  823  821 1078 1050  964  905  890 1033  942  809
276ST-JOHN'1991123   824  912  987  954  847  948 1007  957  894
276ST-JOHN'1992 11   891  759  737  819  745  786  890 1158 1142 1004 1160
276ST-JOHN'1992 12  1283 1126  935  972 1013 1127 1140 1062 1029 1026 1054
276ST-JOHN'1992 13   907  722 1037 1095 1003  936  780 1033 1062
276ST-JOHN'1992 21  1061 1187 1239 1336 1317 1305 1119  871 1062 1104  859
276ST-JOHN'1992 22   894 1028  887 1004  751  794  881  734  865  948  818
276ST-JOHN'1992 23   796  900  791  773 1048  943  887
276ST-JOHN'1992 31  1063 1334 1311 1010  912 1060  874  886  883  768  647
276ST-JOHN'1992 32   671  819  886  890  876  830  811  887  932  913  926
276ST-JOHN'1992 33   691  677  765  842  542  545  734  874  885
276ST-JOHN'1992 41   803  785  844  845  799  862 1076  954  738  695  772
276ST-JOHN'1992 42   885  686  690  785  769  645  612  640  619  721  781
276ST-JOHN'1992 43   716  727  708  694  783  797  641  697
276ST-JOHN'1992 51   925  859  678  767  751  530  485  525  631  760  658
276ST-JOHN'1992 52   571  670  694  670  516  516  626  822  702  658  919
276ST-JOHN'1992 53   828  704  804  696  654  651  661  594  547
276ST-JOHN'1992 61   659  728  783  856  715  541  600  750  866  905  861
276ST-JOHN'1992 62   765  679  668  691  750  829  694  706  769  732  715
276ST-JOHN'1992 63   760  789  763  743  817  856  890  898
276ST-JOHN'1992 71   875  935  927  863  714  639  703  734  719  761  894
276ST-JOHN'1992 72   918  863  911  901  931  869  717  755  801  736  755
276ST-JOHN'1992 73   793  766  717  786  795  716  838  831  772
276ST-JOHN'1992 81   716  739  803  697  679  698  762  715  703  781  839
276ST-JOHN'1992 82   886  876  745  727  710  717  784  835  806  830  908
276ST-JOHN'1992 83   761  702  895  756  685  811  796  782  896
276ST-JOHN'1992 91   907  893  851  753  684  629  689  763  712  769  777
276ST-JOHN'1992 92   833  889  766  772  883  864  791  803  798  750  715
276ST-JOHN'1992 93   726  760  657  670  758  745  865  904
276ST-JOHN'1992101   866  838  825  895  925 1036 1230 1213 1047  856  699
276ST-JOHN'1992102   691  729  776  801  829  832  753  686  609  575  519
276ST-JOHN'1992103   640  704  746  717  699  724  698  699  739
276ST-JOHN'1992111   727  889  977  778  714  952  905  758  853  744  672
276ST-JOHN'1992112   796  736  728  829  802  824  772  780  801  931  876
276ST-JOHN'1992113   866  746  733  737  861 1017  892  975
276ST-JOHN'1992121   929  797  806  941 1007  969 1050 1098 1002  829  798
276ST-JOHN'1992122   865  677  661  804  719  571  845  842  587  862  914
276ST-JOHN'1992123   696  928 1151  906  873  804  643  782  777
276ST-JOHN'1993 11   916  955  880  706  883  896  749  831  856  744  784
276ST-JOHN'1993 12   847  906  904  821  801  902 1007  931 1003  817  696
276ST-JOHN'1993 13   738  630  660  799  796  853  873  804  954
276ST-JOHN'1993 21   885  829  816  997  934  815  762  691  838  862  787
276ST-JOHN'1993 22   717  570  697  846  722  529  584  824  814  801  632
276ST-JOHN'1993 23   719  752  714  836  855  631
276ST-JOHN'1993 31   645  799  830  786  726  647  783  990 1094  912  813
276ST-JOHN'1993 32   872  807  610  732  665  378  690  697  545  499  466
276ST-JOHN'1993 33   798  739  530  660  751  762  706  685  916
276ST-JOHN'1993 41  1006  798  827  883  860  745  751  736  570  561  582
276ST-JOHN'1993 42   675  882  896  821  831  643  500  625  698  643  633
276ST-JOHN'1993 43   673  784  778  588  728  609  569  563
276ST-JOHN'1993 51   531  711  601  437  554  626  746  632  825 9999 9999
276ST-JOHN'1993 52  9999  738  673  612  595  678  737  733  747  730  745
276ST-JOHN'1993 53   823  860  877  846  855  887  930  887  855
276ST-JOHN'1993 61   762  720  819  896  871  757  650  738  884  938  943
276ST-JOHN'1993 62   930  924  886  765  733  774  738  803  953 1050  995
276ST-JOHN'1993 63  1018 1007  905  870  808  770  804  772
276ST-JOHN'1993 71   735  680  630  689  781  819  744  740  821  865  863
276ST-JOHN'1993 72   853  799  730  767  834  833  806  742  670  608  603
276ST-JOHN'1993 73   670  728  752  709  621  622  646  661  608
276ST-JOHN'1993 81   683  723  689  681  685  713  714  696  660  553  512
276ST-JOHN'1993 82   590  675  722  772  749  645  644  641  668  782  883
276ST-JOHN'1993 83   771  776  754  824 1015  930  854  926  935
276ST-JOHN'1993 91   778  756  684  792  809  713  746  744  781  760  709
276ST-JOHN'1993 92   822  778  804  892  969  817  668  705  848  882  790
276ST-JOHN'1993 93   705  827  888  812  678  662  808  780
276ST-JOHN'1993101   865  696  568  699  768  809  776  834  856  783  807
276ST-JOHN'1993102   737  620  731  705  621  636  641  791  870  671  631
276ST-JOHN'1993103   884  887  841  957  802  727  867  873  869
276ST-JOHN'1993111   895  878  887  799  893  734  911  846  665  753  795
276ST-JOHN'1993112   745  874  867  898  901  808  949  936  665  843  974
276ST-JOHN'1993113   946  905 1127 1240 1118  831  769  967
276ST-JOHN'1993121   911  787  837  910  895 1013  988  807  816  832  678
276ST-JOHN'1993122   551  665  717  894 1142 1030  903  772  701  790  780
276ST-JOHN'1993123   829 1008  971  948  955  962  929  897 1080
276ST-JOHN'1994 11  1019  793  886  963  970 1013 1152 1120  924 1103 1085
276ST-JOHN'1994 12   852  857  895  996 1022  922  687  877  962  808  860
276ST-JOHN'1994 13   978 1051  966  930  964  727  631 1053  979
276ST-JOHN'1994 21   956  888  856  963  908  901  991  989  978  982  881
276ST-JOHN'1994 22   848  856  990 1267 1199 1004  931 1014 1007  928 1074
276ST-JOHN'1994 23  1244 1226 1078 1140 1193 1096
276ST-JOHN'1994 31  1117 1009  803  849 1093 1095  819  685  767  689  754
276ST-JOHN'1994 32  1069  831  698  749  917  967  989 1083 1187 1032  801
276ST-JOHN'1994 33   783  855  897  949  910  820  895  841  774
276ST-JOHN'1994 41   868  862  535  536  664  618  619  710  853  588  603
276ST-JOHN'1994 42   906  704  454  556  751  584  528  627  605  590  615
276ST-JOHN'1994 43   669  847  961  801  577  709  941  878
276ST-JOHN'1994 51   766  698  753  694  559  695  844  770  537  622  739
276ST-JOHN'1994 52   701  654  712  815  881  863  727  654  579  669  780
276ST-JOHN'1994 53   744  838  734  666  750  764  629  542  640
276ST-JOHN'1994 61   678  745  817  770  620  563  645  754  781  673  635
276ST-JOHN'1994 62   579  535  534  524  525  654  699  757  748  700  696
276ST-JOHN'1994 63   766  868  803  618  666  641  581  705
276ST-JOHN'1994 71   726  693  667  805  886  899 1018  921  837  812  870
276ST-JOHN'1994 72   941  883  872  781  672  723  643  624  708  760  682
276ST-JOHN'1994 73   772  775  622  662  743  757  757  809  787
276ST-JOHN'1994 81   778  825  720  669  748  713  704  739  756  803  888
276ST-JOHN'1994 82   859  800  800  850  848  814  789  862  820  806  894
276ST-JOHN'1994 83   873  774  741  785  833  841  851  852  931
276ST-JOHN'1994 91   929  931  855  730  721  698  758  841  859  835  792
276ST-JOHN'1994 92   751  842  998 1073  982  836  872  866  794  803  743
276ST-JOHN'1994 93   673  736  781  880  902  800  738  793
276ST-JOHN'1994101   880  970 1019 1013  944  837  787  781  803  809  890
276ST-JOHN'1994102  1010  990  971 1081 1075  874  781  954  838  697  760
276ST-JOHN'1994103   819  847  859  813  860  947  836  782  898
276ST-JOHN'1994111   836  795  956 1024  838  888  734  919 1156 1111 1152
276ST-JOHN'1994112  1211  911  781  789  990 1119  921  874 1196 1003  815
276ST-JOHN'1994113  1029 1082 1008  895  922  872  867 1037
276ST-JOHN'1994121   978  857  901  825  791  858  864 1010 1142  870  811
276ST-JOHN'1994122   764  925  756  780  944  735  885 1001  956  857  759
276ST-JOHN'1994123   746  722  912 1103  995  850  745  883  992
276ST-JOHN'1995 11  1099 1059 1004  915  958  938  766  886  897  808  806
276ST-JOHN'1995 12   720  715  765  731  840  816  713  634  855  934  865
276ST-JOHN'1995 13   870  899 1109 1180 1016  998 1127 1007  934
276ST-JOHN'1995 21  1144  987  994  928  774  842  919  887 1015 1050  987
276ST-JOHN'1995 22   914 1082 1151  796  753  930  848  729  828 1005 1035
276ST-JOHN'1995 23   991  730  780  970  831  757
276ST-JOHN'1995 31   801  792  813  646  623  697  750  699  775  966 1016
276ST-JOHN'1995 32   714  466  608  697  679  631  685  985 1084  810  761
276ST-JOHN'1995 33   853  863  912  827  853 1043 1010  731  643
276ST-JOHN'1995 41   782  876  889  931  970 1019  966  888  765  794  839
276ST-JOHN'1995 42   662  650  770  837  795  724  742  704  680  727  843
276ST-JOHN'1995 43   885  863  826  898 1053 1005  832  746
276ST-JOHN'1995 51   748  773  783  795  817  853  933  948  870  891  911
276ST-JOHN'1995 52   878  826  803  765  813  808  774  819  881  757  666
276ST-JOHN'1995 53   682  768  852  813  668  697  754  761  804
276ST-JOHN'1995 61   641  616  703  812  835  788  668  625  733  678  627
276ST-JOHN'1995 62   673  721  712  694  712  738  705  784  977  922  739
276ST-JOHN'1995 63   699  811  776  769  787  775  808  773
276ST-JOHN'1995 71   730  699  742  721  650  617  683  747  682  655  688
276ST-JOHN'1995 72   761  784  807  925  967  855  636  605  689  760  749
276ST-JOHN'1995 73   686  778  825  743  849  768  635  718  850
276ST-JOHN'1995 81   794  808  696  650  748  785  769  762  885  891  785
276ST-JOHN'1995 82   806  898  879  739  771  987  970  838  779  821  947
276ST-JOHN'1995 83   975  877  889  947  931  867  813  790  852
276ST-JOHN'1995 91   916  881  844  811  795  827  846  796  772  839 1005
276ST-JOHN'1995 92   802  782  833  849  807  714  772  813  704  703  790
276ST-JOHN'1995 93   729  814  765  732  822  964 1013  780
276ST-JOHN'1995101   835  889  857  886  883  851  717  766  825  736  720
276ST-JOHN'1995102   824  898  853  767  843 1034  890  783  854  693  722
276ST-JOHN'1995103   767  842  775  853  880  724  668  886 1026
276ST-JOHN'1995111   984 1037 1005  867  962 1056  943  868  920 1014  860
276ST-JOHN'1995112   785  875  909  782  634  717  812  804  809  914  747
276ST-JOHN'1995113   680  775  732  740  989  981  951 1095
276ST-JOHN'1995121  1006 1062 1205  989  987  861  764 1090 1122  755  675
276ST-JOHN'1995122   948  805  797  816 1036 1132 1068 1115  986 1084 1139
276ST-JOHN'1995123  1206 1250 1223 1196 1175 1235 1216 1167 1256
276ST-JOHN'1996 11  1495 1446 1330 1222 1193 1344 1229 1079 1218 1199 1112
276ST-JOHN'1996 12  1087  820 1021 1120 1007  820  825  743  719  861  754
276ST-JOHN'1996 13   747  752  680  887  732  526  766  982  917
276ST-JOHN'1996 21   973  911  937  957  921  852  821  691  801 1013  991
276ST-JOHN'1996 22  1036 1042  979  834  830  801  727  787  555  392  588
276ST-JOHN'1996 23   618  724  856  963 1004  998  971
276ST-JOHN'1996 31   944  761  648  754  907  964  908  832  861  821  626
276ST-JOHN'1996 32   745  829  690  773  883  827  771  761  747  737  745
276ST-JOHN'1996 33   884 1004  987  804  746  973 1136 1141 1084
276ST-JOHN'1996 41  1114  986  925 1003 1030  888  749  773  785  751  839
276ST-JOHN'1996 42  1029 1109  924  762  718  637  650  692  753  841  893
276ST-JOHN'1996 43   814  712  688  749  651  671  720  689
276ST-JOHN'1996 51   593  614  670  721  816  946 1014  946  901  729  828
276ST-JOHN'1996 52   844  758  696  727  719  687  718  762  788  816  933
276ST-JOHN'1996 53   907  904  991 1032 1005  869  771  738  775
276ST-JOHN'1996 61   736  679  585  581  669  686  766  751  687  589  746
276ST-JOHN'1996 62   790  667  661  775  850  802  702  675  814  910  946
276ST-JOHN'1996 63   883  741  687  680  754  732  614  634
276ST-JOHN'1996 71   665  727  746  710  713  757  846  879  763  667  728
276ST-JOHN'1996 72   737  732  818  808  685  768  830  853  801  775  828
276ST-JOHN'1996 73   791  731  718  694  744  799  701  647  693
276ST-JOHN'1996 81   740  760  778  762  813  839  740  762  842  898  907
276ST-JOHN'1996 82   859  778  816  930  840  759  847  895  822  802  850
276ST-JOHN'1996 83   833  844  897  892  878  759  815  975  919
276ST-JOHN'1996 91   869  919  829  870  944 1037 1154 1095  914  846  973
276ST-JOHN'1996 92   963  819  840  941  953  923  942  935 1002  970  961
276ST-JOHN'1996 93   977 1053 1013  780  853  779  764  844
276ST-JOHN'1996101   896  775  739  872  874  670  774  867  872  941  909
276ST-JOHN'1996102   848  823  778  917 1078 1157 1142 1025  941  843  789
276ST-JOHN'1996103   795  885  962  950  946  976 1121 1271 1265
276ST-JOHN'1996111  1170 1036  947 9999 9999 9999 9999 9999 9999 9999 9999
276ST-JOHN'1996112  9999  791  772  779  765  753  817  914 1015 1028 1036
276ST-JOHN'1996113  1084 1062 1019  973 1146 1194 1185  937
276ST-JOHN'1996121   789  766  722  926 1094 1204 1059  902  748  744  751
276ST-JOHN'1996122   701  775  811  838  860  880  965  930  888  947 1028
276ST-JOHN'1996123   894  900  840 1030 1013 1006  977  982 1195
276ST-JOHN'1997 11  1226 1117 1115 1097 1177 1267 1313 1370 1402 1225 1059
276ST-JOHN'1997 12  1112 1144 1058 1002  838  629  787  916  904  926 1033
276ST-JOHN'1997 13   998 1028  670  637  989  857  665  888  814
276ST-JOHN'1997 21   808  858  867  875  724  792  964  841  820  897  994
276ST-JOHN'1997 22   880  799  761  735  961  895  838 1047 1077  899  990
276ST-JOHN'1997 23   939  894  872  874  884  895
276ST-JOHN'1997 31   710  832 1138  857  769  833 1116 1027  859  920  946
276ST-JOHN'1997 32  1100 1080 1021  856  768  828  837  896  980 1127 1208
276ST-JOHN'1997 33  1110  917  859  694  861 1022  741  788  915
276ST-JOHN'1997 41   907  990 1085  994  861  767  592  621  810  886  921
276ST-JOHN'1997 42   853  797  724  902  989  989  888  797  901  982  938
276ST-JOHN'1997 43   958  962  922  946  794  629  693  870
276ST-JOHN'1997 51   777  732  759  781  710  717  693  764  823  739  733
276ST-JOHN'1997 52   785  754  766  806  748  649  714  828  867  804  802
276ST-JOHN'1997 53   828  884  902  851  857  753  771  703  644
276ST-JOHN'1997 61   811  945  969  823  734  772  693  666  710  812  894
276ST-JOHN'1997 62   842  769  751  774 9999 9999 9999 9999 9999 9999  822
276ST-JOHN'1997 63   851  882  825  725  687  729  723  711
276ST-JOHN'1997 71   681  688  733  721  694  798  802  736  687  657  681
276ST-JOHN'1997 72   776  823  807  912  934  816  856  860  795  778  797
276ST-JOHN'1997 73   763  669  680  836  820  655  784  863  719
276ST-JOHN'1997 81   743  792  793  773  732  756  753  749  703  653  702
276ST-JOHN'1997 82   765  782  771  757  773  781  872  876  715  685  674
276ST-JOHN'1997 83   653  737  694  674  763  771  782  818  909
276ST-JOHN'1997 91   876  729  755  727  761  792  735  775  757  696  747
276ST-JOHN'1997 92   801  754  728  784  847  945  841  724  798  934  909
276ST-JOHN'1997 93   821  988  958  849  892  841  830  855
276ST-JOHN'1997101   860  800  795  736  644  741  798  907  856  680  769
276ST-JOHN'1997102   897  910  781  691  741  853  994 1091 1148 1131 1088
276ST-JOHN'1997103   986  922  896  932  927  873  988  989  819
276ST-JOHN'1997111   726  675  651  717  844  885  833  782  871  941 1007
276ST-JOHN'1997112  1056 1068 1168 1152 1154 1224 1128  950  941 1149  991
276ST-JOHN'1997113   903  893 1118 1100 1099 1333 1379 1302
276ST-JOHN'1997121  1208 1175 1240 1235 1197 1082  966 1025 1007  933 1015
276ST-JOHN'1997122  1006  897  940 1143 1157  958  985 1125 1159 1190 1106
276ST-JOHN'1997123  1000  851  819  891  895 1007  937  739  942
276ST-JOHN'1998 11  1028  947  903  963  978  883 1032  927  931 1007  893
276ST-JOHN'1998 12   961 1142 1055 1052 1101 1016 1022  925  732  847 1119
276ST-JOHN'1998 13  1206  867  619  790  972  786  670  663 9999
276ST-JOHN'1998 21  9999 9999 9999 9999 9999 9999 9999 9999 9999 9999 9999
276ST-JOHN'1998 22  9999  718  965 1169 1083  873  827  731  829 1002 1202
276ST-JOHN'1998 23  1008  769  665  822  875  897
276ST-JOHN'1998 31   925  936 1047 1193 1210  973  797  696 9999 9999 9999
276ST-JOHN'1998 32  9999  772  707  629  667  725  799  749  645  718  737
276ST-JOHN'1998 33   654  680  702  652  724  818  731  915  862
276ST-JOHN'1998 41   836  764  783  855  900  868  789  894  862  843  972
276ST-JOHN'1998 42   818  617  683  723  712  632  603 9999 9999 9999 9999
276ST-JOHN'1998 43  9999 9999 9999 9999 9999 9999  879  852
276ST-JOHN'1998 51   819  718  572  602  633  537  563  671  701  681  706
276ST-JOHN'1998 52   600  600  685 9999 9999 9999  914  893  843  791  761
276ST-JOHN'1998 53   765  815  897  809  744  855  845  824  805
276ST-JOHN'1998 61   791  795  804  829  848  911  915  756  648  696  676
276ST-JOHN'1998 62   604  621  665  703  618  554  620  708  789  771  606
276ST-JOHN'1998 63   547  659  749  785  840  929  933  846
276ST-JOHN'1998 71   709  681  734  673  658  668  674  669  770  906  829
276ST-JOHN'1998 72   778  814  770  735  808  811  785  820  819  797  803
276ST-JOHN'1998 73   836  851  818  809  758  682  685  724  792
276ST-JOHN'1998 81   767  697  699  749  715  676  688  705  705  768  825
276ST-JOHN'1998 82   786  713  722  721  720  729  672  734  755  750  799
276ST-JOHN'1998 83   813  765  808  850  808  845  856  791  781
276ST-JOHN'1998 91   896  900  828  742  837 1094 1044  833  802  825  857
276ST-JOHN'1998 92   833  894  907  795  797 1007  965  740  843  891  778
276ST-JOHN'1998 93   866  962  856  807  836  755  765  868
276ST-JOHN'1998101   783  802  900  905  904  962  924  704  733  691  780
276ST-JOHN'1998102   851  905  947  802  772  836  988 1011 1018  929  866
276ST-JOHN'1998103   875  840  871  895  745  676  877  868  839
276ST-JOHN'1998111   882  865  845  825  857  920  884  889  800  738  695
276ST-JOHN'1998112   715  880  845  840  844  970  907  863  819  766  915
276ST-JOHN'1998113   811  875  991  918  680  866 1031  802
276ST-JOHN'1998121   513  625  983  966 1046 1024  891 1027  959  879  974
276ST-JOHN'1998122   906  859  994 1022  996 1042 1041 1175 1066  874  771
276ST-JOHN'1998123   989 1060  869  889  864  857  902  845  849
276ST-JOHN'1999 11   988  955  956  720  804  878  640  749  769  719  867
276ST-JOHN'1999 12   718  728  864  660  550  854  813  592  752  914  901
276ST-JOHN'1999 13   757  687  878  978  956 1029 1065 1140  978
276ST-JOHN'1999 21   846 1044  689  584  769  819  855  939 1016  942 1004
276ST-JOHN'1999 22   883  633  730  650  761  841  623  631  776  893 1001
276ST-JOHN'1999 23   855  754  618  594  867  962
276ST-JOHN'1999 31   663  529  607  659  583  657  641  526  587  606  637
276ST-JOHN'1999 32   769  853  801  686  594  667  814  800  777  730  624
276ST-JOHN'1999 33   537  609  697  768  770  657  674  711  819
276ST-JOHN'1999 41   855  899  903  877  990 1076  795  703  843  902  851
276ST-JOHN'1999 42   740  781  812  905  968  996 1031 1010  933  931  951
276ST-JOHN'1999 43   940 1005 1117  985  842  731  737  795
276ST-JOHN'1999 51   778  709  620  639  604  649  618  568  612  670  735
276ST-JOHN'1999 52  9999 9999 9999 9999 9999  597  614  642  648  661  667
276ST-JOHN'1999 53   647  664  586  516  655  752  718  646  701
276ST-JOHN'1999 61   662  676  644  745  748  580  745  952  850  677  650
276ST-JOHN'1999 62   691  660  690  689  731  753  701  658  611  642  670
276ST-JOHN'1999 63   626  655  730  773  838  828  815  758
276ST-JOHN'1999 71   738  760  808  874  900  901  846  840  868  840  788
276ST-JOHN'1999 72   730  656  705  769  780  864  834  794  879  891  788
276ST-JOHN'1999 73   751  800  813  789  811  924  936  891  827
276ST-JOHN'1999 81   837  918  935  924  896  908  937  961  999  980  977
276ST-JOHN'1999 82   883  798  823  849  861  921  907  891  905  845  843
276ST-JOHN'1999 83   889  915  814  866  823  777  927  899  825
276ST-JOHN'1999 91   800  764  895  767  693  818  722  806  795  686  708
276ST-JOHN'1999 92   735  806  637  620  772  815  891  944  723  711  802
276ST-JOHN'1999 93   988 1080 1037 1015  979  810  778  793
276ST-JOHN'1999101   821  868  825  769  842  858  884  826  647  733  820
276ST-JOHN'1999102   891  879  682  842 1172 1030 1072 1273 1049  867  900
276ST-JOHN'1999103   822  861  993  959  902  934  898 1085  850
276ST-JOHN'1999111   977  944  642  755  851  950  974 1045  987  935  982
276ST-JOHN'1999112   960  799  800  965 1110 1056  997  786  580  644  773
276ST-JOHN'1999113   771  818  698  799  658  745  932  747
276ST-JOHN'1999121   754  814  907  979  841  733  757  782  900  832  792
276ST-JOHN'1999122   847  805  889 1187 1024  805  869  892  903  797  879
276ST-JOHN'1999123   976  965  937  819  828  985 1003 1035  968
276ST-JOHN'2000 11   888  841 9999 9999 9999 9999 9999 9999 9999 9999 9999
276ST-JOHN'2000 12  9999 9999 9999 9999 9999 9999 9999 9999 9999 9999 9999
276ST-JOHN'2000 13  9999 9999 9999 9999 9999 9999 9999 9999 9999
276ST-JOHN'2000 21  9999 9999 9999 9999 9999 9999 9999 9999 9999 9999 9999
276ST-JOHN'2000 22  9999 9999 9999 9999 9999 9999 9999 9999 9999 9999 9999
276ST-JOHN'2000 23  9999 9999 9999 9999 9999 9999 9999
276ST-JOHN'2000 31  9999 9999 9999 9999 1014 1095  994  933  825  903  861
276ST-JOHN'2000 32   597  677  848  643  567  742  859  646  511  568  493
276ST-JOHN'2000 33   538  782  949  863  822  834  679  641  675
276ST-JOHN'2000 41   705  754  778  813  796  848  893  706  552  589  664
276ST-JOHN'2000 42   663  625  629  649  752  876  898  730  623  705  731
276ST-JOHN'2000 43   630  732  875 9999 9999 9999 9999  791
276ST-JOHN'2000 51   817  740  676  616  605  783  683  737  938  992  854
276ST-JOHN'2000 52   783  796  754  693  699 9999 9999 9999  680  696 9999
276ST-JOHN'2000 53  9999  722  768  816  831  798  780  744  596
276ST-JOHN'2000 61   679  823  843  849  713  629  663  781  707  793  855
276ST-JOHN'2000 62   715  661  688  679  717  789  849  738  764  803  766
276ST-JOHN'2000 63   835  852  749  787  858  780  780  801
276ST-JOHN'2000 71   797  753  722  762  793  781  773  734  727  750  784
276ST-JOHN'2000 72   858  882  800  707  652  641  697  807  884  884  806
276ST-JOHN'2000 73   700  703  703  631  606  642  663  669  745
276ST-JOHN'2000 81   742  725  755  772  807  820  723  765  829  758  807
276ST-JOHN'2000 82   766  696  714  718  725  732  724  734  749  759  787
276ST-JOHN'2000 83   734  681  697  762  806  828  835  814  775
276ST-JOHN'2000 91   816  897  772  812  905  819  745  806  912  924  718
276ST-JOHN'2000 92   688  741  805  808  759  773  831  799  834  870  925
276ST-JOHN'2000 93   947  893  995  895  787  850  824  780
276ST-JOHN'2000101   797  760  863 1015  942  861  814  852  822  779  802
276ST-JOHN'2000102   913  897  828  881  960  774  716  817  987  935  931
276ST-JOHN'2000103   922  761  951  930  854  970  991  838  852
276ST-JOHN'2000111   801  875  870  832  885  911  876  882  858  853  863
276ST-JOHN'2000112   849  850  726  780  903  872  949  949  839  845  932
276ST-JOHN'2000113   983  885  754  703  748  932  842  824
276ST-JOHN'2000121  1057 1117  948  848  801  782  830 1068 1160 1122  983
276ST-JOHN'2000122   743  819  952  931  897  734  764  960  880  888  974
276ST-JOHN'2000123  1044 1221 1156 1129 1227 1168 1136 1053  855
276ST-JOHN'2001 11   931 1045  931  775  736  810  881  987  959 1093 1197
276ST-JOHN'2001 12  1141  961  795  879  826  952  893  709  815  983  953
276ST-JOHN'2001 13   800  766  889  790  906 1058  973  869  920
276ST-JOHN'2001 21   895  716  910  908  697  730  919 1081  987  755  841
276ST-JOHN'2001 22  1015  710  676  839 1117  874  904  753  517  685  732
276ST-JOHN'2001 23   668  705  802  684  707  826
276ST-JOHN'2001 31   760  778  807  852  778  799  905  959  707  618  684
276ST-JOHN'2001 32   820  920  720  823  914  963  978  998  947  780  673
276ST-JOHN'2001 33   682  786  790  715  717  773  792  707  681
276ST-JOHN'2001 41   751  794  929  889  624  645  775 9999 9999 9999 9999
276ST-JOHN'2001 42  9999 9999  772  923  957  929  796  730  770  713  671
276ST-JOHN'2001 43   826  763  720  701  621  784  798  756
276ST-JOHN'2001 51   802  732  773  919  898  686  700  695  602  652  733
276ST-JOHN'2001 52   747  695  672  669  689  741  775  744  741  761  768
276ST-JOHN'2001 53   755  769  801  776  665  617  626  632  726
276ST-JOHN'2001 61   767  691  648  624  617  702  815  831  834  827  822
276ST-JOHN'2001 62   744  664  725  823  811  687  687  723  716  797  697
276ST-JOHN'2001 63   621  680  809  808  734  864  942  818
276ST-JOHN'2001 71   791  740  739  683  696  795  789  795  828  783  767
276ST-JOHN'2001 72   788  761  788  795  731  759  776  699  699  765  779
276ST-JOHN'2001 73   830  861  943  928  858  789  764  775  714
276ST-JOHN'2001 81   692  721  872  874  732  751  808  890  870  837  877
276ST-JOHN'2001 82   807  725  792  792  765  796  819  844  737  706  747
276ST-JOHN'2001 83   795  870  929  783  814  861  917  926  803
276ST-JOHN'2001 91   840  872  838  747  856 1005 1017  911  874  802  797
276ST-JOHN'2001 92   877  793  853 1020  874  801  841 1008  860  742  730
276ST-JOHN'2001 93   759  868  875  882  953 1034  959  832
276ST-JOHN'2001101   881  999 1019  942  913  891  920 1047  886  897  839
276ST-JOHN'2001102   856  916  734  809  841  789  770  883  883  905  963
276ST-JOHN'2001103   999  965  967  961 1026  987  801  966 1098
276ST-JOHN'2001111   849  670  769  851  916  969 1031 1148  989  822  896
276ST-JOHN'2001112   941  952  952  852  845  984  919  769  831  927  934
276ST-JOHN'2001113   854  674  616  721  852  899  812  730
276ST-JOHN'2001121   861  910  840  849  945  859  962 1082  907  775  793
276ST-JOHN'2001122   955  845  805 1042 1208 1294 1146 1003  951  941  938
276ST-JOHN'2001123  1022  931  838  863  970  964  904  926  937
276ST-JOHN'2002 11   899 1002 1000  995 1068  917  877 1089 1011 1002 1105
276ST-JOHN'2002 12  1079  946  977 1108 1062 1095  949  918  888  830 1003
276ST-JOHN'2002 13  1265 1085 1142 1217 1254 1103  942 1022 1016
276ST-JOHN'2002 21   991 1108 1239 1060 1122 1292 1146 1014 1047  850  768
276ST-JOHN'2002 22  1058  818  839  793  694  825  954  814  877  751  756
276ST-JOHN'2002 23   936  922  756  660  544  505
276ST-JOHN'2002 31   615  584  490  649  904  801  664  683  653  461  611
276ST-JOHN'2002 32   715  640  656 1057 1161 1057 1146 1055  852  658  754
276ST-JOHN'2002 33   747  695  755  763  590  628  782  675  574
276ST-JOHN'2002 41   660  733  838  738  828  850  873  770  479  466  678
276ST-JOHN'2002 42   533  582  799  593  717  979 1049  954  843  934  960
276ST-JOHN'2002 43   886  826  671  620  633  708  796  819
276ST-JOHN'2002 51   792  766  782  958  832  550  599  594  679  648  717
276ST-JOHN'2002 52   824  787  715  692  782  855  853  845  771  705  748
276ST-JOHN'2002 53   713  727  820  755  626  702  691  697  771
276ST-JOHN'2002 61   817  877  895  827  687  701  754  668  670  728  769
276ST-JOHN'2002 62   783  789  850  846  736  724  700  642  552  537  611
276ST-JOHN'2002 63   615  704  848  831  716  739  689  579
276ST-JOHN'2002 71   614  677  747  747  681  689  647  660  757  833  887
276ST-JOHN'2002 72   845  778  705  676  734  798  777  783  740  734  698
276ST-JOHN'2002 73   716  787  679  639  682  753  788  788  827
276ST-JOHN'2002 81   860  833  732  700  768  774  749  745  768  763  753
276ST-JOHN'2002 82   749  688  724  687  706  806 9999 9999 9999 9999 9999
276ST-JOHN'2002 83  9999 9999 9999 9999  884  778  649  810  809
276ST-JOHN'2002 91   688  804  834  818  866  949  939  806  874  921 1057
276ST-JOHN'2002 92  1039  986  917  758  804  909  939  910  868  930  828
276ST-JOHN'2002 93   769  791  821  812  764  901 1098 1142
276ST-JOHN'2002101   932 1007 1076  988  794  917  896  872  991  853  781
276ST-JOHN'2002102   778  796  848  909  994  922  852  859  942  980  973
276ST-JOHN'2002103  1081  969  824  735  760  971 1169 1194 1064
276ST-JOHN'2002111   986  981 1041 1063  883  940 1132 1158  935  813  759
276ST-JOHN'2002112   826  845  871 1018  906  794  882 1070  888  777  889
276ST-JOHN'2002113  1048 1169 1246  973  889 1059 1055  990
276ST-JOHN'2002121  1004 1031  981 1151 1005  976  968  783  884  990  928
276ST-JOHN'2002122   812  869  857  961 1142 1295 1432 1365 1192 1037  990
276ST-JOHN'2002123  1006 1003  955 1053 1431 1446 1124 1129 1084
276ST-JOHN'2003 11   870  930 1056 1043 1008  912  866 1064 1129 1084 1045
276ST-JOHN'2003 12  1021  970 1005 1029  965  995 1056  929  993 1134 1167
276ST-JOHN'2003 13  1147 1207 1162  808  567  724  767  688  574
276ST-JOHN'2003 21   646  765  932 1051  778  776  842  915  835  724 1024
276ST-JOHN'2003 22  1069  880  884  939 1013  874  717  731  603  719  816
276ST-JOHN'2003 23   740  786  974 1031 1076  940
276ST-JOHN'2003 31   789  608  472 9999 9999 9999 9999 9999 9999 9999 9999
276ST-JOHN'2003 32  9999  826  986 1142  980  780 9999 9999 9999 9999 9999
276ST-JOHN'2003 33  9999 9999  813  838  905  970  950  744  854
276ST-JOHN'2003 41   922  963  874 1041 1068  952 1042  895  840  876  830
276ST-JOHN'2003 42   969 1247 1098  848 1079 1123  908  778  832  894  847
276ST-JOHN'2003 43   816  820  833  809  812  920  997 1006
276ST-JOHN'2003 51  1014  933  961 1050  957  918  865  864  910 1017 1041
276ST-JOHN'2003 52  1051  992  944  893  775  827  973  946  869  787  779
276ST-JOHN'2003 53   744  772  779  807  914  980  929  911  824
276ST-JOHN'2003 61   754  828  880  951  892  851  953  840  731  781  879
276ST-JOHN'2003 62   917  985  889  813  862  828  856  865  853  932  944
276ST-JOHN'2003 63   978  905  838  944  918  898  936  874
276ST-JOHN'2003 71   824  874  908  899  922  951  999  895  776  910  912
276ST-JOHN'2003 72   769  817  806  793  816  826  866  880  846  827  843
276ST-JOHN'2003 73   851  811  769  820  939  982  970  842  778
276ST-JOHN'2003 81   816  866  922  896  864  807  796  818  859  850  928
276ST-JOHN'2003 82   958  863  915  903  876  879  885  949 1013 1001  901
276ST-JOHN'2003 83   937 1022 1030 1007  997  973  970  916  917
276ST-JOHN'2003 91   894  941  895  825  917  969  991 1064  964  951 1073
276ST-JOHN'2003 92   962  969  940  965  977  945  959 1013  987  976  982
276ST-JOHN'2003 93   879  858  885  838  799  775  749  763
276ST-JOHN'2003101   867  889  891  892  797  865  997  841  927 1019  923
276ST-JOHN'2003102   984  924 1075 1054  873  903  935  949  947  883  811
276ST-JOHN'2003103   837  845  844  709  654  690  822  740  914
276ST-JOHN'2003111   949 1000 1166 1032  976  894  988  944 1141 1295 1007
276ST-JOHN'2003112   942  992 1041 1127 1087  982  914  768  718  717  782
276ST-JOHN'2003113   876  798  806  892  883  871  871  895
276ST-JOHN'2003121   986  944 1016 1118 1064  849  897 1116 1234 1130  930
276ST-JOHN'2003122   851  924 1051  937 1006 1034  873  882  954  984  954
276ST-JOHN'2003123   859  872  876  984 1090 1081 1016  999 1073
276ST-JOHN'2004 11  1174 1270 1033  903 1133 1184 1090 1158 1210 1129 1105
276ST-JOHN'2004 12  1055 1072 1140 1109 1216 1236 1359 1272 1251 1290 1100
276ST-JOHN'2004 13   936 1018 1156 1295 1311 1216 1195 1175 1188
276ST-JOHN'2004 21  1302 1182  930  775  835  961 1003 1149 1132  953  987
276ST-JOHN'2004 22  1026  983  941  931  960  975  796  856 1086 1222 1041
276ST-JOHN'2004 23  1010  981  877  996 1054 1149 1194
276ST-JOHN'2004 31  1059  828  822 1039 1038  841 1051 1194  959  676  587
276ST-JOHN'2004 32   883 1031 1060  774  775  958  919  813  691  865  872
276ST-JOHN'2004 33   811  720  564  452  594  723  653  588  705
276ST-JOHN'2004 41   752  627  621  691  785  862  873  837  828  826  795
276ST-JOHN'2004 42   767  599  564  710  782  695  820  836  795 1059  788
276ST-JOHN'2004 43   810  937 1064 1122  876  876  892  759
276ST-JOHN'2004 51   706  700  689  694  788  805  758  846  919  897  819
276ST-JOHN'2004 52   957 1086  907  747  853  756  654  770  823  748  886
276ST-JOHN'2004 53   909  941  880  848  813  841  967 1093 1063
276ST-JOHN'2004 61  1005  956  871  866  939  811  735  790  868 1052 1087
276ST-JOHN'2004 62  1036  897  712  651  710  851  885  882  903  951  972
276ST-JOHN'2004 63   914  782  677  716  871  848  749  745
276ST-JOHN'2004 71   691  653  660  698  747  773  804  739  704  727  792
276ST-JOHN'2004 72   753  686  687  712  724  786  746  665  743  789  694
276ST-JOHN'2004 73   652  684  681  710  748  763  795  814  779
276ST-JOHN'2004 81   777  813  827  843  916  854  751  733  800  857  814
276ST-JOHN'2004 82   714  661  706  793  787  793  898  872  743  766  797
276ST-JOHN'2004 83   780  786  805  728  764  865  943  753  684
276ST-JOHN'2004 91   823  894  833  864  861  748  741  793  769  770  910
276ST-JOHN'2004 92   793  906  958  777  823  820  888  996 1131 1285 1154
276ST-JOHN'2004 93   996  890  834  904  952  846  925  899
276ST-JOHN'2004101   956  863  808  779  771  865  825  785  807  842  869
276ST-JOHN'2004102   839  917  925  885  787  763  781  835  875  898  890
276ST-JOHN'2004103   808  800  831  768  799  999 1255 1190  951
276ST-JOHN'2004111  1041 1038 1050 1316 1228  952  984  941 1022 1011  805
276ST-JOHN'2004112   862  917  816  880 1031  997  955  944 1013 1022  845
276ST-JOHN'2004113   817  796  726  824  864  812  650  810
276ST-JOHN'2004121   872  865  978 1127  861  924 1092  864  970  892  818
276ST-JOHN'2004122   927  916  862  875  879  771  747  626  737  926  782
276ST-JOHN'2004123   581  485  696  721  684  879  815  786  667
276ST-JOHN'2005 11   667  977  733  749  849  879  841  900  887  838  904
276ST-JOHN'2005 12  1116  898  685  825  693  752  849  844  788  794 1066
276ST-JOHN'2005 13  1165  916  948  951  842 1068 1116 1021  989
276ST-JOHN'2005 21   711  545  485  557  753  690  477  673  721  775  741
276ST-JOHN'2005 22   739  893  783  501  498  735  814  817  822  794  805
276ST-JOHN'2005 23   809  828  883  893  706  721
276ST-JOHN'2005 31   678  772  909  976  931  851  777  687  624  689  781
276ST-JOHN'2005 32   955  999  977 1045 1158 1053  950 1024 1093 1161 1044
276ST-JOHN'2005 33   888  796  789  862  772  684  666  747  796
276ST-JOHN'2005 41   713  643  619  644  658  700  722  700  770  757  802
276ST-JOHN'2005 42   808  765 1008  999  699  721  925 1003  894  858  829
276ST-JOHN'2005 43   767  777  725  725  690  691  676  614
276ST-JOHN'2005 51   620  673  760  695  638  649  640  641  618  623  601
276ST-JOHN'2005 52   689  847  862  819  818  728  655  625  669  662  599
276ST-JOHN'2005 53   590  592  609  616  662  794  830  782  708
276ST-JOHN'2005 61   633  682  764  868  872  783  673  753  812  722  806
276ST-JOHN'2005 62   773  832  947  868  765  741  737  693  667  780  855
276ST-JOHN'2005 63   852  808  807  830  647  654  808  779
276ST-JOHN'2005 71   703  674  731  711  726  778  730  740  779  754  798
276ST-JOHN'2005 72   719  631  653  688  679  720  764  751  787  851  810
276ST-JOHN'2005 73   781  810  820  792  761  757  752  771  762
276ST-JOHN'2005 81   693  715  793  836  822  731  763  740  749  762  791
276ST-JOHN'2005 82   846  838  868  909  799  808  936  847  714  679  765
276ST-JOHN'2005 83   793  751  801  885  784  717  756  685  747
276ST-JOHN'2005 91   770  779  855  857  827  761  736  831  904  939 1013
276ST-JOHN'2005 92   968  944  855  840  865  767  792  855  853  838  853
276ST-JOHN'2005 93   921  945  896  746  902  968  687  624
276ST-JOHN'2005101   797  778  798  689  820  790  727  849  775  621  834
276ST-JOHN'2005102   955  727  729  735  912  964  939  960  929  962 1059
276ST-JOHN'2005103   976  856  789  895 1031  907  859  927  984
276ST-JOHN'2005111   885  903 1149 1217 1003  940  881 1028 1032  754  721
276ST-JOHN'2005112   923  851  709  807  802  654  852  812  750  835  812
276ST-JOHN'2005113   743  756  752  705  759  709  631  648
276ST-JOHN'2005121   771  875  892  833  884  968 1042 1065  861  953  939
276ST-JOHN'2005122   696  819  877  871  817  750  725  820  806  860  761
276ST-JOHN'2005123   765  827  796  823  989 1009  822  720  896
276ST-JOHN'2006 11   940  818  791  677  842  869  696  785  664  755  843
276ST-JOHN'2006 12   794  803  668  710  853 1023  813  425  806  743  920
276ST-JOHN'2006 13  1175  812  733 1015 1085  958  897  849  745
276ST-JOHN'2006 21   797  928  625  464  553  563  635  683  679  764  895
276ST-JOHN'2006 22   751  689  685  601  598  609  605  805  777  601  713
276ST-JOHN'2006 23   879  872 1059  989  772  668
276ST-JOHN'2006 31   674  698  719  792  728  733  651  527  622  602  547
276ST-JOHN'2006 32   673  753  792  745  747  743  677  720  801  771  712
276ST-JOHN'2006 33   679  655  538  569  778  947  831  658  624
276ST-JOHN'2006 41   520  532  691  677  558  540  537  519  549  564  588
276ST-JOHN'2006 42   440  358  455  577  684  688  627  596  691  606  537
276ST-JOHN'2006 43   480  388  444  502  567  538  427  429
276ST-JOHN'2006 51   451  474  524  531  548  568  520  493  466  448  474
276ST-JOHN'2006 52   522  519  522  581  621  623  629  551  464  536  668
276ST-JOHN'2006 53   748  743  618  481  516  580  622  668  570
276ST-JOHN'2006 61   517  644  599  515  547  549  444  420  428  469  568
276ST-JOHN'2006 62   651  624  515  597  674  543  477  503  536  538  493
276ST-JOHN'2006 63   490  494  474  502  489  523  590  590
276ST-JOHN'2006 71   547  575  614  623  549  547  624  607  567  600  538
276ST-JOHN'2006 72   573  619  670  718  611  584  611  645  650  644  759
276ST-JOHN'2006 73   790  786  789  718  711  697  733  877  883
276ST-JOHN'2006 81   857  872  923  786  733  775  686  676  760  821  776
276ST-JOHN'2006 82   775  772  734  674  673  738  695  713  793  779  836
276ST-JOHN'2006 83   852  822  787  753  718  744  772  774  820
276ST-JOHN'2006 91   806  703  709  760  811  831  752  697  737  805  787
276ST-JOHN'2006 92   707  925  981  827  820  833  895  812  760  817  862
276ST-JOHN'2006 93   825  833  907  966  868  794  725  683
276ST-JOHN'2006101   770  795  883  877  857  819  710  824  842  949  986
276ST-JOHN'2006102   706  707  810  907  883  882  930  944  905  939 1006
276ST-JOHN'2006103   977 1002 1148 1223 1182  999  849  960 1100
276ST-JOHN'2006111   984  884  912  910 9999 9999 9999 9999 9999 9999 9999
276ST-JOHN'2006112  9999 9999 9999 9999 9999 9999  782 9999 9999 9999 9999
276ST-JOHN'2006113  9999 9999 9999 9999 9999 9999 9999 9999
276ST-JOHN'2006121  9999 1103 1066  987 1101  959  725  925 1077  880  974
276ST-JOHN'2006122  1058  848  799  852  925 1051 1017 1071  958  842 1083
276ST-JOHN'2006123   986  900 1041 1164 1179 1158 1139 1115 1068
276ST-JOHN'2007 11  1017  861 1038  928  826  916 1022  938  874 1032 1005
276ST-JOHN'2007 12   886  973  923  986 1147 1279 1124  820  856 1123 1185
276ST-JOHN'2007 13   986 1109 1080 1058 1141 1094 1143 1189 1044
276ST-JOHN'2007 21   920  806  852 1025 1039  992 1107 1159 1092 1028  992
276ST-JOHN'2007 22  1065 1216 1096  829 1006 1150 1083 1189 1405 1210 1087
276ST-JOHN'2007 23  1104 1275 1284 1240 1155 1010
276ST-JOHN'2007 31   987  950  868  993 1068 1099 1167 1036 1063 1053  764
276ST-JOHN'2007 32   996  981  678  764  892  760  719  786  765  860  807
276ST-JOHN'2007 33   833  980  752  791  985 1115 1166 1108 1045
276ST-JOHN'2007 41  1141 1199  982  978  983  943  920  935  896 1032  999
276ST-JOHN'2007 42   905  911  930  938  853  832  865  950  920  985  990
276ST-JOHN'2007 43   839  951 1054 1059 1047 9999 9999 9999
276ST-JOHN'2007 51  9999 9999 9999 9999 9999 9999 9999 9999  978 1012  909
276ST-JOHN'2007 52  1023 1101 1017 1015 1105 1004  785  818  922 1011 1068
276ST-JOHN'2007 53   935  896  995 1016 1120  976  975 1106 1083
276ST-JOHN'2007 61   971  917  875  710  724  798  852  807  746  796  869
276ST-JOHN'2007 62   864  809  816  894  928  940 1027 1079 1064 1073 1071
276ST-JOHN'2007 63  1021  976  943  950 1046 1076 1036 1092
276ST-JOHN'2007 71  1092 1065  993  919  882  908 1028 1103 1046  944  939
276ST-JOHN'2007 72   937  990 1041 1016 1012 1085 1074 1049 1071  997 1026
276ST-JOHN'2007 73  1036 1033 1123 1151 1115 1046 1061 1053 1066
276ST-JOHN'2007 81  1163 1106  987  947 1029 1098 1057 1087 1172 1286 1216
276ST-JOHN'2007 82  1190 1139 1066 1115 1110 1090 1151 1145 1173 1110 1087
276ST-JOHN'2007 83  1051 1036 1083 1129 9999 9999 9999 9999 9999
276ST-JOHN'2007 91  9999 9999 9999 9999 9999 9999 9999 9999 9999 9999 9999
276ST-JOHN'2007 92  9999 9999 9999 9999 9999 9999 9999 9999 9999 9999 9999
276ST-JOHN'2007 93  9999 9999 9999 9999 9999 9999 9999 9999
276ST-JOHN'2007101  9999 9999 9999 9999 9999 9999 9999 9999 9999 9999 9999
276ST-JOHN'2007102  9999 9999 9999 9999 9999 9999 9999 9999 9999 9999 9999
276ST-JOHN'2007103  9999 9999 9999 9999 9999 9999 9999 9999 9999
276ST-JOHN'2007111  9999 9999 9999 9999 9999 9999 9999 9999 9999 9999 9999
276ST-JOHN'2007112  9999 9999 9999 9999  762  790 9999 9999  694  842  871
276ST-JOHN'2007113   823  960  967  759  794  918  896 9999
276ST-JOHN'2007121  9999 9999 1248 1121 1076  934  861  750  929  998  957
276ST-JOHN'2007122  1064 1143 1038  981  911  915 1099 1097  892  911  825
276ST-JOHN'2007123   752  800  969  982  947  981 1017  915  895
276ST-JOHN'2008 11   984 1022 1042  821  826  894  812  897  879  805  983
276ST-JOHN'2008 12   875  893  951  951 1088  949  718  785 1014  963  826
276ST-JOHN'2008 13   822  835  950 1029  735  650  780  782  635
276ST-JOHN'2008 21   666  730  869  894  827  844  995  831  758  904  894
276ST-JOHN'2008 22  1115 1078  719  913  901  846  717  748  936  857  828
276ST-JOHN'2008 23   846  885  828  789  832  958  896
276ST-JOHN'2008 31   656  701  952  860  805  696  665  638  858  902  813
276ST-JOHN'2008 32   816  990 1245 1111  946 1050 1158 1054  918  837  843
276ST-JOHN'2008 33   765  672  713  719  673  735  800  886  805
276ST-JOHN'2008 41   673  676  743  820  761  662  665  618  596  714  827
276ST-JOHN'2008 42   905  950  972  923  778  642  736  848  859  819  896
276ST-JOHN'2008 43   955  884  772  720  693  705  692  683
276ST-JOHN'2008 51   680  720  745  679  714  739  761  856  856  796  790
276ST-JOHN'2008 52   901  916  804  736  823  936  912  841  823  789  847
276ST-JOHN'2008 53   922  944  858  756  731  813  815  783  770
276ST-JOHN'2008 61   735  778  753  712  732  728  672  644  714  773  727
276ST-JOHN'2008 62   763  889  846  780  828 9999 9999 9999  657  714  728
276ST-JOHN'2008 63   706  747  869  866  789  775  696  649
276ST-JOHN'2008 71   725  762  734  775  787  767  792  813  824  813  820
276ST-JOHN'2008 72   831  754  674  671  689  669  737  834  827  745  736
276ST-JOHN'2008 73   683  602  595  646  723  760  782  816  835
276ST-JOHN'2008 81   820  782  729  733  793  815  795  750  782  774  743
276ST-JOHN'2008 82   799  833  828  897  791  811  888  800  848  857  729
276ST-JOHN'2008 83   657  719  801  852  854  742  650  777  852
276ST-JOHN'2008 91   800  715  687  750  855  794  838  937  831  766  908
276ST-JOHN'2008 92   776  760  791  776  854  737  764  840  649  786  904
276ST-JOHN'2008 93   816  875  766  692  720  713  778  842
276ST-JOHN'2008101   897  931  882  887  965  921 1023 1085  999  962  977
276ST-JOHN'2008102   842  842 9999 9999 9999 9999 1030  847  754 1056 1028
276ST-JOHN'2008103   835  890  778  686  680  787  817  785  780
276ST-JOHN'2008111   872  979  861  884  840  875  865  882  901  867  924
276ST-JOHN'2008112   936  883  745  703  707  751  891  949 1027 1010  905
276ST-JOHN'2008113   871  828  753  695  698  778  910  914
276ST-JOHN'2008121   822  766  847  841  873  856  814  968 1025  751  883
276ST-JOHN'2008122   800  826  970  728  708  904  903  900 1031  927  886
276ST-JOHN'2008123  1005  818  823 1146  907  724  827 1119 1161
276ST-JOHN'2009 11  1159 1159 1126 1116 1016  960  979 1083 1123 1157 1012
276ST-JOHN'2009 12  1020  885  795  951 1025  956  890  760  993 1051 1019
276ST-JOHN'2009 13  1020  989 1028 1079 1040  990  978 1037  929
276ST-JOHN'2009 21  1105 1079  958  995 1082 1095  973  929 1184 1332 1168
276ST-JOHN'2009 22  1091 1200 1182 1100 1039  810 1060 1155  853  827  832
276ST-JOHN'2009 23   822  857  895  768  561  638
276ST-JOHN'2009 31   743  672  664  796  884  758  656  905 1113  980  679
276ST-JOHN'2009 32   634  852  841  849  987  938  754  723  825  803  891
276ST-JOHN'2009 33   858  874  830  770  753  782  863  910  821
276ST-JOHN'2009 41   748  684  706  755  811  869  785  720  767  776  803
276ST-JOHN'2009 42   814  814  881  955 1085 1036 1013  996  839  714  553
276ST-JOHN'2009 43   581  709  701  728  770  740  936  831
276ST-JOHN'2009 51   650  743  788  692  695  607  693  770  866  979 1017
276ST-JOHN'2009 52   758  714  655  558  688  670  601  624  696  774  825
276ST-JOHN'2009 53   850  755  874  929  857  775  756  727  717
276ST-JOHN'2009 61   792  808  820  807  802  794  847  887  887  789  669
276ST-JOHN'2009 62   626  794  817  672  623  674  750  803  751  728  749
276ST-JOHN'2009 63   774  760  781  873  837  743  737  743
276ST-JOHN'2009 71   742  739  723  797  919  972  915  839  789 9999 9999
276ST-JOHN'2009 72  9999  740  773  866  882  819  783  767  791  787  726
276ST-JOHN'2009 73   744  735  680  711  696  712  793  709  759
276ST-JOHN'2009 81   830  774  659  700  759  786  835  851  847  825  868
276ST-JOHN'2009 82   859  748  767  832  871  843  772  795  867  836  731
276ST-JOHN'2009 83   782  909  901  845  899 1010  905  762  827
276ST-JOHN'2009 91   847  721  739  864  860  787  769  900 1006  883  810
276ST-JOHN'2009 92   915  866  902  986  939  765  924 1029  929  776  748
276ST-JOHN'2009 93   780  901  954  904  897  882  848  850
276ST-JOHN'2009101   881  883  906  892  831  943 1043 1131 1149 1054 1036
276ST-JOHN'2009102  1000  910 1095 1185  926 1001  966  899  981  998 1028
276ST-JOHN'2009103  1083 1041  793  953 1312 1319 1127  978  791
276ST-JOHN'2009111   840  955  846  996  966  922 1093  881  828  964  909
276ST-JOHN'2009112   859  756  692  713  931 1091  953 1003  922  970  986
276ST-JOHN'2009113   744  704  769  809  885  967 1040 1006
276ST-JOHN'2009121   971  955 1062  960  779 1031 1122 1069 1053 1028 1183
276ST-JOHN'2009122  1319 1240 1004  899  860  999 1105 1104 1087 1118 1141
276ST-JOHN'2009123   948  883  867  832  748  717  852 1064 1147
276ST-JOHN'2010 11  1106  994 1109 1181 1065  982  987  984 1092 1272 1232
276ST-JOHN'2010 12  1143 1149 1052  913 1043 1150 1173 1064 1000 1065 1180
276ST-JOHN'2010 13  1135 1076  914  668  697  900 1008  992 1030
276ST-JOHN'2010 21  1072 1073 1016 1008 1292 1341 1217 1214 1285 1237 1195
276ST-JOHN'2010 22  1387 1322 1169 1107 1034  982 1016 1122 1059  940  858
276ST-JOHN'2010 23   785  724  667  662  685  718
276ST-JOHN'2010 31   835  921  921  991 1074 1103 1060  938  952  944  837
276ST-JOHN'2010 32   821  779  738  823  867  921  949 1012  923  870  819
276ST-JOHN'2010 33   783  803  902  951  934  863  628  588  723
276ST-JOHN'2010 41   679  692  823  829  719  845  917  955  839  674  747
276ST-JOHN'2010 42   779  744  746  798  856  754  724  796  939 1003  926
276ST-JOHN'2010 43   929  981  912  826  830  895  939  980
276ST-JOHN'2010 51  1010  911  860 1034 1135 1073  990  968  865  765  730
276ST-JOHN'2010 52   736  705  795  952  993  997  880  672  655  825  733
276ST-JOHN'2010 53   684  850  903  989  975  920  965  919  970
276ST-JOHN'2010 61   912  774  751  811  820  816  862  853  915  915  867
276ST-JOHN'2010 62   826  790  780  950 1080  977  863  859  776  825  796
276ST-JOHN'2010 63   713  723  837  873  862  878  844  752
276ST-JOHN'2010 71   756  820  768  781  805  720  727  698  778  821  793
276ST-JOHN'2010 72   753  709  784  909  866  842  873  829  793  836  843
276ST-JOHN'2010 73   913  873  800  885  971  870  728  802  778
276ST-JOHN'2010 81   723  692  730  772  804  858  881  795  750  842  908
276ST-JOHN'2010 82   912  850  792  780  793  809  807  841  834  797  758
276ST-JOHN'2010 83   735  740  766  754  747  810  799  875  962
276ST-JOHN'2010 91   990  963  973  913  867  905  925  987  903  849  960
276ST-JOHN'2010 92   936  846  865  884  906  894  881  767  822 1180 1265
276ST-JOHN'2010 93  1008  996 1000  990  835  852  952  906
276ST-JOHN'2010101   865  953  931  769  826  959  842  984 1220 1172 1130
276ST-JOHN'2010102  1043 1019 1065  917  880 1017 1048  943  887  927  998
276ST-JOHN'2010103  1052 1113  972  880  784  784  931  965 1077
276ST-JOHN'2010111  1006  960  928  828  700  595  659  736  907 1012  930
276ST-JOHN'2010112   794  795  930  845 9999 9999  854  971 1093 1108 1178
276ST-JOHN'2010113  1218 1210 1248 1180  999  956  913  993
276ST-JOHN'2010121   887  759  815  825  860  863  903  963  859  956  934
276ST-JOHN'2010122   818  743  724  932  964  933  996  980  877  961 1145
276ST-JOHN'2010123  1230 1334 1312 1085  927 1062 1244 1242 1100
276ST-JOHN'2011 11  1085 1047  968 1065 1024 1006 1010 1070 1135 1277 1293
276ST-JOHN'2011 12  1054 1097 1138  914  915 1033  939  849 1138 1115  877
276ST-JOHN'2011 13   948  994  926  911  906 1054 1043 1019  979
276ST-JOHN'2011 21   889  866  958  882  848 1035 1162  996 1090 1058 1014
276ST-JOHN'2011 22   879  946 1100 1059 1295 1352 1271 1172 1219 1210 1184
276ST-JOHN'2011 23  1243 1017  816  977 1161  908
276ST-JOHN'2011 31   816  915  780  902  717  556  730  752  785  601  495
276ST-JOHN'2011 32   570  778  937  787  638  716  871 1003  916  729  859
276ST-JOHN'2011 33  1197 1184 1192 1122  968 1014 1048 1018  889
276ST-JOHN'2011 41   814  953 1124 1007  753  861 1089 1071  924  755  738
276ST-JOHN'2011 42   901  934  726  922  784  641  663  803  797  815  866
276ST-JOHN'2011 43   680  657  790  752  828  734  823  886
276ST-JOHN'2011 51   780  654  581  657  684  651  626  685  708  718  672
276ST-JOHN'2011 52   687  814  826  807  771  649  667  724  729  764  701
276ST-JOHN'2011 53   634  604  695  723  688  664  607  782  851
276ST-JOHN'2011 61   720  650  718  673  646  688  755  783  784  822  882
276ST-JOHN'2011 62   916  842 9999 9999  811  802  724  692  760  878  959
276ST-JOHN'2011 63   914  794  669  687  790  872  807  729
276ST-JOHN'2011 71   765  790  778  718  748  795  801  821  808  872  863
276ST-JOHN'2011 72   804  858  832  793  779  746  810  867  816  842  895
276ST-JOHN'2011 73   878  875  881  778  813  833  758  720  800
276ST-JOHN'2011 81   828  749  707  692  727  840  888  856  860  822  779
276ST-JOHN'2011 82   791  813  777  750  788  883  848  793  745  785  782
276ST-JOHN'2011 83   763  778  749  767  826  791  746  792  824
276ST-JOHN'2011 91   720  681  750  854  792  809  833  764  914 1019  825
276ST-JOHN'2011 92   814  918  803  840  852  987  868  688  845  898  850
276ST-JOHN'2011 93   772  753  903 1064 1001  860  843  884
276ST-JOHN'2011101   885  845  875  960  984 1071 1070  846  842  993 1099
276ST-JOHN'2011102   896  773  806  796  900  943  944  893  863  909  885
276ST-JOHN'2011103  9999 9999  857 1171 1280 1069  955  954 1105
276ST-JOHN'2011111   950  796  823  990 1081  930  934  906  874  793  729
276ST-JOHN'2011112   756 9999 9999 9999  989  949 1065 1034  886 1000  923
276ST-JOHN'2011113   840  972  917  874  960  774  827  773
276ST-JOHN'2011121   798  865  749  681  710  792  870  852  926  899  847
276ST-JOHN'2011122   874  812  855  793  750  949  891  912 1006  861  790
276ST-JOHN'2011123   932  938  840  749  809  849  919  966  816
276ST-JOHN'2012 11   804  790  757  921  886  838  862  834  773  740  975
276ST-JOHN'2012 12  1008  735  838 1024  967  904  913  935  926  759  793
276ST-JOHN'2012 13   829  770  770 1032  991  930  908  812  892
276ST-JOHN'2012 21   908  905  934 1152 1287 1014  935  844  770  930  782
276ST-JOHN'2012 22   735  895  813  651  719  829  921  917 1013 1040  832
276ST-JOHN'2012 23   860  974  991 1021  979  818  850
276ST-JOHN'2012 31   869  713  690  828 1027  752  725  613  697  839  741
276ST-JOHN'2012 32   718  855  707  536  638  793  774  892  873  949  858
276ST-JOHN'2012 33  1138 1385 1183  971 1049 1056  935  925 1049
276ST-JOHN'2012 41  1028  958 1040 1119  969  823  784  797  748  800  825
276ST-JOHN'2012 42   867  898  921  791  606  651  756  768  753  783  756
276ST-JOHN'2012 43   699  590  567  669  740  757  768  797
276ST-JOHN'2012 51   725  789  831  760  734  728  739  680  639  657  655
276ST-JOHN'2012 52   650  644  661  594  608  644  712  798  822  683  678
276ST-JOHN'2012 53   797  780  657  746  877  864  940  919  793
276ST-JOHN'2012 61   829  902  916  901  865  903  986  948  828  709  661
276ST-JOHN'2012 62   660  719  716  679  624  632  667  686  777  850  813
276ST-JOHN'2012 63   769  742  707  688  690  706  783  820
276ST-JOHN'2012 71   861  851  823 9999 9999  766  802  860  885  825  776
276ST-JOHN'2012 72   717  768  855  814  772  797  810  875  945  816  752
276ST-JOHN'2012 73   760  791  804  876  884  812  764  772  826
276ST-JOHN'2012 81   815  789  808  829  715  697  798  803  844  828  780
276ST-JOHN'2012 82   785  779  848  843  771  808  842  769  784  852  848
276ST-JOHN'2012 83   820  846  805  715  795  859  971  977  912
276ST-JOHN'2012 91   961  893  725  834  862  784  848  837  748  775  928
276ST-JOHN'2012 92   818  660  768  727  749  845  831  677  641  625  613
276ST-JOHN'2012 93   716  779  773  718  726  860  728  632
276ST-JOHN'2012101   745  884 1047 1002  872  859  821  853  801  779  790
276ST-JOHN'2012102   906 1047 1001 1021  930  992 1137  963  825  864 1013
276ST-JOHN'2012103  1112 1067 1194 1185 1042  943  829  795  836
276ST-JOHN'2012111   904  896  986 1042 1009  887  870  866  838  975 1117
276ST-JOHN'2012112   880  711  806  803  867  926  933  877 1019  892  797
276ST-JOHN'2012113   906 1011 1087 1069 1040  977 1089 1175
276ST-JOHN'2012121  1157  848  774  849  827 1034 1104  997  887  998 1011
276ST-JOHN'2012122  1017 1053  982 1092 1138 1078  946  935 1015  978  882
276ST-JOHN'2012123   884  897 1035 1081  972  957 1121 1102 1135
276ST-JOHN'2013 11  1204 1170 1184 1095 1003  995 1046 1091  968 1015 1259
276ST-JOHN'2013 12  1100  880  873  920  952  878  995  925  900  911 1066
276ST-JOHN'2013 13  1078  978 1076 1077 1123 1144 1098  868  821
276ST-JOHN'2013 21   943 1012  873  809  771  936  948  888  845 1029 1050
276ST-JOHN'2013 22   872  921 1030  948  837  831  926 1107 1059  945 1061
276ST-JOHN'2013 23  1025  886  913  916  995 1049
276ST-JOHN'2013 31  1033 1107 1028  933  887  775  669  692  697  622  597
276ST-JOHN'2013 32   654  611  650  794  966 1014 1004 1043  880  780  894
276ST-JOHN'2013 33   965  961 1023 1113 1109 1200 1276 1174 1001
276ST-JOHN'2013 41   819  823  898  875  811  882 1077  978  825  847  961
276ST-JOHN'2013 42  1019  922  907  872  755  791  973  672  648  773  708
276ST-JOHN'2013 43   531  535  496  563  580  658  676  653
276ST-JOHN'2013 51   691  586  552  595  663  615  666  705  604  718  736
276ST-JOHN'2013 52   695  678  664  625  749  848  844  824  747  725  732
276ST-JOHN'2013 53   660  615  673  622  660  740  639  574  711
276ST-JOHN'2013 61   903  793  722  759  817  787  728  717  764  768  797
276ST-JOHN'2013 62   821  836  886  904  897  871  840  838  781  688  737
276ST-JOHN'2013 63   780  802  862  838  822  793  722  725
276ST-JOHN'2013 71   788  796  746  822  873  915  920  912  858  780  719
276ST-JOHN'2013 72   759  782  782  846  901  805  847  900  889  982  904
276ST-JOHN'2013 73   822  816  799  775  785  879  812  753  784
276ST-JOHN'2013 81   825  861  893  898  904  895  832  760  739  707  794
276ST-JOHN'2013 82   917  875  880  918  893  750  777  906  945  737  746
276ST-JOHN'2013 83   849  851  796  802  850  899  802  774 1002
276ST-JOHN'2013 91   869  808  750  735  869  841  807  887  916  859  824
276ST-JOHN'2013 92   832  895  827  764  854  867  841  933  954  798  778
276ST-JOHN'2013 93   905  946  967 1037 1062  959  877  850
276ST-JOHN'2013101   865  943 1054 1145 1064  941  861  744  892  897  968
276ST-JOHN'2013102   990  983  927  945  931  807  943 1061  984  987 1044
276ST-JOHN'2013103   919 1032 1057  976  892  963  959  878  867
276ST-JOHN'2013111   882  991 1084  999  907  862  923 1039 1158  991 1011
276ST-JOHN'2013112  1013  904 1015  845  815  750  749  766  987 1158 1168
276ST-JOHN'2013113  1161 1099 1007  865  732  594  843  906
276ST-JOHN'2013121   729  719  821  999 1001  857  849 1031 1015  982 1115
276ST-JOHN'2013122  1053 1081 1100 1041 1191 1153 1004 1124 1108  935 1018
276ST-JOHN'2013123   995  882 1010  856  887 1003 1031 1029 1065
276ST-JOHN'2014 11  1089 1066 1126 1282 1080  930  820  936  961  880  869
276ST-JOHN'2014 12   966 1071  830  723  880  887  857  980  957  909 1046
276ST-JOHN'2014 13  1146 1005  827  682  716  791  840  835  718
276ST-JOHN'2014 21   798  853  867  809  856  953  860  810  879  918  939
276ST-JOHN'2014 22   964  757  799 1036  880  899  982  705  811  958  767
276ST-JOHN'2014 23   805  873  985  961  883  864
276ST-JOHN'2014 31   793  680  907  915  854  849  782  804 1020  954  793
276ST-JOHN'2014 32   788  827  876  819  757  787  877  795  659  667  825
276ST-JOHN'2014 33   892  921 1001  765  786  943  790  676  684
276ST-JOHN'2014 41   771  827  730  767  714  674  803  693  626  874  690
276ST-JOHN'2014 42   724  763  623  584  672  688  515  706  943  815  782
276ST-JOHN'2014 43   822  912  984  929  831  761  752  710
276ST-JOHN'2014 51   785  856  860  817  875 1010  959  797  720  702  855
276ST-JOHN'2014 52   963  862  748  597  622  620  602  681  754  751  755
276ST-JOHN'2014 53   774  755  729  766  825  834  762  732  652
276ST-JOHN'2014 61   613  638  687  632  668  763  821  890  847  801  756
276ST-JOHN'2014 62   731  687  680  719 9999 9999 9999  850  914  923  884
276ST-JOHN'2014 63   753  698  722  772  805  764  713  771
276ST-JOHN'2014 71   809  786  786  747  773  806  853  840  787  757  761
276ST-JOHN'2014 72   769  763  773  826  799  735  786  794  713  725  777
276ST-JOHN'2014 73   836  851  860  860  786  749  729  712  712
276ST-JOHN'2014 81   690  732  790  850  825  823  881  816  767  803  779
276ST-JOHN'2014 82   725  706  709  714  731  769  797  815  805  834  862
276ST-JOHN'2014 83   823  776  799  734  766  942  940  805  803
276ST-JOHN'2014 91   867  770  755  886  895  873  961  908  716  716  793
276ST-JOHN'2014 92   861  957  753  825  922  932  902  939  881  842  831
276ST-JOHN'2014 93   916  918  773  892  934  956  923  823
276ST-JOHN'2014101   934  870  794  886  881  873  834  792  785  855  883
276ST-JOHN'2014102   916  947  848  963 1000  803  897 1042  982 1002  841
276ST-JOHN'2014103   767  936 1040 1030 1074 1136  932  858  954
276ST-JOHN'2014111   896  889  903  990  848  763  933 1004 1013  857  924
276ST-JOHN'2014112   954  827  922 1036 1039  899  968 1045 1090 1029 1204
276ST-JOHN'2014113  1193 1019  883 1054 1050 1085 1000  776
276ST-JOHN'2014121   725  967  720  732  959  728  844  998  740  792  769
276ST-JOHN'2014122   709  802  860 1004  924  788  816  975  920  765  744
276ST-JOHN'2014123   665  694  660  754  931  955 1010 1044 1049
276ST-JOHN'2015 11   902  878  976  909  945 1066  990  992  797  764  877
276ST-JOHN'2015 12   807  909  773  764  895  979  871  653  880  997  868
276ST-JOHN'2015 13   930  984  830  962  900  851  871  877  891
276ST-JOHN'2015 21   929  999  815  787  692  658  880  809  812  719  839
276ST-JOHN'2015 22  1036 1136  944  823  967 1049  939  810  836  767  723
276ST-JOHN'2015 23   803 1019  788  742  859  711
276ST-JOHN'2015 31   647  707 1041  980  859  904  762  807  888  800  781
276ST-JOHN'2015 32  1121 1132  889  815  969 1158 1149 1112  997  769  730
276ST-JOHN'2015 33   798  874  750  741  862  927  898  746  797
276ST-JOHN'2015 41   875  874  824  785  868  808  649  712  664  536  659
276ST-JOHN'2015 42   958  680  553  826  910  845  838  784  732  705  739
276ST-JOHN'2015 43   777  793  832  858  872  921  920  879
276ST-JOHN'2015 51   768  690  674  666  678  831  859  875  660  664  818
276ST-JOHN'2015 52   781  919  834  681  641  550  608  708  751  777  781
276ST-JOHN'2015 53   714  700  646  656  657  701  704  610  725
276ST-JOHN'2015 61   704  583  611  607  605  630  719  673  646  632  654
276ST-JOHN'2015 62   785  916  973  770  609  752  777  708  802  769  786
276ST-JOHN'2015 63   823  787  805  778  713  680  673  729
276ST-JOHN'2015 71   769  731  753  824  775  761  701  687  804  852  769
276ST-JOHN'2015 72   713  752  804  796  877  912  881  802  790  812  818
276ST-JOHN'2015 73   957  987  795  700  723  721  739  836  846
276ST-JOHN'2015 81   791  824  815  743  747  886  891  750  710  758  802
276ST-JOHN'2015 82   749  705  728  773  827  835  810  779  666  668  724
276ST-JOHN'2015 83   773  785  781  731  704  769  802  786  817
276ST-JOHN'2015 91   964  989  934  937  886  948  896  940  794  834  853
276ST-JOHN'2015 92   833  883  845  818 1032 1005  877  775  767  825  744
276ST-JOHN'2015 93   754  865  900  901  800  804  810  753
276ST-JOHN'2015101   765  850  816  792  818  884  928  939  954  883 1023
276ST-JOHN'2015102  1009  880  926 1013  979  955 1014  993  895  890  880
276ST-JOHN'2015103   870  941  704  876  886  937  891  893 1159
276ST-JOHN'2015111  1056 1022 1087  948  982  859  859 1136 1143  992  967
276ST-JOHN'2015112   902  966 1011 1098 1180 1031  805  643  544  633  629
276ST-JOHN'2015113   570  800  893  586  630  872  935 1005
276ST-JOHN'2015121   828  882 1082 1010  884  908  902  944  796  748  745
276ST-JOHN'2015122   831 1042 1202 1124 1087 1023  839  927 1138 1043  876
276ST-JOHN'2015123   834  682  714 1035 1060 1131 1143  977  897
276ST-JOHN'2016 11  9999 1017  997 1088 1102  979  974 1045  944  746  720
276ST-JOHN'2016 12  9999 9999 9999 9999 9999 9999 9999 9999 9999 9999 9999
276ST-JOHN'2016 13  9999 9999 9999 9999 9999 9999 9999 9999 9999
276ST-JOHN'2016 21  9999  923  901  799  896 1003  893  902 9999 9999 9999
276ST-JOHN'2016 22  9999 9999 9999 9999 9999 9999 9999 9999 9999 9999 9999
276ST-JOHN'2016 23  9999 9999 9999 9999 9999 9999 9999
276ST-JOHN'2016 31  9999  844  760  734  805  918  737  811  912  824  841
276ST-JOHN'2016 32   864  895  903  704  761  970  997  916  940  905  812
276ST-JOHN'2016 33   961 9999 9999 9999 9999 9999 9999 9999 9999
276ST-JOHN'2016 41  9999  821 1016  967 9999 9999  841  666  688  777  772
276ST-JOHN'2016 42   648  570  677  680  596  648  819  825 1052 1044  932
276ST-JOHN'2016 43   842  819  858  838  825  836 9999 9999
276ST-JOHN'2016 51  9999  664  657  729  704  687  713  715  766  810  875
276ST-JOHN'2016 52   911  959  929  899  845  817  801  701 9999 9999 9999
276ST-JOHN'2016 53  9999 9999 9999 9999 9999 9999 9999 9999 9999
276ST-JOHN'2016 61  9999  810  705  701  761  731  689  766  891  925  882
276ST-JOHN'2016 62   810  753  803  908  936  930  799  681  689  710  753
276ST-JOHN'2016 63   778 9999 9999 9999 9999 9999 9999 9999
276ST-JOHN'2016 71  9999 9999 9999 9999 9999 9999 9999 9999 9999 9999 9999
276ST-JOHN'2016 72  9999 9999 9999 9999 9999 9999 9999 9999 9999 9999 9999
276ST-JOHN'2016 73  9999 9999 9999 9999 9999 9999 9999 9999 9999
276ST-JOHN'2016 81  9999 9999 9999 9999 9999 9999 9999 9999 9999 9999 9999
276ST-JOHN'2016 82  9999 9999 9999 9999 9999 9999 9999 9999 9999 9999 9999
276ST-JOHN'2016 83  9999 9999 9999 9999 9999 9999 9999 9999 9999
276ST-JOHN'2016 91  9999 9999 9999 9999 9999 9999 9999 9999 9999 9999 9999
276ST-JOHN'2016 92  9999 9999 9999 9999 9999 9999 9999 9999 9999 9999 9999
276ST-JOHN'2016 93  9999 9999 9999 9999 9999 9999 9999 9999
276ST-JOHN'2016101  9999 9999 9999 9999 9999 9999 9999 9999 9999 9999 9999
276ST-JOHN'2016102  9999 9999 9999 9999 9999 9999 9999 9999 9999 9999 9999
276ST-JOHN'2016103  9999 9999 9999 9999 9999 9999 9999 9999 9999
276ST-JOHN'2016111  9999 9999 9999 9999 9999 9999 9999 9999 9999 9999 9999
276ST-JOHN'2016112  9999 9999 9999 9999 9999 9999 9999 9999 9999 9999 9999
276ST-JOHN'2016113  9999 9999 9999 9999 9999 9999 9999 9999
276ST-JOHN'2016121  9999 9999 9999 9999 9999 9999 9999 9999 9999 9999 9999
276ST-JOHN'2016122  9999 9999 9999 9999 9999 9999 9999 9999 9999 9999 9999
276ST-JOHN'2016123  9999 9999 9999 9999 9999 9999 9999 9999 9999
276ST-JOHN'2017 11  9999  844  973  850  767  859  930  931  919  740  561
276ST-JOHN'2017 12   571  819  971  893  819  825  831  709  806 1111 1155
276ST-JOHN'2017 13   980  891  886  885 1009 1072 1023 1007 1031
276ST-JOHN'2017 21   987  957  937  984 1029 1018 1027  860  888  958  918
276ST-JOHN'2017 22   808  835 1106 1220 1094 1003  963 1015 1042  882  830
276ST-JOHN'2017 23   976 9999 9999 9999 9999 9999
276ST-JOHN'2017 31  9999  957 1143 1216 1178 1069  851  725  786  931  884
276ST-JOHN'2017 32   897  923  679  737  869  866  803  693  643  848  991
276ST-JOHN'2017 33   906  854  709  918 1073 1052  857  910 9999
276ST-JOHN'2017 41  1038  818 1034 1138  908  707  671  712  830  727  713
276ST-JOHN'2017 42   749  749  844  827  825  895  877  702  735 9999 9999
276ST-JOHN'2017 43  9999 9999 9999 9999 9999 9999 9999 9999
276ST-JOHN'2017 51  9999  817  812  902  870  727  631  640  683  717  748
276ST-JOHN'2017 52   791  821  768  760  823  896  895  872 1015 1077  982
276ST-JOHN'2017 53   851  809  833 9999 9999 9999 9999 9999 9999
276ST-JOHN'2017 61  9999 9999 9999 9999 9999 9999 9999 9999 9999 9999 9999
276ST-JOHN'2017 62  9999 9999 9999 9999 9999 9999 9999 9999 9999 9999 9999
276ST-JOHN'2017 63  9999 9999 9999 9999 9999 9999 9999 9999
276ST-JOHN'2017 71  9999 9999 9999 9999 9999 9999 9999 9999 9999 9999 9999
276ST-JOHN'2017 72  9999 9999 9999 9999 9999 9999 9999 9999 9999 9999 9999
276ST-JOHN'2017 73  9999 9999 9999 9999 9999 9999 9999 9999 9999
276ST-JOHN'2017 81  9999 9999 9999 9999 9999 9999 9999 9999 9999 9999 9999
276ST-JOHN'2017 82  9999 9999 9999 9999 9999 9999 9999 9999 9999 9999 9999
276ST-JOHN'2017 83  9999 9999 9999 9999 9999 9999 9999 9999 9999
276ST-JOHN'2017 91  9999 9999 9999 9999 9999 9999 9999 9999 9999 9999 9999
276ST-JOHN'2017 92  9999 9999 9999 9999 9999 9999 9999 9999 9999 9999 9999
276ST-JOHN'2017 93  9999 9999 9999 9999 9999 9999 9999 9999
276ST-JOHN'2017101  9999 9999 9999 9999 9999 9999 9999 9999 9999 9999 9999
276ST-JOHN'2017102  9999 9999 9999 9999 9999 9999 9999 9999 9999 9999 9999
276ST-JOHN'2017103  9999 9999 9999 9999 9999 9999 9999 9999 9999
276ST-JOHN'2017111  9999 9999 9999 9999 9999 9999 9999 9999 9999 9999 9999
276ST-JOHN'2017112  9999 9999 9999 9999 9999 9999 9999 9999 9999 9999 9999
276ST-JOHN'2017113  9999 9999 9999 9999 9999 9999 9999 9999
276ST-JOHN'2017121  9999 9999 9999 9999 9999 9999 9999 9999 9999 9999 9999
276ST-JOHN'2017122  9999 9999 9999 9999 9999 9999 9999 9999 9999 9999 9999
276ST-JOHN'2017123  9999 9999 9999 9999 9999 9999 9999 9999 9999
276ST-JOHN'2018 11  9999 9999 9999 9999 9999 9999 9999 9999 9999 9999 9999
276ST-JOHN'2018 12  9999 9999 9999 9999 9999 9999 9999 9999 9999 9999 9999
276ST-JOHN'2018 13  9999 9999 9999 9999 9999 9999 9999 9999 9999
276ST-JOHN'2018 21  9999 9999 9999 9999 9999 9999 9999 9999 9999 9999 9999
276ST-JOHN'2018 22  9999 9999 9999 9999 9999 9999 9999 9999 9999 9999 9999
276ST-JOHN'2018 23  9999 9999 9999 9999 9999 9999
276ST-JOHN'2018 31  9999 9999 9999 9999 9999 9999 9999 9999 9999 9999 9999
276ST-JOHN'2018 32  9999 9999 9999 9999 9999 9999 9999 9999 9999 9999 9999
276ST-JOHN'2018 33  9999 9999 9999 9999 9999 9999 9999 9999 9999
276ST-JOHN'2018 41  9999 9999 9999 9999 9999 9999 9999 9999 9999 9999 9999
276ST-JOHN'2018 42  9999 9999 9999 9999 9999 9999 9999 9999 9999 9999 9999
276ST-JOHN'2018 43  9999 9999 9999 9999 9999 9999 9999 9999
276ST-JOHN'2018 51  9999 9999 9999 9999 9999 9999 9999 9999 9999 9999 9999
276ST-JOHN'2018 52  9999 9999 9999 9999 9999 9999 9999 9999 9999 9999 9999
276ST-JOHN'2018 53  9999 9999 9999 9999 9999 9999 9999 9999 9999
276ST-JOHN'2018 61  9999  956 1088 1179 1092 1045  924  768  820  916  921
276ST-JOHN'2018 62   854  828  883  928  917  778  681 9999 9999  893 9999
276ST-JOHN'2018 63  9999 9999 9999 9999 9999 9999 9999 9999
276ST-JOHN'2018 71  9999  762  739  870  852  810  902  844  771  851  829
276ST-JOHN'2018 72   849  796  678  749  807  815  824  828  812  752  727
276ST-JOHN'2018 73   759  762  805  822 9999 9999 9999 9999 9999
276ST-JOHN'2018 81  9999  844  890  824  731  712  770  852  882  825  850
276ST-JOHN'2018 82   817  791  789  777  869  853  836  848  770  779  845
276ST-JOHN'2018 83   848 9999 9999 9999 9999 9999 9999 9999 9999
276ST-JOHN'2018 91  9999  750  812  844  984  895  941  968  973  806  747
276ST-JOHN'2018 92   835  909  863  869  971  981 1056 1008  935  855  786
276ST-JOHN'2018 93   972 1007  892  802  851 9999 9999 9999
276ST-JOHN'2018101  9999  873  776  716  836  931  911  922  883 1040 1132
276ST-JOHN'2018102  1044 1141 1082  990  915 1081 1128 1119  878  845 1036
276ST-JOHN'2018103   897  843  935 9999 9999 9999 9999 9999 9999
276ST-JOHN'2018111  9999 9999 9999 9999 9999 9999 9999 9999 9999 9999 9999
276ST-JOHN'2018112  9999 9999 9999 9999 9999 9999 9999 9999 9999 9999 9999
276ST-JOHN'2018113  9999 9999 9999 9999 9999 9999 9999 9999
276ST-JOHN'2018121  9999  955  933 1164 1203 1123 1084 1026 1085 1084 1039
276ST-JOHN'2018122   989  995  885  913 1054  911 1007 1185 1228 1090  816
276ST-JOHN'2018123   899 1100 1116 1148 1121 1008  938 1071 1124
276ST-JOHN'2019 11   940 1112 1211  868  853 1033 1174 1228  988 1049 1095
276ST-JOHN'2019 12   949  938  907  980 1076  828 9999 9999 9999 9999 9999
276ST-JOHN'2019 13  9999 9999 9999 9999 9999 9999 9999 9999 9999
276ST-JOHN'2019 21  9999  894  977  941  851  940  880  742  845 1098 1188
276ST-JOHN'2019 22  1218 1005 1039 1105  786  898 1107 1218 1245 1154 9999
276ST-JOHN'2019 23  9999 9999 9999 9999 9999 9999
276ST-JOHN'2019 31  9999 1109 1069  970  951 1082 1064  994  976  924  691
276ST-JOHN'2019 32   847  918  782  720  683  895  925  797  741  755  673
276ST-JOHN'2019 33   931 1042  944  801  775  599 9999 9999 9999
276ST-JOHN'2019 41  9999  808  661  667  916  919  903 1086 1118 1108 1126
276ST-JOHN'2019 42  1064  919  943  933 9999 9999 9999 9999 9999 9999 9999
276ST-JOHN'2019 43  9999 9999 9999 9999 9999 9999 9999 9999
276ST-JOHN'2019 51  9999  974  989  882  856  853  856  869  876  822  822
276ST-JOHN'2019 52   919  879 9999 9999  846  795  830  973  954  909 1033
276ST-JOHN'2019 53  1036  935  842  776  790  855  870  858  838
276ST-JOHN'2019 61   793  721  709  782  811  797  835  856  884  878  813
276ST-JOHN'2019 62   763  792  753  692  719  757  844  875  844  847  937
276ST-JOHN'2019 63   983  951  875  760  693 9999 9999 9999
276ST-JOHN'2019 71  9999  888  894  867  840  820  920  940  924  913  858
276ST-JOHN'2019 72   791  737  815  845  843  835  884  966  944  880  898
276ST-JOHN'2019 73   864  816  826 9999 9999 9999 9999 9999 9999
276ST-JOHN'2019 81  9999  859  871  857  872  884  828  775  796  852  877
276ST-JOHN'2019 82   893  908  908  837 9999 9999 9999 9999 9999 9999 9999
276ST-JOHN'2019 83  9999 9999 9999 9999 9999 9999 9999 9999 9999
276ST-JOHN'2019 91  9999  681  629  726  754  880  863  830  915  799  743
276ST-JOHN'2019 92   855  829  714  787  954 1032  968  816  871 1044  930
276ST-JOHN'2019 93  1023 1101  933 1010 9999 9999 9999 9999
276ST-JOHN'2019101  9999 1068 1137 1077 1136 1030  832 9999 9999  870 9999
276ST-JOHN'2019102  9999  914  957  811  865  930  952 1043 1084 1050  953
276ST-JOHN'2019103   796  728 9999 9999 9999 9999 9999 9999 9999
276ST-JOHN'2019111  9999 9999 9999 9999 9999 9999 9999 9999 9999 9999 9999
276ST-JOHN'2019112  9999 9999 9999 9999 9999 9999 9999 9999 9999 9999 9999
276ST-JOHN'2019113  9999 9999 9999 9999 9999 9999 9999 9999
276ST-JOHN'2019121  9999 9999 9999 9999 9999 9999 9999 9999 9999 9999 9999
276ST-JOHN'2019122  9999 9999 9999 9999 9999 9999 9999 9999 9999 9999 9999
276ST-JOHN'2019123  9999 9999 9999 9999 9999 9999 9999 9999 9999
276ST-JOHN'2020 11  9999 9999 9999 9999 9999 9999 9999 9999 9999 9999 9999
276ST-JOHN'2020 12  9999 9999 9999 9999 9999 9999 9999 9999 9999 9999 9999
276ST-JOHN'2020 13  9999 9999 9999 9999 9999 9999 9999 9999 9999
276ST-JOHN'2020 21  9999 9999 9999 9999 9999 9999 9999 9999 9999 9999 9999
276ST-JOHN'2020 22  9999 9999 9999 9999 9999 9999 9999 9999 9999 9999 9999
276ST-JOHN'2020 23  9999 9999 9999 9999 9999 9999 9999
276ST-JOHN'2020 31  9999 9999 9999 9999 9999 9999 9999 9999 9999 9999 9999
276ST-JOHN'2020 32  9999 9999 9999 9999 9999 9999 9999 9999 9999 9999 9999
276ST-JOHN'2020 33  9999 9999 9999 9999 9999 9999 9999 9999 9999
276ST-JOHN'2020 41  9999 9999 9999 9999 9999 9999 9999 9999 9999 9999 9999
276ST-JOHN'2020 42  9999 9999 9999 9999 9999 9999 9999 9999 9999 9999 9999
276ST-JOHN'2020 43  9999 9999 9999 9999 9999 9999 9999 9999
276ST-JOHN'2020 51  9999 9999 9999 9999 9999 9999 9999 9999 9999 9999 9999
276ST-JOHN'2020 52  9999 9999 9999 9999 9999 9999 9999 9999 9999 9999 9999
276ST-JOHN'2020 53  9999 9999 9999 9999 9999 9999 9999 9999 9999
276ST-JOHN'2020 61  9999  810  787  766  829  880  936  981  940  796  634
276ST-JOHN'2020 62   626  755  731  692  735  721  800  876  813  705  684
276ST-JOHN'2020 63   795  848  853 9999 9999 9999 9999 9999
276ST-JOHN'2020 71  9999  929  917  796  806  785  763  742  755  771  743
276ST-JOHN'2020 72   753  820  853  777  776  802  861  893  861  871  901
276ST-JOHN'2020 73   838 9999 9999 9999 9999 9999 9999 9999 9999
276ST-JOHN'2020 81  9999  887  842  860  825  818  902  853  847  875  812
276ST-JOHN'2020 82   801  846  911  843  804  857  863  861  848  890  916
276ST-JOHN'2020 83   870  858  854  841  978 1005  976  980 1012
276ST-JOHN'2020 91   919  734  718 9999 9999  831  738  673  762  776  827
276ST-JOHN'2020 92   810  706  742  945  836  691 9999 9999 9999 9999 9999
276ST-JOHN'2020 93  9999 9999 9999 9999 9999 9999 9999 9999
276ST-JOHN'2020101  9999  867  867  868  801  774  808 1006 1062  989  857
276ST-JOHN'2020102   894  802  754  796  820  738  663  675  691  790  825
276ST-JOHN'2020103   824  743  965  919  789  923  882 9999 9999
276ST-JOHN'2020111  9999  782 1029 1100  785  778 1073 1106  945  957  994
276ST-JOHN'2020112   975 1003  991 1024  789  835 1039  933  833  941 1006
276ST-JOHN'2020113   757  852 1049  811 9999 9999 9999 9999
276ST-JOHN'2020121  9999  734  825  813  785  921 1032 1104 1189 1020 9999
276ST-JOHN'2020122  9999 9999 9999 9999 9999 9999 9999 9999 9999 9999 9999
276ST-JOHN'2020123  9999 9999 9999 9999 9999 9999 9999 9999 9999
276ST-JOHN'2021 11  9999  923  874  868  890  937 1032 1042 1011 1068  988
276ST-JOHN'2021 12   828  830  827  899  966  926  951 1014 1069 1063 1092
276ST-JOHN'2021 13  1096 1142 1132 1093 1028 1009 9999 9999 9999
276ST-JOHN'2021 21  9999  879  834 1002 1038  936  921 1115 1210 1132 1149
276ST-JOHN'2021 22  1220 1088  902  884  958 1073 1078  926  969 1097  983
276ST-JOHN'2021 23   914 1076 1058 9999 9999 9999
276ST-JOHN'2021 31  9999  969 1109 1034  982  937  815  875  862  722  740
276ST-JOHN'2021 32   816 1010 1204 1165 1198 1057  721  788 1003  785  753
276ST-JOHN'2021 33   811  801  732 9999 9999 9999 9999 9999 9999
276ST-JOHN'2021 41  9999  740  690  781  859 9999 9999 9999 9999 9999 9999
276ST-JOHN'2021 42  9999 9999 9999 9999 9999 9999 9999 9999 9999 9999 9999
276ST-JOHN'2021 43  9999 9999 9999 9999 9999 9999 9999 9999
276ST-JOHN'2021 51  9999 9999 9999 9999 9999 9999 9999 9999 9999 9999 9999
276ST-JOHN'2021 52  9999 9999 9999 9999 9999 9999 9999 9999 9999 9999 9999
276ST-JOHN'2021 53  9999 9999 9999 9999 9999 9999 9999 9999 9999
