283FORTALEZ      LAT=03 43.0S  LONG=038 28.0W
283FORTALEZ2008 41  9999 9999 9999 9999 9999 9999 9999 9999 9999 9999 9999
283FORTALEZ2008 42  9999 9999 9999 3298 3305 3324 3351 3347 3343 3338 3335
283FORTALEZ2008 43  3325 3289 3288 3308 3318 3338 3369 3374
283FORTALEZ2008 51  3373 3372 3374 3355 3307 3276 3281 3295 3298 3310 3309
283FORTALEZ2008 52  3313 3338 3368 3368 3350 3352 3351 3354 3361 3336 3331
283FORTALEZ2008 53  3331 3343 3361 3345 3339 3322 3308 3336 3341
283FORTALEZ2008 61  3319 3305 3278 3267 3273 3287 3317 3337 3352 3341 3344
283FORTALEZ2008 62  3335 3304 3299 3289 3291 3288 3269 3280 3308 3322 3330
283FORTALEZ2008 63  3336 3342 3344 3335 3349 3336 3292 3298
283FORTALEZ2008 71  3305 3293 3316 3379 3392 3358 3338 3328 3333 3314 3322
283FORTALEZ2008 72  3296 3271 3272 3295 3342 3357 3345 3307 3333 3361 3356
283FORTALEZ2008 73  3363 3357 3344 3337 3313 3281 3289 3322 3312
283FORTALEZ2008 81  3305 3332 3343 3343 3331 3328 3332 3314 3301 3309 3287
283FORTALEZ2008 82  3274 3298 3324 3341 3346 3368 3381 3384 3397 3382 3363
283FORTALEZ2008 83  3329 3319 3321 3313 3328 3362 3367 3374 3386
283FORTALEZ2008 91  3368 3378 3366 3322 3312 3348 3342 3306 3332 3367 3372
283FORTALEZ2008 92  3369 3372 3395 3388 3380 3396 3385 3370 3363 3347 3342
283FORTALEZ2008 93  3355 3375 3375 3384 3406 3396 3385 3374
283FORTALEZ2008101  3354 3343 3353 3356 3334 3334 3348 3338 3325 3339 3374
283FORTALEZ2008102  3387 3376 3381 3352 3356 3362 3319 3310 3336 3348 3340
283FORTALEZ2008103  3360 3366 3375 3361 3358 3371 3367 3338 3335
283FORTALEZ2008111  3308 3310 3323 3311 3322 3354 3380 3378 3378 3391 3394
283FORTALEZ2008112  3372 3355 3343 3350 3351 3349 3387 3405 3405 3389 3376
283FORTALEZ2008113  3356 3348 3346 3351 3362 3346 3319 3338
283FORTALEZ2008121  3355 3347 3333 3346 3326 3328 3343 3353 3358 3342 3325
283FORTALEZ2008122  3326 3344 3339 3350 3371 3389 3410 3405 3384 3362 3340
283FORTALEZ2008123  3329 3333 3336 3325 3332 3324 3319 3344 3337
283FORTALEZ2009 11  3321 3346 3366 3336 3317 3319 3288 3273 3296 3284 3294
283FORTALEZ2009 12  3326 3342 3346 3331 3324 3329 3351 3339 3319 3310 3291
283FORTALEZ2009 13  3273 3290 3315 3323 3326 3311 3313 3328 3339
283FORTALEZ2009 21  3310 3300 3326 3323 3315 3334 3331 3322 3332 3351 3378
283FORTALEZ2009 22  3379 3372 3368 3345 3349 3358 3353 3337 3322 3338 3363
283FORTALEZ2009 23  3366 3376 3393 3386 3364 3351
283FORTALEZ2009 31  3336 3318 3306 3316 3348 3352 3348 3356 3368 3383 3379
283FORTALEZ2009 32  3369 3340 3323 3331 3327 3316 3308 3304 3327 3352 3358
283FORTALEZ2009 33  3377 3392 3374 3357 3345 3329 3300 3319 3337
283FORTALEZ2009 41  3323 3318 3321 3328 3329 3342 3348 3358 3357 3362 3342
283FORTALEZ2009 42  3319 3288 3269 3287 3304 3328 3352 3352 3354 3364 3358
283FORTALEZ2009 43  3351 3363 3345 3329 3312 3310 3321 3322
283FORTALEZ2009 51  3333 3338 3334 3351 3366 3348 3317 3319 3327 3320 3320
283FORTALEZ2009 52  3327 3340 3350 3330 3341 3370 3367 3363 3358 3345 3334
283FORTALEZ2009 53  3329 3338 3331 3323 3317 3334 3364 3362 3355
283FORTALEZ2009 61  3353 3345 3317 3302 3309 3313 3320 3336 3333 3347 3358
283FORTALEZ2009 62  3349 3345 3354 3389 3406 3414 3416 3383 3340 3329 3353
283FORTALEZ2009 63  3364 3356 3341 3334 3344 3344 3334 3353
283FORTALEZ2009 71  3356 3337 3333 3347 3359 3357 3336 3333 3333 3344 3368
283FORTALEZ2009 72  3385 3387 3359 3352 3373 3362 3348 3339 3330 3325 3358
283FORTALEZ2009 73  3387 3399 3401 3382 3336 3325 3337 3334 3327
283FORTALEZ2009 81  3332 3335 3340 3344 3353 3377 3407 3430 3425 3381 3361
283FORTALEZ2009 82  3375 3378 3368 3384 3389 3379 3384 3426 3462 3434 3436
283FORTALEZ2009 83  3436 3409 3373 3348 3317 3325 3328 3320 3341
283FORTALEZ2009 91  3357 3370 3367 3382 3383 3373 3349 3360 3367 3380 3359
283FORTALEZ2009 92  3327 3319 3343 3369 3408 3409 3407 3389 3347 3343 3348
283FORTALEZ2009 93  3316 3315 3333 3339 3325 3324 3342 3367
283FORTALEZ2009101  3377 3372 3354 3374 3377 3367 3371 3360 3361 3358 3368
283FORTALEZ2009102  3378 3372 3392 3397 3410 3403 3377 3395 3363 3336 3343
283FORTALEZ2009103  3330 3332 3356 3372 3363 3379 3383 3379 3373
283FORTALEZ2009111  3373 3373 3366 3372 3352 3339 3346 3357 3374 3366 3366
283FORTALEZ2009112  3376 3374 3360 3346 3339 3336 3338 3345 3338 3330 3355
283FORTALEZ2009113  3369 3331 3355 3373 3368 3378 3366 3334
283FORTALEZ2009121  3329 3341 3334 3326 3347 3356 3354 3371 3386 3378 3353
283FORTALEZ2009122  3318 3326 3343 3344 3319 3319 3345 3348 3352 3331 3347
283FORTALEZ2009123  3350 3329 3348 3376 3384 3372 3350 3324 3321
283FORTALEZ2010 11  3332 3320 3316 3335 3341 3323 3326 3327 3311 3276 3286
283FORTALEZ2010 12  3292 3277 3283 3313 3319 3318 3308 3326 3340 3341 3357
283FORTALEZ2010 13  3357 3348 3347 3348 3362 3366 3390 3396 3403
283FORTALEZ2010 21  3389 3369 3357 3328 3339 3326 3316 3315 3324 3344 3345
283FORTALEZ2010 22  3348 3350 3360 3366 3359 3364 3369 3362 3341 3328 3331
283FORTALEZ2010 23  3345 3363 3374 3396 3406 3399
283FORTALEZ2010 31  3389 3385 3365 3361 3342 3328 3331 3318 3322 3333 3348
283FORTALEZ2010 32  3363 3366 3367 3381 3399 3402 3371 3337 3334 3343 3345
283FORTALEZ2010 33  3362 3382 3398 3386 3403 3407 3396 3379 3372
283FORTALEZ2010 41  3369 3370 3374 3369 3364 3364 3372 3370 3354 3359 3372
283FORTALEZ2010 42  3393 3396 3399 3396 3381 3379 3359 3347 3349 3371 3409
283FORTALEZ2010 43  3409 3402 3401 3393 3387 3380 3352 3341
283FORTALEZ2010 51  3341 3345 3367 3353 3344 3351 3370 3382 3409 3420 3392
283FORTALEZ2010 52  3351 3313 3323 3336 3338 3343 3357 3365 3398 3419 3416
283FORTALEZ2010 53  3408 3375 3354 3359 3346 3320 3316 3341 3329
283FORTALEZ2010 61  3331 3348 3340 3351 3336 3341 3355 3357 3369 3385 3391
283FORTALEZ2010 62  3377 3358 3347 3373 3430 3432 3420 3431 3403 3383 3388
283FORTALEZ2010 63  3370 3322 3294 3340 3383 3348 3336 3359
283FORTALEZ2010 71  3364 3393 3418 3413 3400 3380 3364 3367 3368 3354 3380
283FORTALEZ2010 72  3427 3422 3395 3421 3408 3360 3323 3310 3309 3317 3296
283FORTALEZ2010 73  3304 3344 3353 3352 3370 3381 3380 3403 3391
283FORTALEZ2010 81  3378 3387 3360 3358 3347 3362 3370 3351 3373 3387 3395
283FORTALEZ2010 82  3382 3376 3384 3402 3392 3385 3361 3360 3384 3385 3367
283FORTALEZ2010 83  3348 3403 3450 3436 3433 3429 3419 3417 3393
283FORTALEZ2010 91  3374 3361 3360 3355 3370 3416 3430 3440 3418 3385 3373
283FORTALEZ2010 92  3357 3346 3355 3363 3361 3382 3403 3415 3414 3416 3405
283FORTALEZ2010 93  3410 3422 3408 3397 3391 3378 3384 3385
283FORTALEZ2010101  3379 3352 3348 3369 3369 3376 3381 3360 3373 3374 3352
283FORTALEZ2010102  3355 3355 3340 3372 3409 3381 3374 3427 3399 3409 3425
283FORTALEZ2010103  3403 3397 3406 3381 3365 3350 3338 3355 3381
283FORTALEZ2010111  3387 3379 3380 3376 3366 3348 3320 3313 3352 3359 3359
283FORTALEZ2010112  3364 3382 3393 3385 3392 3386 3362 3358 3369 3370 3392
283FORTALEZ2010113  3379 3378 3406 3391 3398 3414 3390 3386
283FORTALEZ2010121  3381 3382 3375 3354 3345 3349 3355 3336 3344 3354 3374
283FORTALEZ2010122  3381 3346 3358 3380 3384 3364 3350 3352 3334 3332 3355
283FORTALEZ2010123  3370 3399 3401 3387 3391 3413 3396 3387 3374
283FORTALEZ2011 11  3346 3340 3349 3360 3353 3355 3373 3375 3381 3387 3371
283FORTALEZ2011 12  3347 3356 3348 3340 3356 3363 3356 3365 3369 3364 3366
283FORTALEZ2011 13  3362 3378 3363 3353 3346 3337 3337 3329 3332
283FORTALEZ2011 21  3354 3380 3367 3385 3393 3381 3389 3378 3367 3376 3393
283FORTALEZ2011 22  3375 3356 3364 3387 3408 3405 3417 3391 3381 3392 3356
283FORTALEZ2011 23  3346 3388 3380 3340 3363 3374
283FORTALEZ2011 31  3340 3339 3376 3395 3397 3382 3384 3384 3381 3404 3403
283FORTALEZ2011 32  3378 3361 3365 3358 3353 3351 3367 3376 3378 3376 3362
283FORTALEZ2011 33  3360 3345 3341 3360 3367 3373 3393 3388 3388
283FORTALEZ2011 41  3400 3400 3389 3375 3397 3390 3389 3386 3383 3384 3373
283FORTALEZ2011 42  3380 3386 3405 3413 3427 3420 3395 3370 3343 3343 3341
283FORTALEZ2011 43  3360 3362 3349 3364 3401 3416 3415 3404
283FORTALEZ2011 51  3369 3343 3331 3313 3296 3301 3313 3349 3359 3366 3391
283FORTALEZ2011 52  3395 3406 3416 3404 3391 3356 3326 3324 3332 3329 3334
283FORTALEZ2011 53  3341 3356 3374 3379 3381 3377 3364 3342 3331
283FORTALEZ2011 61  3334 3347 3367 3364 3366 3363 3374 3410 3424 3400 3375
283FORTALEZ2011 62  3377 3358 3362 3379 3365 3377 3403 3413 3385 3370 3376
283FORTALEZ2011 63  3382 3391 3400 3398 3363 3336 3340 3325
283FORTALEZ2011 71  3318 3354 3373 3359 3375 3394 3351 3343 3378 3349 3349
283FORTALEZ2011 72  3381 3357 3340 3380 3413 3359 3358 3384 3399 3400 3386
283FORTALEZ2011 73  3367 3353 3361 3368 3378 3378 3367 3400 3423
283FORTALEZ2011 81  3394 3380 3373 3354 3345 3324 3336 3333 3337 3348 3342
283FORTALEZ2011 82  3352 3379 3408 3386 3401 3391 3397 3429 3424 3404 3392
283FORTALEZ2011 83  3369 3367 3372 3346 3369 3386 3395 3389 3403
283FORTALEZ2011 91  3402 3386 3380 3362 3342 3363 3379 3390 3392 3404 3399
283FORTALEZ2011 92  3392 3393 3402 3406 3432 3393 3358 3345 3333 3348 3411
283FORTALEZ2011 93  3429 3369 3387 3389 3369 3373 3353 3347
283FORTALEZ2011101  3342 3366 3373 3370 3362 3374 3379 3375 3367 3367 3383
283FORTALEZ2011102  3377 3363 3382 3386 3374 3399 3414 3402 3402 3363 3357
283FORTALEZ2011103  3379 3397 3403 3412 3428 3403 3378 3378 3405
283FORTALEZ2011111  3396 3374 3382 3379 3375 3384 3360 3366 3417 3403 3391
283FORTALEZ2011112  3400 3399 3415 3397 3385 3419 3406 3409 3428 3400 3394
283FORTALEZ2011113  3383 3373 3369 3358 3375 3375 3378 3414
283FORTALEZ2011121  3409 3388 3393 3400 3375 3376 3385 3388 3379 3361 3366
283FORTALEZ2011122  3371 3388 3407 3385 3380 3391 3385 3364 3360 3369 3381
283FORTALEZ2011123  3370 3356 3353 3352 3369 3380 3368 3364 3370
283FORTALEZ2012 11  3348 3331 3330 3327 3310 3300 3315 3343 3346 3344 3357
283FORTALEZ2012 12  3385 3403 3404 3400 3375 3373 3386 3374 3364 3366 3369
283FORTALEZ2012 13  3374 3385 3366 3355 3377 3390 3371 3351 3359
283FORTALEZ2012 21  3354 3352 3358 3342 3354 3372 3387 3412 3438 3428 3388
283FORTALEZ2012 22  3372 3359 3357 3360 3339 3312 3304 3315 3317 3333 3360
283FORTALEZ2012 23  3388 3385 3374 3346 3329 3325 3317
283FORTALEZ2012 31  3320 3328 3342 3360 3372 3371 3363 3368 3384 3390 3350
283FORTALEZ2012 32  3337 3347 3346 3353 3355 3360 3376 3381 3388 3375 3351
283FORTALEZ2012 33  3377 3387 3375 3355 3349 3347 3344 3362 3360
283FORTALEZ2012 41  3359 3377 3407 3417 3427 3447 3439 3409 3406 3421 3428
283FORTALEZ2012 42  3426 3413 3404 3403 3402 3391 3386 3381 3382 3379 3367
283FORTALEZ2012 43  3380 3366 3343 3356 3387 3397 3388 3369
283FORTALEZ2012 51  3380 3399 3401 3397 3401 3392 3380 3372 3369 3379 3405
283FORTALEZ2012 52  3445 3437 3416 3405 3394 3375 3361 3341 3334 3347 3322
283FORTALEZ2012 53  3313 3340 3355 3348 3347 3347 3354 3362 3347
283FORTALEZ2012 61  3348 3344 3341 3332 3316 3341 3335 3352 3388 3377 3359
283FORTALEZ2012 62  3369 3361 3339 3325 3353 3348 3338 3351 3356 3367 3362
283FORTALEZ2012 63  3353 3362 3371 3352 3355 3358 3315 3323
283FORTALEZ2012 71  3347 3333 3345 3374 3363 3373 3414 3418 3399 3388 3367
283FORTALEZ2012 72  3383 3393 3375 3364 3370 3358 3342 3324 3343 3371 3378
283FORTALEZ2012 73  3371 3358 3359 3355 3346 3341 3357 3390 3378
283FORTALEZ2012 81  3381 3374 3372 3387 3381 3421 3402 3360 3355 3369 3376
283FORTALEZ2012 82  3378 3365 3357 3399 3410 3398 3421 3409 3387 3392 3383
283FORTALEZ2012 83  3396 3373 3359 3367 3368 3363 3352 3370 3393
283FORTALEZ2012 91  3387 3354 3335 3339 3332 3312 3300 3315 3354 3358 3354
283FORTALEZ2012 92  3377 3383 3386 3387 3378 3378 3398 3381 3331 3334 3333
283FORTALEZ2012 93  3322 3353 3344 3319 3343 3341 3308 3320
283FORTALEZ2012101  3340 3347 3351 3366 3367 3364 3376 3378 3375 3387 3398
283FORTALEZ2012102  3382 3394 3406 3392 3371 3368 3374 3375 3369 3365 3369
283FORTALEZ2012103  3364 3381 3405 3377 3364 3392 3380 3382 3387
283FORTALEZ2012111  3375 3345 3331 3342 3347 3362 3369 3364 3348 3372 3381
283FORTALEZ2012112  3369 3381 3393 3350 3355 3366 3344 3332 3327 3334 3357
283FORTALEZ2012113  3362 3348 3347 3375 3375 3370 3383 3357
283FORTALEZ2012121  3355 3344 3344 3339 3341 3357 3357 3357 3375 3359 3365
283FORTALEZ2012122  3377 3345 3364 3392 3397 3369 3358 3347 3365 3361 3351
283FORTALEZ2012123  3347 3329 3316 3344 3346 3352 3344 3346 3356
283FORTALEZ2013 11  3340 3368 3379 3357 3311 3319 3334 3346 3366 3367 3369
283FORTALEZ2013 12  3375 3407 3397 3372 3366 3361 3346 3369 3367 3346 3343
283FORTALEZ2013 13  3344 3329 3321 3335 3330 3329 3354 3379 3367
283FORTALEZ2013 21  3376 3402 3401 3408 3427 3423 3409 3428 3423 3414 3415
283FORTALEZ2013 22  3413 3383 3363 3345 3352 3357 3351 3337 3354 3369 3361
283FORTALEZ2013 23  3349 3347 3345 3365 3376 3385
283FORTALEZ2013 31  3390 3394 3371 3374 3376 3374 3362 3364 3377 3389 3406
283FORTALEZ2013 32  3420 3419 3403 3395 3385 3379 3389 3394 3383 3375 3385
283FORTALEZ2013 33  3398 3397 3404 3398 3388 3395 3416 3397 3364
283FORTALEZ2013 41  3374 3386 3366 3354 3345 3355 3363 3353 3366 3373 3368
283FORTALEZ2013 42  3345 3344 3336 3331 3329 3328 3363 3374 3360 3374 3385
283FORTALEZ2013 43  3358 3347 3366 3380 3390 3388 3378 3371
283FORTALEZ2013 51  3394 3401 3398 3402 3403 3392 3365 3352 3344 3355 3348
283FORTALEZ2013 52  3342 3357 3364 3329 3338 3356 3368 3368 3380 3383 3373
283FORTALEZ2013 53  3382 3370 3345 3335 3349 3386 3391 3373 3371
283FORTALEZ2013 61  3366 3360 3343 3313 3319 3325 3314 3314 3303 3294 3311
283FORTALEZ2013 62  3340 3357 3366 3375 3379 3397 3393 3386 3356 3371 3372
283FORTALEZ2013 63  3336 3331 3346 3391 3423 3400 3399 3370
283FORTALEZ2013 71  3372 3400 3392 3349 3360 3366 3366 3384 3402 3388 3374
283FORTALEZ2013 72  3397 3416 3392 3339 3338 3374 3382 3373 3402 3411 3373
283FORTALEZ2013 73  3354 3376 3394 3386 3363 3335 3330 3335 3359
283FORTALEZ2013 81  3359 3360 3378 3384 3400 3405 3414 3422 3410 3397 3406
283FORTALEZ2013 82  3408 3399 3393 3384 3396 3391 3377 3381 3382 3388 3388
283FORTALEZ2013 83  3410 3430 3409 3396 3391 3382 3357 3360 3365
283FORTALEZ2013 91  3363 3376 3397 3380 3394 3423 3386 3372 3372 3360 3369
283FORTALEZ2013 92  3359 3382 3392 3378 3400 3418 3402 3386 3386 3366 3357
283FORTALEZ2013 93  3372 3351 3345 3351 3343 3342 3338 3337
283FORTALEZ2013101  3365 3365 3353 3372 3393 3374 3373 3387 3384 3399 3403
283FORTALEZ2013102  3413 3380 3394 3429 3419 3422 3422 3397 3366 3371 3371
283FORTALEZ2013103  3368 3375 3343 3352 3365 3367 3405 3404 3402
283FORTALEZ2013111  3415 3375 3375 3393 3389 3382 3364 3357 3371 3403 3395
283FORTALEZ2013112  3381 3402 3395 3384 3381 3383 3376 3370 3378 3363 3368
283FORTALEZ2013113  3395 3412 3402 3406 3427 3409 3389 3399
283FORTALEZ2013121  3382 3378 3377 3376 3402 3400 3384 3391 3384 3386 3379
283FORTALEZ2013122  3355 3344 3360 3339 3317 3317 3339 3347 3361 3376 3367
283FORTALEZ2013123  3356 3357 3358 3380 3361 3323 3313 3334 3350
283FORTALEZ2014 11  3352 3351 3346 3344 3335 3346 3377 3367 3347 3333 3330
283FORTALEZ2014 12  3319 3319 3330 3312 3328 3356 3365 3353 3362 3369 3346
283FORTALEZ2014 13  3345 3354 3370 3373 3365 3369 3375 3387 3383
283FORTALEZ2014 21  3378 3371 3377 3362 3338 3320 3319 3327 3329 3338 3345
283FORTALEZ2014 22  3350 3357 3362 3371 3381 3367 3350 3337 3344 3351 3331
283FORTALEZ2014 23  3315 3333 3356 3367 3385 3391
283FORTALEZ2014 31  3376 3361 3359 3363 3350 3329 3312 3297 3306 3327 3334
283FORTALEZ2014 32  3342 3342 3354 3360 3359 3368 3360 3351 3356 3358 3353
283FORTALEZ2014 33  3361 3373 3380 3376 3374 3377 3375 3357 3344
283FORTALEZ2014 41  3360 3353 3328 3319 3309 3293 3292 3319 3322 3328 3341
283FORTALEZ2014 42  3342 3353 3353 3354 3365 3372 3361 3363 3365 3346 3363
283FORTALEZ2014 43  3398 3401 3397 3397 3398 3362 3332 3336
283FORTALEZ2014 51  3348 3352 3356 3363 3362 3375 3389 3382 3398 3389 3364
283FORTALEZ2014 52  3349 3355 3347 3347 3339 3325 3335 3361 3367 3365 3371
283FORTALEZ2014 53  3358 3341 3339 3332 3309 3309 3306 3323 3326
283FORTALEZ2014 61  3315 3324 3354 3360 3347 3364 3371 3351 3338 3342 3332
283FORTALEZ2014 62  3333 3337 3323 3305 3335 3358 3364 3351 3342 3330 3346
283FORTALEZ2014 63  3334 3305 3314 3332 3350 3335 3324 3334
283FORTALEZ2014 71  3340 3367 3387 3371 3377 3379 3356 3357 3357 3356 3354
283FORTALEZ2014 72  3371 3370 3358 3367 3344 3320 3325 3327 3329 3331 3327
283FORTALEZ2014 73  3335 3348 3329 3335 3356 3327 3314 3337 3338
283FORTALEZ2014 81  3351 3356 3342 3356 3347 3321 3343 3374 3357 3365 3387
283FORTALEZ2014 82  3390 3394 3405 3384 3373 3371 3333 3333 3348 3341 3348
283FORTALEZ2014 83  3360 3369 3379 3385 3388 3391 3378 3372 3378
283FORTALEZ2014 91  3376 3372 3365 3387 3357 3347 3394 3392 3362 3365 3388
283FORTALEZ2014 92  3386 3379 3371 3355 3366 3393 3393 3383 3369 3336 3337
283FORTALEZ2014 93  3353 3363 3338 3364 3383 3338 3328 3337
283FORTALEZ2014101  3365 3385 3388 3395 3397 3407 3393 3386 3384 3379 3392
283FORTALEZ2014102  3368 3332 3340 3354 3368 3364 3354 3376 3374 3373 3367
283FORTALEZ2014103  3343 3352 3358 3356 3378 3374 3346 3348 3377
283FORTALEZ2014111  3388 3388 3389 3374 3349 3343 3339 3335 3342 3349 3339
283FORTALEZ2014112  3355 3374 3369 3360 3368 3363 3365 3369 3372 3362 3362
283FORTALEZ2014113  3359 3363 3372 3387 3404 3392 3388 3408
283FORTALEZ2014121  3401 3395 3392 3403 3405 3370 3334 3353 3374 3393 3380
283FORTALEZ2014122  3346 3335 3362 3374 3366 3354 3326 3314 3347 3335 3318
283FORTALEZ2014123  3327 3335 3346 3335 3335 3358 3347 3319 3328
283FORTALEZ2015 11  3326 3305 3316 3312 3296 3304 3317 3317 3323 3319 3309
283FORTALEZ2015 12  3293 3304 3325 3335 3323 3312 3334 3351 3351 3342 3374
283FORTALEZ2015 13  3391 3362 3336 3322 3315 3320 3319 3317 3333
283FORTALEZ2015 21  3351 3352 3337 3312 3336 3334 3335 3341 3306 3306 3344
283FORTALEZ2015 22  3347 3344 3353 3363 3387 3400 3404 3399 3377 3396 9999
283FORTALEZ2015 23  9999 9999 3331 3315 3329 3352
283FORTALEZ2015 31  3354 3336 3326 3334 3344 3352 3344 3333 3338 3355 3359
283FORTALEZ2015 32  3366 3376 3386 3378 3381 3402 3413 3415 3416 3403 3368
283FORTALEZ2015 33  3340 3335 3317 3304 3321 3308 3309 3330 3324
283FORTALEZ2015 41  3331 3338 3346 3377 3391 3372 3351 3332 3334 3318 3306
283FORTALEZ2015 42  3336 3349 3346 3386 3422 3420 3388 3374 3380 3373 3350
283FORTALEZ2015 43  3326 3327 3332 3333 3345 3352 3374 3386
283FORTALEZ2015 51  3372 3368 3362 3363 3378 3369 3366 3385 3398 3390 3400
283FORTALEZ2015 52  3389 3371 3380 3387 3381 3378 3370 3371 3357 3349 3371
283FORTALEZ2015 53  3377 3386 3415 3424 3423 3407 3405 3382 3359
283FORTALEZ2015 61  3375 3361 3353 3368 3368 3353 3346 3318 3334 3379 3369
283FORTALEZ2015 62  3359 3366 3362 3334 3316 3334 3351 3343 3356 3340 3335
283FORTALEZ2015 63  3366 3366 3354 3341 3342 3349 3363 3375
283FORTALEZ2015 71  3370 3382 3408 3395 3384 3396 3397 3386 3369 3373 3361
283FORTALEZ2015 72  3340 3336 3357 3384 3377 3353 3364 3374 3380 3403 3430
283FORTALEZ2015 73  3416 3390 3368 3364 3355 3356 3382 3365 3361
283FORTALEZ2015 81  3372 3355 3366 3405 3406 3397 3412 3410 3416 3406 3409
283FORTALEZ2015 82  3413 3399 3379 3372 3383 3414 3424 3422 3419 3388 3361
283FORTALEZ2015 83  3377 3417 3410 3387 3376 3372 3377 3410 3438
283FORTALEZ2015 91  3430 3428 3399 3380 3366 3364 3382 3372 3380 3363 3368
283FORTALEZ2015 92  3387 3367 3387 3379 3370 3377 3371 3358 3364 3348 3354
283FORTALEZ2015 93  3366 3388 3393 3398 3382 3394 3391 3377
283FORTALEZ2015101  3391 3384 3356 3369 3353 3339 3362 3374 3378 3362 3363
283FORTALEZ2015102  3372 3367 3351 3361 3380 3368 3361 3366 3372 3378 3414
283FORTALEZ2015103  3425 3405 3390 3376 3379 3372 3367 3348 3332
283FORTALEZ2015111  3348 3360 3344 3329 3351 3363 3329 3341 3354 3334 3317
283FORTALEZ2015112  3325 3326 3321 3329 3355 3364 3372 3369 3360 3343 3344
283FORTALEZ2015113  3363 3359 3351 3338 3318 3301 3306 3323
283FORTALEZ2015121  3325 3331 3335 3329 3329 3323 3310 3315 3327 3319 3316
283FORTALEZ2015122  3314 3317 3346 3349 3342 3360 3366 3359 3368 3362 3360
283FORTALEZ2015123  3340 3313 3300 3309 3303 3306 3331 3317 3295
283FORTALEZ2016 11  3299 3306 3308 3306 3311 3291 3285 3291 3290 3306 3329
283FORTALEZ2016 12  3361 3362 3347 3335 3329 3326 3339 3341 3326 3305 3281
283FORTALEZ2016 13  3285 3302 3322 3337 3327 3346 3351 3355 3363
283FORTALEZ2016 21  3346 3334 3362 3345 3319 3332 3353 3351 3356 3377 3369
283FORTALEZ2016 22  3374 3360 3345 3353 3361 3374 3377 3355 3338 3357 3380
283FORTALEZ2016 23  3362 3337 3354 3372 3355 3357 3355
283FORTALEZ2016 31  3352 3346 3358 3345 3351 3382 3373 3376 3411 3409 3370
283FORTALEZ2016 32  3344 3347 3351 3345 3355 3340 3328 3333 3343 3356 3339
283FORTALEZ2016 33  3326 3338 3348 3350 3363 3359 3330 3303 3306
283FORTALEZ2016 41  3316 3332 3354 3371 3372 3393 3402 3399 3381 3369 3369
283FORTALEZ2016 42  3362 3346 3325 3325 3339 3343 3353 3378 3410 3408 3416
283FORTALEZ2016 43  3412 3409 3425 3428 3430 3412 3400 3388
283FORTALEZ2016 51  3389 3398 3389 3376 3383 3390 3366 3380 3399 3376 3357
283FORTALEZ2016 52  3344 3358 3349 3335 3348 3367 3361 3335 3337 3328 3321
283FORTALEZ2016 53  3334 3340 3324 3308 3321 3339 3326 3327 3360
283FORTALEZ2016 61  3388 3372 3362 3371 3350 3332 3324 3323 3297 3296 3309
283FORTALEZ2016 62  3313 3303 3313 3350 3356 3322 3328 3351 3338 3366 3388
283FORTALEZ2016 63  3370 3402 3426 3412 3381 3359 3368 3368
283FORTALEZ2016 71  3340 3359 3378 3348 3334 3330 3317 3333 3350 3336 3356
283FORTALEZ2016 72  3369 3346 3357 3351 3327 3352 3352 3331 3346 3366 3379
283FORTALEZ2016 73  3395 3404 3412 3415 3415 3396 3381 3372 3359
283FORTALEZ2016 81  3373 3381 3378 3366 3350 3361 3368 3365 3366 3339 3337
283FORTALEZ2016 82  3336 3313 3319 3307 3331 3367 3365 3364 3398 3391 3367
283FORTALEZ2016 83  3380 3363 3353 3381 3376 3338 3329 3356 3365
283FORTALEZ2016 91  3371 3392 3412 3386 3367 3381 3354 3330 3369 3358 3332
283FORTALEZ2016 92  3336 3375 3384 3373 3385 3399 3394 3384 3383 3359 3345
283FORTALEZ2016 93  3360 3348 3324 3350 3362 3358 3382 3387
283FORTALEZ2016101  3366 3352 3362 3375 3371 3370 3361 3357 3354 3346 3356
283FORTALEZ2016102  3382 3377 3365 3379 3374 3354 3378 3380 3360 3337 3368
283FORTALEZ2016103  3385 3358 3370 3380 3376 3369 3382 3368 3350
283FORTALEZ2016111  3367 3364 3355 3354 3362 3353 3366 3397 3383 3386 3409
283FORTALEZ2016112  3410 3410 3398 3388 3380 3376 3383 3388 3389 3364 3347
283FORTALEZ2016113  3363 3364 3342 3373 3380 3339 3341 3378
283FORTALEZ2016121  3361 3347 3353 3354 3354 3358 3362 3368 3373 3388 3373
283FORTALEZ2016122  3351 3349 3337 3329 3349 3346 3344 3348 3333 3348 3342
283FORTALEZ2016123  3335 3346 3346 3328 3328 3313 3316 3338 3356
283FORTALEZ2017 11  3358 3360 3343 3357 3346 3351 3367 3364 3361 3327 3338
283FORTALEZ2017 12  3361 3363 3357 3360 3345 3336 3352 3369 3349 3329 3348
283FORTALEZ2017 13  3340 3336 3341 3345 3342 3337 3359 3356 3371
283FORTALEZ2017 21  3398 3385 3360 3359 3353 3331 3339 3355 3350 3360 3359
283FORTALEZ2017 22  3339 3329 3323 3335 3326 3328 3327 3325 3332 3358 3374
283FORTALEZ2017 23  3372 3373 3384 3393 3390 3393
283FORTALEZ2017 31  3387 3362 3350 3355 3369 3381 3387 3393 3381 3375 3388
283FORTALEZ2017 32  3398 3386 3390 3377 3361 3366 3369 3354 3347 3336 3316
283FORTALEZ2017 33  3319 3338 3366 3380 3407 3399 3381 3383 3371
283FORTALEZ2017 41  3348 3346 3365 3384 3385 3378 3404 3419 3416 3406 3383
283FORTALEZ2017 42  3372 3370 3385 3397 3389 3373 3378 3383 3387 3385 3412
283FORTALEZ2017 43  3408 3396 3401 3396 3404 3379 3355 3365
283FORTALEZ2017 51  3366 3377 3390 3371 3371 3377 3384 3400 3390 3372 3360
283FORTALEZ2017 52  3352 3341 3334 3347 3364 3375 3369 3369 3381 3392 3389
283FORTALEZ2017 53  3381 3383 3363 3346 3352 3368 3358 3367 3367
283FORTALEZ2017 61  3349 3347 3332 3338 3334 3336 3347 3338 3343 3349 3348
283FORTALEZ2017 62  3343 3370 3391 3379 3390 3391 3384 3410 3427 3421 3397
283FORTALEZ2017 63  3404 3405 3395 3407 3420 3419 3401 3403
283FORTALEZ2017 71  3406 3389 3365 3354 3361 3375 3365 3351 3348 3388 3417
283FORTALEZ2017 72  3407 3395 3384 3386 3397 3410 3389 3380 3361 3318 3306
283FORTALEZ2017 73  3324 3344 3363 3346 3358 3373 3337 3331 3351
283FORTALEZ2017 81  3361 3366 3377 3370 3381 3359 3350 3361 3382 3380 3372
283FORTALEZ2017 82  3393 3386 3383 3412 3402 3382 3396 3396 3375 3371 3388
283FORTALEZ2017 83  3397 3397 3399 3374 3369 3382 3378 3370 3383
283FORTALEZ2017 91  3407 3389 3372 3388 3411 3405 3408 3398 3399 3427 3423
283FORTALEZ2017 92  3396 3403 3404 3394 3404 3412 3413 3404 3396 3381 3368
283FORTALEZ2017 93  3383 3373 3352 3364 3384 3365 3342 3342
283FORTALEZ2017101  3370 3405 3383 3352 3374 3391 3405 3418 3401 3394 3376
283FORTALEZ2017102  3369 3383 3360 3374 3395 3388 3375 3349 3327 3321 3355
283FORTALEZ2017103  3354 3362 3377 3363 3346 3342 3378 3371 3367
283FORTALEZ2017111  3384 3371 3371 3369 3388 3403 3367 3387 3380 3376 3391
283FORTALEZ2017112  3387 3382 3368 3378 3393 3385 3368 3366 3358 3371 3424
283FORTALEZ2017113  3407 3378 3386 3381 3385 3412 3414 3388
283FORTALEZ2017121  3401 3399 3378 3372 3380 3384 3387 3397 3377 3381 3382
283FORTALEZ2017122  3382 3365 3345 3329 3305 3311 3348 3353 3337 3362 3374
283FORTALEZ2017123  3357 3373 3404 3398 3390 3391 3360 3353 3367
283FORTALEZ2018 11  3363 3344 3342 3331 3344 3363 3355 3341 3341 3328 3312
283FORTALEZ2018 12  3297 3290 3309 3328 3344 3364 3365 3364 3360 3368 3386
283FORTALEZ2018 13  3409 3395 3371 3354 3347 3339 3353 3360 3372
283FORTALEZ2018 21  3378 3379 3404 3405 3374 3368 3366 3356 3363 3349 3310
283FORTALEZ2018 22  3307 3322 3332 3328 3349 3344 3332 3346 3379 3369 3346
283FORTALEZ2018 23  3325 3317 3335 3330 3336 3356
283FORTALEZ2018 31  3353 3347 3349 3364 3373 3375 3360 3356 3337 3304 3304
283FORTALEZ2018 32  3311 3318 3338 3350 3351 3370 3390 3411 3422 3408 3397
283FORTALEZ2018 33  3405 3407 3402 3392 3377 3379 3389 3421 3428
283FORTALEZ2018 41  3437 3433 3414 3432 3416 3405 3393 3367 3365 3361 3363
283FORTALEZ2018 42  3370 3367 3372 3371 3349 3331 3348 3362 3367 3350 3349
283FORTALEZ2018 43  3368 3387 3385 3365 3355 3373 3391 3367
283FORTALEZ2018 51  3357 3373 3360 3339 3345 3350 3354 3353 3344 3360 3368
283FORTALEZ2018 52  3364 3381 3394 3386 3376 3367 3353 3355 3357 3352 3362
283FORTALEZ2018 53  3374 3364 3338 3345 3352 3332 3342 3357 3365
283FORTALEZ2018 61  3367 3342 3343 3345 3331 3341 3343 3329 3329 3328 3323
283FORTALEZ2018 62  3315 3290 3307 3330 3320 3320 3337 3355 3357 3369 3370
283FORTALEZ2018 63  3366 3372 3373 3370 3394 3388 3364 3363
283FORTALEZ2018 71  3386 3389 3373 3385 3407 3390 3382 3397 3384 3357 3359
283FORTALEZ2018 72  3342 3329 3342 3376 3387 3393 3396 3367 3351 3366 3373
283FORTALEZ2018 73  3366 3350 3348 3361 3350 3343 3337 3355 3377
283FORTALEZ2018 81  3391 3395 3391 3381 3393 3379 3361 3347 3337 3348 3353
283FORTALEZ2018 82  3358 3377 3385 3383 3384 3373 3363 3368 3371 9999 9999
283FORTALEZ2018 83  3368 3404 3429 3388 3385 3397 3388 3394 3414
283FORTALEZ2018 91  3410 3390 3397 3396 3405 3405 3409 3419 3415 3422 3420
283FORTALEZ2018 92  3397 3382 3402 3399 3395 3379 3363 3361 3353 3358 3368
283FORTALEZ2018 93  3381 3384 3378 3397 3405 3389 3362 3337
283FORTALEZ2018101  3335 3351 3367 3379 3369 3371 3401 3409 3393 3386 3373
283FORTALEZ2018102  3357 3359 3334 3338 3371 3368 3364 3378 3401 3383 3361
283FORTALEZ2018103  3377 3388 3381 3390 3405 3380 3340 3365 3390
283FORTALEZ2018111  3365 3402 3406 3394 3437 3448 3416 3379 3362 3361 3371
283FORTALEZ2018112  3374 3365 3355 3341 3361 3389 3401 3388 3390 3401 3381
283FORTALEZ2018113  3414 3420 3393 3384 3394 3390 3372 3398
283FORTALEZ2018121  3412 3419 3400 3369 3365 3348 3329 3338 3332 3307 3310
283FORTALEZ2018122  3328 3331 3361 3357 3337 3364 3377 3358 3338 3366 3380
283FORTALEZ2018123  3345 3339 3352 3363 3377 3376 3376 3360 3353
283FORTALEZ2019 11  3336 3310 3298 3317 3342 3337 3334 3319 3321 3355 3383
283FORTALEZ2019 12  3372 3354 3327 3326 3363 3363 3339 3344 3347 3342 3340
283FORTALEZ2019 13  3363 3386 3385 3381 3379 3357 3339 3334 3354
283FORTALEZ2019 21  3360 3352 3338 3348 3351 3270 3017 2961 2953 2956 2970
283FORTALEZ2019 22  2949 2883 3260 3683 3671 3684 3699 3693 3708 3732 3732
283FORTALEZ2019 23  3709 3703 3714 3690 3691 3628
283FORTALEZ2019 31  3395 3325 3328 3340 3354 3373 3366 3366 3382 3380 3369
283FORTALEZ2019 32  3383 3375 3356 3359 3338 3333 3350 3366 3389 3395 3401
283FORTALEZ2019 33  3397 3353 3339 3344 3335 3315 3321 3356 3360
283FORTALEZ2019 41  3356 3369 3414 3417 3393 3390 3380 3393 3408 3410 3382
283FORTALEZ2019 42  3362 3373 3394 3412 3395 3385 3407 3409 3391 3370 3376
283FORTALEZ2019 43  3385 3363 3347 3348 3360 3373 3370 3366
283FORTALEZ2019 51  3372 3372 3378 3378 3375 3393 3392 3398 3388 3387 3410
283FORTALEZ2019 52  3429 3454 3451 3443 3430 3407 3391 3392 3391 3388 3380
283FORTALEZ2019 53  3379 3367 3368 3400 3430 3436 3427 3433 3435
283FORTALEZ2019 61  3414 3388 3379 3400 3423 3401 3388 3405 3419 3424 3426
283FORTALEZ2019 62  3436 3435 3409 3389 3380 3354 3329 3341 3347 3349 3371
283FORTALEZ2019 63  3408 3426 3402 3383 3392 3375 3379 3399
283FORTALEZ2019 71  3404 3387 3408 3420 3398 3400 3407 3391 3379 3378 3371
283FORTALEZ2019 72  3371 3382 3377 3391 3392 3413 3424 3395 3393 3429 3423
283FORTALEZ2019 73  3383 3406 3411 3396 3400 3399 3379 3386 3378
283FORTALEZ2019 81  3360 3393 3393 3400 3388 3339 3361 3383 3336 3304 3345
283FORTALEZ2019 82  3347 3356 3381 3373 3376 3381 3380 3388 3386 3372 3377
283FORTALEZ2019 83  3378 3373 3369 3366 3382 3384 3392 3420 3440
283FORTALEZ2019 91  3462 3439 3416 3412 3382 3355 3359 3343 3346 3364 3358
283FORTALEZ2019 92  3357 3354 3389 3403 3398 3386 3378 3370 3366 3360 3367
283FORTALEZ2019 93  3381 3394 3397 3419 3442 3445 3428 3410
283FORTALEZ2019101  3411 3419 3402 3395 3405 3397 3374 3388 3404 3403 3398
283FORTALEZ2019102  3408 3396 3412 3418 3398 3372 3362 3364 3379 3371 3361
283FORTALEZ2019103  3352 3371 3395 3381 3394 3401 3380 3379 3373
283FORTALEZ2019111  3359 3338 3333 3364 3389 3392 3387 3397 3410 3405 3395
283FORTALEZ2019112  3401 3410 3411 3387 3366 3391 3407 3413 3410 3408 3414
283FORTALEZ2019113  3406 3402 3400 3386 3380 3356 3349 3377
283FORTALEZ2019121  3366 3381 3382 3360 3393 3394 3347 3340 3371 3378 3344
283FORTALEZ2019122  3344 3352 3364 3355 3342 3361 3362 3360 3358 3384 3396
283FORTALEZ2019123  3382 3357 3346 3345 3367 3365 3364 3390 3371
283FORTALEZ2020 11  3344 3356 3378 3375 3342 3327 3316 3332 3336 3327 3330
283FORTALEZ2020 12  3337 3368 3360 3364 3385 3389 3380 3379 3383 3381 3357
283FORTALEZ2020 13  3360 3365 3371 3386 3375 3378 3373 3375 3389
283FORTALEZ2020 21  3377 3336 3325 3356 3361 3349 3362 3373 3364 3385 3432
283FORTALEZ2020 22  3423 3389 3374 3373 3338 3358 3376 3354 3345 3351 3370
283FORTALEZ2020 23  3381 3393 3406 3409 3388 3384 3380
283FORTALEZ2020 31  3374 3376 3368 3358 3378 3410 3396 3381 3415 3432 3426
283FORTALEZ2020 32  3432 3429 3401 3397 3394 3400 3409 3399 3380 3356 3351
283FORTALEZ2020 33  3369 3367 3363 3356 3385 3423 3423 3403 3405
283FORTALEZ2020 41  3414 3420 3420 3420 3423 9999 9999 9999 9999 9999 9999
283FORTALEZ2020 42  9999 9999 9999 9999 9999 9999 9999 9999 9999 9999 9999
283FORTALEZ2020 43  9999 9999 9999 9999 9999 9999 9999 9999
283FORTALEZ2020 51  9999 9999 9999 9999 3423 9999 9999 3381 9999 9999 9999
283FORTALEZ2020 52  9999 9999 9999 9999 9999 9999 3365 3350 3371 3400 3407
283FORTALEZ2020 53  3378 3342 9999 9999 9999 9999 9999 9999 9999
283FORTALEZ2020 61  9999 9999 9999 9999 9999 9999 9999 9999 9999 9999 9999
283FORTALEZ2020 62  9999 9999 9999 9999 9999 9999 9999 9999 9999 9999 9999
283FORTALEZ2020 63  9999 9999 9999 9999 9999 9999 9999 9999
283FORTALEZ2020 71  9999 9999 9999 9999 9999 9999 9999 9999 9999 9999 9999
283FORTALEZ2020 72  9999 9999 9999 9999 9999 9999 9999 9999 9999 9999 9999
283FORTALEZ2020 73  9999 9999 9999 9999 9999 9999 9999 9999 9999
283FORTALEZ2020 81  9999 9999 9999 9999 9999 9999 9999 9999 9999 9999 9999
283FORTALEZ2020 82  9999 9999 9999 9999 9999 9999 9999 9999 9999 9999 9999
283FORTALEZ2020 83  9999 9999 9999 9999 9999 9999 9999 9999 9999
283FORTALEZ2020 91  9999 9999 9999 9999 9999 9999 9999 9999 9999 9999 9999
283FORTALEZ2020 92  9999 9999 9999 9999 9999 9999 9999 9999 9999 9999 9999
283FORTALEZ2020 93  9999 9999 9999 9999 9999 9999 9999 9999
283FORTALEZ2020101  9999 9999 9999 9999 9999 9999 9999 9999 9999 9999 9999
283FORTALEZ2020102  9999 9999 9999 9999 9999 9999 9999 9999 9999 9999 9999
283FORTALEZ2020103  9999 9999 9999 9999 9999 9999 9999 9999 9999
283FORTALEZ2020111  9999 9999 9999 9999 9999 9999 9999 9999 9999 9999 9999
283FORTALEZ2020112  9999 9999 9999 9999 9999 9999 9999 9999 9999 9999 9999
283FORTALEZ2020113  9999 9999 9999 9999 9999 9999 9999 9999
283FORTALEZ2020121  9999 9999 9999 9999 9999 9999 9999 9999 9999 9999 9999
283FORTALEZ2020122  9999 9999 9999 9999 9999 9999 9999 9999 9999 9999 9999
283FORTALEZ2020123  9999 9999 9999 9999 9999 9999 9999 9999 9999
283FORTALEZ2021 11  9999 9999 9999 9999 9999 9999 9999 9999 9999 9999 9999
283FORTALEZ2021 12  9999 9999 9999 9999 9999 9999 9999 9999 9999 9999 9999
283FORTALEZ2021 13  9999 9999 9999 9999 9999 9999 9999 9999 9999
283FORTALEZ2021 21  9999 9999 9999 9999 9999 9999 9999 9999 9999 9999 9999
283FORTALEZ2021 22  9999 9999 9999 9999 9999 9999 9999 9999 9999 9999 9999
283FORTALEZ2021 23  9999 9999 9999 9999 9999 9999
283FORTALEZ2021 31  9999 9999 9999 9999 9999 9999 9999 9999 9999 9999 9999
283FORTALEZ2021 32  9999 9999 9999 9999 9999 9999 9999 9999 9999 9999 9999
283FORTALEZ2021 33  9999 9999 9999 9999 9999 9999 9999 9999 9999
283FORTALEZ2021 41  9999 9999 9999 9999 9999 9999 9999 9999 9999 9999 9999
283FORTALEZ2021 42  9999 9999 9999 9999 9999 9999 9999 9999 9999 9999 9999
283FORTALEZ2021 43  9999 9999 9999 9999 9999 9999 9999 9999
283FORTALEZ2021 51  9999 9999 9999 9999 9999 9999 9999 9999 9999 9999 9999
283FORTALEZ2021 52  9999 9999 9999 9999 9999 9999 9999 9999 9999 9999 9999
283FORTALEZ2021 53  9999 9999 9999 9999 9999 9999 9999 9999 9999
283FORTALEZ2021 61  9999 9999 9999 9999 9999 9999 9999 9999 9999 9999 9999
283FORTALEZ2021 62  9999 9999 9999 9999 9999 9999 9999 9999 9999 9999 9999
283FORTALEZ2021 63  9999 9999 9999 9999 9999 9999 9999 9999
