286PUERTO D      LAT=47 45.0S  LONG=065 55.0W
286PUERTO D2010 31  9999 9999 9999 9999 9999 9999 9999 9999 9999 9999 9999
286PUERTO D2010 32  9999 9999 9999 9999 9999 9999 3218 3013 3042 3299 3333
286PUERTO D2010 33  3403 3176 3048 3167 3070 3064 3116 3078 3206
286PUERTO D2010 41  3307 3393 3106 2935 3128 3207 3140 3076 3209 3220 3243
286PUERTO D2010 42  3267 3096 3109 3274 3352 3371 3389 3424 3380 3274 3109
286PUERTO D2010 43  3070 3130 3181 3194 3302 3256 3211 3381
286PUERTO D2010 51  3381 3316 3227 3174 3257 3291 3187 3076 2981 2919 3103
286PUERTO D2010 52  3123 3212 3381 3069 3044 3191 3202 3204 3058 3036 3110
286PUERTO D2010 53  3040 3177 3284 3049 2837 3261 3344 3311 3108
286PUERTO D2010 61  3071 3149 3202 3105 3113 3455 3369 2993 2740 2920 3083
286PUERTO D2010 62  3124 3167 3313 3260 3041 3100 3335 3361 3196 3040 3088
286PUERTO D2010 63  3288 3377 3281 3091 3162 3246 3223 3254
286PUERTO D2010 71  3316 3099 3109 3322 3310 3082 2975 3100 3194 3349 3381
286PUERTO D2010 72  3256 3205 2970 2772 2849 2944 2843 3100 3228 3062 3130
286PUERTO D2010 73  3173 3020 2958 3085 3224 3259 3240 3166 3291
286PUERTO D2010 81  3130 2907 2748 2875 2930 3017 3162 3115 3141 3189 3284
286PUERTO D2010 82  3249 2908 3011 2990 3050 3197 3137 3012 2987 3201 3178
286PUERTO D2010 83  3202 3235 3209 3221 3235 3330 3174 3085 3297
286PUERTO D2010 91  3018 2994 3130 3152 3297 3303 2959 2921 2924 2955 3021
286PUERTO D2010 92  3016 3001 3084 3135 3101 3103 3103 3181 3181 3262 3183
286PUERTO D2010 93  3033 3104 3180 3110 2933 3000 3081 2997
286PUERTO D2010101  3028 3163 3180 3102 2971 2931 2954 2926 2934 3169 3203
286PUERTO D2010102  3148 3258 3099 3017 3002 2804 2901 3049 3277 3139 3118
286PUERTO D2010103  3204 3176 3136 3064 2937 3041 3160 3188 3118
286PUERTO D2010111  3078 3019 3031 3097 3026 3217 3396 3277 3243 3070 2999
286PUERTO D2010112  3057 3058 2971 2871 2928 3080 3159 3233 3164 3083 3090
286PUERTO D2010113  3283 3226 3223 3218 3056 3022 3245 3152
286PUERTO D2010121  3310 3385 3244 3352 3185 3182 3282 3258 3334 3413 3189
286PUERTO D2010122  3217 3580 3594 3198 3279 3278 3136 3206 3277 3260 3213
286PUERTO D2010123  3223 3226 3263 3225 3233 3161 3144 3156 3225
286PUERTO D2011 11  3193 3206 3207 3188 3054 3019 3222 3176 3053 3220 3224
286PUERTO D2011 12  3213 3358 3337 3230 3345 3304 3233 3286 3212 3174 3195
286PUERTO D2011 13  3204 3225 3235 3271 3266 3192 3122 3258 3270
286PUERTO D2011 21  3208 3258 3316 3328 3280 3163 3163 3136 3130 3159 3237
286PUERTO D2011 22  3261 3210 3150 3295 3283 3080 2931 2978 2996 3180 3188
286PUERTO D2011 23  3109 2974 3092 3246 3115 3159
286PUERTO D2011 31  3162 3225 3125 3148 3208 3279 3266 3206 3245 3257 3317
286PUERTO D2011 32  3294 3216 3081 3053 3113 3219 3184 3190 3183 3168 3277
286PUERTO D2011 33  3238 3152 3177 3291 3329 3226 3245 3232 3241
286PUERTO D2011 41  3306 3192 3393 3424 3332 3244 3314 3194 3224 3345 3333
286PUERTO D2011 42  3237 3359 3281 3104 3050 3091 3204 3233 3200 3126 3284
286PUERTO D2011 43  3324 3415 3287 3211 3292 3136 3096 3226
286PUERTO D2011 51  3171 3212 3250 3429 3686 3421 3429 3349 3175 3247 3199
286PUERTO D2011 52  3056 3048 3027 3004 3078 3084 3174 3250 3194 3294 3205
286PUERTO D2011 53  3106 3341 3198 2964 9999 9999 9999 9999 9999
286PUERTO D2011 61  9999 3454 3145 3043 3200 3174 3166 3205 3132 3077 3181
286PUERTO D2011 62  3204 3121 3245 3285 3240 3152 3061 3217 3119 3104 3182
286PUERTO D2011 63  3293 3276 3041 3160 3366 3276 3435 3492
286PUERTO D2011 71  3387 3201 2981 3124 3010 3016 3093 9999 9999 9999 3115
286PUERTO D2011 72  3186 9999 9999 9999 3207 9999 9999 9999 9999 9999 9999
286PUERTO D2011 73  9999 9999 9999 9999 3122 3179 3020 3055 2980
286PUERTO D2011 81  3057 3173 2976 2920 3266 3229 2952 2789 2738 3009 3201
286PUERTO D2011 82  3300 3146 3036 3101 3081 3042 3130 3369 3097 2864 2915
286PUERTO D2011 83  3025 3120 3070 2976 3055 3083 3131 3043 2793
286PUERTO D2011 91  2626 9999 9999 9999 9999 9999 9999 9999 9999 9999 9999
286PUERTO D2011 92  9999 9999 9999 9999 9999 9999 9999 9999 9999 9999 9999
286PUERTO D2011 93  9999 9999 9999 9999 9999 9999 9999 9999
286PUERTO D2011101  9999 9999 9999 9999 9999 9999 9999 9999 9999 9999 9999
286PUERTO D2011102  9999 9999 9999 9999 9999 9999 3094 9999 9999 9999 9999
286PUERTO D2011103  9999 9999 9999 9999 9999 3162 9999 9999 9999
286PUERTO D2011111  9999 3177 9999 9999 9999 9999 9999 9999 3192 3144 3130
286PUERTO D2011112  3169 3254 3244 3163 3157 3137 3134 3160 3184 3250 3188
286PUERTO D2011113  3177 3186 3182 3154 3169 3205 3111 3113
286PUERTO D2011121  3150 3140 3131 3060 3047 3020 3095 3123 3212 3300 3230
286PUERTO D2011122  3147 3133 3149 3050 3024 3144 3157 3126 3202 3294 3310
286PUERTO D2011123  3208 3178 3221 3151 3072 3138 3209 3276 3309
286PUERTO D2012 11  3233 3166 3205 3181 3341 3183 3121 3267 3240 3268 3256
286PUERTO D2012 12  3139 3185 3303 3287 3151 3175 3208 3243 3154 3118 3153
286PUERTO D2012 13  3284 3202 3083 3170 3253 3257 3255 3317 3372
286PUERTO D2012 21  3339 3256 3301 3410 3377 3364 3306 3273 3091 3240 3318
286PUERTO D2012 22  3395 3262 3263 3271 3258 3272 3281 3260 3258 3141 3138
286PUERTO D2012 23  3224 3143 3002 2962 3116 3182 3043
286PUERTO D2012 31  2978 3122 3220 3256 3234 3176 3217 3129 3156 3194 3094
286PUERTO D2012 32  3112 3072 2941 3059 3243 3335 3236 3247 3268 3425 3247
286PUERTO D2012 33  3217 3267 3339 3107 2964 3216 3282 3273 3219
286PUERTO D2012 41  3162 3108 3165 3311 3397 3496 3331 3162 3168 3148 3097
286PUERTO D2012 42  3170 3252 3222 3183 3220 3237 3268 3356 3508 3285 3037
286PUERTO D2012 43  2947 3098 3117 3028 3043 3003 2927 2942
286PUERTO D2012 51  3081 3289 3275 3224 3053 3071 3273 3179 3156 3266 3248
286PUERTO D2012 52  3079 3160 3217 3133 3164 3165 3063 2991 3195 3193 3267
286PUERTO D2012 53  3269 3254 3245 3088 3199 3425 3335 3152 3209
286PUERTO D2012 61  3116 3103 3095 3185 3532 3353 3511 3256 3251 3362 3234
286PUERTO D2012 62  3248 3260 3253 3186 2992 3066 3243 3313 3180 3216 3319
286PUERTO D2012 63  3387 3185 3050 3311 3387 3202 3240 3235
286PUERTO D2012 71  3473 3288 3074 3254 3253 3032 2958 3122 3098 3087 3159
286PUERTO D2012 72  3210 3327 2999 2873 3059 2925 2967 3189 3218 3144 3026
286PUERTO D2012 73  3161 3065 3301 3372 3189 3276 3268 3022 3055
286PUERTO D2012 81  3121 3063 3032 3103 3116 3092 3089 3128 3204 3163 3076
286PUERTO D2012 82  3241 3192 3254 3221 2853 2836 2996 3147 3083 3087 3219
286PUERTO D2012 83  3121 3061 2889 2753 2811 3040 3118 3050 3114
286PUERTO D2012 91  3165 3003 2907 3035 3005 3180 3215 3126 3081 3161 3125
286PUERTO D2012 92  3124 3081 3094 3147 3148 3033 2899 2986 3251 3231 3139
286PUERTO D2012 93  3290 3148 2875 2871 2991 2999 2957 3050
286PUERTO D2012101  3051 3016 2983 3071 3141 3133 3074 3222 3308 3047 3067
286PUERTO D2012102  3099 3048 3060 3048 3043 3099 3162 3225 3205 3075 3058
286PUERTO D2012103  3124 3126 3199 3248 3120 3148 3168 3124 3231
286PUERTO D2012111  3232 3188 3155 3228 3201 3168 3191 3225 3322 3079 3048
286PUERTO D2012112  3073 3139 3175 3142 3016 3068 3177 3150 3051 3078 3185
286PUERTO D2012113  3246 3203 3159 3217 3465 3215 3099 3146
286PUERTO D2012121  3155 3326 3348 3147 3134 3279 3319 3359 3276 3278 3363
286PUERTO D2012122  3394 3283 3271 3250 3256 3235 3170 3223 3275 3256 3222
286PUERTO D2012123  3170 3210 3304 3220 3083 3125 3283 3324 3170
286PUERTO D2013 11  3014 3066 3151 3104 3135 3301 3375 3338 3211 3160 3230
286PUERTO D2013 12  3228 3135 3079 3171 3219 3086 3032 2995 3022 3154 3230
286PUERTO D2013 13  3250 3287 3277 3229 3161 3176 3175 3210 3246
286PUERTO D2013 21  3407 3345 3176 3347 3249 3281 3234 3190 3229 3179 3278
286PUERTO D2013 22  3483 3321 3221 3321 3388 3366 3274 3374 3293 3150 3120
286PUERTO D2013 23  3165 3062 2980 3021 3028 3013
286PUERTO D2013 31  3077 3046 3039 3067 3150 3364 3352 3158 3210 3209 3196
286PUERTO D2013 32  3220 3094 2940 2904 2976 2987 3006 3074 3226 3201 3220
286PUERTO D2013 33  3246 3227 3195 3143 3137 3190 3203 3249 3172
286PUERTO D2013 41  3137 3171 3082 3265 3338 3307 3341 3258 3196 3286 3343
286PUERTO D2013 42  3277 3248 3260 3167 3123 3223 3254 3319 3264 3239 3243
286PUERTO D2013 43  3072 3109 3173 3242 3259 3159 3201 3207
286PUERTO D2013 51  3209 3209 3261 3310 3220 3300 3385 3442 3308 3357 3280
286PUERTO D2013 52  3274 3502 3534 3318 3074 3115 3125 3015 3054 3128 3082
286PUERTO D2013 53  3312 3382 3262 3258 3211 3263 3229 3251 3367
286PUERTO D2013 61  3405 3228 3203 3307 3219 3144 3396 3337 3271 9999 9999
286PUERTO D2013 62  9999 9999 9999 9999 9999 9999 9999 9999 9999 9999 9999
286PUERTO D2013 63  9999 9999 9999 9999 9999 9999 9999 9999
286PUERTO D2013 71  9999 9999 9999 9999 9999 9999 9999 9999 9999 9999 9999
286PUERTO D2013 72  9999 9999 9999 9999 9999 9999 9999 9999 9999 9999 9999
286PUERTO D2013 73  9999 9999 9999 9999 9999 9999 9999 9999 9999
286PUERTO D2013 81  9999 9999 9999 9999 9999 9999 9999 9999 9999 9999 9999
286PUERTO D2013 82  9999 9999 9999 9999 9999 9999 9999 9999 9999 9999 9999
286PUERTO D2013 83  9999 9999 9999 9999 9999 9999 9999 9999 9999
286PUERTO D2013 91  9999 9999 9999 9999 9999 9999 9999 9999 9999 9999 9999
286PUERTO D2013 92  9999 9999 9999 9999 9999 9999 9999 9999 9999 9999 9999
286PUERTO D2013 93  9999 9999 9999 9999 9999 9999 9999 9999
286PUERTO D2013101  9999 9999 9999 9999 9999 9999 9999 9999 9999 9999 9999
286PUERTO D2013102  9999 9999 9999 9999 9999 9999 9999 9999 9999 9999 9999
286PUERTO D2013103  9999 9999 9999 9999 9999 9999 9999 9999 3184
286PUERTO D2013111  3118 3031 3055 3101 3205 3235 3291 3221 3099 3105 3229
286PUERTO D2013112  3252 3209 3187 3180 3183 3227 3177 3140 3218 3077 3059
286PUERTO D2013113  3175 3291 3140 2990 3175 3467 3323 3062
286PUERTO D2013121  3172 3191 3215 3556 3344 3188 3218 3095 2975 3014 3098
286PUERTO D2013122  3184 3203 3261 3308 3226 3223 3213 3155 3080 3100 3142
286PUERTO D2013123  3200 3199 3242 3372 3351 3309 3294 3237 3258
286PUERTO D2014 11  3358 3506 3471 3136 3142 3258 3230 3270 3337 3306 3100
286PUERTO D2014 12  3128 3216 3245 3328 3279 3235 3229 3193 3282 3364 3332
286PUERTO D2014 13  3222 3099 3156 3273 3283 3224 3190 3319 3304
286PUERTO D2014 21  3216 3275 3232 3196 3305 3298 3318 3256 3253 3250 3258
286PUERTO D2014 22  3177 3078 2965 3062 3116 3113 3172 3106 3036 3135 3295
286PUERTO D2014 23  3355 3033 2847 3022 3156 3145
286PUERTO D2014 31  3029 3068 3096 3198 3182 3198 3153 3116 3296 3322 3352
286PUERTO D2014 32  3248 3142 3307 3318 3196 3125 3119 3077 3425 3467 3191
286PUERTO D2014 33  3358 3155 3048 3093 3233 3223 3164 3353 3340
286PUERTO D2014 41  3098 3030 3108 3086 3013 3021 3088 3123 3159 3279 3396
286PUERTO D2014 42  3181 3062 3182 3179 3300 3262 3394 3410 3315 3142 3100
286PUERTO D2014 43  3091 2982 2976 3076 3249 3157 3115 3237
286PUERTO D2014 51  3274 3225 3185 3245 3289 3423 3312 3087 3127 3214 3114
286PUERTO D2014 52  3233 3379 3485 3326 3180 3159 3130 3072 3010 3099 3083
286PUERTO D2014 53  3143 3183 3181 3250 3266 3256 3321 3287 3265
286PUERTO D2014 61  3358 3469 3336 3292 3439 3543 3368 3251 3201 3133 3174
286PUERTO D2014 62  3193 3138 3112 3117 3222 3230 3041 3039 3192 3261 3191
286PUERTO D2014 63  3141 3176 3208 3156 3112 3036 3136 3123
286PUERTO D2014 71  3188 3210 3146 3257 3017 3162 3421 3416 3246 3142 3155
286PUERTO D2014 72  3090 3040 3112 3264 3224 3038 3031 3131 3136 3155 3093
286PUERTO D2014 73  3224 3380 3308 3047 2870 2790 3021 3038 3108
286PUERTO D2014 81  3204 3301 3340 3195 3213 3329 3154 2958 3097 3314 3354
286PUERTO D2014 82  3278 3225 3116 3058 3141 3183 3292 3117 3070 3054 3001
286PUERTO D2014 83  3014 2916 2826 2878 2879 2967 3095 3052 2974
286PUERTO D2014 91  2977 2996 3000 3017 3009 3052 3188 3231 3301 3401 3236
286PUERTO D2014 92  3170 3160 3115 3112 3157 3222 3392 3264 2936 2763 2960
286PUERTO D2014 93  3168 3265 3364 3252 3229 3225 3182 3056
286PUERTO D2014101  2991 2893 2770 2904 3017 3093 3122 3078 3092 3129 3237
286PUERTO D2014102  3188 3352 3399 3206 3240 3208 3110 2890 2901 3139 3144
286PUERTO D2014103  3074 3171 3307 3325 3214 3260 3365 3378 3213
286PUERTO D2014111  2892 2815 2989 3164 3157 3127 3189 3316 3272 3136 3175
286PUERTO D2014112  3137 3164 3316 3238 3023 3204 3334 3238 3081 3118 3274
286PUERTO D2014113  3280 3218 3180 3206 3103 3130 3156 3057
286PUERTO D2014121  3104 3197 3234 3159 3174 3185 3246 3327 3303 3219 3195
286PUERTO D2014122  3330 3246 3171 3199 3184 3123 3265 3439 3330 3165 3099
286PUERTO D2014123  3240 3243 3220 3261 3268 3166 3140 3204 3312
286PUERTO D2015 11  3275 3179 3191 3194 3278 3284 3338 3323 3234 3202 3290
286PUERTO D2015 12  3336 3273 3152 3196 3383 3229 3189 3111 3106 3123 3151
286PUERTO D2015 13  3176 3197 3222 3172 3255 3230 3091 3179 3262
286PUERTO D2015 21  3232 3182 3271 3232 3239 3262 3151 3259 3298 3274 3378
286PUERTO D2015 22  3434 3222 3085 3111 3227 3149 3188 3180 3123 3164 3114
286PUERTO D2015 23  3168 3240 3055 3245 3278 3247
286PUERTO D2015 31  3274 3257 3214 3212 3172 3243 3340 3278 3208 3247 3340
286PUERTO D2015 32  3270 3281 3253 3266 3345 3209 3160 3284 3332 3219 3223
286PUERTO D2015 33  3208 3070 3025 3048 3074 3187 3286 3317 3252
286PUERTO D2015 41  3334 3397 3486 3413 3223 3163 3123 3071 3123 3134 3105
286PUERTO D2015 42  3226 3320 3286 3175 3072 3215 3319 3446 9999 9999 9999
286PUERTO D2015 43  9999 9999 9999 9999 9999 9999 9999 9999
286PUERTO D2015 51  9999 9999 9999 9999 9999 9999 9999 9999 9999 9999 9999
286PUERTO D2015 52  2989 3143 3275 3361 3374 3336 3193 3210 3282 3291 3365
286PUERTO D2015 53  9999 9999 9999 9999 3114 3204 3287 9999 9999
286PUERTO D2015 61  9999 9999 9999 9999 9999 9999 9999 9999 9999 9999 9999
286PUERTO D2015 62  9999 9999 9999 3381 3463 9999 9999 9999 9999 9999 9999
286PUERTO D2015 63  9999 9999 9999 9999 9999 9999 9999 9999
286PUERTO D2015 71  9999 9999 9999 9999 9999 9999 9999 9999 9999 3260 9999
286PUERTO D2015 72  9999 9999 9999 9999 9999 9999 9999 9999 9999 9999 9999
286PUERTO D2015 73  9999 9999 9999 9999 9999 9999 9999 9999 9999
286PUERTO D2015 81  9999 9999 9999 9999 9999 9999 9999 9999 9999 9999 9999
286PUERTO D2015 82  9999 9999 9999 9999 9999 9999 9999 9999 9999 9999 9999
286PUERTO D2015 83  9999 9999 9999 9999 9999 9999 9999 9999 9999
286PUERTO D2015 91  9999 9999 9999 9999 9999 9999 9999 9999 9999 9999 9999
286PUERTO D2015 92  9999 9999 9999 9999 9999 9999 9999 9999 9999 9999 9999
286PUERTO D2015 93  9999 9999 9999 9999 9999 9999 9999 3026
286PUERTO D2015101  9999 9999 9999 9999 9999 9999 9999 9999 9999 9999 9999
286PUERTO D2015102  9999 9999 9999 9999 9999 9999 9999 9999 9999 3190 9999
286PUERTO D2015103  9999 9999 2902 2953 9999 9999 3161 3022 9999
286PUERTO D2015111  9999 9999 3293 3204 3110 2980 2999 3143 9999 9999 3139
286PUERTO D2015112  3250 3276 9999 9999 9999 9999 9999 9999 9999 9999 9999
286PUERTO D2015113  9999 9999 9999 3262 3207 9999 9999 9999
286PUERTO D2015121  9999 9999 9999 9999 9999 9999 9999 9999 9999 9999 9999
286PUERTO D2015122  9999 9999 9999 9999 9999 9999 9999 9999 9999 9999 9999
286PUERTO D2015123  9999 3268 3332 3363 3287 3274 9999 9999 9999
286PUERTO D2016 11  9999 9999 9999 9999 9999 9999 9999 9999 9999 9999 9999
286PUERTO D2016 12  9999 9999 9999 9999 9999 9999 9999 9999 9999 9999 9999
286PUERTO D2016 13  9999 9999 9999 3256 3191 3280 3260 3139 3083
286PUERTO D2016 21  9999 9999 9999 9999 9999 9999 9999 9999 9999 9999 9999
286PUERTO D2016 22  9999 9999 9999 9999 9999 9999 9999 9999 9999 3259 3276
286PUERTO D2016 23  9999 9999 9999 9999 9999 9999 9999
286PUERTO D2016 31  9999 9999 9999 9999 9999 9999 9999 9999 9999 9999 9999
286PUERTO D2016 32  9999 9999 9999 9999 9999 9999 3372 3190 3206 3315 3204
286PUERTO D2016 33  3318 3335 3040 3048 3157 3259 3221 3225 3209
286PUERTO D2016 41  3114 3205 3388 3101 3000 3086 3233 3189 3130 3032 3061
286PUERTO D2016 42  3095 3242 3351 3443 3432 3422 3190 3162 3318 3352 3262
286PUERTO D2016 43  3272 3201 3302 3014 3022 3225 3030 3072
286PUERTO D2016 51  3261 3146 3071 3213 3097 2992 2958 3094 3167 3056 2957
286PUERTO D2016 52  2927 3041 3101 2939 2861 2975 2987 3022 3041 3139 3279
286PUERTO D2016 53  3173 3238 3084 2856 2768 2815 2970 3047 3062
286PUERTO D2016 61  3057 3090 3208 3117 3098 3347 3375 3188 3056 3079 3185
286PUERTO D2016 62  3188 3257 3206 3099 3122 3188 3223 3079 3124 3182 3204
286PUERTO D2016 63  3195 3106 3044 3097 3106 3188 3276 3215
286PUERTO D2016 71  3198 3114 3012 3305 3346 3286 3255 3142 3130 3214 3235
286PUERTO D2016 72  3226 3182 3100 3005 2856 2560 2640 2935 3032 3142 3168
286PUERTO D2016 73  3301 3214 3120 3097 2976 2877 2964 3157 3163
286PUERTO D2016 81  3046 3073 3166 3253 3246 3120 3141 3180 3173 3303 3303
286PUERTO D2016 82  3530 3378 3202 3204 3281 3172 3077 3072 2988 2991 3075
286PUERTO D2016 83  3207 3240 3180 3222 3074 2874 2857 3194 3333
286PUERTO D2016 91  3271 3086 2888 2759 2899 3057 3118 3297 3299 3161 3123
286PUERTO D2016 92  3107 3003 2885 3126 3171 3024 2928 2933 3101 3208 3227
286PUERTO D2016 93  2998 3052 3084 3114 3167 3032 3031 3057
286PUERTO D2016101  3048 2968 2968 3059 3037 3008 3032 3099 3179 3127 3169
286PUERTO D2016102  3266 3294 3275 3137 3093 3052 2952 2884 3021 3166 3248
286PUERTO D2016103  3095 2953 3054 3137 2977 3148 3217 3161 3260
286PUERTO D2016111  3277 3247 3406 3299 3311 3334 3205 3149 3246 3511 3403
286PUERTO D2016112  3163 3274 3387 3385 3191 3031 3181 3247 3135 2996 3112
286PUERTO D2016113  3129 3173 3185 3144 3104 3142 3216 3211
286PUERTO D2016121  3275 3260 3120 3299 3223 3189 3224 3159 3211 3289 3315
286PUERTO D2016122  3482 3418 3020 3142 3240 3261 3229 3253 3303 3339 3335
286PUERTO D2016123  3264 3277 3351 3186 3265 3321 3304 3285 3363
286PUERTO D2017 11  3311 3237 3331 3404 3289 3218 3380 3266 3361 3362 3345
286PUERTO D2017 12  3304 3294 3245 3193 3286 3357 3291 3203 3232 3257 3210
286PUERTO D2017 13  3316 3311 3153 3191 3253 3245 3293 3322 3236
286PUERTO D2017 21  3162 3270 3411 3221 2991 3096 3186 3170 3184 3139 3246
286PUERTO D2017 22  3184 3115 3269 3272 3283 3396 3508 3350 3260 3263 3279
286PUERTO D2017 23  3280 3222 3086 3226 3300 3279
286PUERTO D2017 31  3366 3416 3240 3145 3189 3169 3115 3277 3336 3263 3144
286PUERTO D2017 32  3070 3258 3456 3371 3125 3097 3198 3217 3193 3151 3183
286PUERTO D2017 33  3257 3256 3226 3208 3109 2995 3070 3270 3221
286PUERTO D2017 41  3084 3170 3241 3328 3375 3245 3109 2977 3085 3269 3364
286PUERTO D2017 42  3281 3300 3175 3093 3100 3095 3138 3203 3293 3411 3331
286PUERTO D2017 43  3173 3076 3174 3259 3347 3318 3246 3276
286PUERTO D2017 51  3201 3339 3293 3442 3382 3206 3329 3207 3141 3172 3306
286PUERTO D2017 52  3312 3225 3137 3189 3217 3240 3202 3120 3213 3435 3450
286PUERTO D2017 53  3204 3249 3499 3418 3086 3136 3086 3034 3185
286PUERTO D2017 61  3158 3159 3335 3461 3325 3391 3456 3255 3326 3561 3425
286PUERTO D2017 62  3337 3297 3109 3270 3180 2975 3082 3185 3215 3276 3369
286PUERTO D2017 63  3422 3248 3117 3094 3005 3081 3369 3226
286PUERTO D2017 71  3062 3246 3251 3121 3193 3261 3208 3198 3341 3216 3271
286PUERTO D2017 72  3279 3291 3350 3325 3126 3123 3216 3334 3198 3065 3183
286PUERTO D2017 73  3229 3153 3086 3019 3184 3343 3191 3021 3114
286PUERTO D2017 81  3237 3238 3245 3160 3287 3251 2937 2808 2666 2844 3034
286PUERTO D2017 82  3163 3340 3406 3403 3321 3376 3392 3330 2986 2953 3205
286PUERTO D2017 83  3168 3213 3222 3122 3123 3094 3178 3097 3137
286PUERTO D2017 91  3288 3262 3129 3052 3049 3137 3049 3221 3031 3059 3171
286PUERTO D2017 92  3162 3327 3239 3112 3187 3233 3224 3229 3079 3041 3140
286PUERTO D2017 93  3029 3065 3186 3092 3052 3172 3316 3319
286PUERTO D2017101  3176 3186 3254 3298 3415 3267 3125 3156 3168 3228 3066
286PUERTO D2017102  3048 3066 3297 3244 3209 3213 3223 3217 3189 2975 2908
286PUERTO D2017103  3161 3224 3264 3175 3151 3185 3267 3400 3066
286PUERTO D2017111  3044 3119 3187 3207 3025 2936 3015 3107 3087 3083 3157
286PUERTO D2017112  3257 3158 3252 3249 3287 3364 3291 3561 3474 3261 3205
286PUERTO D2017113  3273 3208 3257 3328 3183 3150 3244 3139
286PUERTO D2017121  3089 3110 2957 2945 3154 3306 3255 3175 3217 3204 3203
286PUERTO D2017122  3269 3150 3294 3352 3445 3280 3170 3217 3237 3254 3299
286PUERTO D2017123  3208 3263 3503 3334 3176 3279 3341 3342 3319
286PUERTO D2018 11  3286 3287 3285 3308 3294 3203 3153 3154 3136 3112 3216
286PUERTO D2018 12  3330 3284 3285 3290 3250 3288 3225 3188 3230 3247 3369
286PUERTO D2018 13  3332 3160 3150 3235 3289 3260 3296 3482 3377
286PUERTO D2018 21  3233 3282 3302 3292 3301 3227 3331 3340 3473 3384 3141
286PUERTO D2018 22  3182 3238 3333 3249 3274 3222 3346 3318 3179 3199 3272
286PUERTO D2018 23  3162 3179 3314 3359 3309 3275
286PUERTO D2018 31  3301 3301 3382 3339 3220 3280 3392 3397 3432 3320 3213
286PUERTO D2018 32  3252 3257 3399 3350 3369 3299 3256 3389 3224 2973 3206
286PUERTO D2018 33  3409 3269 3091 3191 3300 3347 3239 3155 3228
286PUERTO D2018 41  3167 3260 3338 3231 3363 3226 3238 3246 3214 3386 3368
286PUERTO D2018 42  3384 3114 3012 3094 3276 3304 3195 3324 3338 3236 3267
286PUERTO D2018 43  3216 3184 3263 3446 3402 3200 3226 3324
286PUERTO D2018 51  3200 3340 3404 3353 3276 3249 3159 3212 3358 3429 3309
286PUERTO D2018 52  3164 3225 3304 3183 3133 3150 3036 2843 3053 3194 3260
286PUERTO D2018 53  3198 3089 3136 3174 3297 3315 3333 3310 3237
286PUERTO D2018 61  3233 3166 3069 3054 3159 3242 3152 3148 3268 3256 3167
286PUERTO D2018 62  3062 2994 2833 2877 3168 3257 3258 3247 3265 3499 3562
286PUERTO D2018 63  3484 3242 3208 3193 3217 3246 3309 3284
286PUERTO D2018 71  3293 3326 3031 3069 9999 9999 9999 9999 9999 9999 9999
286PUERTO D2018 72  3417 3380 3356 3261 3023 2961 2922 2817 2745 3051 3283
286PUERTO D2018 73  3090 3121 3226 3185 3152 3167 3255 3395 3200
286PUERTO D2018 81  3194 3037 2954 3189 3305 3238 3189 2852 2511 2857 3104
286PUERTO D2018 82  3094 3086 3019 3071 3193 3162 3195 3043 3088 9999 9999
286PUERTO D2018 83  3345 3180 3112 3236 3210 3234 3289 3307 3036
286PUERTO D2018 91  2795 2979 3011 3248 3323 3228 3144 3048 3002 2947 3017
286PUERTO D2018 92  3039 3087 3217 3191 3065 3238 3248 3142 3148 3206 3193
286PUERTO D2018 93  3150 3070 3022 2956 2820 2978 3311 3390
286PUERTO D2018101  3259 3243 3284 3219 3019 3149 3216 3214 3355 3283 3084
286PUERTO D2018102  3099 3178 3327 3225 3244 3357 3026 2864 2958 3168 3089
286PUERTO D2018103  2972 3012 2976 2921 3019 3153 3269 3246 3092
286PUERTO D2018111  3000 3092 2945 2938 3201 3117 3136 3339 3359 3179 3074
286PUERTO D2018112  3142 3250 3357 3446 3324 3304 3203 3302 3373 3420 3249
286PUERTO D2018113  3129 3232 3252 3249 3247 3191 3225 3269
286PUERTO D2018121  3107 3085 3259 3311 3105 3058 3242 3394 3348 3310 3311
286PUERTO D2018122  3159 9999 9999 9999 9999 3374 3359 3303 3136 3187 3284
286PUERTO D2018123  3270 3262 3261 3143 3170 3193 3222 3213 3204
286PUERTO D2019 11  3324 3268 3263 3293 9999 9999 9999 9999 3407 3120 3235
286PUERTO D2019 12  3343 3269 3216 3334 3381 3175 3178 3242 9999 9999 9999
286PUERTO D2019 13  3244 3174 3284 3206 3186 3351 3378 3382 3337
286PUERTO D2019 21  3266 3098 3104 3143 3199 3267 3196 3210 3341 3432 3252
286PUERTO D2019 22  3093 3194 3257 3310 3297 3395 3405 3173 3315 3356 3128
286PUERTO D2019 23  3187 3270 3206 3158 3229 3220
286PUERTO D2019 31  3140 3013 3098 3169 3160 3341 3375 3061 2995 3118 3229
286PUERTO D2019 32  3202 3097 2989 2880 2976 3177 3492 3329 3015 3160 3220
286PUERTO D2019 33  3208 3015 3056 3153 3235 3302 3205 3290 3323
286PUERTO D2019 41  3335 3319 3347 3401 9999 9999 9999 9999 9999 9999 9999
286PUERTO D2019 42  9999 9999 9999 9999 9999 9999 9999 9999 9999 9999 9999
286PUERTO D2019 43  9999 9999 9999 9999 9999 9999 9999 9999
286PUERTO D2019 51  3307 3585 3418 3136 3170 3154 3157 3138 3207 3097 3203
286PUERTO D2019 52  3335 3218 3118 3159 3134 3251 3263 3218 3165 3151 3202
286PUERTO D2019 53  3271 3217 3330 3264 3297 3242 3127 3127 3135
286PUERTO D2019 61  3034 2978 2999 3092 3268 3354 3351 3338 3383 3340 3243
286PUERTO D2019 62  3181 3070 2985 2969 2989 3113 3253 3285 3317 3282 9999
286PUERTO D2019 63  9999 9999 9999 9999 9999 3258 3168 3166
286PUERTO D2019 71  3181 3372 3157 2990 2905 3016 3159 3117 3052 3040 3061
286PUERTO D2019 72  3044 3027 3090 3086 3118 3280 3270 3262 3338 3383 3288
286PUERTO D2019 73  3270 3120 3031 3087 3080 3260 3407 3259 3236
286PUERTO D2019 81  3249 3120 3023 3197 3289 3329 3395 3205 3157 3497 3354
286PUERTO D2019 82  3047 2928 3023 3028 3106 3162 2960 2923 2850 2812 2917
286PUERTO D2019 83  2959 9999 9999 9999 9999 9999 3356 3298 3127
286PUERTO D2019 91  3311 3376 3397 3041 2869 2927 2966 3083 3166 2968 3055
286PUERTO D2019 92  3203 3000 3209 3326 3250 3192 3269 3413 3321 3355 3180
286PUERTO D2019 93  3120 3145 3148 3072 3078 3194 3200 3328
286PUERTO D2019101  3223 3030 2983 3122 3198 3153 3290 3375 3227 3352 3374
286PUERTO D2019102  3267 3298 2895 2863 2880 2927 2992 2999 3161 3182 3063
286PUERTO D2019103  3049 3044 3099 3106 3136 3162 3234 3155 3074
286PUERTO D2019111  3160 3144 3256 3410 3369 3400 3385 3233 3118 2906 2952
286PUERTO D2019112  3072 3139 3146 3194 3289 3286 3256 3230 3322 3218 3137
286PUERTO D2019113  3079 3130 3242 3251 3308 3361 3375 3303
286PUERTO D2019121  3166 3194 3218 3174 3366 3437 3335 3312 3271 3296 3391
286PUERTO D2019122  3315 3221 3172 3147 3253 3202 3243 3247 3111 3117 3203
286PUERTO D2019123  3327 3349 3231 3226 3266 3232 3209 3316 3231
286PUERTO D2020 11  3133 3206 3308 3238 3201 3257 3265 3362 3464 3383 3252
286PUERTO D2020 12  3161 3199 3303 3477 3365 3139 3222 3282 3325 3273 3246
286PUERTO D2020 13  3274 3274 3277 3308 3281 3374 3348 3318 3397
286PUERTO D2020 21  3327 3293 3277 3346 3357 3193 3110 3108 3060 3128 3182
286PUERTO D2020 22  3272 3215 3231 3377 3428 3299 3223 3503 3429 3101 3178
286PUERTO D2020 23  3272 3368 3333 3239 3340 3310 3194
286PUERTO D2020 31  3223 3282 3287 3126 3098 3030 3237 3474 3248 3135 3242
286PUERTO D2020 32  3201 3185 9999 9999 9999 9999 9999 3364 3324 3502 3385
286PUERTO D2020 33  3271 3336 3072 3175 3390 3360 3225 3123 3210
286PUERTO D2020 41  3254 3120 3279 3370 3434 3296 3095 3143 3163 3249 3306
286PUERTO D2020 42  3312 3247 3216 3245 3236 3231 3220 3339 3436 3343 3335
286PUERTO D2020 43  3244 3371 3213 2943 3098 3226 3136 3113
286PUERTO D2020 51  3048 3022 3246 3308 3187 3094 3151 3273 3431 3453 3352
286PUERTO D2020 52  3368 3269 3232 3304 3404 3296 3204 3387 3237 3125 3045
286PUERTO D2020 53  3210 3410 3139 2912 3247 3295 3196 3179 3153
286PUERTO D2020 61  3152 3345 3110 3148 3352 3352 3248 3210 3296 3493 3533
286PUERTO D2020 62  3468 3334 3119 3030 3080 3235 3308 3361 3289 3270 3312
286PUERTO D2020 63  3352 3372 3269 3140 3128 3146 3070 3014
286PUERTO D2020 71  3006 3089 3248 3222 3105 3072 2971 2914 3072 3172 3287
286PUERTO D2020 72  3327 3336 3139 2939 3015 3084 3177 3108 2876 2754 2682
286PUERTO D2020 73  2812 3050 3357 3237 3137 3112 3082 3048 2839
286PUERTO D2020 81  2703 2713 2715 2901 2966 3138 3008 3125 3137 3017 3222
286PUERTO D2020 82  3328 3367 3295 3231 3376 3426 3325 2991 2985 2998 3081
286PUERTO D2020 83  3149 3139 2993 2933 3095 3226 3359 3396 3007
286PUERTO D2020 91  2754 2830 2995 3015 2853 2808 3029 3132 3026 3044 3340
286PUERTO D2020 92  3364 3238 3024 3179 2788 3063 3374 3352 3048 2741 2728
286PUERTO D2020 93  2839 3114 3145 3021 2996 3103 3170 3182
286PUERTO D2020101  3485 3041 2739 2920 3043 3013 3033 2844 2975 3112 3015
286PUERTO D2020102  3044 3075 3008 2988 3087 3135 3194 9999 3046 2852 2893
286PUERTO D2020103  3081 2791 2939 3079 3134 3233 3151 2977 3027
286PUERTO D2020111  3093 2858 2893 3152 3057 2843 2837 2934 3046 2974 2870
286PUERTO D2020112  3103 3165 3146 3160 3223 3064 2804 2841 3106 2976 3008
286PUERTO D2020113  3091 3134 3185 2952 2974 3115 3047 3154
286PUERTO D2020121  3341 3330 3325 3071 2882 2862 2886 2953 3001 3031 3206
286PUERTO D2020122  3317 3271 3400 3392 3279 3271 3258 3131 3099 3164 3179
286PUERTO D2020123  3262 3278 3224 3203 3243 3311 3321 3332 3259
286PUERTO D2021 11  3229 3225 3285 9999 9999 9999 9999 9999 9999 9999 3452
286PUERTO D2021 12  3362 3208 3178 3292 3169 3179 3262 3210 3210 3261 3317
286PUERTO D2021 13  3307 3245 3371 3380 3418 3376 3379 3219 3042
286PUERTO D2021 21  3144 3239 3214 3166 3301 3238 3064 3048 3120 3047 3051
286PUERTO D2021 22  3112 3172 3253 3052 3093 3225 3318 3337 3208 3310 3352
286PUERTO D2021 23  3333 3358 3397 3209 3088 3204
286PUERTO D2021 31  3256 3095 3056 3029 3030 3226 3359 3291 3221 3370 3356
286PUERTO D2021 32  3372 3395 3220 3164 3307 3110 3167 3435 3457 3291 3256
286PUERTO D2021 33  3217 3304 3269 3136 3100 3228 3143 3137 3114
286PUERTO D2021 41  3016 3098 3175 3232 3198 3058 3095 3216 3148 3108 3262
286PUERTO D2021 42  3322 3252 3270 3280 3324 3301 3221 3298 3308 3246 3339
286PUERTO D2021 43  3253 3115 3065 3175 3280 3307 3331 3403
286PUERTO D2021 51  3369 3395 3418 3212 3323 3272 3092 3170 3313 3242 3169
286PUERTO D2021 52  3270 3335 3305 3247 3193 3054 2955 2987 3148 3164 3124
286PUERTO D2021 53  3086 3311 3543 3465 3526 3484 3471 3407 3271
286PUERTO D2021 61  3244 3179 3136 3147 3144 3092 3134 3152 3176 3278 3321
286PUERTO D2021 62  3384 3383 3307 3163 3033 2937 2931 3067 3159 3109 3206
286PUERTO D2021 63  3242 3275 3387 3399 3046 3091 3140 3209
