288REYKJAVI      LAT=64 09.0N  LONG=021 56.0W
288REYKJAVI2007 21  9999 9999 9999 9999 9999 2029 2207 2286 2281 2318 2350
288REYKJAVI2007 22  2407 2417 2469 2606 2610 2287 2206 2278 2296 2424 2497
288REYKJAVI2007 23  2406 2294 2205 2177 2232 2314
288REYKJAVI2007 31  2350 2421 2394 2294 2434 2528 2398 2364 2271 2277 2484
288REYKJAVI2007 32  2310 2225 2268 2230 2232 2250 2072 1904 2063 2175 2228
288REYKJAVI2007 33  2271 2286 2216 2117 2100 2047 2034 2091 2127
288REYKJAVI2007 41  2032 1903 1931 2042 2048 2082 2217 2263 2267 2200 2259
288REYKJAVI2007 42  2323 2263 2233 2175 2059 2016 2056 2061 2213 2337 2329
288REYKJAVI2007 43  2377 2433 2301 2161 2101 2104 2139 2142
288REYKJAVI2007 51  2157 2142 2088 2108 2254 2326 2255 2228 2210 2200 2194
288REYKJAVI2007 52  2157 2126 2131 2165 2219 2375 2459 2346 2366 2442 2364
288REYKJAVI2007 53  2289 2218 2164 2167 2128 2103 2078 2126 2323
288REYKJAVI2007 61  2415 2398 2377 2238 2173 2156 2129 2104 2076 2035 2029
288REYKJAVI2007 62  2089 2134 2189 2242 2250 2208 2154 2132 2120 2109 2135
288REYKJAVI2007 63  2127 2089 2116 2135 2190 2254 2253 2256
288REYKJAVI2007 71  2284 2292 2296 2283 2273 2250 2220 2190 2160 2181 2229
288REYKJAVI2007 72  2262 2242 2220 2200 2178 2171 2144 2153 2165 2162 2170
288REYKJAVI2007 73  2202 2269 2309 2304 2270 2218 2194 2279 2341
288REYKJAVI2007 81  2263 2255 2419 2410 2267 2194 2215 2258 2286 2262 2202
288REYKJAVI2007 82  2181 2201 2215 2211 2247 2256 2228 2266 2216 2246 2299
288REYKJAVI2007 83  2264 2260 2204 2126 2100 2136 2188 2212 2233
288REYKJAVI2007 91  2255 2175 2256 2325 2203 2209 2176 2168 2173 2193 2170
288REYKJAVI2007 92  2267 2276 2214 2340 2261 2270 2420 2472 2436 2365 2382
288REYKJAVI2007 93  2418 2254 2128 2204 2301 2258 2249 2307
288REYKJAVI2007101  2462 2412 2327 2340 2345 2193 2102 2188 2276 2444 2432
288REYKJAVI2007102  2501 2507 2465 2409 2345 2283 2399 2424 2393 2403 2499
288REYKJAVI2007103  2509 2381 2502 2481 2422 2395 2332 2414 2299
288REYKJAVI2007111  2256 2302 2201 2302 2192 2191 2194 2149 2159 2149 2198
288REYKJAVI2007112  2292 2169 2151 2222 2330 2180 2009 2097 2171 2117 2154
288REYKJAVI2007113  2385 2274 2224 2302 2235 2341 2501 2596
288REYKJAVI2007121  2499 2360 2330 2629 2605 2432 2359 2373 2353 2412 2453
288REYKJAVI2007122  2393 2496 2549 2360 2330 2341 2278 2262 2308 2384 2399
288REYKJAVI2007123  2426 2476 2576 2538 2324 2243 2277 2498 2514
288REYKJAVI2008 11  2385 2306 2390 2511 2554 2513 2436 2474 2491 2419 2276
288REYKJAVI2008 12  2243 2251 2341 2396 2412 2417 2399 2347 2193 2299 2574
288REYKJAVI2008 13  2412 2418 2394 2334 2449 2278 2208 2203 2110
288REYKJAVI2008 21  2142 2247 2298 2404 2495 2410 2375 2482 2503 2211 2203
288REYKJAVI2008 22  2055 2025 2093 2085 2137 2082 2113 2248 2404 2459 2386
288REYKJAVI2008 23  2362 2332 2313 2375 2341 2353 2393
288REYKJAVI2008 31  2287 2298 2212 2231 2242 2370 2469 2430 2432 2435 2398
288REYKJAVI2008 32  2348 2255 2133 2084 2045 2011 2022 2147 2056 1924 1980
288REYKJAVI2008 33  2067 2112 2211 2257 2296 2384 2299 2252 2260
288REYKJAVI2008 41  2176 2148 2165 1977 1857 1855 1962 2092 2226 2192 2112
288REYKJAVI2008 42  2073 2050 1989 2026 2080 2071 2049 2078 2111 2167 2226
288REYKJAVI2008 43  2316 2310 2241 2200 2212 2179 2069 2053
288REYKJAVI2008 51  2117 2170 2152 2222 2162 2138 2155 2092 2205 2307 2170
288REYKJAVI2008 52  2063 2012 2033 2067 2125 2121 2104 2147 2155 2207 2263
288REYKJAVI2008 53  2204 2092 2055 2087 2112 2121 2135 2183 2158
288REYKJAVI2008 61  2144 2200 2287 2346 2334 2252 2288 2295 2202 2093 2011
288REYKJAVI2008 62  1971 2000 2072 2221 2279 2239 2233 2233 2200 2167 2177
288REYKJAVI2008 63  2166 2133 2122 2155 2151 2130 2158 2197
288REYKJAVI2008 71  2290 2446 2365 2218 2127 2084 2125 2093 2088 2143 2200
288REYKJAVI2008 72  2311 2393 2350 2241 2200 2249 2232 2179 2192 2339 2324
288REYKJAVI2008 73  2234 2198 2211 2264 2241 2212 2168 2211 2229
288REYKJAVI2008 81  2226 2241 2205 2160 2157 2152 2160 2215 2316 2363 2342
288REYKJAVI2008 82  2308 2270 2285 2317 2323 2328 2280 2255 2226 2219 2309
288REYKJAVI2008 83  2460 2536 2564 2416 2256 2262 2410 2327 2231
288REYKJAVI2008 91  2193 2207 2285 2298 2264 2280 2336 2384 2455 2425 2456
288REYKJAVI2008 92  2431 2413 2356 2201 2282 2486 2363 2319 2394 2316 2182
288REYKJAVI2008 93  2200 2262 2187 2273 2180 2185 2240 2220
288REYKJAVI2008101  2137 2125 2178 2239 2374 2571 2557 2376 2540 2582 2347
288REYKJAVI2008102  2345 2400 2347 2310 2346 2456 2374 2399 2438 2401 2501
288REYKJAVI2008103  2617 2432 2284 2181 2087 2166 2230 2089 2198
288REYKJAVI2008111  2338 2357 2307 2367 2336 2273 2397 2467 2403 2306 2211
288REYKJAVI2008112  2267 2354 2370 2208 2153 2241 2228 2210 2125 2104 2215
288REYKJAVI2008113  2172 2081 2162 2235 2181 2101 2082 2119
288REYKJAVI2008121  2112 2178 2395 2374 2270 2334 2332 2156 2078 2276 2439
288REYKJAVI2008122  2463 2369 2320 2452 2475 2507 2448 2298 2228 2303 2399
288REYKJAVI2008123  2396 2344 2186 2041 2083 2128 2150 2109 2102
288REYKJAVI2009 11  2139 2115 2122 2119 2077 2098 2252 2322 2404 2514 2480
288REYKJAVI2009 12  2380 2269 2247 2387 2553 2530 2539 2553 2482 2516 2596
288REYKJAVI2009 13  2693 2621 2421 2441 2423 2320 2245 2237 2231
288REYKJAVI2009 21  2142 2114 2119 2118 2163 2194 2232 2294 2251 2171 2105
288REYKJAVI2009 22  2211 2287 2212 2273 2293 2296 2250 2149 2253 2258 2133
288REYKJAVI2009 23  2160 2185 2129 2130 2303 2258
288REYKJAVI2009 31  2256 2330 2331 2231 2234 2314 2356 2272 2167 2193 2299
288REYKJAVI2009 32  2178 2224 2431 2314 2125 2059 2063 2113 2168 2143 2080
288REYKJAVI2009 33  2037 2121 2155 2125 2048 2162 2206 2077 2175
288REYKJAVI2009 41  2293 2258 2327 2264 2154 2146 2270 2302 2187 2160 2178
288REYKJAVI2009 42  2122 2097 2121 2090 2032 2058 2097 2172 2235 2185 2233
288REYKJAVI2009 43  2266 2131 2125 2249 2193 2223 2321 2304
288REYKJAVI2009 51  2354 2267 2202 2274 2214 2216 2288 2250 2198 2231 2245
288REYKJAVI2009 52  2237 2248 2238 2204 2183 2175 2165 2150 2193 2217 2287
288REYKJAVI2009 53  2391 2464 2373 2272 2246 2316 2300 2115 2002
288REYKJAVI2009 61  1967 1971 2032 2068 2093 2136 2163 2144 2145 2149 2110
288REYKJAVI2009 62  2095 2109 2102 2135 2265 2383 2314 2195 2206 2238 2214
288REYKJAVI2009 63  2173 2108 2094 2126 2120 2150 2156 2146
288REYKJAVI2009 71  2204 2223 2220 2271 2299 2256 2169 2155 2180 2190 2201
288REYKJAVI2009 72  2209 2220 2172 2168 2171 2116 2111 2161 2201 2254 2314
288REYKJAVI2009 73  2279 2209 2162 2154 2230 2320 2340 2278 2227
288REYKJAVI2009 81  2244 2248 2229 2255 2347 2385 2325 2264 2241 2216 2204
288REYKJAVI2009 82  2164 2156 2206 2250 2228 2199 2289 2442 2390 2270 2282
288REYKJAVI2009 83  2392 2475 2497 2437 2360 2252 2211 2284 2324
288REYKJAVI2009 91  2340 2352 2315 2294 2351 2383 2397 2379 2270 2174 2197
288REYKJAVI2009 92  2121 2149 2252 2159 2186 2312 2300 2299 2391 2399 2337
288REYKJAVI2009 93  2336 2413 2442 2381 2246 2137 2156 2134
288REYKJAVI2009101  2174 2347 2328 2271 2278 2315 2304 2313 2510 2390 2207
288REYKJAVI2009102  2326 2300 2279 2106 2071 2239 2277 2292 2357 2443 2466
288REYKJAVI2009103  2330 2276 2229 2204 2288 2492 2544 2519 2442
288REYKJAVI2009111  2304 2461 2547 2422 2428 2504 2332 2270 2423 2315 2236
288REYKJAVI2009112  2299 2401 2419 2331 2365 2403 2492 2726 2683 2459 2377
288REYKJAVI2009113  2349 2381 2398 2372 2355 2301 2245 2287
288REYKJAVI2009121  2358 2382 2350 2387 2495 2487 2519 2548 2526 2308 2283
288REYKJAVI2009122  2223 2113 2036 2015 2006 1995 2014 2026 2094 2230 2275
288REYKJAVI2009123  2356 2310 2170 2116 2159 2161 2072 2010 2016
288REYKJAVI2010 11  2030 1956 1939 1947 1976 2057 2081 2108 2118 2020 2046
288REYKJAVI2010 12  2245 2448 2514 2518 2572 2447 2276 2321 2382 2484 2463
288REYKJAVI2010 13  2275 2296 2363 2201 2028 2114 2204 2193 2174
288REYKJAVI2010 21  2180 2155 2180 2244 2203 2098 2111 2119 2122 2115 2121
288REYKJAVI2010 22  2111 2127 2090 2021 2053 2086 2115 2110 2085 2063 2140
288REYKJAVI2010 23  2157 2143 2189 2182 2243 2267
288REYKJAVI2010 31  2135 2079 2083 2017 2084 2175 2113 2062 2157 2132 2013
288REYKJAVI2010 32  1988 2024 2057 2065 2184 2305 2357 2329 2291 2380 2411
288REYKJAVI2010 33  2451 2370 2224 2141 2033 1997 2000 2042 2084
288REYKJAVI2010 41  2099 2121 2158 2179 2276 2324 2199 2108 2173 2238 2091
288REYKJAVI2010 42  1909 1908 1942 1984 2015 1983 2066 2016 2036 2004 2028
288REYKJAVI2010 43  2137 2143 2123 2129 2232 2352 2283 2184
288REYKJAVI2010 51  2124 2075 2077 2038 2003 1997 1976 1979 2022 2022 2066
288REYKJAVI2010 52  2199 2206 2182 2110 2088 2115 2160 2174 2065 1998 1969
288REYKJAVI2010 53  1970 2000 2032 2058 2114 2181 2144 2126 2183
288REYKJAVI2010 61  2252 2211 2153 2214 2232 2209 2213 2169 2177 2263 2223
288REYKJAVI2010 62  2242 2206 2194 2185 2176 2116 2044 2072 2108 2135 2221
288REYKJAVI2010 63  2275 2235 2184 2221 2269 2228 2202 2285
288REYKJAVI2010 71  2441 2536 2497 2407 2308 2328 2406 2374 2328 2301 2272
288REYKJAVI2010 72  2235 2182 2162 2195 2215 2266 2269 2227 2182 2182 2219
288REYKJAVI2010 73  2271 2287 2272 2354 2340 2231 2243 2284 2200
288REYKJAVI2010 81  2152 2267 2319 2276 2234 2238 2250 2225 2236 2208 2136
288REYKJAVI2010 82  2130 2154 2141 2216 2287 2269 2199 2230 2263 2240 9999
288REYKJAVI2010 83  9999 2257 2232 2207 2192 2153 2140 2154 2195
288REYKJAVI2010 91  2223 2271 2376 2404 2340 2373 2424 2427 2421 2402 2368
288REYKJAVI2010 92  2369 2409 2284 2128 2149 2196 2251 2255 2217 2173 2130
288REYKJAVI2010 93  2116 2159 2282 2373 2379 2479 2541 2486
288REYKJAVI2010101  2486 2568 2571 2560 2563 2567 2428 2214 2174 2242 2219
288REYKJAVI2010102  2234 2295 2288 2219 2341 2354 2202 2154 2183 2236 2295
288REYKJAVI2010103  2280 2235 2393 2479 2410 2367 2401 2397 2395
288REYKJAVI2010111  2505 2437 2299 2247 2149 2174 2433 2372 2317 2430 2475
288REYKJAVI2010112  2414 2314 2276 2335 2420 2316 2265 2308 2260 2128 2122
288REYKJAVI2010113  2115 2105 2073 2024 2002 2001 2026 2058
288REYKJAVI2010121  2110 2170 2189 2218 2263 2242 2218 2174 2181 2150 2049
288REYKJAVI2010122  2052 2036 2016 2007 2048 2158 2178 2144 2091 2028 2028
288REYKJAVI2010123  2053 2127 2252 2451 2274 2115 2107 2106 2075
288REYKJAVI2011 11  2042 2134 2162 2102 2195 2204 2211 2245 2237 2250 2275
288REYKJAVI2011 12  2344 2471 2597 2570 2447 2263 2184 2264 2171 2036 1986
288REYKJAVI2011 13  1995 2004 1990 2014 2114 2125 2235 2366 2411
288REYKJAVI2011 21  2381 2463 2425 2345 2375 2321 2269 2338 2428 2404 2509
288REYKJAVI2011 22  2495 2466 2372 2301 2290 2215 2236 2353 2354 2285 2332
288REYKJAVI2011 23  2556 2605 2503 2356 2227 2241
288REYKJAVI2011 31  2220 2125 2033 1955 2084 2265 2303 2286 2242 2231 2136
288REYKJAVI2011 32  2092 2175 2341 2281 2196 2228 2208 2160 2190 2183 1996
288REYKJAVI2011 33  1933 1976 1997 2048 2066 2107 2158 2313 2420
288REYKJAVI2011 41  2425 2338 2253 2351 2483 2405 2275 2163 2254 2389 2354
288REYKJAVI2011 42  2210 2295 2338 2229 2179 2097 2158 2221 2251 2253 2267
288REYKJAVI2011 43  2318 2408 2184 2073 2110 2210 2190 2119
288REYKJAVI2011 51  2122 2135 2103 2088 2139 2245 2277 2225 2270 2260 2218
288REYKJAVI2011 52  2183 2157 2147 2161 2152 2218 2295 2271 2226 2221 2169
288REYKJAVI2011 53  2121 2089 2061 2140 2320 2358 2300 2240 2306
288REYKJAVI2011 61  2349 2214 2081 2082 2164 2134 2114 2095 2124 2192 2195
288REYKJAVI2011 62  2195 2209 2196 2253 2303 2273 2237 2191 2155 2164 2173
288REYKJAVI2011 63  2148 2172 2247 2317 2324 2255 2177 2160
288REYKJAVI2011 71  2239 2319 2350 2268 2215 2200 2198 2214 2205 2129 2097
288REYKJAVI2011 72  2155 2241 2285 2277 2234 2230 2228 2208 2175 2141 2120
288REYKJAVI2011 73  2200 2288 2248 2319 2392 2267 2189 2194 2239
288REYKJAVI2011 81  2319 2301 2258 2249 2265 2241 2212 2191 2182 2184 2225
288REYKJAVI2011 82  2281 2305 2327 2310 2257 2181 2166 2214 2248 2263 2248
288REYKJAVI2011 83  2224 2190 2211 2210 2159 2152 2161 2204 2253
288REYKJAVI2011 91  2396 2537 2510 2394 2355 2348 2301 2220 2189 2268 2395
288REYKJAVI2011 92  2405 2332 2305 2345 2407 2329 2401 2550 2552 2486 2371
288REYKJAVI2011 93  2381 2517 2554 2423 2357 2388 2358 2449
288REYKJAVI2011101  2371 2435 2497 2423 2380 2229 2191 2420 2427 2290 2202
288REYKJAVI2011102  2339 2451 2432 2471 2410 2268 2204 2267 2397 2411 2395
288REYKJAVI2011103  2343 2249 2343 2447 2390 2406 2456 2430 2382
288REYKJAVI2011111  2315 2301 2516 2596 2485 2339 2381 2404 2371 2472 2371
288REYKJAVI2011112  2352 2262 2335 2348 2335 2411 2392 2414 2486 2416 2477
288REYKJAVI2011113  2458 2365 2399 2385 2413 2490 2427 2377
288REYKJAVI2011121  2412 2469 2458 2381 2303 2361 2401 2394 2274 2454 2606
288REYKJAVI2011122  2556 2519 2464 2367 2282 2217 2268 2346 2283 2397 2433
288REYKJAVI2011123  2398 2488 2456 2355 2143 2186 2237 2350 2568
288REYKJAVI2012 11  2566 2487 2372 2330 2260 2312 2238 2352 2376 2295 2093
288REYKJAVI2012 12  2038 2205 2244 2195 2340 2436 2415 2288 2284 2249 2126
288REYKJAVI2012 13  2121 2283 2289 2148 2142 2197 2164 2092 2197
288REYKJAVI2012 21  2088 2091 2235 2292 2120 2168 2317 2247 2146 2054 2004
288REYKJAVI2012 22  2014 1950 1972 2081 2214 2219 2120 2179 2209 2299 2320
288REYKJAVI2012 23  2332 2213 2143 2266 2264 2246 2218
288REYKJAVI2012 31  2162 2261 2267 2179 2205 2434 2457 2335 2247 2125 2053
288REYKJAVI2012 32  2052 2115 2194 2229 2196 2147 2182 2345 2286 2180 2117
288REYKJAVI2012 33  2100 2137 2192 2170 2104 2016 1985 1965 2001
288REYKJAVI2012 41  2040 2058 2044 1998 1976 1998 2086 2250 2287 2254 2273
288REYKJAVI2012 42  2228 2130 2064 2076 2204 2240 2225 2221 2210 2188 2199
288REYKJAVI2012 43  2219 2201 2156 2157 2128 2147 2067 2017
288REYKJAVI2012 51  1964 1966 1978 2005 2007 2028 2085 2102 2083 2046 2023
288REYKJAVI2012 52  2127 2143 2053 2026 2018 2028 2109 2198 2247 2293 2299
288REYKJAVI2012 53  2251 2228 2152 2122 2068 2042 2081 2072 2044
288REYKJAVI2012 61  2024 2048 2105 2132 2162 2212 2242 2258 2253 2140 2088
288REYKJAVI2012 62  2083 2071 2060 2107 2179 2171 2141 2164 2215 2223 2216
288REYKJAVI2012 63  2195 2158 2115 2109 2124 2174 2208 2226
288REYKJAVI2012 71  2224 2184 2155 2117 2085 2046 2070 2093 2061 2054 2079
288REYKJAVI2012 72  2122 2159 2224 2279 2256 2194 2178 2194 2195 2304 2500
288REYKJAVI2012 73  2440 2249 2170 2136 2086 2088 2172 2199 2182
288REYKJAVI2012 81  2179 2145 2129 2152 2181 2169 2138 2167 2183 2163 2199
288REYKJAVI2012 82  2273 2303 2333 2310 2245 2254 2251 2282 2336 2344 2321
288REYKJAVI2012 83  2299 2289 2281 2312 2388 2377 2301 2291 2431
288REYKJAVI2012 91  2425 2311 2407 2278 2233 2245 2177 2215 2333 2247 2193
288REYKJAVI2012 92  2341 2442 2349 2373 2317 2234 2169 2139 2129 2256 2334
288REYKJAVI2012 93  2329 2210 2138 2222 2308 2241 2294 2445
288REYKJAVI2012101  2416 2354 2302 2281 2280 2308 2263 2185 2273 2406 2373
288REYKJAVI2012102  2232 2190 2161 2195 2218 2197 2182 2253 2277 2226 2208
288REYKJAVI2012103  2158 2116 2096 2141 2192 2132 2248 2317 2326
288REYKJAVI2012111  2341 2337 2282 2246 2259 2293 2329 2391 2399 2153 2195
288REYKJAVI2012112  2446 2381 2310 2416 2342 2229 2210 2262 2331 2399 2518
288REYKJAVI2012113  2503 2364 2174 2090 2089 2211 2261 2178
288REYKJAVI2012121  2199 2368 2327 2187 2280 2265 2264 2144 1987 2034 2075
288REYKJAVI2012122  2154 2264 2316 2367 2337 2253 2242 2361 2366 2310 2383
288REYKJAVI2012123  2416 2357 2332 2336 2441 2563 2542 2408 2290
288REYKJAVI2013 11  2237 2311 2270 2305 2261 2225 2277 2303 2299 2239 2192
288REYKJAVI2013 12  2188 2207 2190 2349 2342 2369 2414 2328 2423 2372 2291
288REYKJAVI2013 13  2325 2378 2325 2493 2613 2475 2451 2397 2292
288REYKJAVI2013 21  2243 2329 2447 2404 2174 2112 2124 2198 2297 2217 2145
288REYKJAVI2013 22  2154 2264 2258 2165 2202 2369 2340 2275 2264 2203 2195
288REYKJAVI2013 23  2168 2219 2230 2182 2085 1969
288REYKJAVI2013 31  2009 2061 2136 2074 2045 2267 2435 2334 2204 2050 1994
288REYKJAVI2013 32  2067 2165 2248 2210 2139 2114 2078 2082 2149 2129 2102
288REYKJAVI2013 33  2114 2071 2054 2072 2131 2174 2181 2194 2228
288REYKJAVI2013 41  2223 2187 2114 2064 2062 2053 2048 2100 2139 2125 2158
288REYKJAVI2013 42  2206 2249 2368 2410 2366 2287 2168 2238 2292 2320 2478
288REYKJAVI2013 43  2359 2188 2045 2030 2213 2139 2046 2051
288REYKJAVI2013 51  2006 2035 2240 2373 2252 2138 2069 2056 2166 2273 2328
288REYKJAVI2013 52  2342 2223 2119 2152 2105 2045 2072 2121 2122 2053 1961
288REYKJAVI2013 53  2056 2228 2217 2181 2199 2167 2094 2165 2203
288REYKJAVI2013 61  2126 2071 2131 2121 2066 2051 2063 2133 2215 2249 2312
288REYKJAVI2013 62  2301 2259 2261 2223 2164 2237 2378 2339 2268 2230 2182
288REYKJAVI2013 63  2114 2116 2158 2152 2186 2239 2234 2279
288REYKJAVI2013 71  2304 2301 2323 2370 2439 2386 2183 2159 2121 2166 2187
288REYKJAVI2013 72  2217 2212 2259 2286 2267 2241 2251 2215 2173 2187 2161
288REYKJAVI2013 73  2160 2156 2131 2151 2247 2282 2299 2302 2217
288REYKJAVI2013 81  2171 2236 2282 2258 2217 2200 2215 2305 2345 2268 2197
288REYKJAVI2013 82  2179 2228 2326 2375 2368 2367 2436 2378 2199 2150 2225
288REYKJAVI2013 83  2427 2407 2322 2312 2242 2218 2320 2406 2296
288REYKJAVI2013 91  2327 2354 2243 2199 2152 2132 2219 2286 2202 2198 2295
288REYKJAVI2013 92  2362 2301 2332 2283 2175 2252 2287 2366 2403 2293 2145
288REYKJAVI2013 93  2109 2125 2242 2296 2271 2231 2236 2256
288REYKJAVI2013101  2307 2335 2322 2266 2261 2327 2292 2232 2121 2146 2200
288REYKJAVI2013102  2182 2141 2139 2188 2241 2236 2202 2264 2305 2355 2446
288REYKJAVI2013103  2462 2337 2281 2398 2445 2364 2345 2561 2571
288REYKJAVI2013111  2429 2340 2331 2457 2630 2668 2542 2404 2332 2532 2619
288REYKJAVI2013112  2285 2246 2243 2323 2286 2233 2218 2218 2132 2182 2134
288REYKJAVI2013113  2042 2078 2176 2261 2142 2069 2122 2143
288REYKJAVI2013121  2127 2199 2256 2184 2088 2118 2428 2593 2500 2466 2355
288REYKJAVI2013122  2363 2532 2541 2546 2546 2612 2686 2573 2590 2672 2642
288REYKJAVI2013123  2534 2454 2424 2398 2373 2344 2398 2560 2461
288REYKJAVI2014 11  2425 2477 2499 2438 2399 2415 2340 2208 2258 2381 2273
288REYKJAVI2014 12  2331 2481 2514 2478 2458 2495 2453 2389 2370 2365 2359
288REYKJAVI2014 13  2340 2521 2581 2372 2239 2202 2206 2339 2395
288REYKJAVI2014 21  2403 2412 2460 2574 2488 2462 2483 2461 2439 2402 2407
288REYKJAVI2014 22  2466 2437 2296 2215 2177 2118 2145 2354 2459 2393 2430
288REYKJAVI2014 23  2446 2432 2410 2374 2317 2223
288REYKJAVI2014 31  2236 2242 2245 2332 2397 2304 2267 2381 2352 2231 2180
288REYKJAVI2014 32  2152 2125 2134 2180 2155 2114 2221 2419 2494 2341 2204
288REYKJAVI2014 33  2239 2381 2238 2129 2005 1935 1953 2053 2145
288REYKJAVI2014 41  2163 2204 2281 2329 2350 2432 2446 2337 2264 2176 2310
288REYKJAVI2014 42  2320 2152 2153 2244 2226 2244 2313 2186 2110 2085 2225
288REYKJAVI2014 43  2315 2295 2172 2099 2070 2101 2123 2154
288REYKJAVI2014 51  2161 2164 2282 2366 2413 2458 2350 2322 2312 2288 2268
288REYKJAVI2014 52  2214 2167 2212 2181 2199 2272 2181 2090 2103 2061 2065
288REYKJAVI2014 53  2106 2128 2105 2096 2111 2094 2117 2172 2288
288REYKJAVI2014 61  2294 2241 2268 2283 2189 2115 2125 2175 2210 2194 2169
288REYKJAVI2014 62  2160 2173 2122 2113 2104 2112 2099 2088 2124 2133 2133
288REYKJAVI2014 63  2138 2215 2223 2235 2237 2219 2222 2297
288REYKJAVI2014 71  2426 2496 2400 2289 2247 2272 2217 2176 2167 2236 2349
288REYKJAVI2014 72  2327 2282 2298 2300 2242 2190 2202 2219 2266 2253 2204
288REYKJAVI2014 73  2184 2207 2200 2177 2210 2329 2282 2199 2180
288REYKJAVI2014 81  2166 2182 2233 2299 2317 2335 2350 2332 2299 2305 2289
288REYKJAVI2014 82  2217 2170 2198 2259 2162 2109 2133 2140 2136 2148 2163
288REYKJAVI2014 83  2224 2276 2296 2274 2253 2310 2355 2372 2581
288REYKJAVI2014 91  2531 2350 2273 2199 2183 2204 2218 2276 2320 2251 2179
288REYKJAVI2014 92  2211 2160 2231 2270 2195 2169 2255 2259 2180 2291 2375
288REYKJAVI2014 93  2333 2397 2475 2397 2366 2323 2393 2523
288REYKJAVI2014101  2528 2466 2424 2415 2428 2382 2345 2260 2204 2177 2164
288REYKJAVI2014102  2199 2207 2195 2275 2370 2440 2557 2601 2482 2355 2448
288REYKJAVI2014103  2498 2493 2562 2521 2395 2275 2228 2359 2630
288REYKJAVI2014111  2609 2395 2250 2242 2409 2572 2446 2304 2292 2369 2419
288REYKJAVI2014112  2486 2555 2482 2427 2340 2301 2324 2337 2342 2416 2456
288REYKJAVI2014113  2435 2456 2451 2400 2395 2470 2480 2546
288REYKJAVI2014121  2483 2428 2395 2321 2300 2396 2321 2379 2606 2385 2207
288REYKJAVI2014122  2235 2437 2375 2266 2465 2634 2474 2278 2288 2419 2322
288REYKJAVI2014123  2210 2102 2073 2066 1958 2064 2231 2299 2438
288REYKJAVI2015 11  2444 2319 2221 2377 2452 2480 2693 2499 2399 2400 2411
288REYKJAVI2015 12  2510 2457 2367 2298 2223 2097 2086 2382 2399 2251 2339
288REYKJAVI2015 13  2349 2304 2380 2226 2309 2372 2239 2174 2154
288REYKJAVI2015 21  2180 2056 2031 2087 2085 2066 1953 2101 2242 2225 2142
288REYKJAVI2015 22  2133 2274 2566 2577 2377 2259 2392 2278 2098 2144 2467
288REYKJAVI2015 23  2478 2379 2575 2519 2293 2369
288REYKJAVI2015 31  2384 2385 2272 2300 2337 2468 2478 2311 2184 2319 2356
288REYKJAVI2015 32  2307 2368 2305 2236 2263 2026 2099 2140 2041 2129 2207
288REYKJAVI2015 33  2125 2107 2287 2296 2339 2347 2372 2344 2241
288REYKJAVI2015 41  2069 2135 2259 2199 2187 2181 2088 2075 2128 2262 2294
288REYKJAVI2015 42  2219 2384 2309 2147 2135 2084 1959 2013 2102 2087 2050
288REYKJAVI2015 43  2034 2081 2078 2042 2068 2052 2061 2086
288REYKJAVI2015 51  2099 2111 2133 2141 2168 2153 2126 2116 2087 2150 2219
288REYKJAVI2015 52  2205 2165 2221 2395 2421 2217 2113 2172 2244 2212 2096
288REYKJAVI2015 53  2208 2201 2135 2189 2186 2144 2142 2209 2280
288REYKJAVI2015 61  2277 2251 2190 2124 2085 2063 2011 2060 2073 2065 2092
288REYKJAVI2015 62  2081 2078 2116 2223 2342 2291 2163 2133 2187 2144 2096
288REYKJAVI2015 63  2094 2141 2211 2336 2372 2380 2360 2338
288REYKJAVI2015 71  2362 2293 2204 2163 2228 2239 2194 2149 2158 2198 2283
288REYKJAVI2015 72  2316 2280 2262 2205 2176 2183 2210 2222 2242 2273 2262
288REYKJAVI2015 73  2230 2201 2187 2174 2162 2180 2201 2218 2207
288REYKJAVI2015 81  2198 2161 2169 2226 2270 2266 2230 2299 2358 2281 2232
288REYKJAVI2015 82  2330 2446 2431 2350 2291 2161 2164 2262 2340 2419 2376
288REYKJAVI2015 83  2232 2254 2312 2321 2329 2189 2084 2065 2048
288REYKJAVI2015 91  2024 2046 2065 2031 2092 2115 2168 2269 2392 2373 2300
288REYKJAVI2015 92  2283 2294 2295 2198 2196 2236 2215 2280 2365 2308 2363
288REYKJAVI2015 93  2436 2320 2254 2301 2193 2148 2118 2087
288REYKJAVI2015101  2162 2143 2236 2451 2486 2518 2465 2343 2264 2188 2197
288REYKJAVI2015102  2205 2226 2209 2167 2174 2253 2249 2236 2318 2416 2444
288REYKJAVI2015103  2452 2330 2235 2176 2298 2491 2564 2484 2412
288REYKJAVI2015111  2454 2431 2323 2289 2442 2554 2543 2464 2467 2477 2476
288REYKJAVI2015112  2419 2336 2314 2366 2384 2381 2301 2174 2126 2110 2229
288REYKJAVI2015113  2371 2252 2288 2390 2407 2411 2392 2296
288REYKJAVI2015121  2426 2399 2334 2450 2488 2286 2391 2641 2362 2300 2230
288REYKJAVI2015122  2208 2229 2204 2186 2287 2450 2491 2541 2511 2553 2578
288REYKJAVI2015123  2438 2285 2208 2289 2445 2535 2556 2699 2565
288REYKJAVI2016 11  2414 2312 2261 2342 2362 2548 2560 2495 2425 2319 2277
288REYKJAVI2016 12  2180 2101 2045 2056 2127 2140 2125 2114 2172 2346 2530
288REYKJAVI2016 13  2447 2443 2544 2455 2456 2422 2404 2343 2368
288REYKJAVI2016 21  2412 2286 2238 2434 2552 2424 2356 2306 2204 2157 2174
288REYKJAVI2016 22  2170 2140 2043 2249 2414 2285 2222 2405 2384 2156 2038
288REYKJAVI2016 23  1994 2032 2134 2123 2049 2164 2293
288REYKJAVI2016 31  2235 2188 2133 2150 2179 2284 2342 2226 2263 2222 2276
288REYKJAVI2016 32  2225 2083 2009 1994 1994 2049 2068 2114 2122 2173 2257
288REYKJAVI2016 33  2315 2309 2283 2269 2258 2255 2247 2287 2356
288REYKJAVI2016 41  2464 2351 2206 2166 2259 2266 2201 2255 2118 2015 9999
288REYKJAVI2016 42  2032 2046 2066 2102 2263 2227 2084 2136 2073 1940 1924
288REYKJAVI2016 43  1977 2016 2022 2033 2025 2043 2110 2220
288REYKJAVI2016 51  2324 2296 2192 2179 2182 2150 2086 2001 1929 1980 2037
288REYKJAVI2016 52  2048 2054 2059 2087 2109 2155 2168 2208 2245 2252 2225
288REYKJAVI2016 53  2172 2173 2185 2205 2226 2198 2161 2040 2012
288REYKJAVI2016 61  1978 1906 1904 1991 2044 2030 2058 2082 2102 2142 2179
288REYKJAVI2016 62  2208 2230 2229 2215 2209 2168 2229 2324 2434 9999 9999
288REYKJAVI2016 63  9999 2197 2236 2320 2348 2306 2289 2297
288REYKJAVI2016 71  2284 2214 2170 2160 2139 2164 2200 2189 2193 2205 2214
288REYKJAVI2016 72  2194 2152 2189 2325 2293 2239 2253 2276 2320 2334 2289
288REYKJAVI2016 73  2273 2246 2228 2209 2191 2185 2150 2135 2135
288REYKJAVI2016 81  2127 2166 2202 2198 9999 9999 9999 9999 2137 2227 2371
288REYKJAVI2016 82  2355 2266 2263 2325 2307 2271 2209 2176 2237 2251 2283
288REYKJAVI2016 83  2285 2251 2280 2260 2198 2194 2312 2413 2343
288REYKJAVI2016 91  2310 2363 2332 2303 2378 2354 2295 2440 2536 2495 2436
288REYKJAVI2016 92  2382 2271 2210 2312 2343 2325 2274 2307 2262 2288 2381
288REYKJAVI2016 93  2335 2385 2359 2292 2297 2293 2300 2320
288REYKJAVI2016101  2320 2375 2450 2345 2320 2259 2286 2341 2314 2237 2223
288REYKJAVI2016102  2371 2355 2182 2129 2228 2321 2266 2357 2363 2330 2300
288REYKJAVI2016103  2249 2333 2482 2477 2366 2255 2328 2312 2088
288REYKJAVI2016111  2082 2271 2297 2167 2120 2206 2412 2510 2399 2364 2495
288REYKJAVI2016112  2419 2374 2329 2452 2438 2299 2228 2271 2253 2182 2195
288REYKJAVI2016113  2245 2336 2247 2145 2207 2233 2259 2254
288REYKJAVI2016121  2233 2200 9999 2234 2195 2345 2509 2448 2458 2450 2361
288REYKJAVI2016122  2351 2412 2494 2552 2483 2362 2383 2460 2649 2505 2432
288REYKJAVI2016123  2412 2419 2459 2376 2434 2383 2443 2343 2096
288REYKJAVI2017 11  2042 2106 2095 2149 2337 2209 2188 2311 2374 2362 2299
288REYKJAVI2017 12  2221 2157 2221 9999 9999 2147 2143 2161 2293 2286 2199
288REYKJAVI2017 13  2384 2485 2418 2383 2358 2280 2265 2436 2517
288REYKJAVI2017 21  2400 2448 2546 2493 2363 2419 2471 2358 2213 2067 2011
288REYKJAVI2017 22  1997 2046 2161 2202 2179 2247 2287 2317 2348 2384 2362
288REYKJAVI2017 23  2345 2479 9999 2472 2265 2200
288REYKJAVI2017 31  2240 2199 2145 2235 2332 2374 2403 2345 2176 2251 2374
288REYKJAVI2017 32  2276 2328 2295 2210 2237 2262 2365 2388 2391 2283 2122
288REYKJAVI2017 33  2210 2237 2183 2090 2017 2077 2163 2283 2320
288REYKJAVI2017 41  2238 2355 2390 2164 2091 2191 2272 2226 2070 2159 2225
288REYKJAVI2017 42  2123 2192 2201 2134 2100 2195 2228 2238 2123 2019 2025
288REYKJAVI2017 43  1977 1929 1963 2019 2139 2330 2327 2271
288REYKJAVI2017 51  2317 2311 2134 2001 1979 2028 2015 1990 2109 2260 2384
288REYKJAVI2017 52  2524 2482 2403 2397 2405 2275 2142 2104 2116 2235 2333
288REYKJAVI2017 53  2338 2308 2305 2303 2301 2258 2288 2333 2282
288REYKJAVI2017 61  2347 2330 2289 2278 2247 2237 2234 2261 2259 9999 2314
288REYKJAVI2017 62  2341 2347 2400 2434 2412 2392 2301 2221 2294 2390 2410
288REYKJAVI2017 63  2383 2299 2236 2209 2231 2235 2248 2280
288REYKJAVI2017 71  9999 2305 2255 2235 2304 2395 2362 2329 2283 2266 2273
288REYKJAVI2017 72  2348 2349 2365 2406 2357 9999 2347 2373 2331 2329 2311
288REYKJAVI2017 73  2214 2164 2242 2377 2401 2376 9999 2326 2281
288REYKJAVI2017 81  2269 2303 2326 2342 2323 2268 2223 2210 2227 2247 2248
288REYKJAVI2017 82  2232 2241 2272 2315 2351 2319 2238 2198 2178 2182 2196
288REYKJAVI2017 83  2230 2253 2286 2429 2509 2487 2403 2297 2251
288REYKJAVI2017 91  2292 2401 2510 2619 2542 2404 2372 2321 2330 2343 2355
288REYKJAVI2017 92  2411 2321 2184 2178 2278 2309 2333 2316 2341 2375 2359
288REYKJAVI2017 93  2487 2485 2344 2392 2362 2305 2383 2491
288REYKJAVI2017101  2455 2357 2320 2261 2177 2300 2397 2417 2493 2557 2560
288REYKJAVI2017102  2563 2604 2420 2304 2259 2308 2432 2536 2478 2331 2386
288REYKJAVI2017103  2494 9999 2332 2234 2237 2177 2165 2288 2353
288REYKJAVI2017111  2314 2392 2401 2323 2426 2601 2499 2429 2322 2230 2198
288REYKJAVI2017112  2263 2411 2394 2361 2343 2238 2157 2181 2191 2173 2229
288REYKJAVI2017113  2278 2182 2169 2312 2238 2130 9999 9999
288REYKJAVI2017121  9999 9999 9999 2226 2252 2235 2196 2186 2268 2303 2381
288REYKJAVI2017122  2555 2526 2333 2226 2326 2363 2437 2422 2308 2254 2350
288REYKJAVI2017123  2339 2318 2257 2191 2160 2275 2403 2460 2413
288REYKJAVI2018 11  2320 2369 2395 2347 2251 2210 2319 2434 2531 2432 2420
288REYKJAVI2018 12  2486 2495 2635 2608 2503 2441 2403 2287 2209 2301 2506
288REYKJAVI2018 13  2533 2347 2208 2320 2397 2313 2239 2287 2242
288REYKJAVI2018 21  2162 2339 2236 2230 2230 2146 2336 2416 2388 2400 2401
288REYKJAVI2018 22  2320 2374 2547 2592 2397 2211 2269 2411 2207 2265 2355
288REYKJAVI2018 23  2415 2398 2199 2155 2015 1936
288REYKJAVI2018 31  1953 2024 9999 9999 2166 2251 2228 2215 2215 2215 2182
288REYKJAVI2018 32  2247 2388 2487 2481 2339 2217 2126 2078 2155 2251 2401
288REYKJAVI2018 33  2416 2304 2212 2305 2401 2394 2278 2182 2176
288REYKJAVI2018 41  2174 2193 2262 2265 2192 2161 2143 2162 2227 2250 2271
288REYKJAVI2018 42  2217 2253 2315 2303 2405 2507 2435 2292 2211 2195 2258
288REYKJAVI2018 43  2306 2306 2271 2234 2160 2075 2202 2337
288REYKJAVI2018 51  2388 2415 2456 2442 2346 2280 2318 2419 9999 2479 2338
288REYKJAVI2018 52  2224 2247 2266 2197 2181 2226 2276 2454 2437 2187 2238
288REYKJAVI2018 53  2235 2174 2152 2144 2195 2232 2216 2187 2141
288REYKJAVI2018 61  2138 2156 2156 2143 2142 2161 2148 2160 2206 2217 2193
288REYKJAVI2018 62  2204 2287 9999 2352 2296 2350 2370 2257 2149 2132 2166
288REYKJAVI2018 63  2230 2306 2290 2175 2156 2181 2205 2223
288REYKJAVI2018 71  2259 2271 2223 2233 2250 2279 2249 2220 2199 2147 2178
288REYKJAVI2018 72  2213 2288 2366 2400 2317 2244 2262 2270 2274 2325 2345
288REYKJAVI2018 73  2360 2366 2351 2353 2347 2377 2460 2464 2389
288REYKJAVI2018 81  2342 2307 2276 2256 2287 2335 2307 2311 2308 2287 2275
288REYKJAVI2018 82  2283 2335 2413 2420 2383 2403 2345 2292 2302 2346 2379
288REYKJAVI2018 83  2337 2281 2289 2349 2427 2444 2312 2297 2444
288REYKJAVI2018 91  2435 2341 2272 2279 2219 2212 2305 2400 2399 2413 2414
288REYKJAVI2018 92  2369 2328 2321 2422 2545 2504 2438 2393 2324 2257 2224
288REYKJAVI2018 93  2232 2307 2371 2283 2183 2297 2290 2201
288REYKJAVI2018101  2314 2247 2285 2331 2207 2321 2411 2399 9999 9999 9999
288REYKJAVI2018102  2612 2551 2508 2510 2557 2393 2413 2444 2472 2338 2227
288REYKJAVI2018103  2254 2223 2077 1987 2020 2282 2351 2367 2386
288REYKJAVI2018111  2294 2270 2390 2441 2407 2520 2598 2500 2527 2595 2526
288REYKJAVI2018112  2387 2399 2419 2426 2450 2444 2313 2204 2161 2138 2166
288REYKJAVI2018113  2171 2172 2224 2301 2393 2509 2542 2529
288REYKJAVI2018121  2461 2390 2330 2303 2341 2576 2555 2419 2316 2401 2564
288REYKJAVI2018122  2456 2470 2547 2599 2543 2570 2624 2498 2377 2357 9999
288REYKJAVI2018123  2202 2222 2347 2397 2367 2323 2214 2354 2197
288REYKJAVI2019 11  2032 2152 9999 2273 2266 2242 2201 2200 2324 2282 2320
288REYKJAVI2019 12  2346 2254 2328 2318 2196 2197 2266 2318 2356 2454 2328
288REYKJAVI2019 13  2232 2244 2218 2182 2279 2347 2306 2283 2258
288REYKJAVI2019 21  2208 2253 2316 2280 2415 2496 2370 2316 2285 2266 2334
288REYKJAVI2019 22  2399 2351 2315 2261 2288 2382 2294 2353 2514 2486 2441
288REYKJAVI2019 23  2415 2249 2334 2388 2209 2288
288REYKJAVI2019 31  2389 2459 2431 2355 2340 2297 2310 2483 2501 2390 2468
288REYKJAVI2019 32  2501 2447 2456 2419 2346 2281 2312 2356 2273 2244 2347
288REYKJAVI2019 33  2266 2107 2146 2208 2284 2322 2218 2121 2259
288REYKJAVI2019 41  2252 2099 2186 2192 2120 2109 2140 2156 2150 2196 2258
288REYKJAVI2019 42  2326 2381 2367 2279 2383 2386 2315 2346 2290 2241 2294
288REYKJAVI2019 43  2412 2470 2455 2432 2337 2304 2242 2146
288REYKJAVI2019 51  2151 2106 2055 2063 2077 2110 9999 9999 9999 9999 9999
288REYKJAVI2019 52  9999 9999 9999 2282 2227 2209 2224 2236 2233 2200 2151
288REYKJAVI2019 53  2149 2158 2177 2228 2241 2222 2250 2264 2263
288REYKJAVI2019 61  2284 2298 2336 2312 2240 2168 2195 2194 2149 2063 1960
288REYKJAVI2019 62  1931 2053 2162 2203 2230 2271 2278 2262 2294 2313 2252
288REYKJAVI2019 63  2183 2110 2097 2088 2119 2179 2251 2302
288REYKJAVI2019 71  2227 2168 2244 2295 2227 2183 2174 2191 2239 2307 2306
288REYKJAVI2019 72  2238 2204 2231 2294 2384 2423 2406 2377 2369 2372 2384
288REYKJAVI2019 73  2334 2337 2368 2363 2378 2335 2322 2359 2360
288REYKJAVI2019 81  2321 2243 2198 2226 2281 2298 2289 2255 2246 2247 2243
288REYKJAVI2019 82  2247 2251 2313 2361 2388 2390 2349 2324 2349 2393 2367
288REYKJAVI2019 83  2307 2278 2442 2600 2466 9999 9999 2285 2261
288REYKJAVI2019 91  2246 2222 2197 2197 2288 2281 2351 2404 2366 2458 2448
288REYKJAVI2019 92  2333 2305 2340 2315 2222 2106 2227 2355 2368 2406 2488
288REYKJAVI2019 93  2466 2485 2524 2504 2411 2353 2311 2279
288REYKJAVI2019101  2265 2308 2457 2554 2592 2528 2668 2692 2515 2442 2400
288REYKJAVI2019102  9999 2372 2485 2600 2557 2457 2347 2287 2398 2396 2271
288REYKJAVI2019103  2231 2232 2246 2291 2207 2117 2158 2244 2313
288REYKJAVI2019111  2382 2450 2460 2375 2331 2356 2320 2422 2445 2496 2542
288REYKJAVI2019112  2443 2360 2248 2323 2351 2287 2393 2497 2461 2439 2362
288REYKJAVI2019113  2265 2251 2270 2312 2320 2277 2230 2225
288REYKJAVI2019121  2266 2444 2571 2565 2463 2398 2473 2473 2513 2561 2403
288REYKJAVI2019122  2401 2443 2461 2384 2283 2257 2296 2355 2506 2516 2465
288REYKJAVI2019123  2420 2315 2202 2323 2504 2426 2404 2257 2313
288REYKJAVI2020 11  2457 2374 2203 2363 2490 2543 2672 2514 2437 2559 2584
288REYKJAVI2020 12  2384 2405 2540 2544 2444 2247 2235 2402 2256 2173 2352
288REYKJAVI2020 13  2406 2344 2551 2656 2600 2435 2378 2370 2341
288REYKJAVI2020 21  2319 2339 2333 2296 2323 2325 2489 2638 2648 2566 2414
288REYKJAVI2020 22  2317 2370 2698 2734 2711 2486 2350 2433 2548 2537 2451
288REYKJAVI2020 23  2314 2328 2354 2309 2407 2512 2473
288REYKJAVI2020 31  2574 2603 2517 2489 2368 2300 2430 2410 2416 2533 2439
288REYKJAVI2020 32  2283 2223 2202 2362 2555 2398 2107 1987 9999 9999 9999
288REYKJAVI2020 33  9999 9999 9999 9999 9999 9999 9999 9999 9999
288REYKJAVI2020 41  9999 9999 9999 9999 9999 9999 9999 9999 9999 9999 9999
288REYKJAVI2020 42  9999 9999 9999 9999 9999 9999 9999 9999 9999 9999 9999
288REYKJAVI2020 43  9999 9999 9999 9999 9999 9999 9999 9999
288REYKJAVI2020 51  9999 9999 9999 9999 9999 9999 9999 9999 9999 9999 9999
288REYKJAVI2020 52  9999 9999 9999 9999 9999 9999 9999 9999 9999 9999 9999
288REYKJAVI2020 53  9999 9999 9999 9999 9999 9999 9999 9999 9999
288REYKJAVI2020 61  9999 9999 9999 9999 9999 9999 9999 9999 9999 9999 9999
288REYKJAVI2020 62  9999 9999 9999 9999 9999 9999 9999 9999 9999 9999 9999
288REYKJAVI2020 63  9999 9999 9999 9999 9999 9999 9999 9999
288REYKJAVI2020 71  9999 9999 9999 9999 9999 9999 9999 9999 9999 9999 9999
288REYKJAVI2020 72  9999 9999 9999 9999 9999 9999 9999 9999 9999 9999 9999
288REYKJAVI2020 73  9999 9999 9999 9999 9999 9999 9999 9999 9999
288REYKJAVI2020 81  9999 9999 9999 9999 9999 9999 9999 9999 9999 9999 9999
288REYKJAVI2020 82  9999 9999 9999 9999 9999 9999 9999 9999 9999 9999 9999
288REYKJAVI2020 83  9999 9999 9999 9999 9999 9999 9999 9999 9999
288REYKJAVI2020 91  9999 9999 9999 9999 9999 9999 9999 9999 9999 9999 9999
288REYKJAVI2020 92  9999 9999 9999 9999 9999 9999 9999 9999 9999 9999 9999
288REYKJAVI2020 93  9999 9999 9999 9999 9999 9999 9999 9999
288REYKJAVI2020101  9999 9999 9999 9999 9999 9999 9999 9999 9999 9999 9999
288REYKJAVI2020102  9999 9999 9999 9999 9999 9999 9999 9999 9999 9999 9999
288REYKJAVI2020103  9999 9999 9999 9999 9999 9999 9999 9999 9999
288REYKJAVI2020111  9999 9999 9999 9999 9999 9999 9999 9999 9999 9999 9999
288REYKJAVI2020112  9999 9999 9999 9999 9999 9999 9999 9999 9999 9999 9999
288REYKJAVI2020113  9999 9999 9999 9999 9999 9999 9999 9999
288REYKJAVI2020121  9999 9999 9999 9999 9999 9999 9999 9999 9999 9999 9999
288REYKJAVI2020122  9999 9999 9999 9999 9999 9999 9999 9999 9999 9999 9999
288REYKJAVI2020123  9999 9999 9999 9999 9999 9999 9999 9999 9999
288REYKJAVI2021 11  9999 9999 9999 9999 9999 9999 9999 9999 9999 9999 9999
288REYKJAVI2021 12  9999 9999 9999 9999 9999 9999 9999 9999 9999 9999 9999
288REYKJAVI2021 13  9999 9999 9999 9999 9999 9999 9999 9999 9999
288REYKJAVI2021 21  9999 9999 9999 9999 9999 9999 9999 9999 9999 9999 9999
288REYKJAVI2021 22  9999 9999 9999 9999 9999 9999 9999 9999 9999 9999 9999
288REYKJAVI2021 23  9999 9999 9999 9999 9999 9999
288REYKJAVI2021 31  9999 9999 9999 9999 9999 9999 9999 9999 9999 9999 9999
288REYKJAVI2021 32  9999 9999 9999 9999 9999 9999 9999 9999 9999 9999 9999
288REYKJAVI2021 33  9999 9999 9999 9999 9999 9999 9999 9999 9999
288REYKJAVI2021 41  9999 9999 9999 9999 9999 9999 9999 9999 9999 9999 9999
288REYKJAVI2021 42  9999 9999 9999 9999 9999 9999 9999 9999 9999 9999 9999
288REYKJAVI2021 43  9999 9999 9999 9999 9999 9999 9999 9999
288REYKJAVI2021 51  9999 9999 9999 9999 9999 9999 9999 9999 9999 9999 9999
288REYKJAVI2021 52  9999 9999 9999 9999 9999 9999 9999 9999 9999 9999 9999
288REYKJAVI2021 53  9999 9999 9999 9999 9999 9999 9999 9999 9999
288REYKJAVI2021 61  9999 9999 9999 9999 9999 9999 9999 9999 9999 9999 9999
288REYKJAVI2021 62  9999 9999 9999 9999 9999 9999 9999 9999 9999 9999 9999
288REYKJAVI2021 63  9999 9999 9999 9999 9999 9999 9999 9999
