291ASCENSIO      LAT=07 55.0S  LONG=014 25.0W
291ASCENSIO1993 51  9999 9999 9999 9999 9999 9999 9999 9999 9999 9999 9999
291ASCENSIO1993 52  9999 9999 9999 9999 9999 9999 9999 9999 9999 9999 9999
291ASCENSIO1993 53  9999  -34  -38  -34  -29  -10  -20  -33  -28
291ASCENSIO1993 61   -49  -65  -84  -89  -71  -72  -63  -51  -54  -51  -39
291ASCENSIO1993 62   -28  -27  -34  -46  -63  -79  -90 -101  -83  -76  -75
291ASCENSIO1993 63   -63  -58  -66  -75  -74  -69  -67  -74
291ASCENSIO1993 71   -93  -90  -94 -101  -88  -89 -102 -100  -85  -78  -97
291ASCENSIO1993 72   -98  -88 -106 -116 -105  -80  -62  -46  -26   -9   -1
291ASCENSIO1993 73    -5  -10  -14  -26  -33  -31  -38  -34  -39
291ASCENSIO1993 81   -63  -56  -51  -54  -53  -56  -51  -59  -72  -86  -99
291ASCENSIO1993 82  -105  -91  -92  -88  -92  -87  -74  -72  -64  -65  -77
291ASCENSIO1993 83  -100 -110 -137 -147 -125 -101  -90  -91  -95
291ASCENSIO1993 91  -101 -102  -92 -123 -119 -107 -115 -127 -140 -128 -114
291ASCENSIO1993 92   -99  -86  -78  -77  -75  -51  -60  -77  -85  -96 -105
291ASCENSIO1993 93   -98 -105 -119 -100 -100 -114 -107  -98
291ASCENSIO1993101  -103 -107 -122 -125 -131 -126 -137 -128 -110 -103  -84
291ASCENSIO1993102   -48  -32  -31  -36  -45  -67  -72  -82  -73  -67  -80
291ASCENSIO1993103   -68  -60  -64  -63  -56  -69  -78  -80  -83
291ASCENSIO1993111   -99 -110 -105  -87  -66  -41  -39  -40  -42  -40  -40
291ASCENSIO1993112   -46  -59  -77  -88  -86  -69  -68  -61  -51  -70  -70
291ASCENSIO1993113  9999 9999 9999 9999 9999 9999 9999 9999
291ASCENSIO1993121   -68  -64  -58  -61  -47  -51  -50  -50  -64  -68  -61
291ASCENSIO1993122   -69  -75  -65  -75  -81  -87  -88  -82  -59  -44  -51
291ASCENSIO1993123   -61  -78 -104 -115 -112 -107  -98  -63  -26
291ASCENSIO1994 11   -26  -39  -37  -14  -12  -30  -34  -41  -48  -51  -55
291ASCENSIO1994 12   -44  -40  -52  -51  -23  -25  -50  -62  -71  -88 -111
291ASCENSIO1994 13   -89  -71  -87 -104  -96  -86  -86  -85  -67
291ASCENSIO1994 21   -67  -73  -83  -93 -103  -96  -92  -91  -93  -93  -82
291ASCENSIO1994 22   -89  -83  -91  -97  -99 -103 -102  -89  -70  -55  -44
291ASCENSIO1994 23   -11   -2  -18  -15   -6   -5
291ASCENSIO1994 31   -20  -29  -27  -22   -7   16    5   -6    2   14    2
291ASCENSIO1994 32   -12  -14  -10   -9  -24  -32  -46  -40  -22  -24  -21
291ASCENSIO1994 33    -2    7   -6   -5  -14  -22  -25  -56  -72
291ASCENSIO1994 41   -56  -40  -24  -27  -31  -22  -19  -24  -11    3  -24
291ASCENSIO1994 42   -56  -53  -54  -65  -61  -73  -66  -32  -34  -39  -15
291ASCENSIO1994 43    -6   -6  -16  -30  -36  -40  -41  -39
291ASCENSIO1994 51   -35  -33  -56  -72  -64  -47  -30  -29  -45  -29  -23
291ASCENSIO1994 52   -28  -59  -59  -58  -44  -28  -10   -2   -3   -1   -1
291ASCENSIO1994 53   -13   -9  -10  -19  -19   -4   15    7  -15
291ASCENSIO1994 61   -21  -26  -33  -38  -39  -40  -42  -38  -52  -62  -61
291ASCENSIO1994 62   -50  -46  -38  -23  -29  -36  -29  -26  -31  -41  -37
291ASCENSIO1994 63   -41  -26  -23  -33  -38  -31  -24  -24
291ASCENSIO1994 71   -42  -64  -78  -84  -77  -87  -82  -75  -85  -88  -92
291ASCENSIO1994 72   -88  -74  -78  -97 -116 -128 -129 -147 -134 -129 -135
291ASCENSIO1994 73  -130 -127 -134 -127 -125 -127 -132 -159 -171
291ASCENSIO1994 81  -179 -172 -170 -180 -162 -141 -150 -139 -101  -86  -91
291ASCENSIO1994 82   -80  -82  -91  -98  -92  -81  -71  -66  -55  -51  -51
291ASCENSIO1994 83   -41  -53  -64  -77  -90  -80  -85 -110 -118
291ASCENSIO1994 91  -106 -118 -125 -122 -131 -127 -118 -118 -112 -119 -135
291ASCENSIO1994 92  -136 -138 -120 -128 -123 -119 -121 -119 -119 -116 -123
291ASCENSIO1994 93  -123 -123 -121 -110  -87  -86  -86  -81
291ASCENSIO1994101   -71  -62  -48  -47  -66  -73  -85  -94 -105 -115 -112
291ASCENSIO1994102  -110 -118 -115 -126 -127 -131 -149 -156 -153 -157 -148
291ASCENSIO1994103  -133 -136 -147 -142 -133 -117 -107 -118 -116
291ASCENSIO1994111  -107 -114 -122 -120 -126 -135 -129 -125 -117 -119 -120
291ASCENSIO1994112  -117 -126 -143 -133 -133 -138 -137 -143 -130  -95  -98
291ASCENSIO1994113  -107  -95  -84  -90  -81  -73  -92 -118
291ASCENSIO1994121  -127 -138 -137 -124 -123 -121 -124 -115  -95  -96  -88
291ASCENSIO1994122   -94 -119 -124 -148 -139 -129 -131 -106  -83  -87 -102
291ASCENSIO1994123  -104  -76  -68  -68  -67  -93 -115 -111 -105
291ASCENSIO1995 11  -106 -107  -87  -78  -91 -103 -105  -95  -92  -93  -87
291ASCENSIO1995 12   -88  -98 -126 -126 -125 -119 -118 -115  -94  -98  -94
291ASCENSIO1995 13   -86  -95 -109 -102  -98  -94 -103 -111  -94
291ASCENSIO1995 21   -83 -107 -107 -101 -120 -123 -137 -149 -144 -143 -143
291ASCENSIO1995 22  -145 -151 -141 -114 -109 -116  -88  -91 -107  -90  -70
291ASCENSIO1995 23   -79  -68  -55  -46  -43  -53
291ASCENSIO1995 31   -46  -35  -47  -53  -51  -45  -52  -62  -76  -83  -75
291ASCENSIO1995 32   -64  -58  -55  -60  -58  -49  -50  -54  -73  -68  -60
291ASCENSIO1995 33   -72  -57  -38  -30  -37  -49  -56  -45  -53
291ASCENSIO1995 41   -68  -72  -72  -85  -82  -59  -49  -50  -59  -57  -47
291ASCENSIO1995 42   -53  -60  -49  -32  -35  -42  -53  -46  -33  -43  -57
291ASCENSIO1995 43   -51  -39  -34  -38  -51  -62  -50  -43
291ASCENSIO1995 51   -52  -44  -37  -24  -18    1    6   11   18   17    8
291ASCENSIO1995 52     3   21   23   -7   -4   19   16   10   19   21   18
291ASCENSIO1995 53     8  -16  -22  -44  -48  -44  -66  -70  -64
291ASCENSIO1995 61   -57  -67  -57  -56  -46  -27  -33  -40  -31  -32  -35
291ASCENSIO1995 62   -50  -51  -44  -29  -18  -13   -2  -19  -27  -10  -14
291ASCENSIO1995 63   -31  -34  -32  -42  -51  -48  -43  -22
291ASCENSIO1995 71    -9  -12  -20  -17  -16  -27  -42  -49  -37  -30  -35
291ASCENSIO1995 72   -30  -26  -38  -19  -24  -48  -49  -40  -45  -75  -91
291ASCENSIO1995 73   -84  -75  -76  -68  -54  -54  -52  -43  -21
291ASCENSIO1995 81   -22  -28  -40  -52  -48  -35  -37  -45  -40  -40  -26
291ASCENSIO1995 82   -13  -22  -15  -14  -12  -14  -29  -41  -55  -59  -47
291ASCENSIO1995 83   -60  -41  -29  -46  -53  -40  -32  -57  -59
291ASCENSIO1995 91   -67  -82  -72  -50  -66  -76  -59  -59  -64  -73  -78
291ASCENSIO1995 92   -67  -62  -82 -100 -101  -95  -96  -96  -93  -89  -82
291ASCENSIO1995 93   -76  -82  -59  -61  -66  -54  -54  -63
291ASCENSIO1995101   -71  -75  -68  -54  -52  -52  -44  -44  -40  -40  -46
291ASCENSIO1995102   -71  -81  -75  -86  -73  -63  -50  -30  -32  -39  -42
291ASCENSIO1995103   -44  -51  -61  -60  -67  -66  -64  -66  -69
291ASCENSIO1995111   -62  -64  -67  -70  -89  -99  -86  -87  -85  -85  -92
291ASCENSIO1995112   -91  -86  -67  -38  -47  -55  -37  -39  -59  -68  -63
291ASCENSIO1995113   -55  -49  -23  -31  -51  -52  -48  -68
291ASCENSIO1995121   -59  -65  -63  -63  -66  -67  -68  -65  -60  -58  -74
291ASCENSIO1995122   -52  -22  -42  -57  -75  -67  -51  -51  -63  -79  -60
291ASCENSIO1995123   -47  -53  -69  -64  -66  -79  -96  -89  -92
291ASCENSIO1996 11  -101  -80  -85  -86  -82  -81  -68  -79 -104  -98  -89
291ASCENSIO1996 12   -85  -71  -55  -39  -46  -56  -64  -49  -31  -20  -38
291ASCENSIO1996 13   -62  -43  -45 9999 9999 9999 9999 9999 9999
291ASCENSIO1996 21  9999 9999 9999 9999 9999 9999 9999 9999 9999  -63  -56
291ASCENSIO1996 22   -50  -35  -30 9999 9999 9999 9999 9999 9999 9999 9999
291ASCENSIO1996 23  9999 9999 9999 9999 9999 9999  -40
291ASCENSIO1996 31   -36   -9   -5  -16  -33  -38  -27  -32  -46  -31  -37
291ASCENSIO1996 32   -49  -29  -25   -6   10   19   16   35   41   21   -7
291ASCENSIO1996 33   -16  -14  -17  -12  -32  -34  -34  -25  -17
291ASCENSIO1996 41   -16   -7   -6   -8  -12  -23  -13   -1   -1  -11  -13
291ASCENSIO1996 42     1    1    4    7  -14  -11   -8  -21  -26  -48  -83
291ASCENSIO1996 43   -82  -69  -57  -54  -44  -17  -10  -13
291ASCENSIO1996 51   -25  -24  -17  -21  -28  -28  -32  -33  -35  -25  -36
291ASCENSIO1996 52   -34  -14  -13  -10   -3 9999 9999  -37  -38  -28  -20
291ASCENSIO1996 53     0    3   -2    2    3   -2    1    1   -9
291ASCENSIO1996 61   -32  -29  -21  -38  -46  -50  -61  -56  -44  -47  -48
291ASCENSIO1996 62   -54  -51  -45  -54  -43  -24  -31  -20   -3  -18  -12
291ASCENSIO1996 63   -14   -2    6    9    6    0   -8  -26
291ASCENSIO1996 71   -24   -9  -17    0   37   35   30   22    0  -10  -40
291ASCENSIO1996 72   -46  -29  -13    3  -12  -15  -13  -29  -19    4    3
291ASCENSIO1996 73     9    8  -13  -19   -9  -17   -7    9    0
291ASCENSIO1996 81   -20  -11  -15  -21  -29  -25  -22  -34  -52  -48  -25
291ASCENSIO1996 82    -4   -2   -1    0  -12  -15   -1    9    3   -2  -15
291ASCENSIO1996 83   -36  -37  -40  -43  -36  -26  -23  -17  -18
291ASCENSIO1996 91   -38  -51  -50  -53  -58  -52  -54  -70  -85 -107 -109
291ASCENSIO1996 92   -84  -58  -56  -81 -111 -123  -97  -83  -89  -76  -66
291ASCENSIO1996 93   -64  -48  -48  -45  -40  -55  -68  -57
291ASCENSIO1996101   -65  -93 -105  -85  -73  -93  -78  -54  -59  -44  -45
291ASCENSIO1996102   -45  -47  -65  -65  -64  -76  -76  -79  -77  -57  -57
291ASCENSIO1996103   -66  -65  -69  -78  -87  -93  -81  -69  -57
291ASCENSIO1996111   -62  -72  -59  -64  -64  -45  -42  -56  -54  -66  -75
291ASCENSIO1996112   -62  -64  -56  -49  -33  -34  -46  -38  -25  -11  -25
291ASCENSIO1996113   -32  -40  -52  -44  -47  -53  -41  -33
291ASCENSIO1996121   -36  -29  -19   -7   10   -9  -17    4    3  -25  -35
291ASCENSIO1996122   -31  -31  -24  -40  -36  -23   -7  -10  -34  -46  -64
291ASCENSIO1996123   -81  -93 -107  -86  -59  -56  -45  -49  -57
291ASCENSIO1997 11   -32  -32  -41  -58  -67  -56  -57  -70  -64  -50  -48
291ASCENSIO1997 12   -46  -37  -39  -46  -43  -46  -41  -44  -43  -42  -32
291ASCENSIO1997 13   -27  -33  -22   -9  -12  -15  -30  -26  -26
291ASCENSIO1997 21   -35  -35  -29  -22   -9  -20  -15    4   -9   -4   -2
291ASCENSIO1997 22    -8  -30  -45  -56  -79  -77  -63  -82 -117 -109  -95
291ASCENSIO1997 23   -82  -75  -70  -39  -31  -55
291ASCENSIO1997 31   -41  -41  -49  -20  -12  -28  -31   -2    3  -12  -20
291ASCENSIO1997 32   -39  -36  -25  -17  -28  -45  -25  -13  -27  -38  -16
291ASCENSIO1997 33  9999 9999 9999 9999 9999 9999 9999 9999 9999
291ASCENSIO1997 41   -68  -42  -43  -40  -28  -26  -16  -23  -29  -43  -64
291ASCENSIO1997 42   -69  -49  -44  -56  -57  -32  -29  -38  -32  -18  -10
291ASCENSIO1997 43   -11  -13  -15  -36  -50  -35  -40  -46
291ASCENSIO1997 51   -40  -23  -15   -6   -2  -15  -22  -31  -40  -53  -50
291ASCENSIO1997 52   -40  -36  -37  -39  -34  -35  -39  -39  -40  -33  -30
291ASCENSIO1997 53   -26  -25  -22  -30  -42  -30  -22  -24  -17
291ASCENSIO1997 61   -21  -44  -60  -52  -36  -56  -63  -57  -58  -48  -39
291ASCENSIO1997 62   -25   -8    0  -27  -53  -47  -33  -39  -50  -52  -51
291ASCENSIO1997 63   -54  -50  -52  -34  -31  -54  -52  -47
291ASCENSIO1997 71   -60  -63  -63  -73  -63  -63  -65  -74  -86  -77  -67
291ASCENSIO1997 72   -69  -76  -82  -92 -104 -107  -82  -71  -74  -84  -95
291ASCENSIO1997 73   -89  -73  -63  -82  -91 -102 -106  -98  -92
291ASCENSIO1997 81  -103 -108  -88  -85  -90  -74  -70  -91  -89  -97 -113
291ASCENSIO1997 82  -103 -100  -86  -83  -94  -95  -93  -82  -73  -85  -82
291ASCENSIO1997 83   -82 -111 -117 -107  -95  -76  -72  -64  -43
291ASCENSIO1997 91   -37  -60  -50  -20  -29  -25  -30  -48  -38  -31  -46
291ASCENSIO1997 92   -44  -36  -31  -33  -20  -13  -18  -36  -48  -44  -60
291ASCENSIO1997 93   -65  -71  -84  -72  -77  -72  -67  -52
291ASCENSIO1997101   -42  -46  -66  -70  -68  -83  -90  -76  -61  -59  -64
291ASCENSIO1997102   -43  -24  -28  -33  -39  -56  -73  -70  -77 -101 -100
291ASCENSIO1997103   -85  -88  -91  -79  -71  -70  -66  -76  -67
291ASCENSIO1997111   -74  -95  -76  -72  -88  -83  -68  -65  -46  -32  -26
291ASCENSIO1997112   -30  -36  -53  -57  -56  -68  -68  -73  -82  -79  -85
291ASCENSIO1997113   -88  -56  -37  -40  -54  -65  -61  -72
291ASCENSIO1997121   -86  -80  -78  -98  -80  -59  -50  -55  -54  -41  -36
291ASCENSIO1997122   -39  -44  -76  -87 -100 -161 -132  -73  -69  -93 -121
291ASCENSIO1997123  -112  -97  -67  -53  -49  -58  -46  -43  -39
291ASCENSIO1998 11   -32  -26   -9  -11   -2   -5  -23  -30  -42  -51  -63
291ASCENSIO1998 12   -69  -57  -63  -52  -31  -24  -28  -26  -31  -33  -27
291ASCENSIO1998 13   -28  -31  -32  -32  -39  -64  -75  -59  -57
291ASCENSIO1998 21   -54  -46  -44  -60  -58  -61  -62  -68  -63  -71  -72
291ASCENSIO1998 22   -43  -42  -50  -36  -31  -58  -46  -62  -52  -39  -40
291ASCENSIO1998 23   -44  -36    3   12   14   34
291ASCENSIO1998 31    14    0   -9  -14   -6    0    9   16   -7  -14   14
291ASCENSIO1998 32    -2  -18   -2  -47  -76  -62  -79  -94  -95 -111 -101
291ASCENSIO1998 33   -78  -49  -31    1    0  -11   -3  -31  -41
291ASCENSIO1998 41   -25   -9  -37  -63  -67  -68  -55  -34  -28  -28  -27
291ASCENSIO1998 42   -33  -26  -38  -47  -43  -48  -50  -63  -51  -35  -31
291ASCENSIO1998 43     1   27   25   26   27   14    8    4
291ASCENSIO1998 51     0   11   30   31   42   47   45   41   39   25   31
291ASCENSIO1998 52    33   33   37   61   62   51   23   28   56   47   43
291ASCENSIO1998 53    57   47   23   16    9    0  -13  -28  -32
291ASCENSIO1998 61   -30  -35  -58  -55  -66  -68  -61  -64  -69  -74  -56
291ASCENSIO1998 62   -50  -55  -55  -40  -20    7    0    0   -6  -23  -22
291ASCENSIO1998 63   -12  -20  -42 9999 9999 9999 9999 9999
291ASCENSIO1998 71  9999 9999 9999 9999 9999 9999 9999 9999 9999 9999 9999
291ASCENSIO1998 72  9999 9999 9999 9999 9999 9999 9999 9999 9999 9999 9999
291ASCENSIO1998 73  9999 9999 9999 9999 9999 9999 9999 9999 9999
291ASCENSIO1998 81  9999 9999 9999 9999 9999 9999 9999 9999 9999 9999 9999
291ASCENSIO1998 82  9999 9999 9999 9999 9999 9999 9999 9999 9999 9999 9999
291ASCENSIO1998 83  9999 9999 9999 9999 9999 9999 9999 9999 9999
291ASCENSIO1998 91  9999 9999 9999 9999 9999 9999 9999 9999 9999 9999 9999
291ASCENSIO1998 92  9999 9999 9999 9999 9999 9999 9999 9999 9999 9999 9999
291ASCENSIO1998 93  9999 9999 9999 9999 9999 9999 9999 9999
291ASCENSIO1998101  9999 9999 9999 9999 9999 9999 9999 9999 9999 9999 9999
291ASCENSIO1998102  9999 9999 9999 9999 9999 9999 9999 9999 9999 9999 9999
291ASCENSIO1998103  9999 9999 9999 9999 9999 9999 9999 9999 9999
291ASCENSIO1998111  9999 9999 9999 9999 9999 9999 9999 9999 9999 9999 9999
291ASCENSIO1998112  9999 9999 9999 9999 9999 9999 9999 9999 9999 9999 9999
291ASCENSIO1998113  9999 9999 9999 9999 9999 9999 9999 9999
291ASCENSIO1998121  9999 9999 9999 9999 9999 9999 9999 9999 9999 9999 9999
291ASCENSIO1998122  9999 9999 9999 9999 9999 9999 9999 9999 9999 9999 9999
291ASCENSIO1998123  9999 9999 9999 9999 9999 9999 9999 9999 9999
291ASCENSIO1999 11  9999 9999 9999 9999 9999 9999 9999 9999 9999 9999 9999
291ASCENSIO1999 12  9999 9999 9999 9999 9999 9999 9999 9999 9999 9999 9999
291ASCENSIO1999 13  9999 9999 9999 9999 9999 9999 9999 9999 9999
291ASCENSIO1999 21  9999 9999 9999 9999 9999 9999 9999 9999 9999 9999 9999
291ASCENSIO1999 22  9999 9999 9999 9999 9999 9999 9999 9999 9999 9999 9999
291ASCENSIO1999 23  9999 9999 9999 9999 9999 9999
291ASCENSIO1999 31  9999 9999 9999 9999 9999 9999 9999 9999 9999 9999 9999
291ASCENSIO1999 32  9999 9999 9999 9999 9999 9999 9999 9999 9999 9999 9999
291ASCENSIO1999 33  9999 9999 9999 9999 9999 9999 9999 9999 9999
291ASCENSIO1999 41  9999 9999 9999  -64  -80  -70  -54  -63  -60  -37  -10
291ASCENSIO1999 42   -13  -13    4   17   14   -1   -1  -21  -46  -45  -43
291ASCENSIO1999 43   -38  -27  -16    0   24   15  -23  -37
291ASCENSIO1999 51   -50  -61  -82 -100  -90  -93  -74  -58  -54  -51  -50
291ASCENSIO1999 52   -46  -46  -53  -55  -60  -68  -83  -87  -92 -102 -100
291ASCENSIO1999 53   -92  -90  -90 -101  -90  -70  -76  -91  -93
291ASCENSIO1999 61   -86  -74  -77  -82  -60  -43  -34  -28  -24  -32  -44
291ASCENSIO1999 62   -54  -60  -58  -45  -37  -29  -34  -54  -45  -37  -34
291ASCENSIO1999 63   -31  -33  -34  -32  -42  -54  -69  -63
291ASCENSIO1999 71   -56  -46  -37  -25  -29  -38  -36  -38  -38  -31  -41
291ASCENSIO1999 72   -71  -91  -78  -72  -73  -72  -55  -51  -62  -79  -80
291ASCENSIO1999 73   -81  -83  -83  -93  -77  -58  -49  -41  -38
291ASCENSIO1999 81   -27  -20  -19  -25  -38  -41  -55  -74  -74  -59  -54
291ASCENSIO1999 82   -34  -19  -24  -12  -33  -62  -86  -82  -75  -81  -99
291ASCENSIO1999 83  -108  -93  -88  -91  -89  -88  -61  -38  -51
291ASCENSIO1999 91   -55  -62  -73  -53  -42  -59  -54  -44  -34  -39  -20
291ASCENSIO1999 92   -11  -29  -60  -68  -66  -74  -76  -58  -48  -27  -20
291ASCENSIO1999 93   -16    1   -2  -22  -12  -17  -23  -22
291ASCENSIO1999101   -42  -35  -28  -33  -35  -32  -24  -18  -29  -46  -66
291ASCENSIO1999102   -59  -55  -65  -75  -72  -51  -55  -48  -35  -40  -40
291ASCENSIO1999103   -25  -21  -42  -57  -73  -75  -67  -61  -61
291ASCENSIO1999111   -87  -63  -35  -39  -50  -45  -50  -61  -63  -82  -71
291ASCENSIO1999112   -60  -45  -42  -55  -51  -38  -18    5    0  -19  -17
291ASCENSIO1999113   -26  -39  -47  -50  -51  -51  -31  -22
291ASCENSIO1999121   -25  -34  -45  -57  -59  -71  -83  -78  -80  -82  -79
291ASCENSIO1999122   -67  -57  -51  -40  -26  -26  -29  -29  -42  -48  -51
291ASCENSIO1999123   -59  -60  -41  -17  -16   -8    0  -15  -17
291ASCENSIO2000 11     0    3   -7  -16  -32  -33  -15   -9    7   12   16
291ASCENSIO2000 12    22   32   39   39   11   -5    3    2   -7   -7   11
291ASCENSIO2000 13    25   13    0   -5  -20  -57  -71  -62  -49
291ASCENSIO2000 21   -48  -45  -54  -54  -35  -25  -18  -11  -15  -30  -12
291ASCENSIO2000 22   -14  -13   -3  -19  -35  -37  -21  -12  -11  -18  -24
291ASCENSIO2000 23   -30  -40  -41  -42  -54  -68  -48
291ASCENSIO2000 31   -40  -51  -43  -28  -43  -16    6   -7    2    0   -3
291ASCENSIO2000 32    -6  -19  -23  -24  -25  -30  -18   -3    9   11  -12
291ASCENSIO2000 33   -34  -35  -31  -23  -17   -6  -15  -19  -18
291ASCENSIO2000 41    -6    5    3    3    5   -5  -19  -19  -18  -14  -11
291ASCENSIO2000 42    -8   -2   -3   10   16    8    3   -4  -12  -25  -37
291ASCENSIO2000 43   -39  -28  -18  -22  -16    6   11   15
291ASCENSIO2000 51    29   25   21    4  -13  -22  -24  -25  -11    3   10
291ASCENSIO2000 52     9   14   11    0  -10   -7   -7  -23  -35  -28  -33
291ASCENSIO2000 53   -47  -41  -21    0   19   33   39   43   28
291ASCENSIO2000 61    -2   -3    5   -5  -12  -17  -20  -10    0   -9  -15
291ASCENSIO2000 62   -14  -30  -32  -16  -37  -34  -42  -33  -33  -44  -47
291ASCENSIO2000 63   -34  -15  -17  -23  -29  -26  -24  -44
291ASCENSIO2000 71   -40  -28  -27  -27  -21  -18  -23  -30  -35  -38  -35
291ASCENSIO2000 72   -54  -63  -62  -49  -46  -53  -46  -34  -47  -35  -15
291ASCENSIO2000 73   -13  -18   -7   -6  -12  -21  -24  -29  -31
291ASCENSIO2000 81   -28  -33  -47  -46  -57  -76  -83  -98 -100  -94 -103
291ASCENSIO2000 82  -113 -116 -100  -96 -100 -102  -97  -95  -99 -105 -114
291ASCENSIO2000 83  -123 -120 -117 -112  -98  -69  -49  -47  -42
291ASCENSIO2000 91   -37  -55  -64  -69  -79  -66  -79  -83  -69  -54  -51
291ASCENSIO2000 92   -50  -34  -19   -5   -4  -17  -35  -42  -45  -58  -67
291ASCENSIO2000 93   -71  -65  -46  -20  -21  -29  -33  -51
291ASCENSIO2000101   -64  -66  -90 -103  -88  -88  -91 -102 -105  -93  -95
291ASCENSIO2000102  -104 -104  -97 -111 -134 -148 -147 -147 -135 -127 -101
291ASCENSIO2000103   -83  -93  -96  -92 -103 -126 -123 -103  -99
291ASCENSIO2000111  -114 -121 -126 -133 -109  -89  -69  -55  -57  -62  -55
291ASCENSIO2000112   -52  -77 -100 -120 -114  -93  -96  -91  -76  -90 -100
291ASCENSIO2000113  -103 -112 -120 -144 -165 -162 -150 -148
291ASCENSIO2000121  -163 -157 -162 -142 -122 -125 -139 -133 -133 -149 -138
291ASCENSIO2000122  -129 -115 -103 -113 -117 -112 -124 -132 -133 -138 -151
291ASCENSIO2000123  -173 -166 -159 -155 -149 -141 -120 -113 -109
291ASCENSIO2001 11  -100  -97  -96  -89 -110 -118  -98  -93  -91  -88  -87
291ASCENSIO2001 12   -88  -78  -65  -75  -81  -89 -110 -119 -134 -162 -161
291ASCENSIO2001 13  -158 -146 -129 -129 -116 -105 -124 -132 -119
291ASCENSIO2001 21  -110 -125 -140 -146 -151 -140 -113  -88  -92 -121 -134
291ASCENSIO2001 22  -110  -96 -103  -99 -118 -126 -116 -108  -94 -101  -82
291ASCENSIO2001 23   -73  -60  -45  -44  -73  -81
291ASCENSIO2001 31   -97 -139 -163 -148 -133 -151 -136  -96  -82  -94  -86
291ASCENSIO2001 32   -81  -92 -105 -110 -104 -109 -133 -130 -112 -101 -104
291ASCENSIO2001 33  -110  -97  -86  -99 -102 -110 -119 -127 -138
291ASCENSIO2001 41  -144 -151 9999 9999 9999 9999 9999 9999 9999 9999 9999
291ASCENSIO2001 42  9999 9999 9999 9999 9999 9999 9999 9999 9999 9999 9999
291ASCENSIO2001 43  9999 9999 9999 9999 9999 9999 9999 9999
291ASCENSIO2001 51  9999 9999 9999 9999 9999 9999 9999 9999 9999 9999 9999
291ASCENSIO2001 52  9999 9999 9999 9999 9999 9999 9999 9999 9999 9999 9999
291ASCENSIO2001 53  9999 9999 9999 9999 9999 9999 9999 9999 9999
291ASCENSIO2001 61  9999 9999 9999 9999 9999 9999 9999 9999 9999 9999 9999
291ASCENSIO2001 62  9999 9999 9999 9999 9999 9999 9999 9999 9999 9999 9999
291ASCENSIO2001 63  9999 9999 9999 9999 9999 9999 9999 9999
291ASCENSIO2001 71  9999 9999 9999 9999 9999 9999 9999 9999 9999 9999 9999
291ASCENSIO2001 72  9999 9999 9999 9999 9999 9999 9999 9999 9999 9999 9999
291ASCENSIO2001 73  9999 9999 9999 9999 9999 9999 9999 9999 9999
291ASCENSIO2001 81  9999 9999 9999 9999 9999 9999 9999 9999 9999 9999 9999
291ASCENSIO2001 82  9999 9999 9999 9999 9999 9999 9999 9999 9999 9999 9999
291ASCENSIO2001 83  9999 9999 9999 9999 9999 9999 9999 9999 9999
291ASCENSIO2001 91  9999 9999 9999 9999 9999 9999 9999 9999 9999 9999 9999
291ASCENSIO2001 92  9999 9999 9999 9999 9999 9999 9999 9999 9999 9999 9999
291ASCENSIO2001 93  9999 9999 9999 9999 9999 9999 9999 9999
291ASCENSIO2001101  9999 9999 9999 9999 9999 9999 9999 9999 9999 9999 9999
291ASCENSIO2001102  9999 9999 9999 9999 9999 9999 9999 9999 9999 9999 9999
291ASCENSIO2001103  9999 9999 9999 9999 9999 9999 9999 9999 9999
291ASCENSIO2001111  9999 9999 9999 9999 9999 9999 9999 9999 9999 9999 9999
291ASCENSIO2001112  9999 9999 9999 9999 9999 9999 9999 9999 9999 9999 9999
291ASCENSIO2001113  9999 9999 9999 9999 9999 9999 9999 9999
291ASCENSIO2001121  9999 9999 9999 9999 9999 9999 9999 9999 9999 9999 9999
291ASCENSIO2001122  9999 9999 9999 9999 9999 9999 9999 9999 9999 9999 9999
291ASCENSIO2001123  9999 9999 9999 9999 9999 9999 9999 9999 9999
291ASCENSIO2002 11  9999 9999 9999 9999 9999 9999 9999 9999 9999 9999 9999
291ASCENSIO2002 12  9999 9999 9999 9999 9999 9999 9999 9999 9999 9999 9999
291ASCENSIO2002 13  9999 9999 9999 9999 9999 9999 9999 9999 9999
291ASCENSIO2002 21  9999 9999 9999 9999 9999 9999 9999 9999 9999 9999 9999
291ASCENSIO2002 22  9999 9999 9999 9999 9999 9999 9999 9999 9999 9999 9999
291ASCENSIO2002 23  9999 9999 9999 9999 9999 9999
291ASCENSIO2002 31  9999 9999 9999 9999 9999 9999 9999 9999 9999 9999 9999
291ASCENSIO2002 32  9999 9999 9999 9999 9999 9999 9999 9999 9999 9999 9999
291ASCENSIO2002 33  9999 9999 9999 9999 9999 9999 9999 9999 9999
291ASCENSIO2002 41  9999 9999 9999 9999 9999 9999 9999 9999 9999 9999 9999
291ASCENSIO2002 42  9999 9999 9999 9999 9999 9999 9999 9999 9999 9999 9999
291ASCENSIO2002 43  9999 9999 9999 9999 9999 9999 9999 9999
291ASCENSIO2002 51  9999 9999 9999 9999 9999 9999 9999 9999 9999 9999 9999
291ASCENSIO2002 52  9999 9999 9999 9999 9999 9999 9999 9999 9999 9999 9999
291ASCENSIO2002 53  9999 9999 9999 9999 9999 9999 9999 9999 9999
291ASCENSIO2002 61  9999 9999 9999 9999 9999 9999 9999 9999 9999 9999 9999
291ASCENSIO2002 62  9999 9999 9999 9999 9999 9999 9999 9999 9999 9999 9999
291ASCENSIO2002 63  9999 9999 9999 9999 9999 9999 9999 9999
291ASCENSIO2002 71  9999 9999 9999 9999 9999 9999 9999 9999 9999 9999 9999
291ASCENSIO2002 72  9999 9999 9999 9999 9999 9999 9999 9999 9999 9999 9999
291ASCENSIO2002 73  9999 9999 9999 9999 9999 9999 9999 9999 9999
291ASCENSIO2002 81  9999 9999 9999 9999 9999 9999 9999 9999 9999 9999 9999
291ASCENSIO2002 82  9999 9999 9999 9999 9999 9999 9999 9999 9999 9999 9999
291ASCENSIO2002 83  9999 9999 9999 9999 9999 9999 9999 9999 9999
291ASCENSIO2002 91  9999 9999 9999 9999 9999 9999 9999 9999 9999 9999 9999
291ASCENSIO2002 92  9999 9999 9999 9999 9999 9999 9999 9999 9999 9999 9999
291ASCENSIO2002 93  9999 9999 9999 9999 9999 9999 9999 9999
291ASCENSIO2002101  9999 9999 9999 9999 9999 9999 9999 9999 9999 9999 9999
291ASCENSIO2002102  9999 9999 9999 9999 9999 9999 9999 9999 9999 9999 9999
291ASCENSIO2002103  9999 9999 9999 9999 9999 9999 9999 9999 9999
291ASCENSIO2002111  9999 9999 9999 9999 9999 9999 9999 9999 9999 9999 9999
291ASCENSIO2002112  9999 9999 9999 9999 9999 9999 9999 9999 9999 9999 9999
291ASCENSIO2002113  9999 9999 9999 9999 9999 9999 9999 9999
291ASCENSIO2002121  9999 9999 9999 9999 9999 9999 9999 9999 9999 9999 9999
291ASCENSIO2002122  9999 9999 9999 9999 9999 9999 9999 9999 9999 9999 9999
291ASCENSIO2002123  9999 9999 9999 9999 9999 9999 9999 9999 9999
291ASCENSIO2003 11  9999 9999 9999 9999 9999 9999 9999 9999 9999 9999 9999
291ASCENSIO2003 12  9999 9999 9999 9999 9999 9999 9999 9999 9999 9999 9999
291ASCENSIO2003 13  9999 9999 9999 9999 9999 9999 9999 9999 9999
291ASCENSIO2003 21  9999 9999 9999 9999 9999 9999 9999 9999 9999 9999 9999
291ASCENSIO2003 22  9999 9999 9999 9999 9999 9999 9999 9999 9999 9999 9999
291ASCENSIO2003 23  9999 9999 9999 9999 9999 9999
291ASCENSIO2003 31  9999 9999 9999 9999 9999 9999 9999 9999 9999 9999 9999
291ASCENSIO2003 32  9999 9999 9999 9999 9999 9999 9999 9999 9999 9999 9999
291ASCENSIO2003 33  9999 9999 9999 9999 9999 9999 9999 9999 9999
291ASCENSIO2003 41  9999 9999 9999 9999 9999 9999 9999 9999 9999 9999 9999
291ASCENSIO2003 42  9999 9999 9999 9999 9999 9999 9999 9999 9999 9999 9999
291ASCENSIO2003 43  9999 9999 9999 9999 9999 9999 9999 9999
291ASCENSIO2003 51  9999 9999 9999 9999 9999 9999 9999 9999 9999 9999 9999
291ASCENSIO2003 52  9999 9999 9999 9999 9999 9999 9999 9999 9999 9999 9999
291ASCENSIO2003 53  9999 9999 9999 9999 9999 9999 9999 9999 9999
291ASCENSIO2003 61  9999 9999 9999 9999 9999 9999 9999 9999 9999 9999 9999
291ASCENSIO2003 62  9999 9999 9999 9999 9999 9999 9999 9999 9999 9999 9999
291ASCENSIO2003 63  9999 9999 9999 9999 9999 9999 9999 9999
291ASCENSIO2003 71  9999 9999 9999 9999 9999 9999 9999 9999 9999 9999 9999
291ASCENSIO2003 72  9999 9999 9999 9999 9999 9999 9999 9999 9999 9999 9999
291ASCENSIO2003 73  9999 9999 9999 9999 9999 9999 9999 9999 9999
291ASCENSIO2003 81  9999 9999 9999 9999 9999 9999 9999 9999 9999 9999 9999
291ASCENSIO2003 82  9999 9999 9999 9999 9999 9999 9999 9999 9999 9999 9999
291ASCENSIO2003 83  9999 9999 9999 9999 9999 9999 9999 9999 9999
291ASCENSIO2003 91  9999 9999 9999 9999 9999 9999 9999 9999 9999 9999 9999
291ASCENSIO2003 92  9999 9999 9999 9999 9999 9999 9999 9999 9999 9999 9999
291ASCENSIO2003 93  9999 9999 9999 9999 9999 9999 9999 9999
291ASCENSIO2003101  9999 9999 9999 9999 9999 9999 9999 9999 9999 9999 9999
291ASCENSIO2003102  9999 9999 9999 9999 9999 9999 9999 9999 9999 9999 9999
291ASCENSIO2003103  9999 9999 9999 9999 9999 9999 9999 9999 9999
291ASCENSIO2003111  9999 9999 9999 9999 9999 9999 9999 9999 9999 9999 9999
291ASCENSIO2003112  9999 9999 9999 9999 9999 9999 9999 9999 9999 9999 9999
291ASCENSIO2003113  9999 9999 9999 9999 9999 9999 9999 9999
291ASCENSIO2003121  9999 9999 9999 9999 9999 9999 9999 9999 9999 9999 9999
291ASCENSIO2003122  9999 9999 9999 9999 9999 9999 9999 9999 9999 9999 9999
291ASCENSIO2003123  9999 9999 9999 9999 9999 9999 9999 9999 9999
291ASCENSIO2004 11  9999 9999 9999 9999 9999 9999 9999 9999 9999 9999 9999
291ASCENSIO2004 12  9999 9999 9999 9999 9999 9999 9999 9999 9999 9999 9999
291ASCENSIO2004 13  9999 9999 9999 9999 9999 9999 9999 9999 9999
291ASCENSIO2004 21  9999 9999 9999 9999 9999 9999 9999 9999 9999 9999 9999
291ASCENSIO2004 22  9999 9999 9999 9999 9999 9999 9999 9999 9999 9999 9999
291ASCENSIO2004 23  9999 9999 9999 9999 9999 9999 9999
291ASCENSIO2004 31  9999 9999 9999 9999 9999 9999 9999 9999 9999 9999 9999
291ASCENSIO2004 32  9999 9999 9999 9999 9999 9999 9999 9999 9999 9999 9999
291ASCENSIO2004 33  9999 9999 9999 9999 9999 9999 9999 9999 9999
291ASCENSIO2004 41  9999 9999 9999 9999 9999 9999 9999 9999 9999 9999 9999
291ASCENSIO2004 42  9999 9999 9999 9999 9999 9999 9999 9999 9999 9999 9999
291ASCENSIO2004 43  9999 9999 9999 9999 9999 9999 9999 9999
291ASCENSIO2004 51  9999 9999 9999 9999 9999 9999 9999 9999 9999 9999 9999
291ASCENSIO2004 52  9999 9999 9999 9999 9999 9999 9999 9999 9999 9999 9999
291ASCENSIO2004 53  9999 9999 9999 9999 9999 9999 9999 9999 9999
291ASCENSIO2004 61  9999 9999 9999 9999 9999 9999 9999 9999 9999 9999 9999
291ASCENSIO2004 62  9999 9999 9999 9999 9999 9999 9999 9999 9999 9999 9999
291ASCENSIO2004 63  9999 9999 9999 9999 9999 9999 9999 9999
291ASCENSIO2004 71  9999 9999 9999 9999 9999 9999 9999 9999 9999 9999 9999
291ASCENSIO2004 72  9999 9999 9999 9999 9999 9999 9999 9999 9999 9999 9999
291ASCENSIO2004 73  9999 9999 9999 9999 9999 9999 9999 9999 9999
291ASCENSIO2004 81  9999 9999 9999 9999 9999 9999 9999 9999 9999 9999 9999
291ASCENSIO2004 82  9999 9999 9999 9999 9999 9999 9999 9999 9999 9999 9999
291ASCENSIO2004 83  9999 9999 9999 9999 9999 9999 9999 9999 9999
291ASCENSIO2004 91  9999 9999 9999 9999 9999 9999 9999 9999 9999 9999 9999
291ASCENSIO2004 92  9999 9999 9999 9999 9999 9999 9999 9999 9999 9999 9999
291ASCENSIO2004 93  9999 9999 9999 9999 9999 9999 9999 9999
291ASCENSIO2004101  9999 9999 9999 9999 9999 9999 9999 9999 9999 9999 9999
291ASCENSIO2004102  9999 9999 9999 9999 9999 9999 9999 9999 9999 9999 9999
291ASCENSIO2004103  9999 9999 9999 9999 9999 9999 9999 9999 9999
291ASCENSIO2004111  9999 9999 9999 9999 9999 9999 9999 9999 9999 9999 9999
291ASCENSIO2004112  9999 9999 9999 9999 9999 9999 9999 9999 9999 9999 9999
291ASCENSIO2004113  9999 9999 9999 9999 9999 9999 9999 9999
291ASCENSIO2004121  9999 9999 9999 9999 9999 9999 9999 9999 9999 9999 9999
291ASCENSIO2004122  9999 9999 9999 9999 9999 9999 9999 9999 9999 9999 9999
291ASCENSIO2004123  9999 9999 9999 9999 9999 9999 9999 9999 9999
291ASCENSIO2005 11  9999 9999 9999 9999 9999 9999 9999 9999 9999 9999 9999
291ASCENSIO2005 12  9999 9999 9999 9999 9999 9999 9999 9999 9999 9999 9999
291ASCENSIO2005 13  9999 9999 9999 9999 9999 9999 9999 9999 9999
291ASCENSIO2005 21  9999 9999 9999 9999 9999 9999 9999 9999 9999 9999 9999
291ASCENSIO2005 22  9999 9999 9999 9999 9999 9999 9999 9999 9999 9999 9999
291ASCENSIO2005 23  9999 9999 9999 9999 9999 9999
291ASCENSIO2005 31  9999 9999 9999 9999 9999 9999 9999 9999 9999 9999 9999
291ASCENSIO2005 32  9999 9999 9999 9999 9999 9999 9999 9999 9999 9999 9999
291ASCENSIO2005 33  9999 9999 9999 9999 9999 9999 9999 9999 9999
291ASCENSIO2005 41  9999 9999 9999 9999 9999 9999 9999 9999 9999 9999 9999
291ASCENSIO2005 42  9999 9999 9999 9999 9999 9999 9999 9999 9999 9999 9999
291ASCENSIO2005 43  9999 9999 9999 9999 9999 9999 9999 9999
291ASCENSIO2005 51  9999 9999 9999 9999 9999 9999 9999 9999 9999 9999 9999
291ASCENSIO2005 52  9999 9999 9999 9999 9999 9999 9999 9999 9999 9999 9999
291ASCENSIO2005 53  9999 9999 9999 9999 9999 9999 9999 9999 9999
291ASCENSIO2005 61  9999 9999 9999 9999 9999 9999 9999 9999 9999 9999 9999
291ASCENSIO2005 62  9999 9999 9999 9999 9999 9999 9999 9999 9999 9999 9999
291ASCENSIO2005 63  9999 9999 9999 9999 9999 9999 9999 9999
291ASCENSIO2005 71  9999 9999 9999 9999 9999 9999 9999 9999 9999 9999 9999
291ASCENSIO2005 72  9999 9999 9999 9999 9999 9999 9999 9999 9999 9999 9999
291ASCENSIO2005 73  9999 9999 9999 9999 9999 9999 9999 9999 9999
291ASCENSIO2005 81  9999 9999 9999 9999 9999 9999 9999 9999 9999 9999 9999
291ASCENSIO2005 82  9999 9999 9999 9999 9999 9999 9999 9999 9999 9999 9999
291ASCENSIO2005 83  9999 9999 9999 9999 9999 9999 9999 9999 9999
291ASCENSIO2005 91  9999 9999 9999 9999 9999 9999 9999 9999 9999 9999 9999
291ASCENSIO2005 92  9999 9999 9999  -58  -37  -36  -23  -19  -27  -36  -51
291ASCENSIO2005 93   -51  -43  -51  -52  -35  -23   -7   -9
291ASCENSIO2005101   -11   -7  -23  -37  -45  -48  -72  -75  -72  -83  -86
291ASCENSIO2005102   -83  -68  -61  -70  -48  -33  -68 -108 -127 -117 -113
291ASCENSIO2005103  -114 -117 -109  -94  -92  -72  -58  -66  -72
291ASCENSIO2005111   -73  -85  -93  -87  -73  -83  -73  -47  -14  -18  -32
291ASCENSIO2005112   -15  -20  -39  -53  -49  -69  -98  -74  -71  -89  -91
291ASCENSIO2005113   -57  -23   -6  -14  -11   -7   -9  -34
291ASCENSIO2005121   -66  -55  -44  -42  -25  -13   -3    3   -8  -23  -35
291ASCENSIO2005122   -33  -30  -36  -60  -82  -69  -78  -84  -66  -51  -48
291ASCENSIO2005123   -59  -57  -54  -50  -66  -79  -89  -99  -82
291ASCENSIO2006 11   -64  -66  -60  -41  -29  -33  -43  -72  -86  -97 -107
291ASCENSIO2006 12  -111 -107  -96  -92  -66  -39  -26  -41  -57  -50  -62
291ASCENSIO2006 13   -80  -95  -96  -91  -78  -86  -97  -52  -20
291ASCENSIO2006 21    -2    4   -9  -32  -48  -50  -71  -85  -77  -71  -72
291ASCENSIO2006 22   -60  -42  -27  -14  -11  -20  -35  -49  -52  -62  -65
291ASCENSIO2006 23   -63  -63  -44  -24   -1   10
291ASCENSIO2006 31    13   -9  -47  -61  -63  -60  -77  -83  -61  -38  -30
291ASCENSIO2006 32   -39  -43  -23  -16  -29  -33  -43  -53  -70  -64  -54
291ASCENSIO2006 33   -64  -55  -37  -26   -4   15    4   -8   -6
291ASCENSIO2006 41   -35  -60  -57  -54  -52  -30   -2   24   36   11   10
291ASCENSIO2006 42    17   -4  -16  -22  -26  -26  -38  -52  -51  -37  -37
291ASCENSIO2006 43   -14    9   19   30   28    4  -27  -30
291ASCENSIO2006 51   -35  -56  -51  -29   -3   11   34   37   27   34   31
291ASCENSIO2006 52    13    2   -5   -4   -8    0   14   36   66   78   96
291ASCENSIO2006 53   106   85   65   56   40   25   22   31   28
291ASCENSIO2006 61    23   43   56   42   19   28   32   23   13  -10  -28
291ASCENSIO2006 62   -31  -34  -31  -24  -11    9   11  -18  -49  -51  -52
291ASCENSIO2006 63   -63  -63  -79  -94  -93  -62  -38  -33
291ASCENSIO2006 71   -35  -46  -54  -64  -68  -62  -67  -77  -91  -90  -68
291ASCENSIO2006 72   -45  -28    3   24   11  -13  -41  -72  -93  -95  -76
291ASCENSIO2006 73   -63  -54  -56  -55  -34  -24  -30  -47  -35
291ASCENSIO2006 81   -22  -28  -45  -54  -64  -73  -74  -69  -57  -35  -29
291ASCENSIO2006 82   -18  -21  -48  -61  -64  -82 -105 -116  -90  -70  -79
291ASCENSIO2006 83   -89  -69  -58  -65  -63  -64  -65  -52  -49
291ASCENSIO2006 91   -50  -61  -53  -31  -24  -21   -8   -4  -23  -34  -39
291ASCENSIO2006 92   -46  -64  -70  -75  -77  -71  -47  -41  -49  -45  -49
291ASCENSIO2006 93   -50  -67  -73  -58  -61  -76  -87  -91
291ASCENSIO2006101   -78  -51  -43  -24  -10  -22  -46  -49  -53  -51  -40
291ASCENSIO2006102   -43  -44  -29  -12   20   17   19    1   -6   -4  -24
291ASCENSIO2006103   -52  -57  -54  -52  -31  -11   11   20   32
291ASCENSIO2006111    55   58   34   14    5  -10  -17  -40  -36  -43  -43
291ASCENSIO2006112   -19  -19  -36  -55  -37  -39  -52  -60  -84 -107 -104
291ASCENSIO2006113  -122 -116  -93  -71  -66  -57  -54  -48
291ASCENSIO2006121   -57  -69  -73  -80  -96  -99  -81  -92  -81  -63  -64
291ASCENSIO2006122   -58  -45  -62  -74  -71  -77  -91  -99 -119 -108  -83
291ASCENSIO2006123   -65  -65  -54  -56  -57  -69  -92 -115 -116
291ASCENSIO2007 11  -117 -124 -126 -113  -98  -95  -92  -87  -79  -80  -75
291ASCENSIO2007 12   -72  -83  -98 -105 -114 -108  -93  -85  -67  -38  -42
291ASCENSIO2007 13   -44  -56  -74  -80 -100 -117 -110  -99  -96
291ASCENSIO2007 21   -92  -92  -60  -41  -27  -25  -42  -35  -44  -62  -69
291ASCENSIO2007 22   -75  -83  -69  -44  -27   -7   29   29   -4  -19  -28
291ASCENSIO2007 23   -35  -49  -84 -109  -80  -49
291ASCENSIO2007 31   -30  -10  -14  -32  -39  -22    1   -8  -23  -38  -63
291ASCENSIO2007 32   -53  -29  -27  -26    8   34   32   46   47    8  -18
291ASCENSIO2007 33   -40  -51  -49  -43  -28   -2   20   29   38
291ASCENSIO2007 41    48   40   39   16   -4   -5  -26  -44  -55  -46  -40
291ASCENSIO2007 42   -33  -17   -6   16   13  -15  -35  -42  -52  -50  -37
291ASCENSIO2007 43   -40  -44  -33  -22  -19  -20   -8   -3
291ASCENSIO2007 51   -15  -20  -20  -34  -42  -35  -35  -23   -8   -4    2
291ASCENSIO2007 52     2   -4   -2  -24  -49  -45  -46  -48  -23   -7   19
291ASCENSIO2007 53    31   22    6    6    0   -8  -26  -29  -36
291ASCENSIO2007 61   -59  -60  -52  -38  -17    0    0    0  -13  -24  -33
291ASCENSIO2007 62   -59  -78  -81  -74  -70  -66  -62  -49  -32  -29  -39
291ASCENSIO2007 63   -47  -50  -54  -46  -44  -66  -82  -72
291ASCENSIO2007 71   -72  -49  -34  -34  -25   -7  -11  -18  -25  -60  -75
291ASCENSIO2007 72   -73  -70  -63  -51  -41  -27  -11  -16  -39  -34  -40
291ASCENSIO2007 73   -66  -73  -78  -96 -102  -80  -55  -46  -41
291ASCENSIO2007 81   -47  -34  -36  -60  -70  -53  -55  -60  -59  -64  -58
291ASCENSIO2007 82   -44  -43  -28   -6    4  -10  -32  -54  -70  -68  -63
291ASCENSIO2007 83   -62  -60  -43  -39  -29  -14    0   -5  -24
291ASCENSIO2007 91   -62  -81  -89 -117 -124 -102  -91  -65  -49  -43  -31
291ASCENSIO2007 92   -41  -54  -38  -42  -73  -52  -62  -89  -84  -61  -43
291ASCENSIO2007 93   -48  -40   -7  -10  -38  -49  -63  -78
291ASCENSIO2007101   -72  -73  -71  -75 9999 9999 9999 9999 9999 9999 9999
291ASCENSIO2007102  9999 9999 9999 9999 9999 9999 9999 9999 9999 9999 9999
291ASCENSIO2007103  9999 9999 9999 9999 9999 9999 9999 9999 9999
291ASCENSIO2007111  9999 9999 9999 9999 9999 9999 9999 9999 9999 9999 9999
291ASCENSIO2007112  9999 9999 9999 9999 9999 9999 9999 9999 9999 9999 9999
291ASCENSIO2007113  9999 9999  -66  -79  -73  -66  -40  -19
291ASCENSIO2007121   -24  -29  -31  -55  -53  -56  -78 -108 -112  -87  -80
291ASCENSIO2007122   -92  -75  -33  -15  -16  -35  -35  -35  -39  -58  -65
291ASCENSIO2007123   -71  -84  -81  -67  -34  -25  -25  -15  -26
291ASCENSIO2008 11   -30  -45  -58  -74  -78  -65  -52  -39  -11    5   17
291ASCENSIO2008 12    25   18   18   10   -2  -15  -18  -17  -12    5    6
291ASCENSIO2008 13     1    0   11   27   30   18    1   -2  -19
291ASCENSIO2008 21   -17  -29  -57  -75  -51  -34  -24  -13   -3    4    1
291ASCENSIO2008 22   -13  -12  -29  -70  -82  -52  -22  -34  -48  -34  -23
291ASCENSIO2008 23   -36  -44  -41  -62  -62  -65  -72
291ASCENSIO2008 31   -53  -42  -34  -21   -6    9    1    6   -1  -20  -36
291ASCENSIO2008 32   -19  -29  -44  -26  -19  -16  -13  -15  -15    0   -7
291ASCENSIO2008 33   -19  -31  -37  -59  -68  -47  -47  -31    0
291ASCENSIO2008 41    21   20   30   44   37   10  -17  -25  -37  -27  -10
291ASCENSIO2008 42    -4    4    5    0   -2   -1    4    8    4    1   -1
291ASCENSIO2008 43   -16  -48  -52  -24   -7  -13   11   49
291ASCENSIO2008 51    54   48   58   33  -10  -24  -19    2    5   -1   22
291ASCENSIO2008 52    27   19   12   -1    5   23   26   24   26   19   27
291ASCENSIO2008 53    41   43   48   56   59   55   55   60   54
291ASCENSIO2008 61    38   24    0   -7  -12  -12   11   33   43   46   39
291ASCENSIO2008 62    28 9999 9999 9999 9999 9999 9999 9999   44   59   57
291ASCENSIO2008 63    69   79   83   80   75   71   45   35
291ASCENSIO2008 71    38   45   64   70   78  118  110   86   79   72   72
291ASCENSIO2008 72    61   50   48   41   39   48   49   49   72   82   56
291ASCENSIO2008 73    44   42   41   21   12   13    7    4    5
291ASCENSIO2008 81    25   15   10   22   11   -5  -23  -29  -32  -38  -39
291ASCENSIO2008 82   -61  -73  -68  -65  -47  -41  -22  -15   -7  -19  -38
291ASCENSIO2008 83   -47  -50  -42  -18   -6    8   21   21   39
291ASCENSIO2008 91    45   37   16   -3   -7    0  -14  -34  -37  -18   -2
291ASCENSIO2008 92    -3   -7  -11  -12  -22  -36  -56  -68  -86 -113 -119
291ASCENSIO2008 93  -106  -85  -62  -54  -58  -58  -68  -72
291ASCENSIO2008101   -76  -85  -99  -94  -79  -98  -90  -67  -67  -52  -31
291ASCENSIO2008102   -29  -31  -31  -45  -43  -62  -88  -84  -94  -83  -59
291ASCENSIO2008103   -57  -44  -19   -8  -28  -29  -40  -56  -60
291ASCENSIO2008111   -78  -55  -39  -68  -59  -33  -13   -3    8   -1   -5
291ASCENSIO2008112   -21  -40  -43  -50  -36  -13    5   17   17   22   24
291ASCENSIO2008113     0   -6  -11  -29  -30  -42  -57  -57
291ASCENSIO2008121   -48  -48  -54  -37  -31  -28  -33  -30  -15  -45  -89
291ASCENSIO2008122   -83  -80  -62  -45  -42  -21   -2   -9  -16  -44  -60
291ASCENSIO2008123   -59  -63  -83  -77  -52  -57  -68  -60  -49
291ASCENSIO2009 11   -42  -40  -53  -49  -47  -61  -76  -90  -88  -86  -67
291ASCENSIO2009 12   -32  -20   -4   -5  -16   -1    0  -24  -41  -41  -28
291ASCENSIO2009 13   -21  -38  -19   -4    3   17   15   10   10
291ASCENSIO2009 21     0  -16  -11    2   -3  -10   -6  -25  -20   19   31
291ASCENSIO2009 22    18    7   10    3   -5   -9  -22  -38  -29  -16    4
291ASCENSIO2009 23    23   35   47   51   30   17
291ASCENSIO2009 31     9    3    7   -3    3   19   26   45   76   85   82
291ASCENSIO2009 32    71   50   49   54   43   37   51   37   45   69   72
291ASCENSIO2009 33    88  118  124  114   97   92   65   50   52
291ASCENSIO2009 41    58   58   54   58   59   64   66   72   67   61   35
291ASCENSIO2009 42    19    9  -15  -17  -14  -11    2    8   33   57   63
291ASCENSIO2009 43    61 9999 9999 9999 9999 9999 9999 9999
291ASCENSIO2009 51  9999 9999 9999 9999 9999 9999 9999 9999 9999 9999 9999
291ASCENSIO2009 52  9999 9999 9999 9999 9999 9999 9999 9999 9999 9999 9999
291ASCENSIO2009 53  9999 9999 9999 9999 9999 9999 9999 9999 9999
291ASCENSIO2009 61  9999 9999 9999 9999 9999 9999 9999 9999 9999 9999 9999
291ASCENSIO2009 62  9999 9999 9999 9999 9999 9999 9999 9999 9999 9999 9999
291ASCENSIO2009 63  9999 9999 9999 9999 9999 9999 9999 9999
291ASCENSIO2009 71  9999 9999 9999 9999 9999 9999 9999 9999 9999 9999 9999
291ASCENSIO2009 72  9999 9999 9999 9999   29   33   17    7    0   10   38
291ASCENSIO2009 73    43   53 9999 9999 9999 9999 9999 9999 9999
291ASCENSIO2009 81   -21   -4   28   22   21   56   97  101   92   95   80
291ASCENSIO2009 82    54   31    4 9999 9999 9999  -11   13   41   50   39
291ASCENSIO2009 83    13  -15  -28  -42  -77  -87  -86  -92  -99
291ASCENSIO2009 91  -101 -100  -74  -56  -42  -33  -38  -23    0   -5  -36
291ASCENSIO2009 92   -60  -49  -23 9999 9999 9999 9999 9999 9999 9999 9999
291ASCENSIO2009 93  9999 9999 9999 9999 9999 9999 9999 9999
291ASCENSIO2009101  9999 9999 9999 9999 9999 9999 9999 9999 9999 9999 9999
291ASCENSIO2009102  9999 9999 9999 9999 9999 9999 9999 9999 9999 9999 9999
291ASCENSIO2009103  9999 9999 9999 9999 9999 9999 9999 9999 9999
291ASCENSIO2009111  9999 9999 9999 9999 9999 9999 9999 9999 9999   -5    7
291ASCENSIO2009112     8   -4  -13  -18  -24  -35  -52  -53 9999 9999 9999
291ASCENSIO2009113  9999 9999 9999 9999 9999 9999 9999 9999
291ASCENSIO2009121  9999 9999 9999 9999 9999 9999 9999 9999 9999 9999 9999
291ASCENSIO2009122  9999 9999 9999 9999 9999 9999 9999 9999 9999 9999 9999
291ASCENSIO2009123  9999 9999 9999 9999 9999 9999 9999 9999 9999
291ASCENSIO2010 11  9999 9999 9999 9999 9999 9999  -40  -47  -62  -86  -93
291ASCENSIO2010 12   -93  -95  -88  -78  -75  -61  -55  -60  -51  -45  -34
291ASCENSIO2010 13   -24  -23  -39  -47  -34  -23  -17  -11   -7
291ASCENSIO2010 21   -17  -29  -39  -58  -61  -67  -75  -63  -58  -80  -88
291ASCENSIO2010 22   -45   -8   -3    6   -1  -33  -35  -19  -26  -34  -30
291ASCENSIO2010 23   -23    0   11   21   42   44
291ASCENSIO2010 31    38   20    2    1   -2  -21  -33  -31  -11   -1    0
291ASCENSIO2010 32    10   29   29   28   38   39   19    7    9   20   30
291ASCENSIO2010 33    55   62   73   72   80   76   63   47   40
291ASCENSIO2010 41    36   42   52   41   16   20   42   55   59   64   58
291ASCENSIO2010 42    63   68   46   12   -7  -28  -29  -17  -16   -3    9
291ASCENSIO2010 43    17   24   28   16    7    0    0  -14
291ASCENSIO2010 51   -20   -5   -4  -12  -10   11   25   37   40   38   34
291ASCENSIO2010 52     0  -19  -13   -8   12   24   41   63   74 9999 9999
291ASCENSIO2010 53  9999   58   30   24   34   21    9 9999 9999
291ASCENSIO2010 61  9999 9999 9999 9999 9999 9999 9999 9999 9999 9999 9999
291ASCENSIO2010 62  9999 9999 9999 9999 9999 9999 9999 9999 9999 9999 9999
291ASCENSIO2010 63  9999 9999 9999 9999 9999 9999 9999 9999
291ASCENSIO2010 71  9999 9999 9999 9999 9999 9999 9999 9999 9999 9999 9999
291ASCENSIO2010 72  9999 9999 9999 9999 9999 9999 9999 9999 9999 9999 9999
291ASCENSIO2010 73  9999 9999 9999 9999 9999 9999 9999 9999 9999
291ASCENSIO2010 81  9999 9999 9999 9999 9999 9999 9999 9999 9999 9999 9999
291ASCENSIO2010 82  9999 9999 9999 9999 9999 9999 9999 9999 9999 9999 9999
291ASCENSIO2010 83  9999 9999 9999 9999 9999 9999 9999 9999 9999
291ASCENSIO2010 91  9999 9999 9999 9999 9999 9999 9999 9999 9999 9999 9999
291ASCENSIO2010 92  9999 9999 9999 9999 9999 9999 9999 9999 9999 9999 9999
291ASCENSIO2010 93  9999 9999 9999 9999 9999 9999 9999 9999
291ASCENSIO2010101  9999 9999 9999 9999 9999 9999 9999 9999 9999 9999 9999
291ASCENSIO2010102  9999 9999 9999 9999 9999 9999 9999 9999 9999 9999 9999
291ASCENSIO2010103  9999 9999 9999 9999 9999 9999 9999 9999 9999
291ASCENSIO2010111  9999 9999 9999 9999 9999 9999 9999 9999 9999 9999 9999
291ASCENSIO2010112  9999 9999 9999 9999 9999 9999 9999 9999 9999 9999 9999
291ASCENSIO2010113  9999 9999 9999 9999 9999 9999   14   18
291ASCENSIO2010121    13    0    0  -23  -31  -25  -26  -16   -4    0   33
291ASCENSIO2010122    33   31   20    9   33   34    0  -27  -42  -37  -33
291ASCENSIO2010123   -16   -2   -5    3   -9  -32  -22   -9  -19
291ASCENSIO2011 11   -31  -29  -52  -43  -18  -22  -15  -10  -14  -14  -18
291ASCENSIO2011 12    -2   -2  -19  -26  -18  -19  -14    9   28   32   53
291ASCENSIO2011 13    58   43   15    0  -10  -27  -22  -14   -3
291ASCENSIO2011 21     8   27   27   14    9   14   20   21   -2   -5    2
291ASCENSIO2011 22   -10  -23  -14   12   51   65   57   45   25   14   -2
291ASCENSIO2011 23   -30  -18    6  -11  -13    8
291ASCENSIO2011 31    -2   -3   24   31   22    7   -6    7    9   15   17
291ASCENSIO2011 32     5    1    0   -6    7   15   32   45   53   56   25
291ASCENSIO2011 33     5   -4   -3   -3   17   15    1   11   20
291ASCENSIO2011 41    40   48   46   46   48   45   59   63   57   63   64
291ASCENSIO2011 42    68   88  111  122  131  106   72   60   37   23   28
291ASCENSIO2011 43    43   56   40   59   85   92   77   72
291ASCENSIO2011 51    57   28   16   24   14   16   26   53   61   60   77
291ASCENSIO2011 52    85   84   86   76   58   30   15   14    2  -11  -12
291ASCENSIO2011 53   -24  -14    6   17   19   -1  -12  -13  -12
291ASCENSIO2011 61    -6   -6    0   26   36   41   62   73   70   65   52
291ASCENSIO2011 62    60   73   75   72   91  100   97   99  103  108  120
291ASCENSIO2011 63   125  122  130  111   84   70   69   80
291ASCENSIO2011 71    83   75   77   78   72   64   52   36   20   -1    2
291ASCENSIO2011 72    17   14   11   34   46   49   53   48   44   29   24
291ASCENSIO2011 73    20   12    5    1    7    0    1   27   47
291ASCENSIO2011 81    40   26   21    4   -4   -1    4   -7   -5    5   -3
291ASCENSIO2011 82   -25  -19   -4    6   12   16   -3  -13  -27  -58  -60
291ASCENSIO2011 83   -57  -55  -81  -69  -43  -45  -30  -31  -42
291ASCENSIO2011 91   -36  -54  -81  -85  -88  -97  -91  -74  -47  -21   -8
291ASCENSIO2011 92    -2   -7   -2  -16  -11    3   -1  -19  -28  -16   12
291ASCENSIO2011 93    12    2    5   15   13  -14  -29  -37
291ASCENSIO2011101   -42  -37  -38  -41  -23  -20  -17   -4  -25  -45  -30
291ASCENSIO2011102   -21  -28  -38  -49  -38  -22    0   15   18  -10  -17
291ASCENSIO2011103    -3   10   11  -19  -26  -22  -24  -35  -34
291ASCENSIO2011111   -38  -40  -43  -33  -19  -20  -39  -32  -19  -29  -35
291ASCENSIO2011112   -37  -27  -19  -23  -25  -31  -25    3    0  -30  -32
291ASCENSIO2011113   -48  -67  -63  -67  -62  -55  -61  -41
291ASCENSIO2011121   -26  -35  -24  -31  -34  -39  -53  -46  -31  -29  -33
291ASCENSIO2011122   -23  -20  -23  -21   -6   -2   -2  -15  -32  -38  -38
291ASCENSIO2011123   -42  -48  -37  -19   -8   -5  -16  -21  -17
291ASCENSIO2012 11   -27  -41  -45  -40  -41  -43  -40  -27  -29  -35  -15
291ASCENSIO2012 12     0    2    1   -1    4    0   -7   -9  -18  -26  -28
291ASCENSIO2012 13   -28  -18  -30  -32  -17  -32  -49  -54  -53
291ASCENSIO2012 21   -49  -60  -61  -50  -53  -25   -9    9   23   36   21
291ASCENSIO2012 22     3   -9   -9   -3  -29  -36  -31  -21  -19  -13   -8
291ASCENSIO2012 23    -5   -1   -4  -20  -35  -40  -48
291ASCENSIO2012 31   -73  -74   -5  -18  -36  -15    6    8  -11   15    7
291ASCENSIO2012 32   -27   -4  -27  -28  -31  -17   32   18   23   36   17
291ASCENSIO2012 33     8   17   15   21    9  -14   17   -6   -2
291ASCENSIO2012 41     2   40   50   50   65   61   58   56   45   56   53
291ASCENSIO2012 42    47   32   45   46   29   34   30   31   45   35   19
291ASCENSIO2012 43    21   24   24   22   30   19   25   35
291ASCENSIO2012 51    28   36   51   37   19   25    4   -8  -25  -22    5
291ASCENSIO2012 52    17   18    9   35   27   -1  -14  -14  -14  -24  -24
291ASCENSIO2012 53    -3   -8    2   -9    1   20   26   24    5
291ASCENSIO2012 61    22   47   34    0   -2   14   19   22   38   50   41
291ASCENSIO2012 62    35   25   12    4   -1  -18   -8    4   -1    4   -1
291ASCENSIO2012 63     0    1   13    9    2  -24  -38  -34
291ASCENSIO2012 71   -23  -45  -49  -49  -40  -24    8    0    4  -20  -46
291ASCENSIO2012 72   -28  -17  -18  -13  -21  -31  -39  -38  -36  -21   -4
291ASCENSIO2012 73     0   16    3    8   -3   14   17   32   58
291ASCENSIO2012 81    37   31   32   19   32    2   -2    9  -21  -41  -27
291ASCENSIO2012 82   -40  -65  -52  -45  -24    3  -10  -15  -37  -54  -34
291ASCENSIO2012 83   -33  -48  -48  -25  -27  -39  -39  -22  -14
291ASCENSIO2012 91   -30  -48  -44  -48  -68  -77  -97  -95  -68  -68  -76
291ASCENSIO2012 92   -64  -42  -22  -34  -34  -38  -28  -19  -55  -79  -90
291ASCENSIO2012 93   -64  -52  -60  -62  -61  -45  -48  -74
291ASCENSIO2012101   -54  -55  -63  -53  -64  -71  -54  -47  -63  -55  -66
291ASCENSIO2012102   -50  -13  -35  -44  -36  -50  -41  -10  -12   -5  -20
291ASCENSIO2012103   -32  -18  -25  -54  -24  -18  -25  -50  -49
291ASCENSIO2012111   -30  -30  -58  -41  -17   -1  -18    2   23   -3   14
291ASCENSIO2012112    15  -25  -32  -32  -36  -18  -35  -52  -31  -29  -32
291ASCENSIO2012113   -34  -39  -66  -60  -34  -40  -24  -43
291ASCENSIO2012121   -61  -60  -65  -55  -48  -57  -39  -45  -24  -21  -44
291ASCENSIO2012122   -40  -51  -51  -36  -39  -47  -52  -68  -16  -52  -56
291ASCENSIO2012123   -59  -69  -68  -86  -28  -43 -100  -61  -44
291ASCENSIO2013 11   -45  -45  -67  -33  -29 -109  -87  -48  -24  -50  -51
291ASCENSIO2013 12   -22   -2   10  -11  -95  -77  -21  -53  -62  -52  -68
291ASCENSIO2013 13   -94  -85  -95 -110 -110  -31  -20  -50  -25
291ASCENSIO2013 21    23    8   16   32   15   32   18  -12   12   36   26
291ASCENSIO2013 22    11   14   19  -29  -59  -39  -34  -27  -30  -31   -8
291ASCENSIO2013 23     2   -2  -16  -30    1   31
291ASCENSIO2013 31   -12   28   -1  -65  -47  -11  -43  -13   16  -52  -33
291ASCENSIO2013 32    50   87   33  -40  -28    9  -29  -33  -21   -8    0
291ASCENSIO2013 33     0    2   -6   23   31  -26  -47  -23  -28
291ASCENSIO2013 41    -2    7  -23  -16  -12  -20    1   28  -23  -12  -27
291ASCENSIO2013 42   -51  -47  -36  -29  -14  -31  -36   11    5   -4   15
291ASCENSIO2013 43    25   -1   -8  -21   -5   18    1    5
291ASCENSIO2013 51    27   15   10   12   19   28   15   12    7   20   22
291ASCENSIO2013 52    25   28   39   53   32   43   67  103   94   81   85
291ASCENSIO2013 53    83   78   48   51   34   42   46   65   52
291ASCENSIO2013 61    42   59   40   22   21   10    0   15    5    9   23
291ASCENSIO2013 62    38   37   59   75   77   75   66 9999 9999 9999 9999
291ASCENSIO2013 63  9999 9999 9999 9999 9999 9999 9999 9999
291ASCENSIO2013 71  9999 9999 9999 9999 9999 9999 9999 9999 9999 9999 9999
291ASCENSIO2013 72  9999 9999 9999 9999 9999 9999 9999 9999 9999 9999 9999
291ASCENSIO2013 73  9999 9999 9999 9999 9999 9999 9999 9999 9999
291ASCENSIO2013 81  9999 9999 9999 9999 9999 9999 9999 9999 9999 9999 9999
291ASCENSIO2013 82  9999 9999 9999 9999 9999 9999 9999 9999 9999 9999 9999
291ASCENSIO2013 83  9999 9999 9999 9999 9999 9999 9999 9999 9999
291ASCENSIO2013 91  9999 9999 9999 9999 9999 9999 9999 9999 9999 9999 9999
291ASCENSIO2013 92  9999 9999 9999 9999 9999 9999 9999 9999 9999 9999 9999
291ASCENSIO2013 93  9999 9999 9999 9999 9999 9999 9999 9999
291ASCENSIO2013101  9999 9999 9999 9999 9999 9999 9999 9999 9999 9999 9999
291ASCENSIO2013102  9999 9999 9999 9999 9999 9999 9999 9999 9999 9999 9999
291ASCENSIO2013103  9999 9999 9999 9999 9999 9999 9999 9999 9999
291ASCENSIO2013111  9999 9999 9999 9999 9999 9999 9999 9999 9999 9999 9999
291ASCENSIO2013112  9999 9999 9999 9999 9999 9999 9999 9999 9999 9999 9999
291ASCENSIO2013113  9999 9999 9999 9999 9999 9999 9999 9999
291ASCENSIO2013121  9999 9999 9999 9999 9999 9999 9999 9999 9999 9999 9999
291ASCENSIO2013122  9999 9999 9999 9999 9999 9999 9999 9999 9999 9999 9999
291ASCENSIO2013123  9999 9999 9999 9999 9999 9999 9999 9999 9999
291ASCENSIO2014 11  9999 9999 9999 9999 9999 9999 9999 9999 9999 9999 9999
291ASCENSIO2014 12  9999 9999 9999 9999 9999 9999 9999 9999 9999 9999 9999
291ASCENSIO2014 13  9999 9999 9999 9999 9999 9999 9999 9999 9999
291ASCENSIO2014 21  9999 9999 9999 9999 9999 9999 9999 9999 9999 9999 9999
291ASCENSIO2014 22  9999 9999 9999 9999 9999 9999 9999  -47  -67  -65  -51
291ASCENSIO2014 23   -59  -55  -25  -22   -9   -1
291ASCENSIO2014 31    -6  -14  -23  -20  -27  -36  -57  -68  -63  -50  -31
291ASCENSIO2014 32   -17  -25  -14  -11   -5  -11   -5   -8  -29  -30  -14
291ASCENSIO2014 33    -6    4   20   33   26 9999 9999 9999   -3
291ASCENSIO2014 41   -14  -45  -61 9999 9999 9999  -62  -38  -35  -37  -28
291ASCENSIO2014 42   -27  -25  -33  -34  -23  -11  -17  -21  -20  -27   -7
291ASCENSIO2014 43    10   16   24   25   18   10   -5  -24
291ASCENSIO2014 51   -37  -31  -21  -27  -28   -5   18   10   12   20   18
291ASCENSIO2014 52    10    0   -3  -14  -25   -9   -4   -7   -2    0   -4
291ASCENSIO2014 53   -10  -12  -13  -11  -29  -44  -55  -34  -16
291ASCENSIO2014 61   -17   -7   -1    5    7    1    0   -3   -8  -11   -3
291ASCENSIO2014 62   -11  -19  -41  -30    0   10   17   -1   -6    5  -12
291ASCENSIO2014 63   -27  -35  -46  -31   -2    0  -18  -23
291ASCENSIO2014 71   -18   -1    0    3   -4  -10  -10   -6  -15  -23  -26
291ASCENSIO2014 72   -20   -4    2   -9  -30  -37  -56  -64  -57  -64  -77
291ASCENSIO2014 73   -95  -98  -96  -77  -55  -38  -32  -41  -53
291ASCENSIO2014 81   -55  -69  -71  -73  -63  -44  -46  -49  -54  -55  -50
291ASCENSIO2014 82   -50  -44  -45  -54  -59  -74 -103 -114 -106 -101 -113
291ASCENSIO2014 83  -125 -106  -99  -99 -103  -98  -87  -60  -65
291ASCENSIO2014 91   -72  -74  -51  -32  -30  -18  -17   -9  -18  -26  -23
291ASCENSIO2014 92   -39  -28    5  -13  -21  -20    0    8    0  -11   -6
291ASCENSIO2014 93   -22  -23  -33  -53  -39  -39  -59  -52
291ASCENSIO2014101   -53  -51  -40  -34  -35  -33  -41  -62  -68  -88 -102
291ASCENSIO2014102  -124 -154 -135 -137 -127  -98  -97 -111 -103  -89  -98
291ASCENSIO2014103  -104  -93 -101 -108  -76  -62  -79  -85  -83
291ASCENSIO2014111   -67  -50  -60  -81  -85 -100 -100  -95  -95  -86 9999
291ASCENSIO2014112  9999 9999 9999 9999  -41  -46  -55  -64  -70  -61  -75
291ASCENSIO2014113   -98  -82  -71  -87  -73  -59  -52  -43
291ASCENSIO2014121   -48  -57  -65  -73  -70  -75 -122 -115  -97  -90  -76
291ASCENSIO2014122   -71  -87 -108  -84  -64  -90 -108 -104 -108 -103 -101
291ASCENSIO2014123  -112 -104  -88  -96  -83  -73  -83 -101 -117
291ASCENSIO2015 11  -101 -111 -132 -132 -139 -150 -149 -140 -125 -139 -145
291ASCENSIO2015 12  -147 -149 -119 -119 -130 -136 -135 -118  -99  -85  -86
291ASCENSIO2015 13   -88  -91 -100  -99  -88  -98 -100  -91  -87
291ASCENSIO2015 21   -84  -91  -90  -91  -87  -77  -74  -75  -88  -84  -85
291ASCENSIO2015 22   -86  -83  -78  -89  -64  -48  -18   -3  -11  -29  -59
291ASCENSIO2015 23   -82  -68  -64  -71  -62  -54
291ASCENSIO2015 31   -54  -61  -56  -53  -48  -64  -65  -46  -49  -44  -35
291ASCENSIO2015 32   -34  -19    7   13    0 9999 9999 9999   33   37   22
291ASCENSIO2015 33     4 9999 9999 9999  -48  -40  -50  -35   -9
291ASCENSIO2015 41    -7   -1   -5  -20  -14   -5  -18  -47  -47  -54  -69
291ASCENSIO2015 42   -57  -32  -32  -20    0  -10  -21  -34  -25  -32  -71
291ASCENSIO2015 43   -81  -65  -54  -50  -53  -39  -41  -39
291ASCENSIO2015 51   -29  -26  -32  -38  -47  -51  -46  -45  -36  -46  -37
291ASCENSIO2015 52   -25  -27  -22  -19  -19  -29  -25  -27  -31  -28  -26
291ASCENSIO2015 53   -23  -23   14   43   46   30   17   27   31
291ASCENSIO2015 61    31   36   31   17   14  -11  -20  -34  -45 9999 9999
291ASCENSIO2015 62  9999 9999 9999 9999 9999 9999 9999 9999 9999 9999 9999
291ASCENSIO2015 63  9999 9999 9999 9999 9999 9999 9999 9999
291ASCENSIO2015 71  9999 9999 9999 9999 9999 9999 9999 9999 9999 9999  -77
291ASCENSIO2015 72   -81  -85  -88  -67  -51  -43  -23  -17  -17  -11  -13
291ASCENSIO2015 73   -10  -16  -40  -56  -71  -80  -83  -77  -84
291ASCENSIO2015 81   -87  -77  -77  -79  -71  -76  -77  -60  -62  -76  -89
291ASCENSIO2015 82   -95  -93 -100 -105 -111 9999 9999  -70  -72  -76 -101
291ASCENSIO2015 83   -97 9999 9999 9999  -91  -89  -92  -98  -81
291ASCENSIO2015 91   -56  -62  -82  -91 -108 -123 -105  -95  -91  -98  -95
291ASCENSIO2015 92   -92 -105 -113 -117 -128 -120 -109 -102 -111 -111 -102
291ASCENSIO2015 93  -116 -104  -77  -69  -57  -74  -90  -66
291ASCENSIO2015101   -67  -87  -96  -96  -94  -84  -76  -70  -69  -70  -84
291ASCENSIO2015102   -99  -93  -98 -104  -88 -102 -104  -97 -105  -98  -59
291ASCENSIO2015103   -59  -67  -70  -85  -89  -84  -92 -103 -120
291ASCENSIO2015111  -107 -112 -115 -122 -122 -111 -128 -156 9999 9999 -108
291ASCENSIO2015112  -117 -135 -122 -115 -121  -93  -62  -67  -79  -79  -69
291ASCENSIO2015113   -78  -93  -86  -76 -105 -121 -129 -134
291ASCENSIO2015121  -115 -112  -94  -94 -106 -114 -125 -130 -115 -127 -145
291ASCENSIO2015122  -133 -130 -104  -92 -109 -100 9999 9999 9999  -84 -124
291ASCENSIO2015123  -180 -141 9999 9999 9999 -155 -132 -128 -127
291ASCENSIO2016 11  -120 -117  -88  -85  -92  -99 -116 -140 -132 -102  -83
291ASCENSIO2016 12   -78  -84  -89 -100  -91 -103 -111 -101 -125 -131 -115
291ASCENSIO2016 13  -127 -147 -137 -124 -124  -91  -67  -72  -59
291ASCENSIO2016 21   -50  -63  -59  -64  -85  -79  -77  -76  -53  -41  -50
291ASCENSIO2016 22   -45  -67  -73  -74  -94  -89  -70  -64  -80  -92  -78
291ASCENSIO2016 23   -79  -89  -78  -83  -73  -63  -72
291ASCENSIO2016 31   -88  -80  -72  -75  -66  -46  -45  -29  -10  -30  -22
291ASCENSIO2016 32  -105 -100  -96 -112 -120 -104 -122 -120 -120 -118 -110
291ASCENSIO2016 33  -110 -108 -100  -84  -86 -102 -109 -103 -114
291ASCENSIO2016 41   -59  -82  -84  -32   -6  -14    0   23  -39  -79  -61
291ASCENSIO2016 42   -92 -107  -56  -18  -34  -47  -65  -84 -103 -119  -66
291ASCENSIO2016 43   -16  -82 -105 -108 -107  -48   77   45
291ASCENSIO2016 51   -56  -58  -69  -79  -85  -83  -68  -84  -92  -64  -73
291ASCENSIO2016 52   -91  -79  -81  -73  -71  -93 -109  -92  -83  -93 -112
291ASCENSIO2016 53  -111  -96 -101  -99 -102  -75  -79  -19   43
291ASCENSIO2016 61   -40  -75  -62  -91 -117 -102 -125 -136 -131 -125 -124
291ASCENSIO2016 62  -129 -124 -116 -110 -125 -144 -146 -146 -141 -150 -141
291ASCENSIO2016 63  -129 -124 -114 -106 -127 -151 -142 -141
291ASCENSIO2016 71  -143 -133 -121 -146 -163 -147 -117 -111 9999 9999 -124
291ASCENSIO2016 72  -109 -132 -138 -139 9999 9999 9999 -128 -129 -114 -100
291ASCENSIO2016 73   -88  -75  -73  -79  -87 -108 -120 -116 -102
291ASCENSIO2016 81   -64 -102 -134 -144 -140 -140 9999 9999 9999 9999 9999
291ASCENSIO2016 82  9999 9999 9999 9999 9999 9999 9999 9999 9999 9999 9999
291ASCENSIO2016 83  9999 9999 9999 9999 9999 9999 9999 9999 9999
291ASCENSIO2016 91  9999 9999 9999 9999 9999 9999 9999 9999 9999 9999 9999
291ASCENSIO2016 92  9999 9999 9999 9999 9999 9999 9999 9999 9999 9999 9999
291ASCENSIO2016 93  9999 9999 9999 9999 9999 9999 9999 9999
291ASCENSIO2016101  9999 9999 9999 9999 9999 9999 9999 9999 9999 9999 9999
291ASCENSIO2016102  9999 9999 9999 9999 9999 9999 9999 9999 9999 9999 9999
291ASCENSIO2016103  9999 9999 9999 9999 9999 9999 9999 9999 9999
291ASCENSIO2016111  9999 9999 9999 -185 -177 -170 -170 -175 -168 -166 -155
291ASCENSIO2016112  -129 -127 -124 -167 -172 -158 -169 -165 -169 -177 -177
291ASCENSIO2016113  -169 -167 -180 -173 -170 -198 -198 -199
291ASCENSIO2016121  -202 -202 -202 -191 -182 -185 -171 -141 -130 -117 9999
291ASCENSIO2016122  9999 -123 -151 -149 -150 -148 9999 9999   96    8  -49
291ASCENSIO2016123     2  -31  -89 -120 -133 -146 -123 -125 -131
291ASCENSIO2017 11  -131 9999 9999 9999 -164 -162 -124 9999 9999 9999 9999
291ASCENSIO2017 12  9999 9999 9999 9999 9999 9999 9999 9999 9999 9999 9999
291ASCENSIO2017 13  9999 9999 9999 9999 9999 9999 9999 9999 9999
291ASCENSIO2017 21  9999 9999 9999 9999 9999 9999 9999 9999 9999 9999 9999
291ASCENSIO2017 22  9999 9999 9999 9999 9999 9999 9999 9999 9999 9999 9999
291ASCENSIO2017 23  9999 9999 9999 9999 9999 9999
291ASCENSIO2017 31  9999 9999 9999 9999 9999 9999 9999 9999 9999 9999 9999
291ASCENSIO2017 32  9999 9999 9999 9999 9999 9999 9999 9999 9999 9999 9999
291ASCENSIO2017 33  9999 9999 9999 9999 9999 9999 9999 9999 9999
291ASCENSIO2017 41  9999 9999 9999 9999 9999 9999 9999  183 9999 9999 9999
291ASCENSIO2017 42  9999 9999 9999 9999 9999 9999 9999 9999 9999 9999 9999
291ASCENSIO2017 43  9999 9999 9999 9999 9999 9999 9999 9999
291ASCENSIO2017 51  9999 9999 9999 9999 9999 9999 9999 9999 9999 9999 9999
291ASCENSIO2017 52  9999 9999 9999 9999 9999 9999 -200  -55 9999 9999 9999
291ASCENSIO2017 53  9999 9999 9999 9999 9999 9999 9999 9999 9999
