299QAQORTOQ      LAT=60 43.0N  LONG=046 02.0W
299QAQORTOQ2008 61  6738 6666 6631 6659 6682 6743 6723 6682 6628 6547 6567
299QAQORTOQ2008 62  6631 6591 6532 6567 6609 6607 6627 6658 6649 6636 6663
299QAQORTOQ2008 63  6676 6661 6657 6681 6666 6615 6616 6662
299QAQORTOQ2008 71  6678 6695 6729 6777 6805 6765 6750 6726 6713 6727 9999
299QAQORTOQ2008 72  9999 9999 6743 6808 6791 6724 6689 6759 6799 6762 6766
299QAQORTOQ2008 73  6786 6741 6694 6758 6782 6781 6723 6682 6674
299QAQORTOQ2008 81  6653 6643 6634 6638 6631 6639 6664 6725 6772 6791 6773
299QAQORTOQ2008 82  6760 6746 6785 6825 6821 6797 6798 6743 6708 6748 6768
299QAQORTOQ2008 83  6749 6782 6860 6859 6778 6704 6697 6722 6700
299QAQORTOQ2008 91  6698 6733 6754 6768 6879 6931 6874 6810 6842 6846 6919
299QAQORTOQ2008 92  6982 6905 6845 6863 6905 6749 6798 6881 6828 6821 6784
299QAQORTOQ2008 93  6770 6845 6842 6768 6747 6698 6677 6629
299QAQORTOQ2008101  6620 6776 6958 7010 7030 7082 7095 7122 7124 7013 7002
299QAQORTOQ2008102  6921 6883 6899 7016 7032 6856 6917 9999 6863 6825 6828
299QAQORTOQ2008103  6862 6893 6892 6758 6708 6666 6697 6834 6766
299QAQORTOQ2008111  6951 7042 6850 6920 6912 6939 6973 6998 6926 6859 6984
299QAQORTOQ2008112  6999 6958 6838 6788 6815 6877 6788 6655 6808 7028 6819
299QAQORTOQ2008113  6765 6806 6749 6655 6567 6673 6809 6925
299QAQORTOQ2008121  6941 6991 7062 6940 7032 6952 6771 6955 7237 6961 6834
299QAQORTOQ2008122  6721 6848 6952 6820 6854 6878 6756 6808 6895 6890 6927
299QAQORTOQ2008123  7116 7003 6888 7033 6798 6597 6673 6809 9999
299QAQORTOQ2009 11  6953 6968 6981 6906 6875 6973 7100 7097 7061 7010 6942
299QAQORTOQ2009 12  6830 6807 6718 6918 7220 7192 6973 6787 6880 7108 7175
299QAQORTOQ2009 13  7078 7002 7147 7345 7265 7104 6899 6759 6709
299QAQORTOQ2009 21  6675 6894 7044 6926 6951 6996 7015 6896 6880 6928 6929
299QAQORTOQ2009 22  6882 6830 6870 6893 6872 6693 6563 6657 6676 6674 6758
299QAQORTOQ2009 23  6729 6683 6721 9999 9999 9999
299QAQORTOQ2009 31  9999 9999 9999 9999 9999 9999 6755 6769 6796 6778 6677
299QAQORTOQ2009 32  6646 6857 6996 6918 6808 6889 6788 6682 6744 6649 6531
299QAQORTOQ2009 33  6611 6499 6479 6473 6477 6535 6568 6587 6595
299QAQORTOQ2009 41  9999 9999 6816 6814 6737 6658 6622 6658 6745 6710 6705
299QAQORTOQ2009 42  6629 6516 6605 6776 6766 6773 6845 6862 6830 6752 6620
299QAQORTOQ2009 43  6565 6674 6701 6712 6830 6751 6778 6734
299QAQORTOQ2009 51  6634 6699 6636 6570 6642 6621 6563 6606 6661 6751 6786
299QAQORTOQ2009 52  6766 6713 6643 6564 6591 6561 6502 6541 6634 6785 6876
299QAQORTOQ2009 53  6933 6902 6763 6707 6758 6792 6715 6579 6469
299QAQORTOQ2009 61  6467 6500 6582 6683 6712 6641 6631 6651 6609 6578 6542
299QAQORTOQ2009 62  6493 6535 6664 6767 6737 6707 6766 6805 6706 6613 6636
299QAQORTOQ2009 63  6632 6610 6590 6596 6575 6578 6573 6584
299QAQORTOQ2009 71  6685 6706 6653 6671 6723 6734 6803 6851 6810 6756 6703
299QAQORTOQ2009 72  6615 6575 6551 6585 6663 6678 6629 6585 6568 6586 6629
299QAQORTOQ2009 73  6689 6664 6650 6619 6556 6628 6678 6663 6706
299QAQORTOQ2009 81  6765 6727 6653 6641 6642 6717 6766 6760 6764 6770 6752
299QAQORTOQ2009 82  6771 6745 6738 6748 6743 6747 6712 6705 6750 6796 6795
299QAQORTOQ2009 83  6781 6836 6933 6993 6912 6906 6927 6826 6768
299QAQORTOQ2009 91  6789 6796 6834 6837 6843 6826 6846 6875 6835 6768 6745
299QAQORTOQ2009 92  6780 6825 6687 6760 6936 6867 6807 6841 6824 6788 6799
299QAQORTOQ2009 93  6844 6831 6735 6725 6769 6682 6619 6660
299QAQORTOQ2009101  6721 6691 6717 6745 6729 6742 6780 6830 6793 6824 7114
299QAQORTOQ2009102  7350 7177 6942 7006 6970 6671 6672 6698 6732 6775 6824
299QAQORTOQ2009103  6851 6854 6788 6901 7067 7066 7031 7024 6989
299QAQORTOQ2009111  7108 6994 6678 6783 6959 6804 6788 6948 6899 6875 6880
299QAQORTOQ2009112  6823 6775 6756 6822 6921 6940 6929 6941 6951 6946 6910
299QAQORTOQ2009113  6819 6798 6782 6749 6719 6691 6794 6953
299QAQORTOQ2009121  6867 6848 6918 6884 6920 7045 7134 7124 7098 7094 7210
299QAQORTOQ2009122  7262 7081 6887 6711 6585 6560 6589 6576 6524 6538 6622
299QAQORTOQ2009123  6729 6751 6692 6677 6699 6693 6685 6758 6746
299QAQORTOQ2010 11  6557 6489 6447 6481 6538 6621 6752 6916 6843 6859 6869
299QAQORTOQ2010 12  6863 6924 6979 6988 7023 7017 6957 7047 7072 7009 7070
299QAQORTOQ2010 13  7142 6987 6803 6641 6535 6540 6586 6736 6881
299QAQORTOQ2010 21  6916 7042 6908 6894 6871 6847 6932 6995 7048 6895 6824
299QAQORTOQ2010 22  6771 6647 6627 6633 6601 6586 6646 6670 6612 6556 6597
299QAQORTOQ2010 23  6633 6602 6615 6598 6649 6682
299QAQORTOQ2010 31  6650 6575 6608 6701 6612 6601 6780 6984 6933 6777 6694
299QAQORTOQ2010 32  6692 6741 6703 6666 6791 6960 7069 7088 7024 6934 6871
299QAQORTOQ2010 33  6837 6794 6754 6740 6709 6677 6631 6613 6613
299QAQORTOQ2010 41  6566 6643 6778 6743 6741 6840 6767 6737 6778 6725 6702
299QAQORTOQ2010 42  6707 6596 6499 6508 6423 6439 6497 6511 6532 6580 6642
299QAQORTOQ2010 43  6683 6700 6766 6814 6779 6749 6712 6731
299QAQORTOQ2010 51  6761 6761 6722 6715 6745 6750 6722 6715 6699 6645 9999
299QAQORTOQ2010 52  9999 9999 9999 9999 9999 9999 9999 9999 9999 6636 6727
299QAQORTOQ2010 53  6759 6714 6711 6734 6669 6664 6684 6786 6835
299QAQORTOQ2010 61  6765 6707 6681 6733 6769 6730 6683 6684 6709 6749 6803
299QAQORTOQ2010 62  6756 6700 6706 6634 6672 6851 6824 6673 6726 6771 6726
299QAQORTOQ2010 63  6705 6681 6679 6763 6773 6714 6693 6667
299QAQORTOQ2010 71  6636 6694 6732 6766 6792 6740 6717 6746 6750 6747 6743
299QAQORTOQ2010 72  6689 6610 6576 6661 6794 6776 6695 6633 6615 6705 6791
299QAQORTOQ2010 73  6759 6744 6741 6669 6690 6774 6774 6791 6716
299QAQORTOQ2010 81  6649 6592 6624 6709 6718 6681 6699 6756 6766 6757 6753
299QAQORTOQ2010 82  6739 6734 6750 6757 6710 6701 6653 6653 6652 6656 6669
299QAQORTOQ2010 83  6667 6744 6765 6687 6678 6729 6753 6753 6858
299QAQORTOQ2010 91  7038 7079 7017 6931 6850 6843 6858 6874 6848 6813 6834
299QAQORTOQ2010 92  6795 6698 6711 6791 6798 6802 6836 6762 6731 6838 7113
299QAQORTOQ2010 93  7098 6964 6968 6951 6900 6899 6917 6873
299QAQORTOQ2010101  6859 6868 6924 6915 6943 7009 6935 6913 7100 7222 7094
299QAQORTOQ2010102  7014 6948 6931 6983 6858 6750 6828 6957 6957 6876 6883
299QAQORTOQ2010103  6988 7161 7327 7234 7042 6964 6981 6997 7103
299QAQORTOQ2010111  7063 6958 6945 6865 6758 6822 6785 6693 6793 6897 6923
299QAQORTOQ2010112  6899 6905 6972 6930 6871 6847 6783 6878 7093 7203 6946
299QAQORTOQ2010113  6816 6818 6817 6912 6928 6849 6791 6609
299QAQORTOQ2010121  6488 6475 6537 6585 6609 6622 6682 6843 6838 6802 6919
299QAQORTOQ2010122  6880 6717 6543 6539 6605 6643 9999 9999 9999 6709 6773
299QAQORTOQ2010123  6743 6715 6816 6882 6819 6820 7032 7068 6960
299QAQORTOQ2011 11  6843 6694 6646 6642 6665 6724 6800 6813 6798 6773 6885
299QAQORTOQ2011 12  6965 6905 6929 6958 6867 6902 7029 6942 6844 6918 6869
299QAQORTOQ2011 13  6811 6786 6878 6760 6668 9999 9999 9999 9999
299QAQORTOQ2011 21  6873 6930 6986 7007 6895 6894 6993 6958 6930 7095 7112
299QAQORTOQ2011 22  6923 6935 7017 6851 6812 6942 9999 9999 9999 9999 9999
299QAQORTOQ2011 23  9999 6983 6896 6949 7174 6885
299QAQORTOQ2011 31  6678 6829 6585 6636 6732 6608 6644 9999 6611 6595 6528
299QAQORTOQ2011 32  6640 6837 6674 6606 6627 6603 6660 6704 6654 6539 6536
299QAQORTOQ2011 33  6667 6898 6899 6832 6755 6747 6850 6900 6906
299QAQORTOQ2011 41  6877 6863 6920 6954 6846 6916 6913 6908 7019 6847 6777
299QAQORTOQ2011 42  6884 6753 6642 6720 6701 6595 6587 6738 6747 6726 6718
299QAQORTOQ2011 43  6714 6654 6737 6808 6772 6744 6713 6596
299QAQORTOQ2011 51  6559 6512 6474 6506 6571 6575 6573 6554 6551 6580 6581
299QAQORTOQ2011 52  6549 6632 6628 6588 6631 6630 6655 6642 6636 6650 6606
299QAQORTOQ2011 53  6534 6603 6758 6706 6620 6640 6619 6690 6697
299QAQORTOQ2011 61  6675 6623 6544 6479 6481 6555 6579 6547 6549 6573 6595
299QAQORTOQ2011 62  6623 6645 6685 6691 6657 6623 6579 6581 6593 6614 6591
299QAQORTOQ2011 63  6567 6576 6607 6622 6637 6706 6773 6782
299QAQORTOQ2011 71  6692 6649 6691 6640 6660 6740 6757 6745 6763 6721 6818
299QAQORTOQ2011 72  6907 6815 6791 6694 6619 6662 6773 6833 6765 6810 6879
299QAQORTOQ2011 73  6914 6848 6770 6776 6760 6721 6691 6663 6625
299QAQORTOQ2011 81  6623 6617 6586 6565 6583 6592 6642 6679 6693 6675 6692
299QAQORTOQ2011 82  6717 6706 6704 6684 6675 6765 6902 6813 6716 6716 6653
299QAQORTOQ2011 83  6586 6605 6728 6818 6855 6827 6773 6781 6791
299QAQORTOQ2011 91  6705 6679 6718 6753 6723 6689 6681 6704 6734 6730 6736
299QAQORTOQ2011 92  6770 6823 6848 6801 6754 6810 6734 6630 6645 6680 6722
299QAQORTOQ2011 93  6694 6674 6716 6764 6808 6805 6783 6760
299QAQORTOQ2011101  6730 6669 6660 6723 6725 6743 6802 6764 6730 6778 6802
299QAQORTOQ2011102  6788 6661 6608 6696 6810 6896 9999 9999 9999 9999 9999
299QAQORTOQ2011103  9999 9999 9999 9999 9999 9999 9999 9999 9999
299QAQORTOQ2011111  6894 6891 6911 6979 7044 7034 7027 7029 6963 6889 6833
299QAQORTOQ2011112  6945 7011 6944 6939 6940 6944 7056 7325 7158 7013 9999
299QAQORTOQ2011113  9999 6871 6809 6808 6858 6851 6888 6872
299QAQORTOQ2011121  6971 6911 6751 6765 9999 9999 6758 6771 7079 9999 9999
299QAQORTOQ2011122  9999 9999 9999 9999 9999 9999 9999 9999 9999 9999 9999
299QAQORTOQ2011123  6883 6879 6827 6820 6843 6713 6760 7066 6906
299QAQORTOQ2012 11  6691 6716 6941 6979 7012 6954 6999 6859 6689 6690 6726
299QAQORTOQ2012 12  6982 6836 6769 6986 6945 6921 6769 9999 9999 6581 6755
299QAQORTOQ2012 13  6853 6813 6817 6930 6968 6813 6716 6844 6963
299QAQORTOQ2012 21  6888 6948 6903 6748 6984 7101 6933 6760 6618 6567 6653
299QAQORTOQ2012 22  6595 6703 6737 6584 6483 6437 6590 6685 6745 6836 6829
299QAQORTOQ2012 23  6725 6641 6748 6846 6856 6762 6688
299QAQORTOQ2012 31  6678 6641 6586 6753 6773 6430 6410 6537 6661 6639 6439
299QAQORTOQ2012 32  6739 6826 6686 9999 9999 9999 9999 6763 6819 6772 6750
299QAQORTOQ2012 33  6955 7088 7057 6856 6653 6616 6588 6609 6646
299QAQORTOQ2012 41  6694 6725 6680 6691 6685 6641 6655 6615 6614 6695 6732
299QAQORTOQ2012 42  6751 6718 6841 6976 6782 6659 6619 6607 6599 6684 6682
299QAQORTOQ2012 43  6611 6562 6591 6705 6719 6629 6674 6588
299QAQORTOQ2012 51  6513 6446 6405 6446 6458 6491 6543 6545 6555 6557 6547
299QAQORTOQ2012 52  6536 6501 6630 6629 6611 6660 6776 6883 6851 6736 6667
299QAQORTOQ2012 53  6709 6688 6642 6629 6666 6673 6615 6580 6562
299QAQORTOQ2012 61  6615 6629 6620 6594 6559 6598 6632 6597 6610 6571 6557
299QAQORTOQ2012 62  9999 9999 9999 6527 6593 6594 6567 6590 6635 6620 6607
299QAQORTOQ2012 63  6607 6567 6542 6560 6534 6559 6667 6766
299QAQORTOQ2012 71  6705 6649 6631 6640 6608 6600 6601 6635 6730 6823 6801
299QAQORTOQ2012 72  6731 6677 6694 6676 6662 6641 6613 6661 6789 6879 6822
299QAQORTOQ2012 73  6777 6747 6677 6681 6769 6782 6730 6674 6642
299QAQORTOQ2012 81  6647 6629 6605 6679 6724 6701 6733 6686 6689 6684 6683
299QAQORTOQ2012 82  6715 6658 6613 6651 6616 6614 6618 6601 6631 6650 6688
299QAQORTOQ2012 83  6691 6675 6660 6664 6683 6705 6857 7038 6943
299QAQORTOQ2012 91  6869 6859 6780 6795 6716 6635 6665 6672 6691 6818 6909
299QAQORTOQ2012 92  6955 6833 6799 6645 6605 6678 6736 6668 9999 9999 9999
299QAQORTOQ2012 93  9999 9999 9999 9999 9999 9999 9999 9999
299QAQORTOQ2012101  6727 6731 6710 6704 6719 6667 6796 6850 6806 6750 6744
299QAQORTOQ2012102  6932 7052 7177 7069 6824 6831 7035 7037 6970 6843 6808
299QAQORTOQ2012103  6830 6843 6829 6746 6653 6567 6569 6647 6746
299QAQORTOQ2012111  6779 6735 6724 6799 6885 6847 6850 6755 6664 7015 7206
299QAQORTOQ2012112  7082 7021 6934 6722 6741 6888 6965 7039 7118 7008 6954
299QAQORTOQ2012113  7046 6964 6936 7063 7006 6969 6783 7049
299QAQORTOQ2012121  7182 6963 6837 6772 6735 6781 6735 6758 6777 6928 7000
299QAQORTOQ2012122  6971 7047 7060 6924 6756 6694 6762 6872 7016 7063 6943
299QAQORTOQ2012123  6825 6844 7001 7106 7067 6926 6839 6869 6950
299QAQORTOQ2013 11  7100 7112 7144 7173 6936 6887 6980 6992 7078 6873 6690
299QAQORTOQ2013 12  6614 6693 6846 6966 7063 6911 6967 6985 6961 7068 7133
299QAQORTOQ2013 13  7134 7247 7090 7005 7003 7110 7151 6972 6894
299QAQORTOQ2013 21  7078 7040 6760 6516 6799 6872 6655 6705 6684 6563 6579
299QAQORTOQ2013 22  6634 6656 6700 6744 6764 6746 6776 6901 6855 6843 6936
299QAQORTOQ2013 23  6885 6807 6898 6849 6686 6661
299QAQORTOQ2013 31  6552 6576 6590 6582 6603 6629 6672 6754 6782 6772 6719
299QAQORTOQ2013 32  6629 6544 6510 6543 6591 6678 6699 6600 6547 6599 6660
299QAQORTOQ2013 33  6642 6752 6753 6644 6660 6795 6870 6876 6843
299QAQORTOQ2013 41  6724 6656 6721 6831 6889 6832 6830 6767 6651 6601 6603
299QAQORTOQ2013 42  6676 6742 6734 6752 6732 6734 6786 6668 6524 6552 6475
299QAQORTOQ2013 43  6513 6520 6520 6510 6365 6461 6508 6434
299QAQORTOQ2013 51  6382 6361 6389 6434 6522 6544 6630 6728 6710 6601 6513
299QAQORTOQ2013 52  6450 6557 6626 6533 6603 6635 6576 6483 6449 6483 6603
299QAQORTOQ2013 53  6573 6513 6578 9999 9999 6595 6619 6582 6580
299QAQORTOQ2013 61  6638 6700 6721 6649 6656 6721 6642 6605 6605 6632 6749
299QAQORTOQ2013 62  6780 6652 6586 6589 6688 6768 6689 6616 6604 6594 6608
299QAQORTOQ2013 63  6681 6680 6678 6655 6557 6573 6599 6601
299QAQORTOQ2013 71  6673 6703 6740 6778 6762 6706 6707 6724 6737 6678 6619
299QAQORTOQ2013 72  6663 6669 6677 6653 6673 6730 6744 6744 6752 6761 6747
299QAQORTOQ2013 73  6657 6575 6587 6621 6643 6686 6645 6625 6603
299QAQORTOQ2013 81  6623 6674 6640 6616 6618 6675 6748 6715 6640 6594 6664
299QAQORTOQ2013 82  6811 6834 6796 6758 6758 6692 6704 6788 6829 6765 6745
299QAQORTOQ2013 83  6801 6767 6696 6664 6742 6715 6653 6689 6811
299QAQORTOQ2013 91  6746 6660 6647 6650 6730 6765 6781 6762 6828 6966 6761
299QAQORTOQ2013 92  6668 6722 6682 6680 6850 6867 6981 7024 6904 6820 6767
299QAQORTOQ2013 93  6749 6721 6680 6690 6718 6805 6790 6769
299QAQORTOQ2013101  6769 6780 6812 6824 6818 6801 6765 6744 6847 6916 6992
299QAQORTOQ2013102  6920 6753 6844 6944 6893 6792 6760 6824 6828 6798 6838
299QAQORTOQ2013103  6842 6896 7030 7014 6918 6914 7110 7150 7060
299QAQORTOQ2013111  6989 7138 7329 7165 7029 7065 7006 7011 7087 7067 6892
299QAQORTOQ2013112  6841 6920 7031 6889 6778 6686 6693 6706 6739 6740 6752
299QAQORTOQ2013113  6922 7146 7095 6887 6672 6735 6896 6769
299QAQORTOQ2013121  6722 6687 6662 6662 6775 6932 7144 7282 7200 7100 7132
299QAQORTOQ2013122  7404 7446 7264 7055 6949 6986 6855 6868 7051 6866 6874
299QAQORTOQ2013123  7007 6987 6996 6896 6809 6896 7050 7088 6987
299QAQORTOQ2014 11  7043 7146 7060 7034 7074 6935 6926 7106 6967 6864 6824
299QAQORTOQ2014 12  6792 6860 6897 6914 6901 6751 6711 6826 6872 6902 6894
299QAQORTOQ2014 13  6897 6923 6762 6630 6750 6829 6842 6804 6764
299QAQORTOQ2014 21  6781 6832 6841 6850 6892 7004 7034 6901 6888 6935 6879
299QAQORTOQ2014 22  6794 6658 6621 6711 6637 6687 6789 6654 6530 6553 6622
299QAQORTOQ2014 23  6708 6696 6695 6872 6845 6632
299QAQORTOQ2014 31  6557 6500 6519 6608 6603 6435 6336 6340 6358 6357 6282
299QAQORTOQ2014 32  6203 6309 6457 6339 6162 6325 6460 6433 6340 6255 6392
299QAQORTOQ2014 33  6534 6382 6432 6316 6144 6400 6364 6254 6220
299QAQORTOQ2014 41  6202 6249 6350 6405 6355 6342 6422 6378 6330 6481 6403
299QAQORTOQ2014 42  6323 6216 6186 6157 6325 6335 6160 6202 6215 6367 6469
299QAQORTOQ2014 43  6377 6306 6236 6187 6146 6152 6229 6310
299QAQORTOQ2014 51  6386 6487 6507 6544 6519 6454 6356 6282 6294 6292 6310
299QAQORTOQ2014 52  6327 6374 6388 6330 6276 6156 6120 6131 6124 6130 6187
299QAQORTOQ2014 53  6176 6193 6239 6181 6195 6182 6212 6274 6268
299QAQORTOQ2014 61  6278 6277 6331 6286 6219 6254 6314 6297 6250 6230 6299
299QAQORTOQ2014 62  6344 6336 6304 6307 6301 6301 6330 6281 6287 6308 6422
299QAQORTOQ2014 63  6516 6478 6464 6428 6391 6375 6401 6449
299QAQORTOQ2014 71  6446 6444 6473 9999 9999 9999 9999 9999 9999 6393 6355
299QAQORTOQ2014 72  6341 6357 6381 6394 6387 6377 6380 6387 6381 6373 6394
299QAQORTOQ2014 73  6402 6411 6414 6440 6431 6349 6323 6342 6339
299QAQORTOQ2014 81  6354 6377 6375 6385 6393 6399 6385 6342 6334 6336 6318
299QAQORTOQ2014 82  6269 6234 6261 6280 6255 6215 6210 6214 6205 6247 6274
299QAQORTOQ2014 83  6314 6380 6412 6411 6410 6530 6586 6562 6583
299QAQORTOQ2014 91  6557 6497 6472 6546 6507 6470 6543 6597 6484 6426 6387
299QAQORTOQ2014 92  6399 6590 6379 6287 6382 6512 6517 6516 6643 6503 6433
299QAQORTOQ2014 93  6622 6591 6530 6575 6547 6598 6695 6649
299QAQORTOQ2014101  6618 6580 6475 6586 6746 6742 6713 6710 6668 6731 6795
299QAQORTOQ2014102  6741 6763 6748 6758 6753 6723 6835 6878 6839 6967 6879
299QAQORTOQ2014103  6782 6767 6725 6779 6787 6753 6715 6701 6787
299QAQORTOQ2014111  6816 6745 6713 6855 6906 6844 6799 6854 6964 6911 6958
299QAQORTOQ2014112  6979 6952 6994 7061 7181 6973 6813 7026 7078 6837 6917
299QAQORTOQ2014113  7148 6950 6812 6920 6822 6786 6766 6750
299QAQORTOQ2014121  6819 6828 6602 6744 6906 6637 6694 6948 6757 6639 6616
299QAQORTOQ2014122  6618 6618 6724 6886 6759 6601 6667 6750 6745 6663 6700
299QAQORTOQ2014123  6651 6607 6561 6705 6939 6953 6891 6919 7023
299QAQORTOQ2015 11  6891 6756 6816 6870 6907 7067 6950 6919 6815 6727 6807
299QAQORTOQ2015 12  6758 6780 6825 6784 6669 6751 6916 6594 6602 6918 6705
299QAQORTOQ2015 13  6580 6822 6831 7047 6721 6488 6653 6656 6656
299QAQORTOQ2015 21  6676 6874 6794 6694 6606 6556 6697 6622 6524 6516 6630
299QAQORTOQ2015 22  6636 6678 6788 6649 6641 6916 6849 6617 6570 6835 6769
299QAQORTOQ2015 23  6663 6836 6735 6670 6901 6888
299QAQORTOQ2015 31  6790 6730 6844 7013 6869 6865 6756 6711 6754 6714 6678
299QAQORTOQ2015 32  6805 7024 6874 6659 6594 6624 6790 6868 6931 6734 6607
299QAQORTOQ2015 33  6650 6585 6462 6441 6460 6478 6485 6496 6541
299QAQORTOQ2015 41  6663 6826 6834 6767 9999 9999 9999 6617 6592 6540 6613
299QAQORTOQ2015 42  6827 6771 6720 6765 6666 6601 6614 6612 6495 6394 9999
299QAQORTOQ2015 43  9999 9999 6483 9999 9999 9999 9999 9999
299QAQORTOQ2015 51  9999 9999 9999 9999 9999 9999 9999 9999 9999 9999 9999
299QAQORTOQ2015 52  9999 9999 9999 9999 9999 9999 9999 9999 9999 9999 9999
299QAQORTOQ2015 53  9999 9999 9999 9999 9999 9999 9999 9999 9999
299QAQORTOQ2015 61  9999 9999 9999 9999 9999 9999 9999 9999 9999 9999 9999
299QAQORTOQ2015 62  9999 9999 9999 9999 9999 9999 9999 9999 9999 9999 9999
299QAQORTOQ2015 63  9999 9999 9999 9999 9999 9999 9999 9999
299QAQORTOQ2015 71  9999 9999 9999 9999 9999 9999 9999 9999 9999 9999 9999
299QAQORTOQ2015 72  9999 9999 9999 9999 9999 6579 6567 6580 6568 6577 6572
299QAQORTOQ2015 73  6574 6596 6578 6559 6581 6592 6575 6539 6519
299QAQORTOQ2015 81  6504 6511 6515 6536 6573 6634 6710 6690 6636 6606 6690
299QAQORTOQ2015 82  6672 6590 6635 6682 6694 6680 6707 6685 6613 6617 6638
299QAQORTOQ2015 83  6653 6633 6628 6628 6625 6594 6601 6633 6618
299QAQORTOQ2015 91  6663 6703 6738 6749 6761 6892 6893 6832 6815 6799 6750
299QAQORTOQ2015 92  6687 6667 6649 6561 6610 6693 6813 6860 6767 6854 6789
299QAQORTOQ2015 93  6744 6811 6818 6857 6800 6756 6746 6650
299QAQORTOQ2015101  6550 6537 6624 6787 6889 6896 6915 6804 6840 6874 7023
299QAQORTOQ2015102  7067 6806 6770 6902 6896 6802 6743 6778 6791 6836 6874
299QAQORTOQ2015103  6802 6783 6761 9999 9999 9999 9999 9999 9999
299QAQORTOQ2015111  7053 6909 6867 6894 6939 6990 7089 7219 7149 6995 6895
299QAQORTOQ2015112  6827 6778 6767 6786 6775 6759 6701 6590 6461 6480 6541
299QAQORTOQ2015113  6512 6691 6720 6561 6694 6752 6774 6886
299QAQORTOQ2015121  6899 6958 7006 6953 6890 6919 6852 6840 6875 6784 6726
299QAQORTOQ2015122  6737 6855 6898 6799 6835 6952 6924 6872 7029 7093 6912
299QAQORTOQ2015123  6836 6768 6888 7035 7099 7183 7048 6837 6794
299QAQORTOQ2016 11  6806 6864 6881 6851 6859 6964 7046 6949 6873 6752 6673
299QAQORTOQ2016 12  6612 6675 6789 6809 6833 6919 6905 6965 6988 7004 6946
299QAQORTOQ2016 13  6874 6805 6716 6645 6758 6865 6692 6730 6835
299QAQORTOQ2016 21  6730 6873 6961 6855 6836 6880 6945 6880 6738 6664 6747
299QAQORTOQ2016 22  6836 6892 6970 7030 6725 6614 6759 6533 6472 6510 6500
299QAQORTOQ2016 23  6632 6687 6470 6634 6882 6814 6787
299QAQORTOQ2016 31  6803 6826 6651 6685 6619 6556 6622 6623 6841 6813 6675
299QAQORTOQ2016 32  6702 6660 6473 6446 6587 6806 6835 6726 6686 6659 6648
299QAQORTOQ2016 33  6939 6969 6876 6737 6710 6651 6591 6758 6891
299QAQORTOQ2016 41  6796 6836 6886 7005 7004 6812 6862 6579 6463 6501 6522
299QAQORTOQ2016 42  6414 6390 6429 6410 6403 6541 6717 6685 6532 6523 6456
299QAQORTOQ2016 43  6412 6438 6463 6538 6612 6657 6803 6760
299QAQORTOQ2016 51  6668 6621 6621 6570 6554 6547 6516 6492 6621 6667 6605
299QAQORTOQ2016 52  6558 6568 6589 6631 6615 6620 6666 6665 6654 6670 6651
299QAQORTOQ2016 53  6656 6710 6665 6598 6636 6589 6548 6496 6504
299QAQORTOQ2016 61  6557 6621 6577 6527 6529 6487 6488 6564 6693 6746 6722
299QAQORTOQ2016 62  6703 6650 6603 6613 6666 6700 6711 6714 6693 6686 6700
299QAQORTOQ2016 63  6680 6657 6661 6565 6571 6660 6599 6551
299QAQORTOQ2016 71  6566 6567 6572 6582 6624 6630 6571 6570 6550 6540 6541
299QAQORTOQ2016 72  6531 6570 6605 6660 6734 6677 6628 6602 6590 6619 6626
299QAQORTOQ2016 73  6617 6618 6604 6573 6533 6539 6558 6577 6614
299QAQORTOQ2016 81  6587 6574 6596 6611 6605 6596 6546 6578 6669 6700 6661
299QAQORTOQ2016 82  6671 6735 6777 6762 6742 6720 6652 6577 6557 6525 6474
299QAQORTOQ2016 83  6497 6613 6672 6601 6564 6577 6661 6695 6685
299QAQORTOQ2016 91  6706 6695 6705 6683 6674 6723 6694 6695 6773 6808 6781
299QAQORTOQ2016 92  6840 6937 6835 6708 6670 6740 6785 6673 6610 6624 6682
299QAQORTOQ2016 93  6695 6659 6663 6708 6728 6703 6620 6614
299QAQORTOQ2016101  6695 6817 6997 7030 7004 6910 6802 6790 6783 6807 6743
299QAQORTOQ2016102  6696 6624 6665 6705 6637 6632 6714 6768 6651 6599 6571
299QAQORTOQ2016103  6549 6748 6809 6673 6557 6588 6651 6612 6761
299QAQORTOQ2016111  6763 6564 6632 6851 6929 6784 6707 6745 6693 6733 6723
299QAQORTOQ2016112  6869 6902 6786 6568 6428 6474 6642 6644 6582 6661 6739
299QAQORTOQ2016113  6768 6732 6719 6938 6898 6663 6669 6683
299QAQORTOQ2016121  6731 6730 6715 6779 6827 6834 6793 6747 6739 6797 6787
299QAQORTOQ2016122  6694 6624 6587 6612 6667 6687 6661 6769 6581 6426 6521
299QAQORTOQ2016123  6536 6581 6611 6623 6547 6531 6521 6579 6753
299QAQORTOQ2017 11  6711 6578 6730 6616 6569 6853 6765 6713 6765 6764 6522
299QAQORTOQ2017 12  6616 6774 6976 6842 6597 6519 6425 6504 6601 6624 6815
299QAQORTOQ2017 13  7017 7019 6931 6832 6908 7096 7048 7053 7084
299QAQORTOQ2017 21  7042 7042 6973 6976 6984 6899 6912 6847 6733 6706 6707
299QAQORTOQ2017 22  6512 6423 6491 6552 6667 6752 6847 6857 6731 6651 6649
299QAQORTOQ2017 23  6709 6771 6675 6581 6776 6871
299QAQORTOQ2017 31  6691 6604 6693 6807 6748 6627 6653 6680 6623 6726 6887
299QAQORTOQ2017 32  6917 6796 6506 6450 6548 6711 6709 6612 6494 6499 6714
299QAQORTOQ2017 33  6628 6615 6551 6517 6506 6546 6541 6539 6514
299QAQORTOQ2017 41  6516 6565 6556 6606 6635 6556 6529 6541 6698 6652 6571
299QAQORTOQ2017 42  6522 6443 6522 6579 6662 6723 6561 6389 6388 6396 6366
299QAQORTOQ2017 43  6431 6603 6556 6461 6360 6407 6563 6651
299QAQORTOQ2017 51  6687 6654 6654 6607 6552 6434 6327 6288 6336 6420 6479
299QAQORTOQ2017 52  6573 6603 6638 6694 6646 6606 6663 6641 6539 6499 6537
299QAQORTOQ2017 53  6551 6556 6552 6578 6640 6670 6620 6613 6597
299QAQORTOQ2017 61  6610 6577 6543 6543 6499 6529 6562 6580 6585 6625 6695
299QAQORTOQ2017 62  6675 6646 6672 6709 6692 6606 6591 6631 6629 6671 6638
299QAQORTOQ2017 63  6591 6542 6612 6701 6639 6574 6562 6592
299QAQORTOQ2017 71  6557 6542 6597 6701 6697 6660 6705 6672 6647 6680 6708
299QAQORTOQ2017 72  6692 6774 6777 6744 6703 6660 6658 6672 6648 6634 6605
299QAQORTOQ2017 73  6662 6718 6663 6648 6650 6607 6569 6579 6597
299QAQORTOQ2017 81  6603 6610 6639 6665 6630 6589 6596 6594 6626 6599 6588
299QAQORTOQ2017 82  6576 6543 6588 6622 6611 6602 6522 6493 6501 6600 6714
299QAQORTOQ2017 83  6637 6604 6665 6684 6682 6666 6649 6615 6603
299QAQORTOQ2017 91  6656 6714 6752 6728 6742 6731 6639 6676 6669 6596 6650
299QAQORTOQ2017 92  6605 6618 6779 6788 6729 6690 6634 6598 6572 6630 6659
299QAQORTOQ2017 93  6741 6829 6836 6828 6822 6737 6711 6761
299QAQORTOQ2017101  6764 6768 6655 6627 6674 6781 6806 6824 6802 6791 6815
299QAQORTOQ2017102  6861 6863 6875 6874 6851 6839 6763 6712 6757 6896 6901
299QAQORTOQ2017103  6819 6730 6695 6651 6628 6644 6682 6649 6667
299QAQORTOQ2017111  6802 6652 6513 6823 6990 6773 6935 6810 6671 6634 6792
299QAQORTOQ2017112  7018 6816 6687 6695 6703 6740 6783 6827 6905 6979 6928
299QAQORTOQ2017113  6862 6902 6848 6749 6850 6840 6777 6731
299QAQORTOQ2017121  6635 6602 6601 6581 6572 6539 6625 6896 7015 6913 7068
299QAQORTOQ2017122  6941 6650 6789 7033 7013 7055 7080 6877 6753 6926 7047
299QAQORTOQ2017123  6906 6817 6900 6989 7116 7127 7197 7059 6886
299QAQORTOQ2018 11  6870 6817 6766 6762 6740 6995 7233 7229 7186 7145 7031
299QAQORTOQ2018 12  6902 6852 6698 6581 6557 6696 6725 6834 7023 7020 7043
299QAQORTOQ2018 13  6985 6862 7006 7014 6847 6726 6773 6662 6568
299QAQORTOQ2018 21  6873 6661 6812 6701 6469 6762 6600 6544 6762 6686 6663
299QAQORTOQ2018 22  6677 6853 6819 6856 6818 6804 6870 6758 6705 6761 6762
299QAQORTOQ2018 23  6785 6795 6615 6508 6451 6467
299QAQORTOQ2018 31  6411 6371 6415 6480 6528 6587 6609 6628 6619 6590 6606
299QAQORTOQ2018 32  6649 6629 6589 6613 6693 6828 6987 7013 6847 6761 6683
299QAQORTOQ2018 33  6609 6617 6579 6596 6570 6483 6510 6553 6583
299QAQORTOQ2018 41  6711 6711 6702 6698 6648 6786 6854 6680 6613 6837 6763
299QAQORTOQ2018 42  6568 6532 6564 6602 6670 6768 6791 6764 6727 6683 6767
299QAQORTOQ2018 43  6768 6657 6537 6462 6509 6551 6508 6563
299QAQORTOQ2018 51  6579 6620 6617 6578 6531 6589 6645 6634 9999 9999 9999
299QAQORTOQ2018 52  9999 9999 6702 6718 9999 9999 9999 9999 9999 9999 9999
299QAQORTOQ2018 53  9999 9999 9999 9999 9999 9999 9999 9999 9999
299QAQORTOQ2018 61  9999 9999 9999 9999 9999 9999 9999 9999 9999 9999 9999
299QAQORTOQ2018 62  9999 9999 9999 9999 9999 9999 9999 9999 9999 9999 9999
299QAQORTOQ2018 63  9999 9999 9999 9999 9999 9999 9999 9999
299QAQORTOQ2018 71  9999 9999 9999 9999 9999 9999 9999 9999 9999 9999 9999
299QAQORTOQ2018 72  9999 9999 9999 9999 6556 6561 6575 6558 6558 6559 6558
299QAQORTOQ2018 73  6592 6640 6638 6594 6591 6586 6548 6561 6592
299QAQORTOQ2018 81  6608 6638 6603 6572 6529 6447 6466 6564 6640 6613 6566
299QAQORTOQ2018 82  6608 6672 6647 6606 6649 6596 6617 6616 6592 6583 6507
299QAQORTOQ2018 83  6527 6670 6655 6672 6634 6596 6788 6777 6557
299QAQORTOQ2018 91  6568 6686 6628 6634 6806 6790 6749 6747 6737 6699 6643
299QAQORTOQ2018 92  6605 6605 6634 6671 6717 6768 6816 6782 6722 6664 6703
299QAQORTOQ2018 93  6908 6830 6675 6595 6704 6588 6490 6693
299QAQORTOQ2018101  6626 6618 6628 6615 6652 6595 6573 6619 6639 6648 6667
299QAQORTOQ2018102  6668 6696 6683 6681 6651 6686 6693 6656 6605 6593 6646
299QAQORTOQ2018103  6685 6678 6646 6812 6827 6640 6608 6689 6718
299QAQORTOQ2018111  6732 6762 6707 6727 6787 6745 6831 6970 6988 6876 6883
299QAQORTOQ2018112  7006 7023 6946 6999 7053 7003 6913 6913 6776 6611 6814
299QAQORTOQ2018113  6808 6834 6768 6702 6686 6694 6719 6753
299QAQORTOQ2018121  6744 6738 6723 6785 6784 6770 6718 6676 6683 6721 6711
299QAQORTOQ2018122  6623 6629 6654 6650 6676 6711 6695 6716 6748 6714 6651
299QAQORTOQ2018123  6624 6606 6589 6569 6577 6590 9999 9999 9999
299QAQORTOQ2019 11  9999 9999 9999 9999 9999 9999 9999 9999 9999 9999 9999
299QAQORTOQ2019 12  9999 9999 9999 9999 9999 9999 9999 9999 9999 9999 9999
299QAQORTOQ2019 13  9999 9999 9999 9999 9999 9999 9999 9999 9999
299QAQORTOQ2019 21  6802 6790 6735 6719 6779 6774 6743 6666 6729 6960 6943
299QAQORTOQ2019 22  6836 6802 6721 6642 6556 6672 6907 6867 6892 6988 6862
299QAQORTOQ2019 23  6732 6851 6870 6754 6887 6971
299QAQORTOQ2019 31  6926 6876 6800 6616 6665 6845 6845 6856 6820 6704 6558
299QAQORTOQ2019 32  6655 6700 6603 6590 6659 6820 6797 6544 6537 6526 6457
299QAQORTOQ2019 33  6432 6696 6761 6587 6546 6393 6437 6496 6409
299QAQORTOQ2019 41  6453 6644 6547 6533 6637 6615 6586 6611 6678 6717 6656
299QAQORTOQ2019 42  6623 6595 6586 6618 6607 6577 6544 6527 6521 6508 6545
299QAQORTOQ2019 43  6551 6501 6547 6615 6612 6621 6625 6647
299QAQORTOQ2019 51  6687 6645 6681 6758 6631 6538 6464 6437 6430 6407 6426
299QAQORTOQ2019 52  6571 6710 6782 6695 6532 6474 6458 6466 6477 6492 6561
299QAQORTOQ2019 53  6591 6635 6656 6592 6522 6486 6496 6519 6499
299QAQORTOQ2019 61  6548 6575 6591 6597 6618 6631 6599 6591 6598 6591 6624
299QAQORTOQ2019 62  6627 6601 6576 6563 6544 6530 6541 6548 6545 6575 6572
299QAQORTOQ2019 63  6577 6604 6536 6573 6544 6525 6545 6575
299QAQORTOQ2019 71  6583 6589 6586 6620 6629 6610 6627 6659 6640 6592 6567
299QAQORTOQ2019 72  6571 6567 6573 6582 6591 6609 6609 6594 6583 6587 6584
299QAQORTOQ2019 73  6579 6591 6610 6639 6666 6683 6676 6658 6657
299QAQORTOQ2019 81  6637 6632 6612 6563 6550 6528 6527 6563 6555 6553 6587
299QAQORTOQ2019 82  6703 6767 6689 6609 6556 6582 6652 6662 6635 6588 6563
299QAQORTOQ2019 83  6590 6661 6723 6728 6760 6736 6658 6603 6649
299QAQORTOQ2019 91  6724 6641 6574 6579 6578 6802 6788 6639 6754 6782 6742
299QAQORTOQ2019 92  6674 6655 6657 6613 6609 6630 6732 6803 6791 6865 6973
299QAQORTOQ2019 93  7021 6983 6849 6721 6680 6723 6765 6730
299QAQORTOQ2019101  6765 6933 7012 7059 7142 7037 6860 6792 6694 6632 6561
299QAQORTOQ2019102  6581 6698 6697 6660 6646 6679 6609 6670 6772 6711 6571
299QAQORTOQ2019103  6477 6473 6513 6559 6555 6568 6545 6579 6761
299QAQORTOQ2019111  6869 6875 6780 6882 6923 6746 6997 7093 7101 7110 6882
299QAQORTOQ2019112  6909 6863 7067 6700 6686 7028 7020 6885 6806 6750 6699
299QAQORTOQ2019113  6673 6667 6657 6673 6699 6673 6625 6776
299QAQORTOQ2019121  7064 6997 6817 6750 6841 6891 6919 6877 6857 6778 6964
299QAQORTOQ2019122  7067 6995 6855 6734 6867 6930 6851 6830 6874 6896 6906
299QAQORTOQ2019123  6850 6772 6790 6874 6983 6981 9999 9999 9999
299QAQORTOQ2020 11  9999 9999 6852 6933 6897 6844 6782 6722 6717 6782 6763
299QAQORTOQ2020 12  6799 6773 6805 6869 6880 6792 6943 6914 6714 6833 6662
299QAQORTOQ2020 13  6598 6772 6786 6845 6852 6847 6819 6778 6756
299QAQORTOQ2020 21  6700 6632 6738 6942 6967 6989 6880 6867 6808 6687 6695
299QAQORTOQ2020 22  6697 6776 6998 7174 7033 6853 6737 6655 6860 6905 6743
299QAQORTOQ2020 23  6791 6693 6553 6682 6669 6667 6749
299QAQORTOQ2020 31  6734 6679 6670 6699 6762 6865 6757 6707 6850 6862 6777
299QAQORTOQ2020 32  6665 6572 6584 6795 6718 6572 6651 6729 6555 6640 6877
299QAQORTOQ2020 33  6688 6610 6549 6411 6414 6536 6560 6431 6306
299QAQORTOQ2020 41  6315 6413 6473 6574 6672 6685 6594 6597 6682 6709 6779
299QAQORTOQ2020 42  6826 6595 6502 6625 6708 6771 6633 6481 6453 6603 6786
299QAQORTOQ2020 43  6670 6629 6610 6675 6665 6522 6531 6505
299QAQORTOQ2020 51  6486 6588 6646 6525 6517 6505 6467 6486 6527 6591 6621
299QAQORTOQ2020 52  6602 6575 6602 6560 6560 6603 6609 6600 6637 6700 6755
299QAQORTOQ2020 53  6793 6803 6709 6682 6690 6661 6652 6642 6634
299QAQORTOQ2020 61  6568 6445 6409 6464 6594 6699 6721 6643 6662 6681 6477
299QAQORTOQ2020 62  6491 6592 6523 6499 6544 6546 6591 6603 6630 6674 6701
299QAQORTOQ2020 63  6748 6706 6656 6600 6552 6529 6500 6542
299QAQORTOQ2020 71  6634 6696 6704 6633 6582 6563 6585 6569 6569 6531 6550
299QAQORTOQ2020 72  6626 6683 6610 6585 6618 6614 6585 6582 6592 6601 6620
299QAQORTOQ2020 73  6639 6615 6577 6552 6547 6535 6543 6587 6607
299QAQORTOQ2020 81  6630 6678 6737 6770 6815 6807 6800 6791 6777 6685 6598
299QAQORTOQ2020 82  6618 6617 6602 6580 6591 6624 6642 6623 6607 6609 6614
299QAQORTOQ2020 83  6583 6559 6573 6608 6634 6669 6688 6682 6674
299QAQORTOQ2020 91  6762 6753 6748 6812 6830 6806 6672 6632 6767 6698 6667
299QAQORTOQ2020 92  6715 6692 6764 7001 6896 6726 6764 6639 6596 6649 6676
299QAQORTOQ2020 93  6648 6880 7016 6883 6785 6716 6678 6698
299QAQORTOQ2020101  6893 6858 6713 6762 6717 6679 6689 6700 6855 6942 6818
299QAQORTOQ2020102  6849 6857 6720 6696 6776 6768 6727 6743 6732 6694 6627
299QAQORTOQ2020103  6674 6785 6822 6748 6677 6758 6826 6821 6835
299QAQORTOQ2020111  6880 6832 6950 6815 6709 6731 6801 6947 7040 6990 6956
299QAQORTOQ2020112  6907 6869 6854 6811 6752 6787 6936 6924 6820 6827 6883
299QAQORTOQ2020113  6715 6761 7021 6732 6687 6830 6735 6823
299QAQORTOQ2020121  6632 6504 6657 6814 6787 6722 6674 6733 6767 6758 6746
299QAQORTOQ2020122  6814 6875 6922 6953 7091 7125 6924 6823 6807 6746 6714
299QAQORTOQ2020123  6930 6814 6581 6539 6592 6633 6574 6640 6745
299QAQORTOQ2021 11  6686 6764 6615 6470 6395 6380 6490 6578 6736 6801 6838
299QAQORTOQ2021 12  6941 6942 6812 6751 6660 6577 6589 6675 6735 6688 6599
299QAQORTOQ2021 13  6589 6653 6729 6781 6937 7116 7078 6957 6953
299QAQORTOQ2021 21  6884 6673 6509 6544 6597 6598 6721 6814 6806 6821 6899
299QAQORTOQ2021 22  7006 7054 6928 6848 6797 6774 6874 6813 6773 6841 6807
299QAQORTOQ2021 23  6727 6717 6810 6925 6789 6591
299QAQORTOQ2021 31  6521 6603 6782 6847 6717 6670 6687 6678 6632 6632 6662
299QAQORTOQ2021 32  6613 6724 6885 7018 6885 6909 6644 6512 6713 6666 6593
299QAQORTOQ2021 33  6613 6595 6476 6557 6669 6681 6638 6697 6520
299QAQORTOQ2021 41  6416 6378 6375 6370 6332 6339 6384 6409 6422 6378 6361
299QAQORTOQ2021 42  6332 6417 6551 6639 6557 6502 6539 6578 6615 6706 6724
299QAQORTOQ2021 43  6661 6679 6702 6582 6448 6408 6434 6493
299QAQORTOQ2021 51  6592 6693 6709 6654 6613 6526 6495 6493 6498 6490 6493
299QAQORTOQ2021 52  6501 6523 6509 6499 6483 6453 6442 6417 6454 6586 6535
299QAQORTOQ2021 53  6550 6778 6803 6757 6720 6744 6823 6721 6606
299QAQORTOQ2021 61  6645 6685 6618 6608 6682 6704 6742 6788 6774 6755 6717
299QAQORTOQ2021 62  6683 6630 6613 6581 6557 6587 6579 6589 6620 6627 6606
299QAQORTOQ2021 63  6602 6639 6532 6529 6580 6657 6610 6517
