328KO LAK        LAT=11 47.7N  LONG=099 49.0E
328KO LAK  1985 11  2679 2576 2563 2590 2565 2537 2472 2518 2635 2592 2587
328KO LAK  1985 12  2623 2637 2672 2711 2618 2530 2597 2710 2721 2597 2522
328KO LAK  1985 13  2524 2602 2660 2679 2645 2746 2772 2895 2955
328KO LAK  1985 21  2760 2713 2773 2673 2547 2505 2439 2417 2455 2454 2455
328KO LAK  1985 22  2536 2564 2633 2632 2592 2555 2512 2520 2502 2522 2669
328KO LAK  1985 23  2831 2786 2652 2630 2575 2534
328KO LAK  1985 31  2514 2469 2453 2448 2527 2734 2766 2676 2810 2880 2733
328KO LAK  1985 32  2795 2812 2880 3016 2942 2768 2734 2784 2768 2731 2665
328KO LAK  1985 33  2672 2674 2583 2498 2509 2494 2469 2547 2604
328KO LAK  1985 41  2602 2650 2687 2740 2723 2510 2448 2505 2479 2384 2314
328KO LAK  1985 42  2284 2303 2395 2450 2490 2546 2554 2494 2447 2463 2433
328KO LAK  1985 43  2470 2473 2411 2340 2383 2412 2460 2490
328KO LAK  1985 51  2442 2448 2445 2401 2423 2382 2375 2408 2416 2424 2436
328KO LAK  1985 52  2407 2382 2397 2435 2481 2507 2479 2491 2416 2447 2474
328KO LAK  1985 53  2332 2408 2441 2385 2436 2456 2442 2452 2336
328KO LAK  1985 61  2267 2286 2243 2328 2301 2265 2134 2078 2175 2146 2237
328KO LAK  1985 62  2295 2216 2206 2214 2155 2047 2107 2228 2327 2406 2421
328KO LAK  1985 63  2303 2346 2315 2188 2202 2232 2224 2222
328KO LAK  1985 71  2194 2219 2297 2275 2263 2258 2249 2225 2214 2283 2414
328KO LAK  1985 72  2366 2298 2327 2333 2343 2330 2384 2397 2351 2317 2350
328KO LAK  1985 73  2362 2383 2392 2274 2236 2231 2175 2256 2383
328KO LAK  1985 81  2345 2292 2350 2335 2310 2298 2261 2197 2118 2203 2355
328KO LAK  1985 82  2330 2371 2283 2200 2341 2349 2316 2336 2330 2296 2267
328KO LAK  1985 83  2321 2249 2227 2309 2297 2331 2386 2317 2277
328KO LAK  1985 91  2303 2380 2308 2201 2289 2385 2393 2312 2258 2345 2416
328KO LAK  1985 92  2401 2407 2483 2421 2442 2537 2452 2428 2508 2527 2431
328KO LAK  1985 93  2427 2474 2458 2491 2558 2541 2567 2540
328KO LAK  1985101  2571 2452 2446 2550 2678 2718 2716 2619 2496 2426 2355
328KO LAK  1985102  2480 2632 2427 2399 2470 2494 2532 2595 2485 2392 2493
328KO LAK  1985103  2718 2825 2709 2637 2657 2631 2623 2643 2690
328KO LAK  1985111  2805 2803 2741 2678 2759 2781 2758 2746 2734 2737 2739
328KO LAK  1985112  2752 2770 2713 2726 2653 2495 2572 2668 2653 2588 2509
328KO LAK  1985113  2474 2476 2444 2552 2628 2608 2607 2699
328KO LAK  1985121  2738 2722 2731 2677 2630 2731 2722 2632 2619 2620 2557
328KO LAK  1985122  2626 2752 2768 2775 2742 2687 2658 2676 2685 2663 2781
328KO LAK  1985123  3039 2958 2673 2644 2676 2784 2707 2543 2574
328KO LAK  1986 11  2739 3036 2855 2714 3055 2971 2761 2888 2810 2783 2772
328KO LAK  1986 12  2703 2573 2644 2665 2620 2635 2502 2503 2609 2626 2536
328KO LAK  1986 13  2552 2643 2591 2657 2820 2800 2589 2581 2577
328KO LAK  1986 21  2566 2492 2529 2532 2459 2489 2617 2837 2832 2662 2776
328KO LAK  1986 22  2733 2543 2492 2450 2480 2469 2337 2339 2409 2535 2619
328KO LAK  1986 23  2617 2751 2845 2738 2721 2843
328KO LAK  1986 31  2882 2973 3027 2887 2848 2822 2820 2796 2693 2680 2576
328KO LAK  1986 32  2506 2504 2442 2457 2479 2439 2385 2412 2395 2440 2517
328KO LAK  1986 33  2502 2468 2572 2538 2531 2544 2509 2464 2418
328KO LAK  1986 41  2432 2437 2402 2455 2552 2637 2646 2627 2524 2482 2503
328KO LAK  1986 42  2516 2522 2476 2406 2535 2554 2428 2372 2398 2476 2474
328KO LAK  1986 43  2483 2489 2479 2480 2506 2543 2527 2433
328KO LAK  1986 51  2420 2432 2424 2466 2476 2580 2726 2685 2591 2462 2388
328KO LAK  1986 52  2326 2295 2229 2160 2121 2026 2024 2301 2416 2388 2377
328KO LAK  1986 53  2319 2269 2316 2362 2436 2459 2396 2313 2271
328KO LAK  1986 61  2274 2297 2349 2386 2351 2381 2408 2364 2368 2335 2314
328KO LAK  1986 62  2341 2416 2415 2437 2369 2292 2292 2280 2416 2273 2194
328KO LAK  1986 63  2282 2299 2342 2357 2215 2142 2291 2305
328KO LAK  1986 71  2162 2154 2243 2248 2275 2362 2303 2251 2254 2208 2059
328KO LAK  1986 72  2269 2327 2032 2185 2357 2272 2324 2434 2428 2415 2394
328KO LAK  1986 73  2376 2366 2365 2378 2373 2359 2362 2391 2259
328KO LAK  1986 81  2039 2056 2123 2182 2341 2355 2268 2343 2443 2262 2291
328KO LAK  1986 82  2326 2299 2278 2290 2317 2249 2240 2295 2276 2256 2337
328KO LAK  1986 83  2368 2288 2234 2226 2415 2358 2239 2340 2368
328KO LAK  1986 91  2298 2291 2271 2262 2376 2410 2429 2389 2365 2438 2385
328KO LAK  1986 92  2360 2346 2374 2368 2350 2361 2393 2358 2319 2531 2635
328KO LAK  1986 93  2583 2590 2677 2682 2570 2548 2564 2485
328KO LAK  1986101  2487 2494 2490 2482 2532 2542 2498 2521 2563 2535 2583
328KO LAK  1986102  2601 2576 9999 9999 9999 9999 2544 2639 2644 2559 2486
328KO LAK  1986103  2592 2722 2632 2610 2633 2620 2604 2694 2779
328KO LAK  1986111  2704 2779 2899 2872 2753 2640 2676 2599 2690 2770 2537
328KO LAK  1986112  2563 2614 9999 9999 9999 2570 2694 2705 2702 9999 9999
328KO LAK  1986113  9999 9999 9999 9999 9999 9999 9999 9999
328KO LAK  1986121  9999 9999 9999 9999 9999 9999 9999 9999 9999 9999 9999
328KO LAK  1986122  9999 9999 9999 9999 9999 9999 9999 9999 9999 9999 9999
328KO LAK  1986123  9999 9999 9999 9999 9999 9999 9999 9999 9999
328KO LAK  1987 11  2638 2649 2548 2526 2635 2762 2848 2788 2769 2756 2722
328KO LAK  1987 12  2770 2809 2743 2624 2624 2723 2687 2588 2707 2756 2642
328KO LAK  1987 13  2688 2673 2981 3067 2915 2817 2760 2683 2800
328KO LAK  1987 21  2836 2793 2825 2813 2823 2769 2653 2708 2689 2571 2450
328KO LAK  1987 22  2434 2495 2514 2515 2560 2575 2521 2548 2634 2657 2544
328KO LAK  1987 23  2560 2622 2590 2506 2488 2572
328KO LAK  1987 31  2784 2902 2877 2774 2616 2497 2564 2549 2465 2435 2385
328KO LAK  1987 32  2423 2444 2448 2393 2387 2459 2370 2345 2340 2355 2387
328KO LAK  1987 33  2310 2297 2448 2502 2513 2564 2527 2643 2718
328KO LAK  1987 41  2617 2492 2423 2462 2415 2373 2370 2336 2400 2405 2349
328KO LAK  1987 42  2371 2393 2405 2510 2643 2671 2607 2629 2628 2572 2482
328KO LAK  1987 43  2490 2487 2434 2406 2452 2611 2573 2470
328KO LAK  1987 51  2367 2430 2493 2363 2388 2371 2379 2511 9999 2378 2453
328KO LAK  1987 52  2464 2461 2482 2483 2422 2386 2395 2371 2383 2386 2460
328KO LAK  1987 53  2449 2417 2459 2397 2286 2366 2431 2414 2409
328KO LAK  1987 61  2431 2424 2460 2388 2384 2338 9999 9999 9999 2452 2326
328KO LAK  1987 62  2222 2238 2334 2347 2339 2339 2198 2361 2512 2411 2470
328KO LAK  1987 63  2373 2288 2259 2136 2199 2271 2253 2271
328KO LAK  1987 71  2196 2209 2329 2323 2299 2276 2278 2277 2252 2243 2223
328KO LAK  1987 72  2190 2249 2168 2108 2240 2286 2270 2206 2192 2239 2249
328KO LAK  1987 73  2321 2313 2314 2363 2294 2227 2284 2355 2416
328KO LAK  1987 81  2348 2273 2271 2322 2359 2362 2344 2377 2431 2399 2386
328KO LAK  1987 82  2386 2313 2341 2335 2281 2424 2467 2357 2249 2138 2234
328KO LAK  1987 83  2466 2459 2312 2341 2306 2178 2259 2276 2220
328KO LAK  1987 91  9999 9999 9999 9999 2153 2147 2263 2326 2327 2266 2230
328KO LAK  1987 92  2227 2265 2343 2345 2385 2403 2463 2516 2429 2516 2512
328KO LAK  1987 93  2435 2491 2503 2494 2475 2408 2415 2478
328KO LAK  1987101  2540 2513 2494 2551 2493 2456 2543 2564 2537 2523 2486
328KO LAK  1987102  2478 2514 2437 2450 2473 2459 2550 2544 2516 2485 2510
328KO LAK  1987103  2648 2672 2650 2711 2738 2768 2711 2710 2696
328KO LAK  1987111  2709 2661 2599 2681 2601 2601 2763 2710 2654 2660 2694
328KO LAK  1987112  2645 2621 2627 2644 2580 2536 2512 2482 2603 2715 2638
328KO LAK  1987113  2616 2568 2509 2522 2582 2591 2738 3057
328KO LAK  1987121  3004 2901 2965 2879 2947 3132 9999 9999 9999 9999 2825
328KO LAK  1987122  2949 2935 2729 2642 2737 2904 2746 2613 2624 2715 2793
328KO LAK  1987123  2677 2619 2575 2648 2677 2638 2589 2558 2680
328KO LAK  1988 11  2541 2421 2544 2598 2677 2729 2557 2479 2556 2705 2808
328KO LAK  1988 12  2724 2692 2720 2623 2638 2794 2697 2547 2681 2694 2583
328KO LAK  1988 13  2602 2636 2591 2534 2583 2728 2695 2625 2584
328KO LAK  1988 21  2629 2575 2506 2615 2657 2635 2590 2565 2580 2635 2713
328KO LAK  1988 22  2792 2592 2571 2695 2708 2670 2741 2839 2701 2821 2807
328KO LAK  1988 23  2605 2772 2790 2652 2625 2585 2611
328KO LAK  1988 31  2592 2607 2717 2789 2771 2865 2902 2904 2951 2880 2685
328KO LAK  1988 32  2576 2542 2541 2460 2481 2507 2496 2548 2643 2603 2572
328KO LAK  1988 33  2616 2593 2510 2501 2536 2495 2448 2514 2526
328KO LAK  1988 41  2502 2555 2539 2559 2554 2467 2509 2558 2626 2794 2771
328KO LAK  1988 42  2673 2632 2700 2719 2653 2638 2632 2593 2482 2413 9999
328KO LAK  1988 43  9999 9999 9999 2560 2572 2569 2450 2427
328KO LAK  1988 51  2483 2449 2394 2373 2428 2439 2374 2356 2374 2374 2402
328KO LAK  1988 52  2417 2427 2429 2486 2495 2525 2531 2455 2387 2299 2233
328KO LAK  1988 53  2254 2240 2234 2240 2281 2349 2273 2279 2296
328KO LAK  1988 61  2215 2262 2381 2397 2333 2361 2438 2456 2343 2369 2371
328KO LAK  1988 62  2188 2144 2094 2152 2239 2234 2239 2285 2314 2339 2238
328KO LAK  1988 63  2181 2230 2233 2247 2226 2217 2288 2317
328KO LAK  1988 71  2353 2376 2396 2452 2408 2303 2362 2354 2345 2323 2209
328KO LAK  1988 72  2286 2410 2430 2421 2416 2412 2445 2341 2400 2473 2359
328KO LAK  1988 73  2322 2313 2248 2096 2147 2203 2200 2273 2310
328KO LAK  1988 81  2323 2326 2395 2409 2340 2349 2404 2406 2370 2368 2386
328KO LAK  1988 82  2304 2186 2253 2391 2300 2347 2452 2456 2396 2347 2285
328KO LAK  1988 83  2302 2469 2453 2410 2473 2487 2444 2469 2470
328KO LAK  1988 91  2411 2400 2370 2284 2422 2438 2343 2508 2418 2347 2408
328KO LAK  1988 92  2417 2420 2429 2349 2468 2546 2460 2407 2442 2449 2426
328KO LAK  1988 93  2490 2638 2618 2477 2413 2311 2274 2472
328KO LAK  1988101  2498 2497 2497 2476 2368 2241 2214 2364 2330 2272 2373
328KO LAK  1988102  2461 2562 2534 2423 2330 2508 2602 2476 2536 2566 2548
328KO LAK  1988103  2589 2571 2517 2586 2490 2466 2622 2792 2913
328KO LAK  1988111  2845 2862 3006 2945 2804 2633 2593 2843 2738 2663 9999
328KO LAK  1988112  9999 9999 2984 2933 2783 2844 2866 2862 2828 2936 2986
328KO LAK  1988113  2896 2768 2679 2676 2702 2928 2910 2731
328KO LAK  1988121  2818 2958 2823 2657 2788 2823 2612 2570 2581 2675 2714
328KO LAK  1988122  9999 9999 9999 9999 9999 2752 2627 2661 2734 2673 2657
328KO LAK  1988123  2648 2516 2563 2751 2744 2689 2615 2550 2747
328KO LAK  1989 11  2901 2822 2720 2688 2653 2660 2612 2539 2545 2600 2582
328KO LAK  1989 12  2588 2658 2826 2953 2847 2793 2768 2725 2729 2756 2736
328KO LAK  1989 13  2788 2887 2765 2572 2671 2788 2755 2759 2769
328KO LAK  1989 21  2626 2691 2717 2749 2719 2706 2667 2593 2567 2703 2786
328KO LAK  1989 22  2843 2789 2595 2575 2448 2397 2437 2460 2520 2567 2622
328KO LAK  1989 23  2683 2668 2603 2742 2699 2560
328KO LAK  1989 31  2541 2556 2497 2432 2545 2796 2825 2810 2899 2905 2748
328KO LAK  1989 32  2621 2557 2513 2486 2452 2403 2392 2416 2455 2518 2499
328KO LAK  1989 33  2502 2515 2532 2522 2568 2729 2783 2659 2572
328KO LAK  1989 41  2528 2475 2478 2392 2413 2494 2368 2382 2453 2503 2528
328KO LAK  1989 42  2415 2379 2483 2493 2435 2454 2416 2395 2362 2288 2272
328KO LAK  1989 43  2342 2393 2406 2390 2353 2422 2477 2497
328KO LAK  1989 51  2439 2462 2484 2378 2406 2423 2413 2443 2449 2476 2426
328KO LAK  1989 52  2363 2408 2472 2464 2386 2355 2355 2095 2086 2194 2243
328KO LAK  1989 53  2370 2348 2175 2240 2308 2342 2419 2465 2428
328KO LAK  1989 61  2402 2399 2339 2386 2316 2301 2301 2251 2205 2193 2404
328KO LAK  1989 62  2392 2334 2316 2242 2192 2252 2181 2109 2202 2164 2080
328KO LAK  1989 63  2059 2102 2221 2260 2337 2340 2334 2421
328KO LAK  1989 71  2353 2287 2316 2411 2457 2381 2405 2430 2409 2339 2387
328KO LAK  1989 72  2501 2468 2453 2425 2224 2211 2279 2315 2340 2382 2288
328KO LAK  1989 73  2294 2436 2398 2395 2376 2273 2202 2182 2154
328KO LAK  1989 81  2258 2219 2201 2274 2261 2312 2278 2244 2251 2258 2307
328KO LAK  1989 82  2343 2415 2404 2306 2346 2254 2182 2241 2304 2290 2297
328KO LAK  1989 83  2286 2295 2223 2271 2419 2302 2386 2428 2356
328KO LAK  1989 91  2467 2440 2310 2270 2283 2316 2269 2339 2392 2336 2261
328KO LAK  1989 92  2329 2379 2376 2507 2557 2505 2513 2525 2500 2464 2490
328KO LAK  1989 93  2439 2395 2463 2471 2425 2472 2412 2433
328KO LAK  1989101  2393 2407 2466 2497 2597 2595 2523 2624 2640 2561 2651
328KO LAK  1989102  2699 2588 2653 2641 2632 2714 2692 2599 2757 2783 2704
328KO LAK  1989103  2792 2816 2749 2697 2640 2679 2733 2652 2641
328KO LAK  1989111  2656 2651 2757 2670 2639 2684 2727 2681 2728 2738 2732
328KO LAK  1989112  2719 2757 2829 2864 2721 2793 2942 2909 2935 2876 2703
328KO LAK  1989113  2730 2914 2803 2690 2736 2847 3009 2913
328KO LAK  1989121  2860 2915 2837 2739 2699 2629 2564 2526 2502 2501 2574
328KO LAK  1989122  2735 2784 2810 2806 2717 2704 2720 2735 2684 2649 2586
328KO LAK  1989123  2677 2691 2644 2722 2730 2681 2618 2631 2693
328KO LAK  1990 11  2686 2695 2806 2798 2668 2704 2812 2699 2595 2589 2698
328KO LAK  1990 12  2789 2761 2694 2648 2706 2771 2644 2527 2651 2889 2733
328KO LAK  1990 13  2795 2918 2791 2779 2862 2861 2791 2717 2692
328KO LAK  1990 21  2880 2891 2685 2807 2969 2935 2821 2786 2830 2770 2754
328KO LAK  1990 22  2735 2703 2595 2500 2512 2538 2512 2481 2494 2517 2508
328KO LAK  1990 23  2482 2530 2647 2648 2550 2582
328KO LAK  1990 31  2640 2643 2642 2633 2643 2671 2605 2689 2779 2698 2565
328KO LAK  1990 32  2605 2679 2656 2557 2598 2723 2712 2694 2647 2596 2576
328KO LAK  1990 33  2539 2488 2449 2480 2567 2548 2510 2521 2486
328KO LAK  1990 41  2484 2479 2469 2537 2695 2760 2601 2548 2739 2569 2435
328KO LAK  1990 42  2451 2435 2500 2499 2351 2347 2368 2356 2382 2319 2321
328KO LAK  1990 43  2407 2475 2501 2555 2652 2709 2622 2639
328KO LAK  1990 51  2563 2516 2456 2448 2464 2488 2516 2486 2520 2513 2485
328KO LAK  1990 52  2459 2434 2416 2415 2375 2361 2438 2440 2388 2480 2535
328KO LAK  1990 53  2399 2399 2377 2291 2311 2371 2446 2433 2350
328KO LAK  1990 61  2377 2413 2459 2465 2426 2431 2420 2312 2095 2186 2342
328KO LAK  1990 62  2300 2186 2195 2179 2118 2324 2331 2218 2207 2229 2338
328KO LAK  1990 63  2366 2341 2264 2220 2355 2346 2295 2251
328KO LAK  1990 71  2274 2304 2283 2246 2274 2268 2238 2210 2260 2284 2256
328KO LAK  1990 72  2201 2228 2312 2273 2184 2296 2347 2199 2152 2190 2261
328KO LAK  1990 73  2295 2316 2305 2318 2368 2300 2214 2309 2384
328KO LAK  1990 81  2324 2333 2389 2355 2347 2331 2396 2419 2314 2262 2278
328KO LAK  1990 82  2295 2387 2316 2161 2088 2042 2241 2391 2289 2204 2263
328KO LAK  1990 83  2317 2270 2267 2308 2323 2140 2107 2372 2408
328KO LAK  1990 91  2410 2298 2237 2336 2274 2308 2382 2328 2376 2383 2345
328KO LAK  1990 92  2362 2388 2442 2400 2260 2213 2168 2363 2653 2530 2361
328KO LAK  1990 93  2421 2502 2468 2477 2367 2285 2279 2279
328KO LAK  1990101  2257 2126 2020 2279 2511 2508 2503 2516 2583 2705 2677
328KO LAK  1990102  2553 2673 2695 2599 2632 2636 2557 2585 2645 2616 2571
328KO LAK  1990103  2602 2587 2667 2754 2665 2670 2800 2802 2805
328KO LAK  1990111  2713 2623 2522 2527 2477 2339 2341 2389 2480 2525 2594
328KO LAK  1990112  2492 2524 2805 2612 2511 2698 2654 2623 2610 2814 2872
328KO LAK  1990113  2830 2891 2881 2894 2902 2869 2883 9999
328KO LAK  1990121  9999 9999 9999 9999 9999 9999 9999 9999 9999 9999 9999
328KO LAK  1990122  9999 9999 9999 9999 9999 9999 9999 9999 9999 9999 9999
328KO LAK  1990123  9999 9999 9999 9999 9999 9999 9999 9999 9999
328KO LAK  1991 11  9999 9999 9999 9999 9999 9999 9999 9999 9999 9999 9999
328KO LAK  1991 12  9999 9999 9999 9999 9999 9999 9999 9999 9999 2541 2604
328KO LAK  1991 13  2776 2721 2652 2668 2728 2732 2715 2759 2812
328KO LAK  1991 21  2818 2837 2858 2838 2764 2704 2638 2638 2546 2436 2502
328KO LAK  1991 22  2508 2482 2383 2359 2492 2524 2513 2592 2700 2822 2783
328KO LAK  1991 23  2894 2955 2762 2747 2743 2653
328KO LAK  1991 31  2660 2583 2601 2545 2395 2486 2514 2435 2445 2465 2447
328KO LAK  1991 32  2459 2548 2553 2551 2602 2635 2663 2640 2575 2588 2557
328KO LAK  1991 33  2500 2515 2430 2470 2597 2632 2652 2565 2491
328KO LAK  1991 41  2674 2816 2769 2830 2701 2553 2537 2508 2475 2448 2425
328KO LAK  1991 42  2409 2429 2468 2493 2421 2437 2488 2491 2489 2520 2577
328KO LAK  1991 43  2516 2566 2644 2520 2513 2498 2442 2390
328KO LAK  1991 51  2372 2358 2410 2449 2416 2429 2458 2465 2514 2522 2460
328KO LAK  1991 52  2519 2527 2464 2496 2476 2439 2394 2433 2494 2416 2386
328KO LAK  1991 53  2465 2432 2386 2448 2461 2458 2646 2639 2513
328KO LAK  1991 61  2510 2498 2467 2441 2473 2483 2416 2334 2321 2354 2316
328KO LAK  1991 62  2316 2374 2341 2246 2209 2220 2265 2320 2327 2278 2109
328KO LAK  1991 63  2091 2356 2331 2294 2420 2344 2259 2270
328KO LAK  1991 71  2295 2285 2320 2332 2284 2278 2178 2079 2223 2348 2347
328KO LAK  1991 72  2331 2376 2518 2471 2363 2404 2290 2201 2189 2222 2181
328KO LAK  1991 73  2214 2270 2257 2414 2392 2393 2387 2383 2336
328KO LAK  1991 81  2343 2344 2319 2245 2213 2259 2347 2356 2354 2352 2245
328KO LAK  1991 82  2285 2367 2305 2256 2216 2136 2242 2449 2451 2394 2295
328KO LAK  1991 83  2244 2290 2404 2434 2278 2281 2456 2418 2388
328KO LAK  1991 91  2414 2327 2350 2388 2283 2284 2312 2367 2386 2325 2360
328KO LAK  1991 92  2340 2284 2347 2383 2386 2372 2459 2432 2438 2518 2436
328KO LAK  1991 93  2359 2362 2401 2473 2427 2372 2387 2446
328KO LAK  1991101  2418 2482 2486 2491 2532 2459 2437 2481 2550 2682 2690
328KO LAK  1991102  2573 2510 2552 2504 2500 2492 2529 2574 2586 2543 2694
328KO LAK  1991103  2804 2709 2734 2728 2840 2933 2727 2633 2748
328KO LAK  1991111  2840 2763 2767 2842 2821 2676 2593 2610 2707 2898 2907
328KO LAK  1991112  2853 2862 2800 2839 2784 2775 2936 2922 2776 2762 2758
328KO LAK  1991113  2711 2783 2842 2841 2813 2779 2746 2645
328KO LAK  1991121  2678 2718 2692 2705 2650 2696 2671 2662 2735 2809 2905
328KO LAK  1991122  2987 3000 2891 2773 2757 2786 2781 2727 2773 2737 2635
328KO LAK  1991123  2693 2685 2620 2636 2584 2520 2602 2793 2653
328KO LAK  1992 11  2658 2768 2697 2600 2485 2466 2667 2734 2787 2831 2804
328KO LAK  1992 12  2627 2596 2884 2964 2812 2694 2705 2650 2613 2745 2887
328KO LAK  1992 13  2819 2632 2596 2653 2808 2745 2547 2451 2494
328KO LAK  1992 21  2583 2596 2441 2416 2584 2571 2522 2504 2551 2574 2470
328KO LAK  1992 22  2474 2500 2522 2463 2379 2399 2416 2386 2411 2581 2686
328KO LAK  1992 23  2699 2928 3022 2762 2597 2624 2548
328KO LAK  1992 31  2431 2384 2408 2346 2288 2413 2552 2602 2528 2503 2592
328KO LAK  1992 32  2626 2600 2516 2520 2507 2485 2512 2562 2519 2534 2582
328KO LAK  1992 33  2565 2510 2515 2525 2482 2535 2598 2684 2610
328KO LAK  1992 41  2437 2474 2465 2437 2415 2480 2508 2471 2404 2400 2442
328KO LAK  1992 42  2432 2428 2467 2522 2614 2681 2563 2479 2468 2443 2411
328KO LAK  1992 43  2453 2523 2509 2523 2474 2488 2474 2420
328KO LAK  1992 51  2446 2412 2428 2547 2485 2393 2425 2402 2416 2416 2487
328KO LAK  1992 52  2516 2462 2508 2533 2477 2400 2372 2385 2367 2389 2333
328KO LAK  1992 53  2364 2393 2342 2389 2370 2384 2368 2345 2299
328KO LAK  1992 61  2364 2363 2390 2433 2441 2472 2416 2490 2455 2441 2468
328KO LAK  1992 62  2316 2309 2268 2338 2360 2338 2380 2227 2244 2407 2301
328KO LAK  1992 63  2176 2134 2059 2065 2105 2199 2339 2364
328KO LAK  1992 71  2355 2355 2306 2351 2381 2321 2322 2378 2403 2364 2369
328KO LAK  1992 72  2265 2242 2376 2418 2362 2335 2290 2321 2285 2267 2237
328KO LAK  1992 73  2318 2235 2379 2356 2291 2300 2379 2398 2365
328KO LAK  1992 81  2429 2446 2422 2353 2383 2341 2230 2213 1986 2062 2236
328KO LAK  1992 82  2227 2238 2181 2220 2191 2137 2205 2225 2151 2194 2204
328KO LAK  1992 83  2221 2232 2099 2185 2276 2194 2233 2227 2196
328KO LAK  1992 91  2248 2286 2250 2244 2273 2250 2146 2234 2312 2206 2134
328KO LAK  1992 92  2243 2320 2286 2313 2273 2258 2324 2238 2269 2419 2436
328KO LAK  1992 93  2409 2464 2511 2544 2542 2516 2437 2508
328KO LAK  1992101  2574 2484 2443 2527 2550 2433 2426 2526 2578 2648 2583
328KO LAK  1992102  2594 2695 2622 2604 2678 2704 2661 2545 2469 2470 2538
328KO LAK  1992103  2477 2347 2400 2548 2670 2403 2222 2580 2759
328KO LAK  1992111  2760 2767 2636 2667 2727 2618 2539 2689 2916 2889 2788
328KO LAK  1992112  2685 2639 2627 2799 2916 2732 2629 2628 2660 2825 2715
328KO LAK  1992113  2630 2616 2673 2809 2758 2649 2809 2722
328KO LAK  1992121  2715 2786 2694 2714 2666 2659 2664 2669 2641 2617 2622
328KO LAK  1992122  2566 2499 2506 2655 2774 2709 2661 2614 2615 2539 2640
328KO LAK  1992123  2664 2575 2507 2435 2563 2573 2524 2526 2593
328KO LAK  1993 11  2658 2568 2542 2568 2622 2597 2651 2629 2608 2629 2695
328KO LAK  1993 12  2756 2590 2506 2570 2624 2860 2800 2714 2753 2784 2726
328KO LAK  1993 13  2609 2615 2670 2657 2754 2903 2758 2624 2739
328KO LAK  1993 21  2762 2848 2720 2619 2603 2506 2471 2514 2530 2642 2626
328KO LAK  1993 22  2608 2649 2564 2432 2424 2539 2516 2383 2315 2316 2350
328KO LAK  1993 23  2512 2600 2484 2508 2533 2490
328KO LAK  1993 31  2574 2790 2572 2481 2646 2560 2557 2694 2713 2589 2598
328KO LAK  1993 32  2632 2580 2534 2449 2428 2392 2420 2429 2473 2631 2711
328KO LAK  1993 33  2630 2583 2500 2392 2337 2377 2409 2411 2324
328KO LAK  1993 41  2332 2392 2388 2392 2425 2360 2443 2568 2575 2687 2618
328KO LAK  1993 42  2608 2736 2688 2487 2491 2482 2457 2444 2389 2438 2456
328KO LAK  1993 43  2389 2380 2437 2420 2362 2378 2379 2427
328KO LAK  1993 51  2413 2404 2400 2389 2392 2391 2393 2379 2346 2348 2338
328KO LAK  1993 52  2337 2382 2436 2395 2368 2429 2412 2406 2423 2416 2400
328KO LAK  1993 53  2369 2358 2399 2366 2335 2322 2365 2379 2348
328KO LAK  1993 61  2316 2312 2402 2348 2237 2288 2319 2264 2314 2276 2243
328KO LAK  1993 62  2246 2311 2267 2195 2211 2220 2182 2143 2157 2127 2118
328KO LAK  1993 63  2123 2115 2238 2280 2267 2273 2322 2299
328KO LAK  1993 71  2342 2358 2282 2314 2246 2106 2215 2251 2122 2156 2228
328KO LAK  1993 72  2315 2398 2374 2340 2343 2332 2366 2283 2172 2240 2174
328KO LAK  1993 73  2124 2197 2158 2193 2259 2180 2269 2325 2273
328KO LAK  1993 81  2253 2355 2367 2341 2315 2126 2149 2184 2185 2246 2177
328KO LAK  1993 82  2117 2293 2314 2280 2338 2303 2279 2254 2219 2286 2373
328KO LAK  1993 83  2373 2327 2300 2274 2260 2290 2349 2421 2377
328KO LAK  1993 91  2332 2295 2318 2360 2338 2249 2208 2269 2293 2370 2391
328KO LAK  1993 92  2318 2232 2219 2311 2343 2310 2404 2450 2355 2365 2406
328KO LAK  1993 93  2406 2439 2425 2404 2434 2389 2394 2416
328KO LAK  1993101  2410 2419 2375 2353 2496 2702 2551 2595 2598 2444 2521
328KO LAK  1993102  2549 2587 2717 2641 2578 2557 2548 2597 2642 2556 2562
328KO LAK  1993103  2653 2607 2520 2544 2575 2616 2679 2863 2799
328KO LAK  1993111  2723 2847 2745 2666 2728 2840 2767 2720 2637 2636 2625
328KO LAK  1993112  2560 2587 2565 2546 2477 2495 2551 2593 2586 2671 2805
328KO LAK  1993113  2691 2597 2681 2643 2665 2742 2697 2715
328KO LAK  1993121  2697 2656 2608 2578 2517 2667 2898 2683 2566 2649 2684
328KO LAK  1993122  2669 2593 2530 2741 2836 2805 2717 2681 2856 9999 9999
328KO LAK  1993123  9999 2766 2754 2753 2706 2676 2624 2548 2572
328KO LAK  1994 11  2670 2702 2655 2641 2685 2659 2655 2481 2459 2561 2600
328KO LAK  1994 12  2650 2554 2596 2689 2583 2487 2559 2667 2656 2614 2713
328KO LAK  1994 13  2839 2742 2603 2689 2763 2763 2694 2657 2717
328KO LAK  1994 21  9999 9999 9999 9999 2583 2483 2506 2509 2462 2519 2528
328KO LAK  1994 22  2419 2479 2505 2497 2479 2500 2437 2370 2387 2402 2492
328KO LAK  1994 23  2435 2376 2439 2504 2661 2805
328KO LAK  1994 31  2825 2886 2883 2813 2662 2561 2479 2466 2479 2456 2484
328KO LAK  1994 32  2476 2463 2571 2753 2753 2734 2704 2735 2758 2616 2528
328KO LAK  1994 33  2587 2734 2802 2760 2767 2650 2663 2644 2576
328KO LAK  1994 41  2541 2501 2516 2486 2406 2395 2390 2400 2386 2382 2409
328KO LAK  1994 42  2425 2453 9999 9999 2528 2544 2532 2502 2434 2468 2488
328KO LAK  1994 43  2481 2477 2462 2507 2554 2536 2475 2502
328KO LAK  1994 51  2489 2363 2275 2201 2219 2320 2411 9999 9999 9999 9999
328KO LAK  1994 52  9999 9999 9999 9999 9999 9999 9999 2343 2363 2346 2337
328KO LAK  1994 53  2364 2407 2305 2243 2259 2309 2299 2258 2209
328KO LAK  1994 61  2267 2299 2247 2277 2359 2367 2327 2375 2399 2372 2315
328KO LAK  1994 62  2320 2318 2239 2196 2173 2111 2073 2111 2117 2136 2193
328KO LAK  1994 63  2239 2192 2259 2256 2225 2215 2203 9999
328KO LAK  1994 71  9999 9999 9999 9999 9999 9999 9999 9999 9999 9999 9999
328KO LAK  1994 72  9999 9999 9999 9999 9999 9999 9999 9999 9999 9999 9999
328KO LAK  1994 73  9999 9999 9999 9999 9999 9999 9999 9999 9999
328KO LAK  1994 81  9999 9999 9999 9999 9999 9999 2270 2237 2243 2264 2286
328KO LAK  1994 82  2256 2137 2083 2158 2253 2291 2255 2219 2233 2300 2270
328KO LAK  1994 83  2233 2267 2292 2308 2222 2176 2250 2256 2281
328KO LAK  1994 91  2226 2179 2219 2166 2114 2218 2356 2315 2221 2217 2211
328KO LAK  1994 92  2201 2222 2281 2322 2361 2318 2236 2214 2332 2294 2281
328KO LAK  1994 93  2317 2311 2296 2271 2307 2399 2450 2409
328KO LAK  1994101  2464 2526 2513 2569 2610 2547 2515 2521 2497 9999 9999
328KO LAK  1994102  9999 2306 2358 2402 2373 2385 2448 2521 2522 2708 2907
328KO LAK  1994103  2804 2697 2621 2669 2674 2590 2565 2727 2878
328KO LAK  1994111  2868 2804 2727 2728 2673 2607 2773 2870 2723 2661 2750
328KO LAK  1994112  2730 2662 2704 2657 2632 2618 2699 2730 2721 2734 2713
328KO LAK  1994113  2716 2730 2753 2713 2646 2583 2622 2578
328KO LAK  1994121  2526 2471 2496 2544 2512 2491 2457 2485 2457 2408 2424
328KO LAK  1994122  2427 2465 2589 2536 2471 2679 2720 2701 2715 2722 2723
328KO LAK  1994123  2688 2570 2573 2649 2659 2745 2703 2557 2610
328KO LAK  1995 11  9999 9999 9999 9999 2875 3021 2789 2599 2661 2647 2555
328KO LAK  1995 12  2550 2614 2751 2667 2629 2771 2773 2676 2690 2590 2465
328KO LAK  1995 13  2440 2517 2622 2622 2568 2702 2847 2882 2849
328KO LAK  1995 21  2983 2917 2812 2898 2948 2863 2823 2672 2577 2787 2791
328KO LAK  1995 22  2534 2455 2449 2466 2488 2450 2421 2463 2481 2483 2534
328KO LAK  1995 23  2587 2646 2648 2574 2652 2632
328KO LAK  1995 31  2561 2461 2423 2577 2750 2719 2546 2443 2497 2426 2350
328KO LAK  1995 32  2406 2476 2493 2497 2426 2433 2526 2697 2705 9999 9999
328KO LAK  1995 33  9999 9999 9999 2506 2502 2546 2511 2500 2446
328KO LAK  1995 41  2474 2470 2539 2578 2539 2517 2535 2638 2602 2507 2453
328KO LAK  1995 42  2423 2415 2427 2403 2437 2474 2460 2495 2512 2526 2476
328KO LAK  1995 43  2478 2575 2499 2581 2687 2507 2568 2590
328KO LAK  1995 51  2507 2525 2562 2445 2509 2617 2591 2514 2473 2502 2441
328KO LAK  1995 52  2449 2410 2355 2506 2438 2359 2396 2371 2290 2260 2368
328KO LAK  1995 53  2338 2304 2288 2367 2455 2396 2342 2341 2327
328KO LAK  1995 61  2381 2370 2320 2217 2241 2327 2279 2246 2313 2301 2311
328KO LAK  1995 62  2406 2404 2362 2360 2365 2344 2316 2274 2361 2292 2211
328KO LAK  1995 63  2216 2319 2250 2143 2176 2115 2205 2309
328KO LAK  1995 71  2298 2348 2401 2411 2427 2338 2369 2396 2447 2370 2331
328KO LAK  1995 72  2403 2373 2388 2293 2290 2396 2329 2310 2321 2303 2353
328KO LAK  1995 73  2363 2297 2396 2305 2243 2260 2275 2232 2230
328KO LAK  1995 81  2395 2396 2283 2356 2370 2288 2246 2253 2409 2487 2341
328KO LAK  1995 82  2343 2448 2393 2359 2402 2390 2402 2370 2343 2286 2412
328KO LAK  1995 83  2452 2337 2315 2267 2268 2353 2306 2417 2369
328KO LAK  1995 91  2281 2305 2313 2313 2118 2031 2187 2278 2317 2248 2295
328KO LAK  1995 92  2424 2412 2320 2277 2351 2359 2212 2313 2454 2513 2537
328KO LAK  1995 93  2520 2519 2512 2555 2666 2580 2510 2490
328KO LAK  1995101  2540 2456 2467 2478 2456 2508 2356 2275 2389 2403 2469
328KO LAK  1995102  2512 2551 2573 2529 2575 2577 2518 2537 2549 2649 2633
328KO LAK  1995103  2658 2754 2787 2631 2687 2786 2750 2630 2584
328KO LAK  1995111  2574 2624 2767 2892 2750 2641 2652 2802 2765 2593 2733
328KO LAK  1995112  2769 2673 2589 2744 2880 2879 2857 2836 2820 2863 2837
328KO LAK  1995113  2796 2666 2765 2650 2554 2584 2541 2514
328KO LAK  1995121  2608 2730 2716 2762 2831 2737 2672 2677 2721 2773 2688
328KO LAK  1995122  2594 2591 2614 2591 2523 2509 2580 2603 2624 2722 2752
328KO LAK  1995123  2654 2641 2702 2642 2731 2849 2875 2838 2719
328KO LAK  1996 11  2695 2619 2579 2623 2562 2524 2603 2725 2633 2630 2622
328KO LAK  1996 12  2639 2596 2614 2571 2532 2646 2480 2444 2632 2621 2552
328KO LAK  1996 13  2615 2677 2615 2620 2637 2789 2799 2686 2649
328KO LAK  1996 21  2776 2895 2802 2743 2815 2936 2804 2646 2755 2948 2807
328KO LAK  1996 22  2575 2562 2531 2460 2438 2508 2595 2718 2839 2841 2932
328KO LAK  1996 23  2878 2780 2772 2655 2612 2650 2584
328KO LAK  1996 31  2535 2660 2806 2612 2510 2613 2588 2456 2410 2452 2542
328KO LAK  1996 32  9999 9999 9999 9999 9999 9999 9999 2421 2387 2364 2406
328KO LAK  1996 33  2462 2548 2593 2591 2638 2568 2484 2486 2400
328KO LAK  1996 41  2412 9999 9999 2497 2543 2623 2600 2494 2451 2439 2453
328KO LAK  1996 42  2544 2614 2567 2547 2592 2569 2523 2458 2467 2469 2591
328KO LAK  1996 43  2678 2668 2657 2688 2681 2555 2491 2482
328KO LAK  1996 51  2397 2432 2521 2386 2264 2416 2450 2315 2341 2370 2375
328KO LAK  1996 52  2434 2415 2334 2352 2328 2336 2400 2422 2499 2514 2427
328KO LAK  1996 53  2429 2390 2339 2374 2332 2349 2431 2435 2385
328KO LAK  1996 61  2403 2411 2397 2392 2376 2398 9999 9999 9999 9999 9999
328KO LAK  1996 62  9999 9999 2227 2421 2429 2230 2323 2348 2310 2262 9999
328KO LAK  1996 63  9999 9999 2245 2287 2341 2329 2321 2311
328KO LAK  1996 71  2348 2393 2367 2346 2398 2398 2453 2434 2392 2453 2437
328KO LAK  1996 72  2445 2347 2365 2395 2294 2316 2356 2321 2313 2232 2097
328KO LAK  1996 73  2158 2291 2336 2261 2153 2167 2235 2314 2313
328KO LAK  1996 81  2262 2188 2148 2290 2369 2259 2236 2266 2334 2326 2263
328KO LAK  1996 82  2296 2262 2361 2427 2358 2387 2373 2367 2393 2361 2287
328KO LAK  1996 83  2299 2281 2267 2403 2358 2274 2449 2413 2348
328KO LAK  1996 91  2378 2359 2381 2425 2365 2299 2329 2390 2297 2227 2258
328KO LAK  1996 92  2195 2326 2460 2440 2397 2298 2222 2305 2383 2353 2380
328KO LAK  1996 93  2355 2315 2337 2338 2313 2381 2448 2470
328KO LAK  1996101  2555 2525 2475 2534 2557 2541 2504 2501 2548 2601 2591
328KO LAK  1996102  2630 2648 2673 2718 2693 2639 2582 2678 2788 2577 2405
328KO LAK  1996103  2527 2655 2551 2473 2685 2609 2625 2561 2582
328KO LAK  1996111  2540 2443 2520 2610 2550 2492 2617 2515 2522 2549 2436
328KO LAK  1996112  2424 2483 2507 2590 2714 2841 2888 2965 2877 2768 2781
328KO LAK  1996113  2758 2718 2827 2711 2629 2681 2677 2634
328KO LAK  1996121  2579 2676 2725 2865 2878 2758 2792 2773 2785 2876 2847
328KO LAK  1996122  2768 2633 2643 2611 2543 2579 2642 2633 2546 2400 2351
328KO LAK  1996123  2544 2623 2571 2587 2601 2553 2515 2581 2608
328KO LAK  1997 11  2633 2579 2506 2517 2651 2706 2649 2671 2762 2792 2822
328KO LAK  1997 12  2786 2678 2602 2610 2637 2618 2588 2589 2575 2528 2555
328KO LAK  1997 13  2514 2428 2557 2821 2851 2744 2744 2638 2513
328KO LAK  1997 21  2536 2541 2455 2430 2512 2549 2553 2553 2556 2585 2599
328KO LAK  1997 22  2682 2645 2660 2651 2680 2733 2756 2839 2837 2761 2661
328KO LAK  1997 23  2697 2691 2738 2713 2647 2583
328KO LAK  1997 31  2589 2568 2739 2700 2575 2610 2658 2703 2647 2525 2478
328KO LAK  1997 32  2470 2481 2468 2386 2361 2419 2416 2383 2419 2450 2415
328KO LAK  1997 33  2426 2547 2684 2660 2670 2657 2641 2626 2717
328KO LAK  1997 41  2683 2492 2434 2421 2477 2547 2445 2333 2412 2383 2373
328KO LAK  1997 42  2447 2379 2306 2383 2397 2360 2374 2394 2381 2389 2471
328KO LAK  1997 43  2480 2485 2538 2499 2556 2713 2633 2545
328KO LAK  1997 51  2567 2481 2443 2459 2410 2456 2453 2398 2435 2483 2440
328KO LAK  1997 52  2423 2496 2463 2431 2364 2314 2417 2308 2197 2222 2251
328KO LAK  1997 53  2150 2148 2202 2271 2252 2123 2121 2241 2251
328KO LAK  1997 61  2252 2317 2243 2204 2262 2254 2319 2312 2327 2262 2283
328KO LAK  1997 62  2325 2372 2362 2284 2345 2265 2312 2355 2306 2295 2158
328KO LAK  1997 63  2298 2376 2306 2342 2336 2362 2371 2325
328KO LAK  1997 71  2336 2322 2241 2289 2298 2236 2290 2202 2175 2201 2065
328KO LAK  1997 72  2123 2333 2284 2307 2388 2458 2461 2436 2382 2225 2280
328KO LAK  1997 73  2386 2390 2373 2315 2377 2377 2371 2367 2276
328KO LAK  1997 81  2290 2272 2352 2398 2291 2329 2253 2256 2300 2269 2248
328KO LAK  1997 82  2196 2230 2194 2197 2209 2187 2221 2239 2116 2005 2185
328KO LAK  1997 83  2253 2225 2350 2390 2480 2549 2409 2319 2279
328KO LAK  1997 91  2340 2385 2414 2381 2321 2366 2377 2377 2409 2432 2441
328KO LAK  1997 92  2396 2415 2420 2376 2421 2508 2389 2363 2457 2511 2522
328KO LAK  1997 93  2533 2501 2428 2506 2561 2522 2468 2437
328KO LAK  1997101  2480 2516 2457 2461 2557 2545 2504 2544 2509 2440 2603
328KO LAK  1997102  2541 2575 2620 2462 2494 2625 2592 2575 2556 2492 2498
328KO LAK  1997103  2515 2487 2513 2556 2561 2541 2536 2609 2693
328KO LAK  1997111  2788 2269 2314 3118 2923 2768 2724 2681 2722 2737 2711
328KO LAK  1997112  2672 2635 2633 2583 2518 2543 2783 2736 2611 2611 2532
328KO LAK  1997113  2587 2618 2469 2422 2486 2493 2507 2568
328KO LAK  1997121  2633 2752 2849 2802 2717 2672 2705 2795 2790 2783 2809
328KO LAK  1997122  2752 2719 2796 2813 2750 2676 2698 2631 2516 2496 2476
328KO LAK  1997123  2513 2669 2645 2615 2733 2666 2682 2694 2637
328KO LAK  1998 11  2651 2667 2642 2529 2648 2787 2690 2552 2627 2627 2487
328KO LAK  1998 12  2545 2622 2511 2389 2430 2414 2405 2589 2694 2710 2687
328KO LAK  1998 13  2570 2724 2880 2737 2691 2855 2959 2918 2763
328KO LAK  1998 21  2705 2751 2632 2581 2712 2627 2641 2783 2793 2648 2608
328KO LAK  1998 22  2556 2556 2515 2473 2486 2386 2358 2325 2423 2439 2464
328KO LAK  1998 23  2598 2480 2449 2599 2576 2590
328KO LAK  1998 31  2745 2764 2645 2624 2615 2696 2594 2468 2439 2386 2401
328KO LAK  1998 32  2412 2427 2477 2499 2495 2521 2487 2489 2510 2451 2508
328KO LAK  1998 33  2606 2606 2700 2713 2665 2701 2758 2706 2647
328KO LAK  1998 41  2563 2552 2697 2704 2597 2548 2568 2512 2513 2473 2445
328KO LAK  1998 42  2406 2395 2427 2409 2418 2441 2464 2484 2534 2501 2441
328KO LAK  1998 43  2392 2418 2479 2463 2444 2439 2379 2380
328KO LAK  1998 51  2460 2424 2387 2468 2486 2533 2621 2557 2538 2521 2523
328KO LAK  1998 52  2576 2466 2444 2406 2380 2424 2366 2462 2442 2361 2386
328KO LAK  1998 53  2326 2293 2298 2398 2407 2363 2328 2346 2393
328KO LAK  1998 61  2412 2375 2350 2341 2332 2408 2394 2307 2286 2289 2381
328KO LAK  1998 62  2378 2350 2328 2291 2225 2268 2317 2266 2274 2292 2298
328KO LAK  1998 63  2275 2222 2236 2294 2329 2291 2238 2376
328KO LAK  1998 71  2405 2383 2412 2363 2356 2261 2252 2336 2322 2301 2333
328KO LAK  1998 72  2266 2258 2334 2373 2357 2361 2376 2276 2263 2343 2328
328KO LAK  1998 73  2339 2214 2189 2208 2202 2192 2240 2352 2454
328KO LAK  1998 81  2376 2280 2277 2144 2148 2215 2244 2310 2363 2315 2312
328KO LAK  1998 82  2301 2354 2396 2353 2330 2402 2460 2416 2463 2502 2422
328KO LAK  1998 83  2427 2393 2423 2432 2327 2280 2302 2365 2312
328KO LAK  1998 91  2335 2410 2395 2420 2389 2326 2376 2431 2348 2248 2251
328KO LAK  1998 92  2265 2128 2076 2232 2422 2375 2290 2461 2505 2396 2442
328KO LAK  1998 93  2501 2489 2442 2497 2453 2412 2473 2316
328KO LAK  1998101  2395 2443 2488 2525 2602 2594 2595 2592 2606 2589 2563
328KO LAK  1998102  2531 2516 2553 2459 2323 2288 2284 2384 2503 2548 2597
328KO LAK  1998103  2686 2789 2586 2446 2560 2708 2726 2699 2785
328KO LAK  1998111  2673 2612 2591 2604 2614 2647 2689 2683 2636 2725 2814
328KO LAK  1998112  2572 2411 2463 2460 2591 2604 2677 2429 2134 2345 2551
328KO LAK  1998113  2567 2614 2616 2461 2590 2692 2630 2574
328KO LAK  1998121  2498 2537 2602 2669 2712 2708 2778 2830 2600 2235 2424
328KO LAK  1998122  2874 2716 2592 2626 2751 2857 2690 2477 2537 2583 2666
328KO LAK  1998123  2687 2702 2747 2825 2758 2648 2709 2648 2651
328KO LAK  1999 11  2663 2639 2650 2634 2670 2615 2556 2746 2777 2708 2747
328KO LAK  1999 12  2634 2500 2584 2764 2919 2762 2682 2680 2716 2689 2614
328KO LAK  1999 13  2630 2696 2648 2619 2567 2517 2529 2594 2515
328KO LAK  1999 21  2354 2390 2645 2892 2703 2552 2651 2718 2655 2644 2639
328KO LAK  1999 22  2713 2656 2562 2564 2594 2599 2531 2597 2771 2658 2642
328KO LAK  1999 23  2662 2600 2589 2557 2487 2623
328KO LAK  1999 31  2629 2577 2556 2577 2570 2471 2418 2430 2422 2483 2447
328KO LAK  1999 32  2426 2485 2451 2490 2617 2607 2487 9999 9999 9999 2518
328KO LAK  1999 33  2583 2617 2526 2511 2530 2533 2542 2520 2579
328KO LAK  1999 41  2630 2563 2622 2567 2482 2624 2697 2647 2476 2500 2499
328KO LAK  1999 42  2432 2486 2481 2429 2388 2423 2436 2450 2444 2291 9999
328KO LAK  1999 43  9999 2319 2218 2193 2465 2418 2248 2298
328KO LAK  1999 51  2595 2593 2567 2589 2528 2426 9999 9999 9999 2364 2427
328KO LAK  1999 52  2482 9999 9999 9999 9999 9999 9999 2322 2369 2406 2407
328KO LAK  1999 53  2364 2365 2324 2258 2257 2250 2218 2276 2260
328KO LAK  1999 61  9999 9999 9999 2093 2073 2198 2231 2263 2350 2326 2243
328KO LAK  1999 62  2178 2255 2237 2233 2143 2213 2318 2248 2241 2320 2296
328KO LAK  1999 63  2230 2234 2241 2301 2208 2182 2153 2035
328KO LAK  1999 71  2037 2213 2306 2332 2413 2362 2338 2369 2267 2208 2239
328KO LAK  1999 72  2184 2111 2177 2283 2269 2326 9999 9999 2326 2259 2172
328KO LAK  1999 73  2126 2133 2201 2277 2281 2229 2211 2235 2267
328KO LAK  1999 81  2291 2235 2105 2157 2293 2270 2217 2247 2257 2310 2252
328KO LAK  1999 82  2299 2358 2340 2330 2324 2369 2365 2364 2386 2392 2416
328KO LAK  1999 83  2434 2409 2368 2287 2372 2351 2323 2372 2356
328KO LAK  1999 91  2338 2348 2310 2230 2331 2352 2428 2466 2445 2409 2313
328KO LAK  1999 92  2334 2385 2308 2238 2307 2376 2368 2357 2352 2396 2408
328KO LAK  1999 93  2453 2478 2562 2647 2625 2536 2616 2726
328KO LAK  1999101  2584 2628 2636 2596 2647 2541 2528 2632 2581 2626 2692
328KO LAK  1999102  2720 2725 2601 2498 2538 2576 2566 2631 2860 2883 2764
328KO LAK  1999103  2616 2666 2895 2792 2710 2578 2486 2461 2437
328KO LAK  1999111  2437 2411 2396 2504 2496 2533 2688 2616 2626 2688 2574
328KO LAK  1999112  2514 2569 2618 2646 2680 2812 2772 2777 2854 2794 2685
328KO LAK  1999113  2766 2778 2748 2758 2719 2704 2755 2733
328KO LAK  1999121  2627 2621 2745 2795 2770 2871 2865 2759 2697 2703 2671
328KO LAK  1999122  2608 2633 2608 2536 2545 2636 2624 2750 2929 2885 2920
328KO LAK  1999123  2968 2800 2753 2766 2685 2668 2677 2739 2799
328KO LAK  2000 11  2655 2666 2734 2674 2613 2512 2478 2606 2593 2544 2595
328KO LAK  2000 12  2569 2498 2499 2511 2486 2549 2628 2775 2918 2804 2629
328KO LAK  2000 13  2523 2650 2834 2823 2861 2896 2887 2877 2943
328KO LAK  2000 21  2927 2769 2681 2709 2637 2638 2689 2806 2866 2616 2516
328KO LAK  2000 22  2616 2614 2601 2689 2819 2723 2620 2548 2565 2546 2508
328KO LAK  2000 23  2482 2460 2577 2678 2892 2950 2898
328KO LAK  2000 31  2884 2769 2708 2694 2612 2598 2584 2553 2605 2627 2511
328KO LAK  2000 32  2469 2505 2531 2537 2478 2544 2605 2498 2610 2607 2451
328KO LAK  2000 33  2538 2663 2834 2806 2699 2680 2668 2655 2504
328KO LAK  2000 41  2389 2424 2416 2416 2448 2472 2496 2487 2550 2629 2606
328KO LAK  2000 42  2491 2542 2565 2514 2437 2440 2443 2437 2511 2513 2452
328KO LAK  2000 43  2394 2366 2360 2348 2356 2364 2423 2362
328KO LAK  2000 51  2354 2422 2379 2420 2449 2414 2441 2431 2377 2307 2251
328KO LAK  2000 52  2216 2296 2429 2381 2349 2289 2306 2325 2376 2374 2427
328KO LAK  2000 53  2497 2408 2393 2388 2357 2298 2333 2331 2136
328KO LAK  2000 61  2204 2433 2386 2370 2429 2382 2309 2331 2194 2224 2321
328KO LAK  2000 62  2214 2109 2154 2147 2226 2339 2284 2189 2262 2385 2310
328KO LAK  2000 63  2287 2323 2311 2271 2310 2368 2280 2170
328KO LAK  2000 71  2339 2450 2392 2293 2270 2379 2371 2266 2333 2349 2312
328KO LAK  2000 72  2389 2417 2304 2242 2241 2274 2304 2351 2313 2298 2231
328KO LAK  2000 73  2248 2327 2237 2212 2254 2356 2338 2341 2345
328KO LAK  2000 81  2319 2307 2259 2231 2255 2283 2371 2408 2424 2398 2388
328KO LAK  2000 82  2411 2323 2231 2129 2033 2095 9999 9999 9999 9999 2026
328KO LAK  2000 83  2213 2274 2292 2366 2306 2212 2217 2269 2251
328KO LAK  2000 91  2308 2420 2323 2291 2331 2261 2233 2234 2234 2196 2351
328KO LAK  2000 92  2453 2437 2414 2430 2498 2557 2575 2543 2562 2622 2593
328KO LAK  2000 93  2572 2539 2492 2464 2447 2468 2503 2497
328KO LAK  2000101  2481 2497 2512 2536 2426 2295 2350 2299 2195 2070 2156
328KO LAK  2000102  2260 2177 2273 2495 2620 2511 2498 2431 2485 2456 2496
328KO LAK  2000103  2512 2482 2516 2483 2482 2437 2459 2720 2701
328KO LAK  2000111  2746 3049 2862 2665 2652 2717 2681 2702 2742 2646 2641
328KO LAK  2000112  2654 2689 2807 2825 2644 2741 2805 2659 2731 2910 2835
328KO LAK  2000113  2606 2768 2839 2684 2575 2655 2624 2501
328KO LAK  2000121  2620 2653 2570 2569 2663 2687 2553 2534 2682 2713 2609
328KO LAK  2000122  2576 2501 2635 2816 2749 2691 2705 2756 2685 2676 2832
328KO LAK  2000123  2772 2748 2619 2555 2547 2574 2686 2778 2872
328KO LAK  2001 11  2823 2613 2509 2618 2643 2734 2666 2593 2617 2536 2586
328KO LAK  2001 12  2653 2632 2759 2853 2879 2694 2676 2829 2803 2729 2631
328KO LAK  2001 13  2583 2556 2506 2472 2511 2612 2802 2810 2656
328KO LAK  2001 21  2613 2777 2708 2583 2631 2613 2612 2681 2727 2624 2698
328KO LAK  2001 22  2753 2671 2917 3069 2827 2708 2667 2599 2622 2614 2556
328KO LAK  2001 23  2483 2420 2526 2592 2553 2557
328KO LAK  2001 31  2774 2846 2644 2623 2769 2623 2568 2709 2826 2753 2672
328KO LAK  2001 32  2765 2742 2701 2591 2522 2468 2477 2478 2502 2613 2610
328KO LAK  2001 33  2519 2434 2366 2421 2383 2333 2413 2467 2495
328KO LAK  2001 41  2580 2599 2497 2518 2547 2502 2530 2531 2361 2420 2381
328KO LAK  2001 42  2451 2588 2527 2557 2553 2469 2446 2509 2568 2506 2482
328KO LAK  2001 43  2461 2444 2549 2513 2488 2469 2502 2607
328KO LAK  2001 51  2580 2487 2468 9999 9999 9999 9999 9999 9999 9999 9999
328KO LAK  2001 52  9999 9999 9999 2354 2377 2345 2428 2434 2368 2353 2296
328KO LAK  2001 53  2213 2198 2218 2306 2338 2326 2288 2305 2356
328KO LAK  2001 61  2400 2424 2405 2326 2304 2331 2306 2308 2276 2215 2233
328KO LAK  2001 62  2246 2254 2162 2137 2228 2199 2038 1932 2031 2160 2172
328KO LAK  2001 63  2150 2259 2298 2253 2223 2280 2265 2204
328KO LAK  2001 71  2258 2227 2208 2243 2260 2173 2290 2319 2338 2365 2348
328KO LAK  2001 72  2261 2269 2336 2292 2249 2298 2283 2240 2252 2312 2376
328KO LAK  2001 73  2394 2416 2380 2342 2361 2398 2356 2352 2276
328KO LAK  2001 81  2159 2257 2342 2400 2337 2171 2304 2332 2276 2297 2346
328KO LAK  2001 82  2364 2318 2331 2257 2183 2193 2219 2311 2289 2204 2296
328KO LAK  2001 83  2319 2294 2278 2242 2271 2294 2259 2291 2318
328KO LAK  2001 91  2341 2356 2312 2329 2384 2453 2447 2387 2310 2360 2446
328KO LAK  2001 92  2379 2389 2497 2473 2433 2487 9999 9999 2393 2453 2514
328KO LAK  2001 93  2500 2466 2468 2445 2339 2457 2502 2516
328KO LAK  2001101  2594 2667 2530 2524 2444 2478 2540 2331 2284 2348 2424
328KO LAK  2001102  2365 2331 2515 2663 2619 2589 2714 2697 2624 2552 2619
328KO LAK  2001103  2756 2779 2768 2751 2627 2642 2720 2665 2555
328KO LAK  2001111  2651 2656 2574 2677 2677 2674 2758 2800 2784 2799 2688
328KO LAK  2001112  2646 2806 2733 2673 2882 2883 2774 2720 2712 2726 2702
328KO LAK  2001113  2711 2738 2762 2854 2777 2632 2619 2592
328KO LAK  2001121  2667 2683 2554 2505 2522 2549 2662 2543 2392 2604 2689
328KO LAK  2001122  2678 2758 2794 2764 2728 2795 2758 2803 2743 2797 2930
328KO LAK  2001123  2814 2780 2753 2721 2665 2725 2905 2796 2558
328KO LAK  2002 11  2546 2651 2686 2648 2709 2779 2751 2807 2714 2600 2587
328KO LAK  2002 12  2600 2593 2638 2478 2401 2463 2460 2498 2557 2704 2825
328KO LAK  2002 13  2885 2729 2603 2594 2643 2754 2874 2865 2731
328KO LAK  2002 21  2699 2724 2737 2606 2601 2631 2542 2446 2451 2496 2694
328KO LAK  2002 22  2806 2624 2604 2656 2669 2706 2642 2675 2742 2624 2556
328KO LAK  2002 23  2579 2582 2633 2603 2551 2514
328KO LAK  2002 31  2567 2542 2554 2609 2451 2526 2837 2792 2642 2634 2642
328KO LAK  2002 32  2591 2524 2420 2430 2413 2442 2581 2664 2646 2535 2474
328KO LAK  2002 33  2419 2407 2453 2464 2468 2521 2471 2419 2447
328KO LAK  2002 41  2485 2393 2422 2413 2477 2411 2360 2384 2329 2306 2447
328KO LAK  2002 42  2615 2652 2643 2535 2470 2428 2523 2540 2471 2489 2497
328KO LAK  2002 43  2540 2458 2486 2574 2624 2526 2519 2591
328KO LAK  2002 51  2594 2591 2540 2544 2548 2560 2486 2509 2571 2479 2472
328KO LAK  2002 52  2506 2462 2411 2402 2430 2450 2401 2398 2361 2238 2182
328KO LAK  2002 53  2266 2341 2360 2309 2299 2416 2448 2379 9999
328KO LAK  2002 61  9999 9999 9999 9999 9999 9999 9999 9999 9999 9999 9999
328KO LAK  2002 62  9999 9999 9999 9999 9999 9999 9999 9999 9999 9999 9999
328KO LAK  2002 63  9999 9999 9999 9999 9999 9999 9999 9999
328KO LAK  2002 71  9999 2255 2186 2200 2143 2175 2213 2199 2214 2231 2213
328KO LAK  2002 72  2269 2298 2351 2393 2430 2396 2311 2287 2291 2263 2256
328KO LAK  2002 73  2187 2141 2206 2275 2293 2324 2313 2316 2435
328KO LAK  2002 81  2416 2299 2271 2254 2252 2330 2325 2231 2191 2244 2174
328KO LAK  2002 82  2151 2210 2286 2211 2121 2191 2158 2220 2414 2413 2408
328KO LAK  2002 83  2384 2421 2422 2401 2351 2223 2280 2283 2185
328KO LAK  2002 91  2210 2265 2305 2223 2263 2338 2331 2224 2277 2295 2215
328KO LAK  2002 92  2343 2361 2265 2260 2181 2100 2197 2304 2277 2257 2317
328KO LAK  2002 93  2428 2445 2432 2519 2493 2368 2363 2420
328KO LAK  2002101  2427 2459 2534 2575 2512 2431 2527 2631 2725 2741 2674
328KO LAK  2002102  2633 2521 2523 2574 2455 2475 2486 2417 2409 2368 2413
328KO LAK  2002103  2448 2439 2527 2615 2565 2459 2568 2681 2667
328KO LAK  2002111  9999 9999 9999 9999 2716 2696 2641 2810 2781 2684 2793
328KO LAK  2002112  2733 2693 2680 2588 2693 2613 2497 2510 9999 9999 2532
328KO LAK  2002113  2599 2754 2811 2681 2615 2628 2735 9999
328KO LAK  2002121  9999 2677 2617 2545 2561 2614 2588 2687 2624 2680 2760
328KO LAK  2002122  2667 2784 2870 2717 2710 2751 2692 2628 2578 2523 2510
328KO LAK  2002123  2631 2677 2660 2682 2673 2789 2894 2908 2858
328KO LAK  2003 11  2939 2895 2683 2681 2816 2665 2592 2908 2814 2729 2734
328KO LAK  2003 12  2710 2604 2570 2763 2777 2719 2649 2706 2681 2583 2498
328KO LAK  2003 13  2478 2627 2565 2453 2484 2759 2938 2641 2593
328KO LAK  2003 21  2675 2729 2866 2798 2813 2880 2773 2614 2656 2692 2652
328KO LAK  2003 22  2701 2724 2637 2579 2566 2566 2611 2565 2585 2618 2520
328KO LAK  2003 23  2467 2503 2558 2566 2525 2503
328KO LAK  2003 31  2507 2495 2458 2457 2420 2402 2444 2636 2726 2810 2841
328KO LAK  2003 32  2779 2755 2667 2586 2522 2519 2513 2558 2624 2547 2569
328KO LAK  2003 33  2723 2779 2737 2642 2603 2591 2539 2538 2479
328KO LAK  2003 41  2380 9999 9999 9999 2356 2379 2400 2385 2458 2508 2418
328KO LAK  2003 42  2376 2401 2456 2481 9999 9999 9999 9999 2457 2449 2485
328KO LAK  2003 43  2451 2399 2435 2478 2459 2505 2491 2541
328KO LAK  2003 51  2554 2461 2434 2343 2374 2448 2354 2391 2484 2542 2468
328KO LAK  2003 52  2308 9999 9999 9999 9999 2326 2333 2287 2267 2312 2333
328KO LAK  2003 53  2330 2295 2226 2180 2166 2107 2097 2220 2311
328KO LAK  2003 61  2350 2354 2344 2373 2378 2405 2362 2289 2310 2277 2234
328KO LAK  2003 62  2272 2289 2231 2246 2290 2259 2208 2278 2334 2356 2354
328KO LAK  2003 63  2349 2344 2289 2232 2229 2263 2228 2222
328KO LAK  2003 71  2282 2261 2200 2256 2271 2341 2407 2347 2339 2269 2237
328KO LAK  2003 72  2303 2319 2312 2346 2340 2280 2249 2188 2062 2092 2104
328KO LAK  2003 73  2208 2340 2373 2334 2338 2398 2322 2299 2346
328KO LAK  2003 81  2256 2054 1923 2161 2287 2216 2331 2350 2300 2274 2255
328KO LAK  2003 82  2262 2320 2296 2373 2486 2320 2198 2376 2417 2408 2386
328KO LAK  2003 83  2268 2229 2328 2392 2350 2309 2366 2379 2251
328KO LAK  2003 91  2290 2216 2174 2354 2322 2260 9999 9999 9999 9999 2319
328KO LAK  2003 92  2324 2386 2362 2356 2345 2386 2404 2351 2365 2380 9999
328KO LAK  2003 93  9999 9999 9999 2451 2563 2523 2572 2579
328KO LAK  2003101  2566 2570 2547 2638 2634 2590 2560 2645 2667 2617 2491
328KO LAK  2003102  2443 2397 2489 2577 2432 2436 2467 2627 2711 2601 9999
328KO LAK  2003103  9999 9999 9999 2706 2748 2664 2646 2700 2753
328KO LAK  2003111  2743 2724 2698 2714 2651 2597 2565 2604 2588 2615 2657
328KO LAK  2003112  2678 2655 2743 2789 2706 2649 2663 2631 2617 2590 2724
328KO LAK  2003113  2878 2619 2658 2825 2865 2932 2828 2914
328KO LAK  2003121  2884 2789 2811 2780 2767 2751 2737 2783 2722 2808 2875
328KO LAK  2003122  2784 2700 2737 2697 2730 2794 2733 2778 2935 2745 2639
328KO LAK  2003123  2697 2632 2550 2617 2788 2780 2636 2650 9999
328KO LAK  2004 11  2630 2628 2626 2597 2590 2614 2518 2531 2570 2586 2593
328KO LAK  2004 12  2653 2692 2721 2607 2559 2570 2609 2512 2466 2614 2897
328KO LAK  2004 13  2831 2781 2927 2742 2666 2791 2725 2619 2680
328KO LAK  2004 21  2548 2406 2403 2421 2529 2708 2763 2733 2796 2851 2776
328KO LAK  2004 22  2802 2797 2787 2648 2564 2553 2562 2572 2548 2454 2390
328KO LAK  2004 23  2502 2481 2363 2410 2523 2605 2499
328KO LAK  2004 31  2359 2362 2383 2539 2691 2732 2941 9999 9999 9999 9999
328KO LAK  2004 32  2491 2467 2509 2589 2530 2468 2403 2512 2534 2504 2508
328KO LAK  2004 33  2559 2332 2233 2278 2259 2277 2287 2224 2281
328KO LAK  2004 41  9999 9999 9999 9999 2538 2527 2528 2495 2532 2615 2552
328KO LAK  2004 42  2458 2502 2490 2428 2435 2454 2464 2466 2484 2500 2472
328KO LAK  2004 43  2485 2458 2403 2464 2480 2469 2578 2593
328KO LAK  2004 51  2473 2473 2546 2487 2582 2657 2525 2452 2499 2452 2309
328KO LAK  2004 52  2284 2338 2342 2315 2306 2294 2340 2431 2345 2233 2228
328KO LAK  2004 53  2205 2134 2239 2350 2347 2334 2394 2334 2286
328KO LAK  2004 61  2335 2366 2319 2349 2348 2396 2338 2314 2390 2459 2389
328KO LAK  2004 62  2346 2343 2363 2377 2413 2360 2271 2257 2258 2172 2039
328KO LAK  2004 63  2051 2139 2157 2062 2119 2203 2196 2254
328KO LAK  2004 71  2158 2257 2304 2387 2360 2283 2331 2303 2249 2329 2312
328KO LAK  2004 72  2217 2321 2362 2363 2317 2231 2186 2343 2234 2269 2398
328KO LAK  2004 73  2420 2337 2335 2266 2246 2401 2297 2184 2286
328KO LAK  2004 81  2273 2253 2389 2391 2297 2298 2279 2283 2293 2318 2284
328KO LAK  2004 82  2215 2175 2129 2158 2256 2301 2268 2292 2334 2424 2333
328KO LAK  2004 83  2300 2351 2291 2194 2269 2320 2328 2358 2417
328KO LAK  2004 91  9999 9999 9999 9999 2454 2388 2314 2375 9999 9999 9999
328KO LAK  2004 92  2468 2393 2253 2392 2466 2439 2490 2481 2466 2472 2522
328KO LAK  2004 93  2546 2508 2562 2526 2534 2639 2668 2551
328KO LAK  2004101  2389 2453 2501 2513 2537 2632 2658 2574 2738 2741 2588
328KO LAK  2004102  2633 2747 2729 2662 2652 2736 2778 2735 2708 2788 2803
328KO LAK  2004103  2753 2765 2923 2911 2903 2822 2803 2785 2739
328KO LAK  2004111  2728 2807 2859 2764 2616 2663 2721 2665 2623 9999 9999
328KO LAK  2004112  9999 9999 2526 2532 2719 2755 2797 2886 2809 2743 2729
328KO LAK  2004113  2673 2639 2724 2778 2741 2711 2694 2702
328KO LAK  2004121  2579 2537 2658 2657 2741 2868 2713 2631 2865 2909 2834
328KO LAK  2004122  2765 2765 2703 2548 2599 2656 2594 2671 2624 2595 2527
328KO LAK  2004123  2500 2575 2613 2601 2545 2656 2724 2657 2739
328KO LAK  2005 11  2906 2781 2729 2623 2720 2696 2589 2730 2745 2715 2633
328KO LAK  2005 12  2651 2746 2807 2867 2816 2797 2690 2588 2625 2685 2613
328KO LAK  2005 13  2601 2511 2415 2471 2407 2385 2414 2417 2473
328KO LAK  2005 21  2575 2600 2516 2518 2476 2472 2476 2558 2547 2523 2700
328KO LAK  2005 22  2666 2542 2615 2558 2512 2467 2404 2499 2677 2717 2676
328KO LAK  2005 23  2531 2497 2537 2486 2433 2477
328KO LAK  2005 31  2659 2570 2521 2805 2916 2969 2754 2557 2537 2470 2405
328KO LAK  2005 32  2448 2489 2670 2697 2527 2544 2669 2713 2514 2508 2526
328KO LAK  2005 33  2460 9999 9999 9999 9999 9999 9999 9999 9999
328KO LAK  2005 41  9999 9999 9999 9999 9999 9999 9999 9999 9999 9999 9999
328KO LAK  2005 42  9999 9999 9999 9999 9999 9999 9999 9999 9999 9999 9999
328KO LAK  2005 43  9999 9999 9999 9999 9999 9999 9999 9999
328KO LAK  2005 51  9999 2394 2416 2429 2363 2395 2422 2353 2301 2325 2300
328KO LAK  2005 52  2284 2287 2304 2345 2309 2338 2358 2342 2397 2412 2415
328KO LAK  2005 53  2394 2397 2353 2317 2332 2337 2305 2312 2319
328KO LAK  2005 61  2326 2405 2432 2370 2301 2295 2276 2247 2385 9999 9999
328KO LAK  2005 62  9999 2341 2291 2268 2344 2444 2409 2429 2436 2284 2252
328KO LAK  2005 63  2265 2266 2410 2288 2269 2272 2288 2298
328KO LAK  2005 71  2360 2316 9999 9999 9999 2269 2320 9999 9999 9999 9999
328KO LAK  2005 72  9999 2468 2443 2387 2380 2426 2400 2260 2169 2215 9999
328KO LAK  2005 73  9999 9999 9999 9999 9999 9999 9999 9999 9999
328KO LAK  2005 81  9999 9999 9999 2260 2207 2213 2246 2296 2239 2260 2329
328KO LAK  2005 82  2316 2327 2360 2395 2406 2380 9999 9999 9999 9999 2353
328KO LAK  2005 83  2282 2307 2393 2422 2458 2389 2378 2445 2444
328KO LAK  2005 91  2532 2484 2427 2512 2527 2570 2524 2407 2485 2531 2442
328KO LAK  2005 92  2299 2240 2498 2529 2300 2188 2348 2504 2430 9999 9999
328KO LAK  2005 93  9999 9999 2325 2370 2451 2514 2525 2456
328KO LAK  2005101  2458 2490 2482 2377 2395 2540 2524 2503 2592 2601 2576
328KO LAK  2005102  2662 2661 2670 2687 2628 2575 2660 2795 2651 2724 2761
328KO LAK  2005103  2719 2716 2622 2693 2717 2583 2651 2610 2548
328KO LAK  2005111  2537 2658 2775 2671 2630 2536 2552 2573 2508 2484 2510
328KO LAK  2005112  2571 2543 9999 9999 9999 9999 9999 3045 3130 3008 2925
328KO LAK  2005113  2922 2966 2964 2817 2720 2648 2652 2834
328KO LAK  2005121  2712 2692 2683 2637 2676 2737 2848 2881 2921 2774 2722
328KO LAK  2005122  2798 2708 2600 2667 2864 2893 2852 2790 2692 2591 2913
328KO LAK  2005123  3061 2765 2741 2723 2646 2623 2522 2527 2626
328KO LAK  2006 11  2785 2815 2743 2709 2718 2809 2947 9999 9999 9999 9999
328KO LAK  2006 12  9999 2621 2588 2555 2554 2531 2493 2505 2470 2474 2610
328KO LAK  2006 13  2855 2981 2710 2611 2771 2787 2775 2743 2722
328KO LAK  2006 21  2817 2788 2652 2808 2833 2699 2810 2904 2813 2695 2757
328KO LAK  2006 22  2859 2862 2666 2581 2543 2571 2622 2663 2734 2775 2735
328KO LAK  2006 23  2768 2790 2676 2596 2651 2677
328KO LAK  2006 31  2655 2930 2979 2701 2489 2635 2613 2655 2558 2536 2510
328KO LAK  2006 32  2485 2585 2519 2520 2654 2654 2697 2680 2669 2615 2547
328KO LAK  2006 33  2495 2555 2564 2573 2526 2472 2598 2611 2557
328KO LAK  2006 41  2536 2562 2530 2471 2481 2505 2514 9999 9999 9999 9999
328KO LAK  2006 42  2487 2544 2495 2479 2607 2690 2689 2585 2667 2645 2542
328KO LAK  2006 43  2569 2524 2538 2495 2428 2502 2521 2466
328KO LAK  2006 51  2443 2463 2443 2427 2433 2415 2438 2491 2527 2504 2492
328KO LAK  2006 52  2456 2440 2429 2480 2498 2540 2571 9999 9999 9999 9999
328KO LAK  2006 53  9999 2560 2548 2494 2410 9999 9999 9999 9999
328KO LAK  2006 61  9999 9999 9999 9999 9999 9999 9999 9999 9999 9999 9999
328KO LAK  2006 62  9999 9999 9999 9999 9999 9999 9999 9999 9999 9999 9999
328KO LAK  2006 63  9999 9999 9999 9999 9999 9999 9999 9999
328KO LAK  2006 71  2308 2332 2410 9999 9999 9999 9999 2410 2354 2335 2325
328KO LAK  2006 72  2298 2342 2287 2249 2423 2492 2433 2384 2340 2251 2331
328KO LAK  2006 73  2321 2292 2383 2333 2240 2297 2372 2369 2269
328KO LAK  2006 81  2351 2416 2352 2329 2356 2382 2251 2162 2336 2418 2330
328KO LAK  2006 82  2277 2260 2248 2345 2419 2440 2387 2350 2368 2353 2297
328KO LAK  2006 83  2301 2292 2377 2463 2442 2403 2400 2446 2352
328KO LAK  2006 91  2317 2352 2288 2352 2364 2446 2511 2489 2511 2505 2489
328KO LAK  2006 92  2519 2537 2536 2521 2430 2350 2333 2373 2459 2395 2440
328KO LAK  2006 93  2461 2303 2226 2394 2605 2593 2512 2276
328KO LAK  2006101  2112 2390 2510 2549 2511 2517 2565 2531 2505 2535 2536
328KO LAK  2006102  2560 2555 2516 2578 2583 2561 2616 2673 2710 2685 2630
328KO LAK  2006103  2687 2796 2757 2669 2606 9999 9999 9999 2761
328KO LAK  2006111  2719 2810 2915 2834 2755 2754 2757 9999 9999 9999 2739
328KO LAK  2006112  2865 2774 2638 2682 2704 2784 2734 2614 2618 2566 2496
328KO LAK  2006113  2502 9999 9999 9999 9999 9999 9999 2640
328KO LAK  2006121  2633 2680 2725 2677 2734 2884 2848 2816 2778 2770 2858
328KO LAK  2006122  2788 2720 2914 2971 2804 3014 3084 2960 2958 3073 9999
328KO LAK  2006123  9999 9999 9999 2791 2841 9999 9999 9999 9999
328KO LAK  2007 11  2625 2609 2541 2619 2705 2695 2757 2858 2873 2817 2821
328KO LAK  2007 12  2763 2774 2811 2683 2671 2589 2687 2733 2726 2679 2695
328KO LAK  2007 13  2737 2687 2838 2767 2722 2847 2827 2682 2647
328KO LAK  2007 21  2733 2706 2640 2599 2647 2715 2661 2599 2514 2558 2583
328KO LAK  2007 22  2535 2513 2430 2448 2513 2479 2407 2482 2507 2444 2437
328KO LAK  2007 23  2538 2514 9999 9999 9999 2618
328KO LAK  2007 31  9999 9999 9999 9999 9999 9999 9999 2543 2552 2744 2771
328KO LAK  2007 32  2693 2511 2491 2646 2579 2529 2596 2606 2573 2770 2764
328KO LAK  2007 33  2602 2571 2592 2573 2544 2525 2601 9999 9999
328KO LAK  2007 41  9999 9999 9999 9999 2711 9999 9999 9999 2729 2686 2577
328KO LAK  2007 42  2599 2715 2676 9999 9999 9999 2481 2483 9999 9999 9999
328KO LAK  2007 43  9999 9999 2495 2591 2683 9999 9999 9999
328KO LAK  2007 51  2601 2647 2678 2564 2425 2394 2353 2421 2471 2378 2464
328KO LAK  2007 52  2555 2519 2539 2493 2419 2506 2440 2395 2413 2394 2310
328KO LAK  2007 53  2297 2302 2315 2341 2306 2307 2330 2350 2372
328KO LAK  2007 61  2322 2366 2356 2362 2317 2332 2361 2359 2342 2364 2378
328KO LAK  2007 62  2373 2416 2431 2376 2348 2277 2295 2382 2329 9999 9999
328KO LAK  2007 63  2357 2403 2379 2288 2358 2382 2264 2256
328KO LAK  2007 71  2266 2244 2253 2250 2263 2308 2187 2129 2182 2201 2184
328KO LAK  2007 72  2087 2189 2292 2334 2296 2309 2392 2416 2314 2352 2449
328KO LAK  2007 73  2418 2280 2337 2408 2426 2393 2439 2355 2225
328KO LAK  2007 81  2304 2294 2179 2165 2256 2313 2269 2294 2327 2350 2380
328KO LAK  2007 82  2339 2306 2362 2280 2269 2256 2290 2264 2287 2325 2381
328KO LAK  2007 83  2419 2381 2298 2249 2359 2445 2384 2418 2459
328KO LAK  2007 91  2480 2444 2366 2385 2475 2495 2396 2384 2377 2401 2354
328KO LAK  2007 92  2434 2465 2470 2473 2436 2310 2341 2454 2361 2340 2412
328KO LAK  2007 93  2319 2441 2578 2481 2453 2371 2324 2368
328KO LAK  2007101  2292 2197 2376 2551 2539 2455 2408 2410 2428 2499 2510
328KO LAK  2007102  2508 2550 2559 2543 2578 2652 2716 2807 2829 2803 2688
328KO LAK  2007103  2715 2767 2594 2618 2598 2536 2652 2737 2703
328KO LAK  2007111  2700 2658 2676 2668 2737 2896 2843 2844 2712 2683 2811
328KO LAK  2007112  2761 2712 2834 2841 2751 2660 2718 2798 2791 2720 2654
328KO LAK  2007113  2641 2767 2801 2770 2708 2800 2938 2927
328KO LAK  2007121  2826 2766 2796 2906 2903 2780 2837 2947 2892 2756 2682
328KO LAK  2007122  2671 2714 2788 2793 2672 2667 2700 2788 2770 2564 2545
328KO LAK  2007123  2558 2552 2708 2648 2612 2687 2714 2793 2956
328KO LAK  2008 11  2892 2765 2739 2712 2786 2743 2675 2635 2583 2521 2455
328KO LAK  2008 12  2411 2464 2609 2545 2557 2770 2848 2834 2699 2690 2815
328KO LAK  2008 13  2794 2593 2631 2806 2797 2799 2637 2635 2738
328KO LAK  2008 21  2733 2692 2789 2882 2732 2668 2772 2799 2842 2827 2694
328KO LAK  2008 22  2794 2883 2807 2800 2816 2814 2776 2763 2786 2741 2648
328KO LAK  2008 23  2683 2708 2664 2604 2760 2854 2755
328KO LAK  2008 31  2762 2827 2771 2734 2778 2687 2667 9999 9999 9999 2727
328KO LAK  2008 32  2744 2663 2551 2624 2560 2458 2476 2509 2529 2504 2518
328KO LAK  2008 33  2485 2595 2720 2553 2533 2627 2475 2385 2471
328KO LAK  2008 41  2450 2471 2516 2599 2594 2573 2521 2566 2489 2447 2512
328KO LAK  2008 42  2478 2466 2519 2530 2479 2545 2514 9999 9999 9999 2667
328KO LAK  2008 43  9999 9999 9999 2486 2570 2554 2555 2502
328KO LAK  2008 51  2522 2509 2512 2444 2392 2422 2366 2374 2431 2310 2302
328KO LAK  2008 52  2414 2356 2471 2619 2629 2534 2576 2571 2475 2477 2513
328KO LAK  2008 53  2463 2419 2421 2442 2423 2360 2326 2329 2363
328KO LAK  2008 61  2424 2420 2393 2432 2492 2493 2452 2411 2345 2387 2275
328KO LAK  2008 62  2401 2388 2408 2449 2378 2360 2411 2387 2321 2302 2178
328KO LAK  2008 63  2154 2253 2299 2304 2331 2408 2398 2401
328KO LAK  2008 71  2396 2212 2295 2363 2387 2430 2420 2427 2487 2384 2340
328KO LAK  2008 72  2448 2496 2381 2342 2401 2454 2493 2498 2450 2428 2435
328KO LAK  2008 73  2339 2276 2344 2331 2255 2300 2443 2504 2537
328KO LAK  2008 81  2498 2400 2425 2399 2310 2236 2338 2412 2385 2363 2409
328KO LAK  2008 82  2432 2510 2536 2436 2378 2373 2339 2325 2407 2411 2389
328KO LAK  2008 83  2457 2464 2424 2472 2533 2501 2532 2555 2560
328KO LAK  2008 91  2610 2613 2576 2619 2573 2476 2497 2411 2280 2363 9999
328KO LAK  2008 92  9999 9999 2453 2414 2331 2452 2598 2470 2383 2380 2376
328KO LAK  2008 93  2447 2372 2251 2312 2378 2367 2407 2466
328KO LAK  2008101  2569 2690 2646 2572 2578 2567 2554 2546 2634 2672 2630
328KO LAK  2008102  2675 2701 2735 2791 2775 9999 9999 9999 9999 9999 9999
328KO LAK  2008103  2704 2652 2579 2635 2626 2620 2624 2601 2568
328KO LAK  2008111  2691 2655 2539 2592 2696 2701 2654 2749 2836 2842 2891
328KO LAK  2008112  3045 3099 2837 2794 2897 2843 2803 2919 3008 2885 2784
328KO LAK  2008113  2875 2986 2879 2836 9999 9999 9999 9999
328KO LAK  2008121  2957 2878 2832 2802 2804 2930 2997 2837 2800 2903 2863
328KO LAK  2008122  2783 2660 2751 2889 2973 2872 2902 2963 2829 2804 2875
328KO LAK  2008123  2899 2741 2676 2783 2734 2647 2673 2663 2756
328KO LAK  2009 11  2840 2874 2883 2829 9999 9999 9999 2861 2934 2939 2973
328KO LAK  2009 12  2981 9999 9999 9999 9999 2852 2786 2758 2698 2620 2605
328KO LAK  2009 13  2718 2871 2991 2898 2765 2859 2821 2726 2843
328KO LAK  2009 21  2807 2652 2653 2690 2698 2771 2784 2639 2635 2698 2681
328KO LAK  2009 22  2646 2543 2513 2511 2483 2586 2642 2613 2661 2706 2679
328KO LAK  2009 23  2570 2582 2571 2592 2580 2530
328KO LAK  2009 31  2684 2716 2664 2636 2625 2665 2641 2592 2695 2715 2658
328KO LAK  2009 32  2610 2567 2660 2917 2797 2649 2663 2627 2597 2550 2489
328KO LAK  2009 33  2515 2494 2456 2574 2568 2513 2614 2676 2703
328KO LAK  2009 41  2774 2824 2742 2704 2686 2684 2757 2844 2830 2750 2672
328KO LAK  2009 42  2626 2612 2609 2550 2440 2421 2433 2288 2196 2317 2417
328KO LAK  2009 43  2416 2406 2441 2509 2515 2568 2560 2497
328KO LAK  2009 51  2515 2614 2574 2609 2669 2559 2579 2587 2509 2523 2620
328KO LAK  2009 52  2594 2637 2660 2566 2602 2537 2503 2553 2483 2444 2409
328KO LAK  2009 53  2433 2532 2529 2420 2420 2502 2469 2426 2501
328KO LAK  2009 61  2533 2438 2393 2381 2418 2409 2375 2416 2386 2361 2406
328KO LAK  2009 62  2441 2444 2386 2401 2421 2472 2510 2417 2452 2482 2496
328KO LAK  2009 63  2493 2510 2517 2498 2429 2447 2478 2474
328KO LAK  2009 71  2497 2468 2453 2519 2499 2394 2445 2490 2456 2349 2272
328KO LAK  2009 72  2086 2248 2562 2381 2281 2406 2436 2392 2532 2552 2428
328KO LAK  2009 73  2389 2484 2488 2441 2421 2380 2336 2279 2329
328KO LAK  2009 81  2330 2333 2344 2378 2333 2333 2421 2322 2324 2327 2375
328KO LAK  2009 82  2486 2506 2535 2532 2535 2550 2578 2594 2488 2468 2529
328KO LAK  2009 83  2518 2431 2351 2492 2519 2465 2539 2542 2365
328KO LAK  2009 91  2360 2360 2358 2358 2302 2282 2497 2455 2379 2393 2524
328KO LAK  2009 92  2536 2541 2488 2525 2548 2547 2552 2489 2469 2500 2430
328KO LAK  2009 93  2344 2380 2327 2404 2476 2209 2086 2242
328KO LAK  2009101  2536 2696 2530 2475 2444 2419 2540 2636 2563 2618 2612
328KO LAK  2009102  2638 2684 2631 2714 2598 2483 2592 2615 2640 2606 2562
328KO LAK  2009103  2522 2605 2541 2617 2809 2863 2765 2864 9999
328KO LAK  2009111  9999 9999 9999 9999 9999 9999 9999 9999 9999 9999 9999
328KO LAK  2009112  9999 9999 9999 9999 9999 9999 3002 2979 2902 2911 2859
328KO LAK  2009113  2907 2738 2640 2702 2700 2772 2771 2771
328KO LAK  2009121  2838 2796 2846 2973 2937 2860 2874 2848 2832 2838 2745
328KO LAK  2009122  2809 2766 2698 2663 2649 2827 2845 2910 2957 2925 2943
328KO LAK  2009123  2839 2739 2733 2738 2737 2694 2747 2668 2654
328KO LAK  2010 11  2829 2789 2736 2820 2846 2784 2727 2759 2763 2738 2673
328KO LAK  2010 12  2790 3044 3025 2892 2834 2825 2863 2755 2675 2689 2728
328KO LAK  2010 13  2773 2753 2764 2881 2972 2784 2781 2925 2743
328KO LAK  2010 21  2635 2705 2702 2671 2614 2735 2757 2816 2819 2810 2687
328KO LAK  2010 22  2600 2728 2730 2542 2680 2878 2904 2860 2843 2859 2763
328KO LAK  2010 23  2749 2802 2817 2677 2622 2673
328KO LAK  2010 31  2692 2553 2568 2573 2548 2561 2577 2561 2621 2940 3066
328KO LAK  2010 32  2845 2787 2724 2638 2680 2851 2879 2795 2731 2673 2752
328KO LAK  2010 33  2779 2578 2550 2814 2885 2832 9999 9999 2728
328KO LAK  2010 41  2736 2792 2836 2753 2633 2663 2619 2630 2595 2624 2626
328KO LAK  2010 42  2662 2630 2689 2671 2705 2727 2716 2711 2723 2729 2721
328KO LAK  2010 43  2699 2738 2866 2728 2623 2720 2851 2855
328KO LAK  2010 51  2670 2658 2668 2670 2653 2590 2591 2547 2561 2594 2614
328KO LAK  2010 52  2640 2669 2668 2645 2730 2773 2607 2618 2599 2587 2502
328KO LAK  2010 53  2436 2502 2488 2461 2519 2528 2488 2506 2480
328KO LAK  2010 61  2488 2462 2411 2448 2535 2622 2596 2541 2512 2560 2551
328KO LAK  2010 62  2485 2545 2520 2401 2412 2333 2237 2338 2475 2530 2525
328KO LAK  2010 63  2425 2405 2451 2441 2406 2372 2398 2485
328KO LAK  2010 71  2441 2460 2466 2451 9999 9999 9999 9999 9999 2384 2444
328KO LAK  2010 72  2443 2433 2511 2486 2505 2508 2493 2553 2528 2455 2456
328KO LAK  2010 73  2328 2312 2288 2270 2540 2516 2484 2473 2392
328KO LAK  2010 81  2471 2422 2484 2423 2347 2470 2320 2277 2477 2484 9999
328KO LAK  2010 82  9999 9999 9999 2519 2499 2538 2578 2617 2547 2377 2468
328KO LAK  2010 83  2500 2554 2613 2517 2478 2442 2449 2490 2428
328KO LAK  2010 91  2488 2531 2438 2415 2546 2574 2508 2624 2476 2460 2550
328KO LAK  2010 92  2509 2566 2584 2499 2617 2575 2590 2611 2633 2542 2536
328KO LAK  2010 93  2618 2556 2592 9999 9999 9999 2645 2718
328KO LAK  2010101  2718 2739 2692 2842 2918 2822 2724 2662 2601 2322 2328
328KO LAK  2010102  2540 2542 2443 2485 2583 2610 2606 2639 2636 2579 2667
328KO LAK  2010103  9999 9999 9999 9999 2889 9999 9999 2878 2809
328KO LAK  2010111  3039 3133 3054 2924 2863 2903 2841 2862 2978 2908 2736
328KO LAK  2010112  2803 2917 2895 2858 2852 2890 2783 2852 2847 2805 2792
328KO LAK  2010113  2827 2900 2807 2820 2977 2913 2836 2959
328KO LAK  2010121  3056 2981 2927 2924 2833 2803 2890 2946 2933 2806 2731
328KO LAK  2010122  2713 2669 2671 2672 2706 2873 2978 2905 2808 2843 2901
328KO LAK  2010123  2907 2710 2688 2835 2991 2927 2838 2885 2874
328KO LAK  2011 11  2925 2940 2789 2711 2871 2934 2989 2972 2917 2849 2800
328KO LAK  2011 12  2776 2927 2859 2769 2991 3028 2784 2650 2702 2821 2960
328KO LAK  2011 13  2912 2888 2967 2972 2948 2967 3068 3027 2944
328KO LAK  2011 21  2938 2924 2963 2923 2878 2848 2709 2621 2622 2647 2605
328KO LAK  2011 22  2758 2814 2790 2913 2856 2724 2794 2785 2737 2792 2833
328KO LAK  2011 23  2824 2798 2774 2856 2800 2634
328KO LAK  2011 31  2712 2729 2759 2776 2799 2744 2710 2903 2960 2897 2934
328KO LAK  2011 32  2940 2851 2759 2781 2942 2849 2670 2842 2859 2708 2720
328KO LAK  2011 33  2796 2811 2907 2916 2927 3114 3054 2827 2873
328KO LAK  2011 41  2917 2818 2751 2765 2816 2755 2624 2659 2789 2758 2701
328KO LAK  2011 42  2777 2728 2651 2657 2613 2577 2546 2530 2590 2567 2656
328KO LAK  2011 43  2656 2699 2726 2649 2573 2592 2633 2591
328KO LAK  2011 51  2476 2461 2530 2556 2455 2468 2493 2531 2512 2363 2364
328KO LAK  2011 52  2440 2444 2553 2524 2483 2571 2540 2476 2531 2521 2440
328KO LAK  2011 53  2467 2518 2568 2485 2381 2492 2575 2557 2502
328KO LAK  2011 61  2461 2500 2585 2605 2593 2487 2408 2469 2362 2272 2338
328KO LAK  2011 62  2365 2409 2383 2290 2333 2426 2340 2327 2462 2402 2322
328KO LAK  2011 63  2344 2399 2461 2469 2487 2446 2482 2537
328KO LAK  2011 71  2510 2454 2439 2472 2534 2510 2413 2393 2426 2362 2507
328KO LAK  2011 72  2579 2478 2485 2484 2420 2523 2534 2484 2446 2412 2419
328KO LAK  2011 73  2379 2492 2576 2492 2369 2414 2424 2447 2648
328KO LAK  2011 81  2725 2650 2530 2456 2439 2477 2497 2445 2496 2505 2455
328KO LAK  2011 82  9999 9999 9999 9999 9999 9999 9999 9999 9999 9999 9999
328KO LAK  2011 83  9999 9999 9999 9999 9999 9999 9999 9999 9999
328KO LAK  2011 91  2415 2489 2480 2472 2493 2455 2464 2454 2409 2457 2553
328KO LAK  2011 92  2574 2622 2547 2438 2440 2432 2429 2397 2302 2293 2417
328KO LAK  2011 93  2454 2463 2533 2500 2437 2588 2607 2519
328KO LAK  2011101  2530 2473 2448 2497 2487 2713 2852 2671 2646 2661 2701
328KO LAK  2011102  2669 2619 2600 2540 2584 2624 2781 2869 2758 2864 2917
328KO LAK  2011103  2845 2871 2938 2948 2886 2835 2937 3039 3037
328KO LAK  2011111  2904 2888 2896 2835 2684 2593 2593 2519 2556 2697 3001
328KO LAK  2011112  2993 2830 2915 2884 2810 2738 2835 2888 2621 2271 2732
328KO LAK  2011113  3134 3063 3004 2914 2842 2941 2916 2803
328KO LAK  2011121  9999 9999 9999 2921 2718 2752 2803 2818 2902 2979 3044
328KO LAK  2011122  2945 2821 2864 2949 3021 3091 2993 2901 2878 9999 9999
328KO LAK  2011123  9999 9999 3172 2912 2842 9999 9999 9999 9999
328KO LAK  2012 11  9999 9999 9999 9999 9999 9999 9999 9999 9999 2830 2867
328KO LAK  2012 12  2808 2837 2781 2664 2602 2634 2690 2642 2633 2632 2651
328KO LAK  2012 13  2690 2736 2807 2994 2933 2702 2814 2945 2892
328KO LAK  2012 21  2868 2871 2832 2814 2722 2646 2636 2688 2834 2763 2764
328KO LAK  2012 22  2949 2864 2683 2653 2667 2742 2813 2795 2826 2833 2791
328KO LAK  2012 23  2811 2711 2638 2708 2747 2706 2727
328KO LAK  2012 31  2770 2853 2859 2741 2696 2704 2732 2750 2634 2752 2892
328KO LAK  2012 32  2860 2881 2961 2801 2755 2777 2690 2678 2613 2590 2631
328KO LAK  2012 33  2552 2653 2868 2945 2850 2788 2749 2697 2669
328KO LAK  2012 41  2660 2652 2572 2697 2681 2647 2632 2715 2749 2642 2575
328KO LAK  2012 42  2649 2637 2572 2602 2567 2557 2585 2543 2501 2487 2536
328KO LAK  2012 43  2562 2543 2468 2459 2493 2475 2483 2440
328KO LAK  2012 51  2538 2540 2423 2486 2455 2402 2466 2470 2465 2498 2483
328KO LAK  2012 52  2382 2320 2408 2415 2399 2515 2566 2540 2492 2512 2432
328KO LAK  2012 53  2413 2421 2456 2589 2625 2520 2522 2509 2483
328KO LAK  2012 61  2435 2440 2498 2412 2341 2376 2486 2569 2539 2470 2461
328KO LAK  2012 62  2418 2410 2333 2252 2328 2379 2346 2315 2360 2373 2396
328KO LAK  2012 63  2430 2413 2425 2370 2298 2372 2431 2430
328KO LAK  2012 71  2522 2507 2441 2415 2474 2515 2507 2509 2494 2477 2521
328KO LAK  2012 72  2549 2536 2466 2445 2434 2369 2273 2362 2508 2439 2361
328KO LAK  2012 73  2371 2445 2484 2556 2544 2472 2432 2435 2403
328KO LAK  2012 81  2387 2412 2452 2452 2462 2460 2446 2440 2498 2517 2452
328KO LAK  2012 82  2410 2399 2444 2486 2430 2411 2542 2535 2498 2487 2435
328KO LAK  2012 83  2498 2582 2505 2502 2445 2401 2499 2542 2485
328KO LAK  2012 91  2544 2523 2536 2493 2417 2560 2660 2581 2511 2482 2532
328KO LAK  2012 92  2500 2421 2372 2505 2624 2616 2658 2635 2618 2605 2557
328KO LAK  2012 93  2528 2563 2533 2507 2365 2518 2624 2676
328KO LAK  2012101  2617 2632 2690 2638 2639 2571 2508 2696 2773 2733 2802
328KO LAK  2012102  2853 2815 2802 2830 2781 2820 2962 2893 2775 2862 2885
328KO LAK  2012103  2829 2939 2905 2859 2779 2782 2813 2817 2798
328KO LAK  2012111  2796 2795 2810 2799 2847 2827 2827 2822 2795 2790 2815
328KO LAK  2012112  2851 2783 2733 2756 2731 2720 2794 2888 2849 2766 2789
328KO LAK  2012113  2791 2767 2825 2793 2783 2874 2858 2840
328KO LAK  2012121  2838 2800 2778 2846 2768 2814 2855 2883 2900 2887 2927
328KO LAK  2012122  2934 2993 2902 2898 2918 2897 2937 2954 2924 2820 2935
328KO LAK  2012123  3167 3246 2973 2875 2940 2902 2859 9999 9999
328KO LAK  2013 11  3030 2951 2922 2965 2824 2734 2766 2663 2792 2837 2951
328KO LAK  2013 12  2882 2783 2972 3025 2896 2841 3059 3093 2754 2825 2916
328KO LAK  2013 13  2865 2810 2790 2817 2791 2896 2876 2837 2878
328KO LAK  2013 21  2847 2840 2909 2835 2750 2682 2640 2688 2780 2916 2876
328KO LAK  2013 22  2899 3029 2890 2809 2950 2984 2760 2702 2793 2853 2762
328KO LAK  2013 23  2803 2913 2982 2952 2826 2870
328KO LAK  2013 31  2774 2692 2774 2839 2905 2924 2927 2907 2835 2713 2696
328KO LAK  2013 32  2668 2545 2612 2747 2733 2670 2607 2647 2643 2606 2640
328KO LAK  2013 33  2604 2579 2608 2640 2600 2582 2623 2685 2683
328KO LAK  2013 41  2657 2679 2687 2636 2597 2514 2556 2718 2708 2707 2831
328KO LAK  2013 42  2912 2872 2746 2763 2787 2601 2470 2624 2620 2614 2630
328KO LAK  2013 43  2620 2638 2652 2635 2631 2675 2673 2635
328KO LAK  2013 51  2619 2611 2657 2650 2697 2775 2672 2693 2660 2632 2677
328KO LAK  2013 52  2608 2550 2576 2552 2528 2552 2488 2481 2465 2452 2495
328KO LAK  2013 53  2510 2509 2473 2475 2481 2451 2445 2502 2450
328KO LAK  2013 61  2490 2556 2559 2582 2535 2486 2494 2456 2434 2409 2458
328KO LAK  2013 62  2389 2331 2411 2463 2483 2463 2573 2524 2349 2422 2471
328KO LAK  2013 63  2497 2501 2472 2446 2382 2419 2398 2341
328KO LAK  2013 71  2375 2434 2459 2440 2436 2566 2543 2522 2496 2519 2487
328KO LAK  2013 72  2404 2351 2364 2389 2345 2297 2292 2339 2425 2461 2516
328KO LAK  2013 73  2495 2498 2490 2446 2449 2461 2446 2453 2436
328KO LAK  2013 81  9999 9999 9999 9999 2474 2401 2470 2572 2476 2562 2551
328KO LAK  2013 82  2405 2517 2533 2514 2417 2433 2410 2321 2324 2394 2408
328KO LAK  2013 83  2409 2455 2495 2502 2504 2439 2403 2500 2564
328KO LAK  2013 91  2567 2560 2526 2525 2520 2530 2533 2581 2579 2489 2581
328KO LAK  2013 92  2710 2566 2500 2516 2490 2452 2367 2367 2552 2612 2567
328KO LAK  2013 93  2561 2546 2481 2493 2526 2467 2423 2457
328KO LAK  2013101  2776 2742 2558 2547 2562 2621 2724 2651 2621 2662 2647
328KO LAK  2013102  2634 2599 2557 2606 2783 2988 2934 2767 2904 2892 2841
328KO LAK  2013103  2905 2884 2935 2986 2969 2871 2844 2879 2944
328KO LAK  2013111  2971 2847 2868 2889 2856 2836 2782 2961 2921 2745 2771
328KO LAK  2013112  2853 2820 2847 2741 2814 2899 2880 3006 2928 2934 2960
328KO LAK  2013113  2926 2785 2768 2873 2786 2841 2992 3073
328KO LAK  2013121  2992 2991 2970 2855 2932 3024 2896 2800 2774 2825 2848
328KO LAK  2013122  2765 2796 2746 2770 2762 2651 2762 2992 2936 2731 2837
328KO LAK  2013123  2879 2821 2947 2828 2906 3052 2945 2863 2877
328KO LAK  2014 11  2911 2838 2669 2638 2872 2868 2597 2621 2890 2997 2766
328KO LAK  2014 12  2715 2875 2947 2935 2800 2716 2922 2897 2682 2754 2885
328KO LAK  2014 13  2835 2747 2711 2690 2791 2818 2751 2762 2717
328KO LAK  2014 21  2639 2608 2599 2666 2706 2624 2595 2603 2623 2636 2678
328KO LAK  2014 22  2894 2843 2888 3057 2889 2722 2671 2676 3010 2976 2758
328KO LAK  2014 23  2838 2831 2687 2679 2751 2732
328KO LAK  2014 31  2617 2566 2621 2603 2596 2672 2633 2599 2643 2786 2769
328KO LAK  2014 32  2734 2657 2698 2946 2880 2765 2756 2628 2560 2695 2868
328KO LAK  2014 33  2829 2809 2838 2802 2754 2726 2645 2666 2627
328KO LAK  2014 41  2569 2605 2635 2592 2614 2615 2588 2564 2627 2666 2651
328KO LAK  2014 42  2611 2589 2620 2633 2599 2588 2591 2641 2664 2607 2557
328KO LAK  2014 43  2574 2626 2558 2593 2622 2593 2627 2620
328KO LAK  2014 51  2626 2630 2607 2666 2759 2713 2626 2566 2597 2621 2533
328KO LAK  2014 52  2521 2446 2432 2438 2464 2465 2410 2431 2467 2460 2496
328KO LAK  2014 53  2419 2467 2546 2517 2525 2501 2478 2525 2513
328KO LAK  2014 61  2485 2462 2497 2489 2410 2445 2532 2552 2425 2425 2455
328KO LAK  2014 62  2334 2415 2613 2529 2520 2538 2557 2463 2441 2381 2246
328KO LAK  2014 63  2272 2503 2531 2431 2372 2292 2280 2373
328KO LAK  2014 71  2406 2372 2413 2425 2412 2429 2371 2303 2340 2444 2481
328KO LAK  2014 72  2436 2460 2573 2565 2439 2410 2367 2404 2510 2465 2379
328KO LAK  2014 73  2391 2444 2433 2457 2382 2385 2464 2454 2413
328KO LAK  2014 81  2415 2441 2445 2464 2461 2425 2502 2510 2493 2528 2485
328KO LAK  2014 82  2430 2480 2506 2478 2483 2543 2568 2472 2507 2533 2570
328KO LAK  2014 83  2594 2527 2513 2483 2435 2430 2536 2514 2505
328KO LAK  2014 91  2564 2546 2523 2503 2390 2280 2294 2381 2502 2495 2521
328KO LAK  2014 92  2515 2440 2451 2398 2335 2563 2578 2494 2604 2489 2460
328KO LAK  2014 93  2627 2559 2602 2653 2633 2569 2597 2597
328KO LAK  2014101  2607 2581 2570 2604 2477 2629 2917 2674 2710 2900 2723
328KO LAK  2014102  2722 2842 2951 2996 2847 2863 2884 2781 2791 2768 2743
328KO LAK  2014103  2735 2698 2699 2688 2751 2778 2744 2761 2765
328KO LAK  2014111  2809 2840 2851 2794 2711 2693 2811 2887 2804 2801 2780
328KO LAK  2014112  2751 2840 2886 2858 2868 2982 3056 2937 2880 2840 2836
328KO LAK  2014113  2884 2839 2750 2791 2754 2702 2695 2600
328KO LAK  2014121  2656 2763 2733 2732 2797 2859 2849 2917 2893 2889 2796
328KO LAK  2014122  2828 3001 3042 2902 2907 3043 3005 2850 2853 3015 3148
328KO LAK  2014123  2969 2785 2938 2998 2912 2895 3068 3002 2889
328KO LAK  2015 11  2892 2839 2728 2741 2726 2710 2778 2916 2889 2732 2816
328KO LAK  2015 12  2854 2877 2971 2867 2848 2897 2895 2866 2847 2737 2761
328KO LAK  2015 13  2878 2802 2648 2622 2668 2760 2813 2775 2846
328KO LAK  2015 21  2944 2846 2755 2904 2976 2949 2886 2876 2957 2887 2705
328KO LAK  2015 22  2733 2860 2749 2656 2623 2672 2753 2733 2743 2724 2629
328KO LAK  2015 23  2655 2657 2627 2625 2620 2608
328KO LAK  2015 31  2668 2754 2621 2566 2668 2668 2660 2690 2655 2770 2748
328KO LAK  2015 32  2664 2701 2634 2618 2629 2550 2566 2544 2566 2631 2617
328KO LAK  2015 33  2665 2721 2830 2845 2821 2856 2868 2810 2701
328KO LAK  2015 41  2591 2550 2549 2587 2590 2469 2591 2760 2675 2649 2687
328KO LAK  2015 42  2687 2726 2969 3036 2675 2614 2658 2568 2530 2493 2548
328KO LAK  2015 43  2635 2612 2680 2751 2741 2597 2618 2579
328KO LAK  2015 51  2542 2569 2481 2465 2500 2490 2489 2505 2483 2494 2531
328KO LAK  2015 52  2506 2532 2558 2537 2528 2506 2464 2447 2448 2430 2414
328KO LAK  2015 53  2335 2405 2442 2284 2407 2472 2417 2454 2467
328KO LAK  2015 61  2454 2484 2516 2526 2518 2515 2547 2503 2473 2509 2549
328KO LAK  2015 62  2520 2415 2508 2487 2422 2432 2393 2435 2314 2283 2335
328KO LAK  2015 63  2318 2334 2397 2443 2462 2421 2331 2341
328KO LAK  2015 71  2306 2191 2200 2171 2242 2408 2315 2282 2294 2327 2396
328KO LAK  2015 72  2445 2538 2486 2435 2510 2515 2489 2468 2477 2490 2453
328KO LAK  2015 73  2466 2433 2453 2454 2431 2486 2544 2505 2461
328KO LAK  2015 81  2490 2477 2412 2254 2330 2383 2416 2359 2406 2515 2516
328KO LAK  2015 82  2416 2461 2566 2501 2493 2439 2375 2392 2319 2264 2320
328KO LAK  2015 83  2367 2354 2358 2414 2557 2568 2495 2487 2424
328KO LAK  2015 91  2429 2515 2527 2499 2447 2430 2409 2384 2438 2393 2399
328KO LAK  2015 92  2508 2413 2253 2154 2421 2767 2717 2614 2585 2579 2592
328KO LAK  2015 93  2436 2386 2460 2460 2543 2508 2561 2617
328KO LAK  2015101  2569 2591 2563 2558 2577 2594 2628 2555 2567 2554 2522
328KO LAK  2015102  2579 2602 2718 2711 2728 2899 2795 2674 2699 2641 2720
328KO LAK  2015103  2829 2850 2834 2811 2838 2835 2811 2876 2825
328KO LAK  2015111  2758 2838 2805 2788 2781 2738 2774 2769 2734 2784 2779
328KO LAK  2015112  2671 2671 2702 2763 2773 2692 2730 2802 2803 2788 2789
328KO LAK  2015113  2773 2804 2788 2893 3101 2860 2826 2909
328KO LAK  2015121  2881 2862 2851 2898 2809 2721 2879 2915 2779 2761 2877
328KO LAK  2015122  2867 2814 2746 2766 2882 3083 3092 2816 2741 2860 2811
328KO LAK  2015123  2816 2920 2869 2884 2902 2923 2887 2811 2964
328KO LAK  2016 11  3016 2780 2718 2816 2737 2721 2729 2746 2760 2672 2584
328KO LAK  2016 12  2675 2820 2840 2820 2737 2704 2721 2834 2822 2742 2732
328KO LAK  2016 13  2798 3025 3208 3053 2863 2903 2844 2839 2846
328KO LAK  2016 21  2766 2860 2980 2939 2963 3160 3216 3002 2835 2872 2816
328KO LAK  2016 22  2696 2673 2690 2918 2957 2884 2895 2891 2985 2772 2676
328KO LAK  2016 23  2917 3076 2937 2931 2996 2997 3016
328KO LAK  2016 31  3009 2891 2823 2808 2778 2734 2731 2638 2600 2649 2680
328KO LAK  2016 32  2837 2685 2690 2840 2744 2618 2677 2639 2632 2628 2585
328KO LAK  2016 33  2564 2572 2705 2941 2975 3099 3010 2746 2709
328KO LAK  2016 41  2742 2735 2659 2607 2602 2625 2598 2601 2616 2573 2566
328KO LAK  2016 42  2549 2524 2540 2560 2552 2597 2544 2648 2716 2562 2566
328KO LAK  2016 43  2601 2633 2567 2536 2541 2568 2585 2565
328KO LAK  2016 51  2566 2571 2606 2646 2627 2606 2665 2601 2548 2604 2583
328KO LAK  2016 52  2593 2610 2594 2572 2634 2678 2656 2623 2519 2360 2331
328KO LAK  2016 53  2504 2380 2325 2551 2467 2431 2524 2543 2497
328KO LAK  2016 61  2540 2555 2481 2483 2451 2456 2463 2402 2355 2411 2432
328KO LAK  2016 62  2354 2374 2379 2411 2464 2471 2353 2402 2506 2351 2388
328KO LAK  2016 63  2500 2447 2473 2378 2336 2431 2473 2494
328KO LAK  2016 71  2567 2567 2483 2494 2486 2413 2411 2389 2403 2421 2421
328KO LAK  2016 72  2441 2473 2484 2462 2468 2403 2455 2507 2501 2500 2584
328KO LAK  2016 73  2541 2515 2518 2415 2495 2536 2464 2477 2415
328KO LAK  2016 81  2372 2299 2397 2458 2470 2459 2377 2415 2423 2288 2303
328KO LAK  2016 82  2388 2310 2283 2440 2469 2410 2379 2429 2472 2440 2347
328KO LAK  2016 83  2462 2563 2498 2538 2514 2535 2573 2600 2465
328KO LAK  2016 91  2460 2464 2398 2419 2405 2461 2445 2398 2501 2441 2395
328KO LAK  2016 92  2412 2419 2482 2461 2449 2473 2574 2549 2526 2501 2330
328KO LAK  2016 93  2517 2752 2617 2595 2541 2433 2456 2450
328KO LAK  2016101  2457 2495 2536 2556 2573 2472 2433 2346 2348 2408 2505
328KO LAK  2016102  2537 2631 2682 2686 2684 2640 2666 2701 2663 2589 2363
328KO LAK  2016103  2375 2514 2567 2640 2602 2625 2733 2730 2636
328KO LAK  2016111  2671 2812 2864 2790 2758 2736 2803 2748 2723 2791 2810
328KO LAK  2016112  2832 2864 2901 2899 2902 2771 2772 2784 2758 2730 2717
328KO LAK  2016113  2756 2778 2835 2856 2864 3079 2962 2695
328KO LAK  2016121  2876 3084 3072 2968 2932 2903 2832 2811 2886 2852 2747
328KO LAK  2016122  2555 2577 2696 2738 2786 2867 2748 2721 2901 2876 2897
328KO LAK  2016123  2950 2840 2759 2816 2956 3017 2740 2802 2870
328KO LAK  2017 11  2871 2944 2989 3008 3006 2980 2885 2896 2980 2888 2744
328KO LAK  2017 12  2662 2680 2703 2770 2841 2939 2949 2873 2980 3030 3026
328KO LAK  2017 13  2986 2820 2824 2941 3084 2902 2704 2769 2879
328KO LAK  2017 21  2709 2665 2766 2697 2693 2773 2748 2594 2645 2915 3138
328KO LAK  2017 22  3093 2991 2967 2937 2934 2906 2912 2844 2721 2660 2669
328KO LAK  2017 23  2667 2663 2758 2941 3023 2944
328KO LAK  2017 31  2910 3007 3009 2802 2673 2669 2731 2752 2760 2680 2619
328KO LAK  2017 32  2616 2611 2639 2615 2682 2634 2653 2679 2646 2573 2675
328KO LAK  2017 33  2698 2604 2647 2757 2830 2871 2756 2744 2744
328KO LAK  2017 41  2668 2850 2827 2817 2814 2784 2802 2729 2682 2647 2601
328KO LAK  2017 42  2615 2608 2681 2758 2710 2663 2597 2546 2518 2499 2481
328KO LAK  2017 43  2517 2577 2583 2637 2652 2645 2612 2630
328KO LAK  2017 51  2670 2630 2591 2605 2537 2517 2610 2609 2633 2609 2588
328KO LAK  2017 52  2667 2636 2588 2597 2555 2584 2575 2480 2526 2575 2503
328KO LAK  2017 53  2571 2558 2557 2550 2503 2582 2610 2588 2595
328KO LAK  2017 61  2581 2520 2470 2433 2384 2427 2438 2509 2544 2506 2382
328KO LAK  2017 62  2444 2528 2475 2431 2516 2509 2451 2385 2377 2443 2379
328KO LAK  2017 63  2306 2401 2378 2409 2502 2457 2516 2534
328KO LAK  2017 71  2494 2465 2464 2456 2460 2491 2479 2445 2480 2442 2444
328KO LAK  2017 72  2424 2401 2360 2279 2401 2438 2524 2486 2465 2499 2561
328KO LAK  2017 73  2444 2389 2353 2379 2445 2400 2416 2445 2440
328KO LAK  2017 81  2447 2422 2419 2454 2509 2520 2520 2489 2467 2491 2500
328KO LAK  2017 82  2477 2522 2555 2465 2294 2460 2557 2520 2536 2518 2470
328KO LAK  2017 83  2463 2556 2515 2451 2540 2589 2546 2607 2612
328KO LAK  2017 91  2535 2456 2571 2561 2568 2653 2631 2617 2624 2613 2514
328KO LAK  2017 92  2535 2564 2452 2539 2561 2574 2521 2496 2592 2503 2532
328KO LAK  2017 93  2604 2485 2573 2593 2455 2511 2626 2552
328KO LAK  2017101  2529 2523 2564 2761 2736 2681 2672 2730 2783 2796 2750
328KO LAK  2017102  2747 2661 2525 2542 2605 2787 2787 2702 2661 2764 2735
328KO LAK  2017103  2751 2902 2788 2808 2902 2958 3084 3086 2929
328KO LAK  2017111  2824 2953 3022 2828 2922 2953 2884 2912 2864 2917 2863
328KO LAK  2017112  2792 2803 2833 2808 2812 2758 2704 2688 2691 2873 2804
328KO LAK  2017113  2910 3040 2929 2965 3016 2961 2855 2975
328KO LAK  2017121  3041 2854 2820 2869 3033 3028 2856 2945 3107 2862 2780
328KO LAK  2017122  2893 2751 2725 2723 2925 3189 3013 2904 2982 2786 2760
328KO LAK  2017123  2934 3017 2820 2692 2784 2811 2791 2928 3038
328KO LAK  2018 11  2937 2916 2847 2757 2728 2809 2814 2642 2631 2836 2963
328KO LAK  2018 12  2944 2910 2774 2747 2818 2784 2832 2752 2759 2746 2664
328KO LAK  2018 13  2731 2751 2737 2723 2743 2652 2641 2821 2935
328KO LAK  2018 21  2974 3106 3120 3110 2985 2968 2930 2851 2838 2666 2689
328KO LAK  2018 22  2917 2929 2713 2615 2594 2693 2720 2722 2729 2663 2746
328KO LAK  2018 23  2879 2816 2772 2866 2847 2699
328KO LAK  2018 31  2636 2658 2684 2616 2590 2614 2691 2686 2835 3053 2946
328KO LAK  2018 32  2784 2794 2715 2654 2615 2663 2671 2595 2591 2570 2839
328KO LAK  2018 33  3023 2886 2734 2694 2831 2815 2695 2656 2768
328KO LAK  2018 41  2799 2717 2714 2713 2644 2616 2770 2906 2862 2806 2794
328KO LAK  2018 42  2731 2629 2612 2571 2673 2708 2693 2683 2689 2689 2618
328KO LAK  2018 43  2596 2572 2580 2606 2639 2734 2634 2618
328KO LAK  2018 51  2599 2510 2555 2627 2591 2507 2513 2555 2582 2555 2530
328KO LAK  2018 52  2576 2579 2594 2660 2587 2542 2553 2533 2543 2565 2561
328KO LAK  2018 53  2629 2605 2538 2644 2536 2606 2623 2576 2531
328KO LAK  2018 61  2404 2381 2469 2464 2438 2428 2421 2353 2381 2524 2466
328KO LAK  2018 62  2420 2456 2426 2374 2223 2221 2407 2435 2477 2452 2464
328KO LAK  2018 63  2420 2346 2394 2462 2458 2449 2496 2454
328KO LAK  2018 71  2398 2363 2324 2297 2336 2286 2337 2450 2389 2192 2234
328KO LAK  2018 72  2467 2505 2512 2516 2467 2426 2446 2622 2579 2401 2477
328KO LAK  2018 73  2458 2438 2433 2437 2482 2440 2470 2458 2384
328KO LAK  2018 81  2390 2270 2430 2484 2376 2434 2378 2256 2384 2495 2455
328KO LAK  2018 82  2496 2536 2554 2468 2358 2455 2547 2539 2493 2514 2510
328KO LAK  2018 83  2442 2453 2462 2450 2531 2476 2425 2471 2510
328KO LAK  2018 91  2368 2372 2488 2366 2367 2462 2410 2470 2589 2536 2452
328KO LAK  2018 92  2496 2480 2490 2554 2410 2454 2580 2506 2595 2673 2605
328KO LAK  2018 93  2638 2656 2579 2601 2627 2651 2696 2785
328KO LAK  2018101  2786 2724 2816 2867 2862 2952 2893 2841 2851 2802 2884
328KO LAK  2018102  2900 2737 2730 2772 2761 2671 2611 2580 2670 2747 2699
328KO LAK  2018103  2871 2706 2719 2809 2797 2815 2868 3051 3005
328KO LAK  2018111  2927 3006 2987 2913 3056 2992 2859 2983 2972 2873 2801
328KO LAK  2018112  2760 2813 2851 2840 2744 2728 2741 2663 2721 2820 2822
328KO LAK  2018113  2746 2661 2613 2716 2846 2915 2978 2941
328KO LAK  2018121  2886 2924 2888 2866 2901 2865 2801 2831 2807 2782 2887
328KO LAK  2018122  3028 3106 2994 2957 2955 3008 3068 2928 2723 2715 2744
328KO LAK  2018123  2727 2725 2712 2640 2688 2864 2884 2831 2872
328KO LAK  2019 11  2857 2749 2699 3127 3174 2878 3018 2910 2756 2849 2787
328KO LAK  2019 12  2792 2911 2905 2782 2784 2957 3026 2897 2818 2841 2869
328KO LAK  2019 13  3003 3015 2796 2909 3004 2895 2886 2960 2934
328KO LAK  2019 21  2845 2897 2767 2700 2734 2729 2673 2642 2659 2726 2778
328KO LAK  2019 22  2839 2908 2867 2813 2725 2694 2679 2698 2663 2670 2713
328KO LAK  2019 23  2677 2668 2676 2810 2886 2776
328KO LAK  2019 31  2782 2776 2644 2661 2659 2556 2576 2683 2644 2550 2641
328KO LAK  2019 32  2668 2729 2753 2704 2759 2758 2786 2821 2797 2687 2688
328KO LAK  2019 33  2699 2758 2765 2792 2829 2677 2674 2695 2607
328KO LAK  2019 41  2661 2732 2692 2661 2750 2767 2729 2718 2728 2649 2626
328KO LAK  2019 42  2644 2645 2629 2645 2634 2659 2696 2651 2683 2708 2709
328KO LAK  2019 43  2700 2696 2651 2624 2644 2576 2584 2584
328KO LAK  2019 51  2541 2641 2656 2577 2504 2472 2533 2559 2459 2540 2608
328KO LAK  2019 52  2635 2634 2659 2677 2576 2511 2582 2545 2485 2524 2535
328KO LAK  2019 53  2511 2553 2573 2543 2599 2674 2625 2605 2656
328KO LAK  2019 61  2623 2577 2598 2599 2638 2556 2523 2513 2384 2447 2526
328KO LAK  2019 62  2488 2447 2446 2437 2417 2432 2444 2450 2535 2454 2449
328KO LAK  2019 63  2550 2520 2461 2326 2341 2485 2498 2453
328KO LAK  2019 71  2427 2423 2377 2478 2573 2503 2451 2465 2441 2462 2542
328KO LAK  2019 72  2512 2406 2367 2354 2414 2392 2492 2496 2510 2532 2509
328KO LAK  2019 73  2510 2481 2403 2481 2507 2463 2385 2307 2300
328KO LAK  2019 81  2294 2336 2336 2462 2467 2413 2352 2363 2390 2379 2515
328KO LAK  2019 82  2543 2441 2409 2384 2426 2477 2465 2450 2434 2453 2447
328KO LAK  2019 83  2462 2437 2310 2339 2431 2330 2349 2482 2475
328KO LAK  2019 91  2345 2332 2485 2423 2382 2528 2547 2434 2426 2536 2502
328KO LAK  2019 92  2440 2344 2342 2419 2517 2557 2531 2613 2653 2624 2669
328KO LAK  2019 93  2747 2875 2931 2741 2758 2833 2742 2804
328KO LAK  2019101  2676 2610 2620 2561 2572 2648 2628 2664 2660 2631 2700
328KO LAK  2019102  2708 2756 2771 2707 2775 2830 2857 2925 2955 2929 2865
328KO LAK  2019103  2765 2744 2826 2839 2832 2787 2782 2798 2660
328KO LAK  2019111  2679 2788 2688 2673 2788 2817 2733 2796 2880 2753 2710
328KO LAK  2019112  2854 2823 2949 3062 2807 2718 2784 2955 3050 2964 2870
328KO LAK  2019113  2847 2892 2981 2949 2908 2950 3022 2977
328KO LAK  2019121  2942 3012 3167 3023 2849 2879 3220 3177 2980 2944 2919
328KO LAK  2019122  2911 2911 2834 2841 2825 2816 2813 2763 2893 2801 2634
328KO LAK  2019123  2723 2792 2668 2591 2754 2922 2743 2695 9999
328KO LAK  2020 11  2949 2861 2837 2884 2940 2772 2742 2791 2802 2719 2645
328KO LAK  2020 12  2712 2893 2894 2837 2668 2677 2893 2876 2840 2813 2754
328KO LAK  2020 13  2700 2688 2680 2583 2626 2692 2669 2790 3095
328KO LAK  2020 21  3108 2851 2746 2779 2846 2866 2717 2753 2970 3054 2877
328KO LAK  2020 22  2826 2766 2693 2633 2591 2727 3084 2965 2873 3049 3055
328KO LAK  2020 23  2952 2991 2851 2742 2980 2934 2696
328KO LAK  2020 31  2652 2743 2768 2686 2680 2665 2632 2621 2641 2679 2675
328KO LAK  2020 32  2711 2630 2631 2800 2829 2710 2636 2653 2660 2672 2613
328KO LAK  2020 33  2560 2618 2719 2599 2551 2587 2612 2593 2524
328KO LAK  2020 41  2615 2667 2722 2712 2761 2718 2679 2682 2724 2798 2711
328KO LAK  2020 42  2673 2737 2795 2816 2794 2735 2649 2687 2631 2627 2639
328KO LAK  2020 43  2661 2708 2802 2857 2878 2916 2932 2817
328KO LAK  2020 51  2729 2674 2642 2633 2588 2590 2601 2569 2554 2609 2612
328KO LAK  2020 52  2585 2639 2610 2598 2614 2568 2557 2609 2555 2477 2528
328KO LAK  2020 53  2513 2482 2530 2472 2441 2526 2589 2532 2556
328KO LAK  2020 61  2563 2543 2594 2568 2493 2435 2467 2509 2536 2504 2447
328KO LAK  2020 62  2476 2455 2464 2559 2571 2524 2446 2487 2489 2460 2537
328KO LAK  2020 63  2513 2511 2473 2460 2448 2531 2479 2430
328KO LAK  2020 71  2502 2505 2491 2491 2501 2556 2580 2486 2512 2417 2464
328KO LAK  2020 72  2517 2391 2454 2540 2500 2549 2572 2544 2574 2598 2587
328KO LAK  2020 73  2573 2588 2646 2635 2587 2574 2443 2330 2305
328KO LAK  2020 81  2274 2354 2556 2577 2502 2464 2573 2521 2527 2481 2444
328KO LAK  2020 82  2501 2439 2493 2549 2491 2473 2497 2465 2556 2613 2558
328KO LAK  2020 83  2557 2607 2617 2526 2438 2480 2539 2590 9999
328KO LAK  2020 91  2561 2565 2576 2613 2621 2556 2572 2637 2561 2632 2624
328KO LAK  2020 92  2580 2560 2529 2592 2435 2245 2386 2693 2673 2612 2637
328KO LAK  2020 93  2605 2577 2500 2506 2472 2504 2649 2582
328KO LAK  2020101  2599 2612 2605 2567 2630 2706 2510 2549 2746 2734 2726
328KO LAK  2020102  2609 2562 2680 2796 2688 2765 2859 2846 2871 2776 2829
328KO LAK  2020103  2967 2959 2855 2799 2868 2717 2699 2946 2897
328KO LAK  2020111  2834 3013 2997 2892 2863 2819 2870 2985 2977 2751 2820
328KO LAK  2020112  3119 3083 2913 2949 3001 3090 2957 2813 2842 2818 2752
328KO LAK  2020113  2808 2874 2937 2989 3059 2911 2800 2909
328KO LAK  2020121  2914 2975 3134 3045 2883 2843 2901 2889 2880 2851 2799
328KO LAK  2020122  2883 2830 2761 2823 2833 2858 2844 2875 2925 2894 2835
328KO LAK  2020123  2870 2971 3038 2939 2809 2775 2701 2767 3064
328KO LAK  2021 11  2988 2820 2985 2998 2891 2971 3024 3034 3108 3004 2919
328KO LAK  2021 12  3071 3027 2836 2811 2816 2903 2963 2823 2725 2717 2720
328KO LAK  2021 13  2796 2833 2711 2670 2752 2794 2928 2897 2783
328KO LAK  2021 21  2822 2831 2927 2886 2809 2842 2746 2774 2782 2628 2640
328KO LAK  2021 22  2761 2822 2749 2740 2764 2782 2921 2906 2873 2814 2722
328KO LAK  2021 23  2673 2656 2592 2583 2603 2658
328KO LAK  2021 31  2672 2656 2799 2804 2724 2669 2705 2699 2753 2781 2791
328KO LAK  2021 32  2814 2796 2814 2817 2691 2632 2671 2649 2593 2656 2808
328KO LAK  2021 33  2951 2882 2825 2913 2834 2687 2644 2646 2597
328KO LAK  2021 41  2606 2503 2520 2607 2732 2810 2645 2646 2710 2763 2864
328KO LAK  2021 42  2754 2687 2681 2662 2664 2589 2586 2639 2626 2636 2613
328KO LAK  2021 43  2594 2609 2620 2638 2630 2616 2683 9999
