335SPRING B      LAT=42 33.0S  LONG=147 56.0E
335SPRING B1985 31  9999 9999 9999 9999 9999 9999 9999 9999 9999 9999 9999
335SPRING B1985 32  9999 9999 9999 9999 9999 9999 9999 9999 9999 9999 9999
335SPRING B1985 33  9999 9999 9999 9999 9999 9999 9999 9999 9999
335SPRING B1985 41  9999 9999 9999 9999 9999 9999 9999 9999 9999 9999 9999
335SPRING B1985 42  9999 1097 1159 1329 1355 1319 1275 1156 1030  984  977
335SPRING B1985 43   933  940 1008 1055 1052 1039 1049 1046
335SPRING B1985 51   991 1002 1097 1169 1221 1336 1398 1293 1207 1190 1065
335SPRING B1985 52   962 1033 1156 1159 1121 1214 1156 1038 1042 1085 1126
335SPRING B1985 53  1069  988 1001 1051 1066 1067 1128 1189 1162
335SPRING B1985 61  1255 1375 1380 1268 1115 1055 1067 1113 1222 1317 1291
335SPRING B1985 62  1179 1172 1232 1289 1260 1163 1223 1269 1188 1144 1153
335SPRING B1985 63  1189 1215 1184 1184 1245 1220 1173 1231
335SPRING B1985 71  1233 1261 1263 1153 1131 1160 1038  993 1059 1082 1106
335SPRING B1985 72  1081 1145 1328 1378 1265 1116  996 1013 1187 1285 1129
335SPRING B1985 73   959 1049 1165 1042  993 1241 1458 1301 1032
335SPRING B1985 81   956  980  992 1076 1204 1309 1314 1290 1164 1099 1096
335SPRING B1985 82  1110 1110 1087 1089 1090 1122 1177 1064  912  965 1138
335SPRING B1985 83  1193 1186 1230 1162 1129 1147 1109 1123 1223
335SPRING B1985 91  1191 1073 1014  999  987 9999 9999 9999 9999 9999 9999
335SPRING B1985 92  9999 9999  991 1100 1153 1106 1058 1050 1025 1017 1022
335SPRING B1985 93  1045 1183 1267 1207 1108 1052 1006  999
335SPRING B1985101  1053 1057 1059 1073 1046  960  896  947  980 1039 1117
335SPRING B1985102  1017  906  907  952 1013 1118 1161 1117 1039 1073 1147
335SPRING B1985103  1106  941  807  848  932  995 1099 1132 1062
335SPRING B1985111   998  954  977  994  971  945  926 1018 1103 1057  954
335SPRING B1985112   942 1081 1195 1157 1152 1100 1031 1064 1155 1073  933
335SPRING B1985113   961 1049 1039  988  996 1034  994  920
335SPRING B1985121   889  922  970 1016 1083 1109 1044 1043 1140 1171 1207
335SPRING B1985122  1222 1133 1011 1065 1174 1227 1232 1280 1311 1357 1304
335SPRING B1985123  1178 1158 1305 1373 1241 1123 1180 1253 1277
335SPRING B1986 11  1280 1113 1094 1180 1101 1022 1094 1241 1278 1209 1165
335SPRING B1986 12  1160 1119 1113 1210 1194 1058 1104 1157 1098 1082 1027
335SPRING B1986 13   972 1057 1128 1075  952  910 1069 1064  977
335SPRING B1986 21  1116 1242 1228 1190 1234 1194 1162 1235 1251 1200 1051
335SPRING B1986 22   982  996 1018 1056 1174 1296 1390 1343 1232 1210 1163
335SPRING B1986 23  1075 9999 9999 9999 1015 1106
335SPRING B1986 31  1166 1147 1108 1061 1068 1166 1229 1204 1198 1090  991
335SPRING B1986 32  1040 1114 1204 1220 1138 1115 1127 1123 1174 1192 1139
335SPRING B1986 33  1108 1112 1194 1337 1263 1012  970 1086 1145
335SPRING B1986 41  1117 1137 1205 1267 1182 1055 1087 1145 1090 1140 1227
335SPRING B1986 42  1119 1016 1070 1156 1150 1114 1139 1233 1289 1252 1214
335SPRING B1986 43  1282 1456 1538 1437 1240 1115 1149 1196
335SPRING B1986 51  1116 9999 9999 9999 9999 9999 9999 1133 1147 1188 1206
335SPRING B1986 52  1203 1201 1127 1043 1002 1043 1128 1134 1038  985 1057
335SPRING B1986 53  1149 1120 1086 1100 1162 1237 1224 1125 1069
335SPRING B1986 61  1107 1168 1247 1214 1174 1223 1329 1379 1305 1237 9999
335SPRING B1986 62  9999 9999 9999 1024 1104 1279 1416 1324 1174 1205 1212
335SPRING B1986 63  1072  972 1115 1212 1087  974  955  961
335SPRING B1986 71   996 1136 1253 1269 1184 1147 1259 1355 1230 1070 1011
335SPRING B1986 72  1033 1039 1023 1062 1143 1196 1128 1044  962  961 1084
335SPRING B1986 73  1237 1230 1064 1005 1080 1094 1119 1202 1182
335SPRING B1986 81  1140 1144 1083  994  948  914  895  936  975  993 1024
335SPRING B1986 82  1014  956 1016 1181 1261 1190 1075 1063 1050 9999 9999
335SPRING B1986 83  9999 9999 9999 9999 9999 9999 9999 9999 9999
335SPRING B1986 91  1146 1156 1175 1218 1252 1126  969  947 1089 1108 1019
335SPRING B1986 92  1005 1017  907  871  976 1031 1090 1120 1155 1181 1116
335SPRING B1986 93  1086 1218 1347 1250 1045  995 1054 1114
335SPRING B1986101  1157 1133 1082 1059 1070 1148 1160 1124 1083 1093 1097
335SPRING B1986102  1093 1188 1255 1215 1102 1114 1278 1381 1326 1232 1403
335SPRING B1986103  1524 1437 1206 1007  983 1019 1032 1096 1200
335SPRING B1986111  1234 1147 1124 9999 9999 9999 1165 1101 1091 1124 1125
335SPRING B1986112  1101 1053 1038 1049 1118 1166 1140 1066 1003 1024 1160
335SPRING B1986113  1155 1052 1100 1122 1037  969  881  873
335SPRING B1986121   886  945 1034 1046 9999 9999 9999 1066  959 1075 1241
335SPRING B1986122  1290 1209 1063 1049 1182 1177 1133 1159 1163 1176 1099
335SPRING B1986123  1028  979 1025 1080 1047 1005  957  986 9999
335SPRING B1987 11  9999 9999  976  957  982 1035 1077 1115 1137 1083 1104
335SPRING B1987 12  1144 1169 1160 1166 1217 1249 1183 1167 1222 1221 1138
335SPRING B1987 13  1038 1065 1176 1250 1262 1214 1179 1177 1169
335SPRING B1987 21  1128 1177 1197 1056  953 1017 1112 1096 1147 1201 1165
335SPRING B1987 22  1023 1005 1024  954  896  896  974 1069 1128 1170 1136
335SPRING B1987 23  1097 1131 1078 1016 1086 1101
335SPRING B1987 31   979  915  892  891  965 1135 1268 1123  917  905 1087
335SPRING B1987 32  1130 1003  965  998 1046 9999 9999 9999 9999 9999 9999
335SPRING B1987 33  9999 9999 9999 9999 9999 9999 9999 9999 9999
335SPRING B1987 41  9999 9999 1018 1004 1025 1139 1241 1083  966 1058 1141
335SPRING B1987 42  1136 1192 1181 1030  984 1036 1156 1236 1098 1006 1010
335SPRING B1987 43   922  909  988 1070 1140 1112 1019  951
335SPRING B1987 51  1090 1327 1332 1153 1020  998  975  960  938  938 1001
335SPRING B1987 52  1053 1113 1174 1112 1073 1151 1148 1045 1008 1070 1184
335SPRING B1987 53  1295 1346 1402 1383 1192 1183 1306 1262 1151
335SPRING B1987 61  1180 1247 1208 1036  900  887 9999 9999 9999 9999 9999
335SPRING B1987 62  9999 9999 9999 9999 9999 9999 9999 9999 9999 9999 9999
335SPRING B1987 63  9999 9999 9999 9999 9999 9999 9999 9999
335SPRING B1987 71  9999 9999 9999  988  978  978  970 1019 1171 1268 1135
335SPRING B1987 72  1034 1125 1327 1405 1314 1243 1212 1142 1026 1012 1011
335SPRING B1987 73   953 1005 1063 1038 1016 1010 1096 1197 1225
335SPRING B1987 81  1221 1123 1132 1214 1250 1189 1086  981  923  887  853
335SPRING B1987 82   866  945 1022 1042 1021 1012 1010 1057 1080 1107 1209
335SPRING B1987 83  1278 1198 1063 1038 1070 1054 1062 1180 1189
335SPRING B1987 91  1119 1205 1221 1070  988 1025 1118 1187 1189 1026  951
335SPRING B1987 92  1038 1113 1099 1091 1071 1017 1057 1078 1016 1020 1001
335SPRING B1987 93  1038 1075 1030 1040 1099 1163 1123  978
335SPRING B1987101   987 1052 1153 1242 1306 1358 1244 1099 1073 1111 1074
335SPRING B1987102   986 9999 9999 9999 1209 1158 1026  895  917 1028 1056
335SPRING B1987103   965  907  898  988 1097 1048  938  914  962
335SPRING B1987111  1054 1183 1173 1101 1015  950  966 1049 1110 1091 1023
335SPRING B1987112  1053 1058  997  946  926  920  951 9999 9999 9999 9999
335SPRING B1987113  9999 9999 9999 9999 9999 9999 9999 9999
335SPRING B1987121  9999 9999 9999 9999 1016 1108 1100  991  954  988  995
335SPRING B1987122  1016 1014 1016 1098 1132 1123 1099 1039 1000  955  977
335SPRING B1987123  1098 1181 1084 1028 1086 1041  936  878 1013
335SPRING B1988 11  1176 1139 1034 1009 1034 1082 1116 1050 1071 1115 1081
335SPRING B1988 12  1049 1069 1024 1067 1150 1160 1119 1146 1214 1174 1165
335SPRING B1988 13  1227 1187 1129 1136 1126 1117 1136 1116 1018
335SPRING B1988 21   960 1030 1026  999 1080 1156 1176 1036  963  999 1046
335SPRING B1988 22  1010  944  932  971  981 1024 1138 1184 1123 1126 1186
335SPRING B1988 23  1150 1031 1041 1144 1201 1164 1102
335SPRING B1988 31  1125 1180 1138 1039  970  918  929 1045 1121 1147 1173
335SPRING B1988 32  1219 1200 1038  948  917  895  889  900  946  915  856
335SPRING B1988 33   902  964 1010 1053 1017 1006 1032 1092 1118
335SPRING B1988 41  1083 1038 1034 1053 1083 1055 1097 1032  864  863  952
335SPRING B1988 42  1087 1122 1123 1102 1002  963  983  965  952  971 1042
335SPRING B1988 43  1121 1134 1139 1069  949  892  955 1047
335SPRING B1988 51  1066 1063 1064 1070 1115 1192 1197 1128 1179 1196 1058
335SPRING B1988 52   968 1023 1119 1152 1163 1170 1206 1181 1145 1157 1215
335SPRING B1988 53  1175 1056 1100 1215 1314 1228 1069 1058 1087
335SPRING B1988 61  1109 1103 1088 1165 1354 1403 1241 1167 1283 1363 1251
335SPRING B1988 62  1190 1309 1364 1263 1201 1274 1407 1357 1301 1267 1178
335SPRING B1988 63  1143 1170 1250 1306 1328 1281 1200 1092
335SPRING B1988 71  1021  980  929  932  962 1022 1135 1251 1309 1308 1151
335SPRING B1988 72  1032 1093 1206 1210 1144 1116 1152 1173 1212 1219 1195
335SPRING B1988 73  1211 1397 1594 1449 1202 1239 1272 1230 1212
335SPRING B1988 81  1155 1140 1231 1275 1278 1285 1215 1085 1048 1032  943
335SPRING B1988 82   949  984 1052 1152 1225 1209 1188 1204 1236 1280 1282
335SPRING B1988 83  1247 1154 1139 1184 1233 1219 1097  982  960
335SPRING B1988 91  1068 1225 1241 1181 1258 1321 1140 1049 1156 1281 1362
335SPRING B1988 92  1238 1044 1078 1145 1198 1297 1302 1138 1065 1167 1246
335SPRING B1988 93  1234 1203 1172 1131 1205 1327 1350 1393
335SPRING B1988101  1397 1401 1456 1469 1448 1331 1287 1365 1367 1273 1264
335SPRING B1988102  1233 1290 1385 1412 1434 1394 1335 1231 1180 1250 1332
335SPRING B1988103  1292 1192 1236 1341 1326 1317 1399 1371 1174
335SPRING B1988111  1165 1323 1331 1197 1013 1000 1189 1328 1280 1175 1080
335SPRING B1988112  1140 1274 1233 1068 1030 1096 1088 1020 1041 1095 1074
335SPRING B1988113  1104 1210 1182 1075 1047 1135 1226 1201
335SPRING B1988121  1108 1113 1162 1181 1195 1136 1028 1058 1214 1331 1250
335SPRING B1988122  1109 1038 1048 1068 1065 1039 1057 1136 1212 1216 1150
335SPRING B1988123  1101 1156 1218 1211 1159 1091 1129 1117 1056
335SPRING B1989 11  1038 1083 1158 1217 1207 1174 1116 1101 1187 1232 1141
335SPRING B1989 12   999  946  988 1010 1099 1150 1123 1184 1213 1116  956
335SPRING B1989 13   894  933  942  946 1018 1097 1114 1122 1063
335SPRING B1989 21  1036 1137 1117  995  947  997 1054 1160 1251 1202 1139
335SPRING B1989 22  1141 1097 1067 1095 1086 1136 1188 1081 1056 1127 1141
335SPRING B1989 23  1113 1134 1090 1029 1057 1113
335SPRING B1989 31  1119 1045  997 1029 1048 1026 1022 1133 1172 1079 1050
335SPRING B1989 32  1186 1256 1202 1154 1049  970  988  990  959 1018 1095
335SPRING B1989 33  1132 1072 1030 1054 1139 1137 1018  946  956
335SPRING B1989 41   974  988 9999 9999 9999 9999 9999 9999 9999 9999 9999
335SPRING B1989 42  9999 9999 9999 9999 9999 9999 9999 9999 9999 9999 9999
335SPRING B1989 43  9999 9999 9999 9999 9999 9999 9999 9999
335SPRING B1989 51  9999 9999 1164 1181 1056 1048 1055 1010 1110 1261 1240
335SPRING B1989 52  1223 1190 1109 1102 1111 1144 1220 1148 1031 1164 1400
335SPRING B1989 53  1328 1177 1102 1054 1046 1077 1230 1264 1093
335SPRING B1989 61  1002  998  986  973 1101 1200 1179 1217 1299 1222 1078
335SPRING B1989 62  1041 1141 1114  978 1127 1310 1146  997 1002 1046 1123
335SPRING B1989 63  1176 9999 9999 9999 9999 9999 9999 9999
335SPRING B1989 71  9999 9999 9999 9999 9999 9999 9999 9999 9999 9999 9999
335SPRING B1989 72  9999 9999 9999 9999 9999 9999 9999 9999 9999 9999 9999
335SPRING B1989 73  9999 9999 9999 9999 9999 9999 9999 9999 9999
335SPRING B1989 81  9999 9999 9999 9999 9999 9999 9999 9999 9999 9999 9999
335SPRING B1989 82  9999 9999 9999 9999 9999 9999 9999 9999 9999 9999 9999
335SPRING B1989 83  9999 9999 9999 9999 9999 9999 9999 9999 9999
335SPRING B1989 91  9999 9999 9999 9999 9999 9999 9999 9999 9999 9999 9999
335SPRING B1989 92  9999 9999 9999 9999 9999 9999 9999 9999 9999 9999 1253
335SPRING B1989 93  1194 1170 1173 1117 1071 1082 1189 1286
335SPRING B1989101  1185 1034 1038 1123 1165 1137 1211 1309 1341 1318 1279
335SPRING B1989102  1325 1354 1302 1253 1188 1160 1248 1240 1146 1156 1149
335SPRING B1989103  1109 1117 1196 1262 1222 1075 1074 1263 1283
335SPRING B1989111  1107  960  997 1107 1207 1149 1109 1119 1070 9999 9999
335SPRING B1989112  9999 9999 1078 1017 1055 1140 1100  967  995 1095 1151
335SPRING B1989113  1137 1005  906  907  951 1021 1076 1088
335SPRING B1989121  1200 1268 1145  977  955 1003  995  947  954 1073 1226
335SPRING B1989122  1217 1134 1103 1098  995 1004 1125 1203 1109 1038 1036
335SPRING B1989123  1023 1064 1289 1412 1322 1177 1114 1084 1098
335SPRING B1990 11  1095 1142 1222 1154 1035 1067 1071  976  919  974 1114
335SPRING B1990 12  1178 1162 1137 1120 1101 1116 1165 1226 1190 1094 1061
335SPRING B1990 13  1141 1122 1008 1066 1220 1151 1033 1128 1225
335SPRING B1990 21  1151 1088 1131 1141 1086 1012  960  997 1065 1066  988
335SPRING B1990 22   972 1026 1042 1060 1106 1188 1210 1171 1154 1155 1175
335SPRING B1990 23  1137 1048 1000  977 1004 1015
335SPRING B1990 31   975 1005 1066 1097 1132 1099 1097 1215 1309 1296 1122
335SPRING B1990 32   949  979 1149 1126 1076 1149 1161 1089 1057 1025  974
335SPRING B1990 33   949  957  945  994 1097 1087 1018 1034 1168
335SPRING B1990 41  1195 1052  963  977 1062 1096  977  929 1010 1079 1111
335SPRING B1990 42  1123 1161 1224 1147 1065 1064 1030 1071 1073 1049 1119
335SPRING B1990 43  1238 1290 1262 1177 1164 1252 1271 1237
335SPRING B1990 51  1277 1262 1259 1318 1294 1238 1196 1182 1229 1220 1240
335SPRING B1990 52  1277 1183 1022 1040 1241 1337 1233 1107 1050 1112 1136
335SPRING B1990 53  1098 1118 1084 1006  943  955  980 1053 1185
335SPRING B1990 61  1294 1221 1097 1019  951  966  996 1013 1051 1041 1033
335SPRING B1990 62  1093 1118 1082 1169 1280 1156  990 1052 1230 1245 1193
335SPRING B1990 63  1200 1244 1276 1332 1331 1249 1200 1254
335SPRING B1990 71  1443 1518 1418 1405 1382 1342 1370 1302 1102  939  981
335SPRING B1990 72  1048 1075 1071 1039 1073 1156 1221 1195 1168 1206 1257
335SPRING B1990 73  9999 9999 9999 9999 9999 9999 9999 9999 9999
335SPRING B1990 81  9999 9999 9999 9999 9999 9999 9999 9999 9999 9999 9999
335SPRING B1990 82  9999 9999 9999 9999 9999 9999 9999 9999 9999 9999 9999
335SPRING B1990 83  9999 9999 9999 9999 9999 9999 9999 9999 9999
335SPRING B1990 91  9999 9999 9999 9999 9999 9999 9999 9999 9999 9999 9999
335SPRING B1990 92  9999 9999 9999 9999 9999 9999 9999 9999 9999 9999 9999
335SPRING B1990 93  9999 9999 9999 9999 9999 9999  957 1060
335SPRING B1990101  1115 1023 1020 1085 1088 1018  975 1043 1100 1086  997
335SPRING B1990102   895  873  939 1053 1154 1145 1192 1324 1311 1182 1015
335SPRING B1990103   976 1001 1030 1031 1010 1074 1055  982 1053
335SPRING B1990111  1107 1080 1036 1015 1076 1127 1089 1111 1254 1273 1114
335SPRING B1990112  1068 1146 1167 1165 1217 1153 1011  990 1067 1143 1183
335SPRING B1990113  1207 1194 1191 1119 1078 1103 1116 1112
335SPRING B1990121  1088 1071 1035 1045 1104 1094 1161 1170 1139 1115 1205
335SPRING B1990122  1288 1303 1221 1081 1047 1138 1104 1016  997 1090 1265
335SPRING B1990123  1309 1263 1232 1239 1247 1214 1145 1101 1059
335SPRING B1991 11   982 1044 1144 1149 1155 1181 1126 9999 9999 9999 9999
335SPRING B1991 12  9999 9999 9999 1119 1064 1016  975 1056 1129 1051  963
335SPRING B1991 13   972 1100 1210 1229 1290 1318 1287 1239 1192
335SPRING B1991 21  1121 1118 1231 1204 1093 1122 1216 1252 1228 1163 1107
335SPRING B1991 22  1171 1253 1162 1031  960  930  991 1059 1048 1077 1063
335SPRING B1991 23   995 1054 1134 1004  948 1096
335SPRING B1991 31  1094 1007 1041 1028  939 1035 1169 1197 1171 9999 9999
335SPRING B1991 32  9999 9999 9999 9999 9999 9999 9999 9999 9999 9999 9999
335SPRING B1991 33  9999 9999 9999 9999 1193 1070 1118 1282 1382
335SPRING B1991 41  1280 1162 1186 1227 1201 1187 1010  898  990 1041  992
335SPRING B1991 42  1043 1154 1176 1199 1266 1266 1175 1155 1232 1255 1127
335SPRING B1991 43  1100 1172 1137 1046 1046 1111 1111 1172
335SPRING B1991 51  1296 1294 1181 1119 1150 1181 1149 1113 1078 1063 1032
335SPRING B1991 52  1006 1004 1024 1051 1016  961  953  927  921  952  975
335SPRING B1991 53   994 1046 1089 1084 1016  991 1003 1047 1129
335SPRING B1991 61  1203 1242 1229 1139 1070 1083 1092  992  896  961 1037
335SPRING B1991 62  1037 1052 1112 1197 1198 1087 1092 1162 1201 1180 1203
335SPRING B1991 63  1317 1332 1380 1302 1181 1270 1331 1173
335SPRING B1991 71  1050 1042 1127 1232 1274 1233 1123 1105 1133 1174 1171
335SPRING B1991 72  1151 1144 1163 1148 1113 1092 1169 1276 1327 1326 1312
335SPRING B1991 73  1333 1292 1106 1068 1234 1266 1214 1190 1130
335SPRING B1991 81  1054 1078 1192 1331 1431 1462 1453 1308 1151 1136 1243
335SPRING B1991 82  1341 1382 1403 1300 1059  938 1022 1232 1379 1327 1303
335SPRING B1991 83  1334 1249 1137 1134 1252 1309 1303 1288 1201
335SPRING B1991 91  1132 1187 1151 1111 1117 1085 1110 1112 1156 1261 1198
335SPRING B1991 92  1018 1013 1164 1227 1195 1212 1235 1280 1363 1307 1140
335SPRING B1991 93  1062 1108 1159 1093 1177 1325 1301 1179
335SPRING B1991101  1121 1074 1010  986 1076 1192 1239 1172 1068 1049 1116
335SPRING B1991102  1188 1126 1194 1276 1127 1012 1015 1058 1176 1222 1094
335SPRING B1991103  1019 1065 1105 1074 1011  961 1031 1142 1054
335SPRING B1991111   892  914 1079 1186 1113 1105 1227 1258 1182 1141 1181
335SPRING B1991112  1143 1005  952 1027 1045 1010 1047 1120 1077 1014  992
335SPRING B1991113   977 1035 1166 1177 1080 1082 1100 1087
335SPRING B1991121  1018 1091 1235 1200 1117 1079 1110 1145 1129 1047  985
335SPRING B1991122   984  991 1077 1152 1134 1099 1051 1104 1104 1082 1092
335SPRING B1991123  1068 1063 1091 1108 1040  924  907  980 1064
335SPRING B1992 11  1058 1061 1124 1160 1204 1194 1063  954  923  999 1078
335SPRING B1992 12  1128 1207 1206 1125 1105 1139 1070 1068 1087 1029 1013
335SPRING B1992 13   980 1002 1109 1178 1202 1112 1024 1061 1061
335SPRING B1992 21   974 1020 1054  989  989 1086 1078  980  949  985 1131
335SPRING B1992 22  1192 1061  913  932 1057 1124 1061 1042 1089 1136 1212
335SPRING B1992 23  1156  979  933  983  975  924  932
335SPRING B1992 31   944  915  925 1023 1068 1026  999  967  998 1091 1043
335SPRING B1992 32   953 1035 1101 1096 1071 1082 1143 1140 1107  988  945
335SPRING B1992 33  1011  966  961 1098 1205 1219 1085 1034 1104
335SPRING B1992 41  1000  891  942 1074 1106 1118 1076 1019 1042 1033  980
335SPRING B1992 42   969  997 1064 1113 1037  982 1014 1161 1260 1177 1083
335SPRING B1992 43  1071 1105 1116 1031  982 1038 1074 1075
335SPRING B1992 51  1124 1206 1195 1166 1154 1079 1091 1155 1168 1141 1175
335SPRING B1992 52  1288 1268 1118 1047 1063 1024 1025 1054  959  984 1077
335SPRING B1992 53  1094 1095 1249 1323 1165  987 1005 1096 1169
335SPRING B1992 61  1244 1259 1254 1261 1246 1208 1146 1189 1350 1433 1406
335SPRING B1992 62  1277 1092 1070 1113 1160 1191 1150 1130 1098 1087 1097
335SPRING B1992 63  1104 1132 1086 1061 1060 1076 1080 1128
335SPRING B1992 71  1258 1393 1474 1428 1393 1349 1238 1241 1220 1147 1186
335SPRING B1992 72  1235 1161 1061 1034 1044 1128 1288 1245 1055 1058 1206
335SPRING B1992 73  1221 1232 1200 1068 1187 1324 1244 1102 1047
335SPRING B1992 81  1149 1122 1008  998 1166 1255 1213 1169 1167 1261 1349
335SPRING B1992 82  1385 1329 1250 1181 1268 1366 1311 1218 1163 1122 1179
335SPRING B1992 83  1102  967  955  997 1015  988 1128 1304 1344
335SPRING B1992 91  1328 1255 1213 1173 1131 1176 1179 1065 1021 1131 1267
335SPRING B1992 92  1227 1051 1088 1244 1201 1066 1044 1084 1096 1120 1075
335SPRING B1992 93  1028 1045  960  922 1050 1180 1172 1110
335SPRING B1992101  1013  926 1026 1147 1109 1020  963 1136 1290 1211  995
335SPRING B1992102   911  967 1043 1086 1090 1156 1204 1142  958  856  943
335SPRING B1992103  1073 1108 1047 1042 1040  999 1015 1106 1099
335SPRING B1992111  1028 1028 1064 1040 1000 1009 1040 1150 1235 1237 1091
335SPRING B1992112   946  962 1010 1006  959  982 1020 1056 1084 1162 1227
335SPRING B1992113  1243 1290 1351 1341 1263 1180 1070  988
335SPRING B1992121  1029 1061  973  919  945  981  984  976  999 1035 1013
335SPRING B1992122   992 1098 1034  887  864  883  886  927 1015 1016  972
335SPRING B1992123  1034 1101 1062 1107 1215 1239 1161 1069 1077
335SPRING B1993 11  1077 1121 1126 1085 1085 1126 1137 1147 1178 1134 1095
335SPRING B1993 12  1040 1082 1155 1116 1127 1144 1114 1141 1162 1106 1090
335SPRING B1993 13  1178 1174  959  948 1096 1146 1069  962  987
335SPRING B1993 21  1016 1058 1149 1137 1018 1040 1144 1065  961 1028 1166
335SPRING B1993 22  1110  981  995 1075 1075  978  957 1110 1181 1137 1233
335SPRING B1993 23  1274 1146 1129 1199 1268 1265
335SPRING B1993 31  1272 1207 1038 1012 1023 1019 1038 1000  972  991  973
335SPRING B1993 32   941  944 1002 1049  979  883  904 1014  988  902 1025
335SPRING B1993 33  1125 1008  976 1052 1151 1178 1099 1003 1071
335SPRING B1993 41  1135 1061 1015 1075 1181 1218 1201 1084  977 1038 1095
335SPRING B1993 42  1120 1167 1151 1041 1007 1070 1090 1131 1053 1017 1127
335SPRING B1993 43  1208 1141 1036 1061 1136 1076  999 1025
335SPRING B1993 51  1120 1210 1200 1097 1061 1110 1172 1090 1063 1157 1189
335SPRING B1993 52  1212 1271 1148  939  971 1025 1024 1035 1068 1127 1137
335SPRING B1993 53  1119 1165 1167 1077 1003 1054 1222 1315 1172
335SPRING B1993 61  1094 1198 1212 1117 1082 1208 1339 1284 1185 1275 1442
335SPRING B1993 62  1406 1153 1012 1053 1122 1178 1291 1401 1369 1299 1273
335SPRING B1993 63  1236 1136 1066 1036  937  895  973 1059
335SPRING B1993 71  1079 1185 1281 1213 1075 1033 1069 1125 1181 1128 1066
335SPRING B1993 72  1099 1142 1164 1167 1082 1038 1042 1070 1073 1095 1198
335SPRING B1993 73  1186 1171 1273 1255 1170 1131 1131 1193 1229
335SPRING B1993 81  1207 1198 1146 1109 1127 1133 1191 1282 1291 1208 1163
335SPRING B1993 82  1189 1237 1213 1277 1334 1282 1127 1132 1220 1226 1176
335SPRING B1993 83  1166 1134 1080  980  890  961 1024 1072 1129
335SPRING B1993 91  1205 1178  965  828  894  999 1088 1113 1029 1044 1029
335SPRING B1993 92   896  894  986  997  954  984 1069 1191 1177 1102 1000
335SPRING B1993 93   962 1032 1036  998 1023 1068 1053 1085
335SPRING B1993101  1086 1032 1124 1189 1212 1175 1156 1299 1370 1156  967
335SPRING B1993102  1031 1101 1059 1016 1052 1121 1218 1268 1190 1040 1030
335SPRING B1993103  1063 1179 1224 1102 1088 1198 1161  964  907
335SPRING B1993111  1092 1240 1255 1193 1156 1179 1165 1160 1022  897  923
335SPRING B1993112  1077 1145 1068 1032 1035 1051 1141 1122 1034 1120 1161
335SPRING B1993113  1076 1013 1011 1141 1181 1074 1011 1092
335SPRING B1993121  1155 1071 1068 1081 1046 1013  924  870  924 1033 1085
335SPRING B1993122  1067 1031 1170 1277 1144 1038 1075 1128 1082 1055 1112
335SPRING B1993123  1169 1156 1193 1249 1167 1060 1018 1075 1133
335SPRING B1994 11  1221 1269 1264 1268 1347 1415 1438 1394 1248 1159 1201
335SPRING B1994 12  1239 1203 1071 1053 1201 1327 1320 1300 1334 1252 1166
335SPRING B1994 13  1116 1092 1141 1185 1094 1032 1004  934  976
335SPRING B1994 21  1038  964 1001 1076 1072 1074 1029 1027 1104 1167 1066
335SPRING B1994 22   978 1011 1150 1230 1229 1208 1063  907  933 1057 1102
335SPRING B1994 23  1052 1040 1092 1182 1190 1093
335SPRING B1994 31  1088 1160 1154 1162 1192 1088  951  947  993 1043 1027
335SPRING B1994 32  1003 1050 1113 1151 1152 1011  935  973  996 1003  985
335SPRING B1994 33   934  954 1010 1011  974  976 1010 1067 1154
335SPRING B1994 41  1241 1226 1134 1121 1156 1221 1169 1088 1171 1235 1118
335SPRING B1994 42  1083 1104 1072 1050 1095 1199 1258 1246 1133 1072 1068
335SPRING B1994 43  1134 1116 1151 1278 1297 1284 1209 1145
335SPRING B1994 51  1234 1223 1037  960 1047 1133 1043  927 1035 1115 1024
335SPRING B1994 52   992 1147 1249 1183 1142 1322 1415 1208 1151 1361 1400
335SPRING B1994 53  1309 1298 1447 1542 1451 1307 1276 1288 1205
335SPRING B1994 61  1037  994 1101 1209 1222 1146 1045 1042 1074 1080 1108
335SPRING B1994 62  1156 1223 1257 1213 1237 1274 1227 1098 1062 1138 1240
335SPRING B1994 63  1331 1329 1235 1145 1098 1080 1105 1113
335SPRING B1994 71  1055 1106 1275 1346 1204 1171 1170 1095 1116 1155 1194
335SPRING B1994 72  1214 1152 1153 1280 1241 1098 1107 1162 1210 1171  982
335SPRING B1994 73   938 1102 1201 1161 1124 1193 1267 1346 1400
335SPRING B1994 81  1354 1197 1052 1015 1107 1248 1267 1074  886  930 1062
335SPRING B1994 82  1234 1202 1079 1037 1069 1009  913  893  979 1110 1213
335SPRING B1994 83  1186 1118 1036 1037 1132 1189 1104 1003 1030
335SPRING B1994 91  1037 1037 1073 1091 1145 1098  988  969 1039 1060 1097
335SPRING B1994 92  1152 1142 1141 1181 1203 1258 1230 1188 1088 1003 1148
335SPRING B1994 93  1232 1179 1101 1127 1177 1139 1012  948
335SPRING B1994101  1033 1162 1196 1145 1066 1183 1304 1203 1115 1157 1077
335SPRING B1994102  1014  999  970  971 1062 1044  948  938  937  910  920
335SPRING B1994103   965 1028 1082 1089 1090 1114 1157 1130 1124
335SPRING B1994111  1097 1084 1137 1254 1442 1535 1359 1122 1078 1115 1113
335SPRING B1994112  1140 1229 1256 1114 1093 1049 1000 1154 1219 1109 1004
335SPRING B1994113   997 1070 1145 1161 1075 1030 1135 1072
335SPRING B1994121   936  909  954  983 1032 1102 1124 1010  938  995 1053
335SPRING B1994122  1121 1083  976  998 1103 1160 1108  992 1039 1113 1065
335SPRING B1994123  1068 1041 1016 1078 1146 1192 1224 1201 1215
335SPRING B1995 11  1168 1003 1004 1079 1135 1077  924  890  934  974 1011
335SPRING B1995 12   993  986 1023 1063 1041  990  935 1007 1131 1069  909
335SPRING B1995 13   909  969  941  916  920  950 1047 1135 1061
335SPRING B1995 21  1045 1108 1095 1091 1140 1091 1069 1105 1124 1077 1028
335SPRING B1995 22  1019  993  957  983 1058 1056 1005 1001 1023 1088 1082
335SPRING B1995 23   997 1031 1116 1063  985  977
335SPRING B1995 31   967  920  923  969 1006 1004 1070 1156 1080 1009 1123
335SPRING B1995 32  1178 1103 1066  991 1017 1138 1184 1116 1147 1252 1212
335SPRING B1995 33  1210 1227 1126 1135 1158 1147 1209 1268 1206
335SPRING B1995 41  1239 1158 1046 1138 1253 1305 1322 1333 1322 1153  941
335SPRING B1995 42   925  951  956 1010 1115 1167 1206 1168 1154 1150 1152
335SPRING B1995 43  1220 1219 1183 1092 1003 1066 1174 1183
335SPRING B1995 51  1133 1117 1108 1060 1000  957  957  968 1003 1095 1167
335SPRING B1995 52  1247 1318 1286 1204 1109 1072 1142 1172 1090 1018 1008
335SPRING B1995 53  1050 1194 1343 1348 1160 1064 1119 1111 1025
335SPRING B1995 61   931  922  920  930  964 1026 1125 1202 1265 1330 1346
335SPRING B1995 62  1255 1146 1157 1188 1185 1124 1057 1063 1069  913  849
335SPRING B1995 63   947 1045 1140 1217 1237 1239 1261 1315
335SPRING B1995 71  1296 1347 1377 1339 1275 1122 1080 1128 1166 1265 1343
335SPRING B1995 72  1330 1339 1339 1268 1231 1364 1394 1252 1169 1211 1233
335SPRING B1995 73  1211 1178 1184 1223 1225 1145 1082 1128 1196
335SPRING B1995 81  1250 1203 1144 1143 1237 1220 1076 1006  961  918  909
335SPRING B1995 82   924  926  959 1080 1199 1212 1145 1180 1255 1197 1223
335SPRING B1995 83  1192 1113 1205 1256 1130 1096 1250 1379 1358
335SPRING B1995 91  1206 1149 1297 1379 1211 1015  960 1019 1031 1038 1021
335SPRING B1995 92  1017 1093 1101 1011  971  991 1090 1201 1298 1311 1253
335SPRING B1995 93  1107  944  905  951  998  959  941 1016
335SPRING B1995101  1117 1119 1045 1046 1162 1248 1204 1057 1043 1138 1110
335SPRING B1995102  1157 1180 1045  956 1055 1169 1145 1103  958  943 1014
335SPRING B1995103  1015 1024 1036 1025 1052 1072 1093 1005  960
335SPRING B1995111  1099 1228 1144  990  958 1063 1170 1192 1240 1237 1063
335SPRING B1995112   926 1033 1183 1105 1001 1111 1149  982  911 1004 1126
335SPRING B1995113  1155 1115 1036 1102 1229 1241 1203 1194
335SPRING B1995121  1142 1187 1283 1190 1112 1167 1147 1123 1245 1310 1166
335SPRING B1995122  1067 1151 1145 1137 1155 1179 1274 1261 1128 1063 1137
335SPRING B1995123  1158 1073 1087 1211 1272 1169 1044  969 1025
335SPRING B1996 11  1095  977  889  897  958  994  955  947  989  986 1004
335SPRING B1996 12  1028 1015 1045 1106 1097 1052 1071 1196 1247 1181 1063
335SPRING B1996 13  1038 1145 1217 1210 1229 1238 1171 1227 1370
335SPRING B1996 21  1372 1308 1212 1165 1110 1072 1134 1305 1261 1104 1090
335SPRING B1996 22  1007  941  989 1053 1144 1208 1155 1062 1015 1014  978
335SPRING B1996 23   946  993 1097 1172 1133 1120 1161
335SPRING B1996 31  1142 1032  984  996 1029 1077 1040  966  920  922  953
335SPRING B1996 32  1036 1096 1072 1135 1319 1342 1169 1119 1229 1155 1002
335SPRING B1996 33   948  979 1020  985  968 1051 1162 1215 1255
335SPRING B1996 41  1352 1369 1271 1164 1094 1134 1218 1196 1063  990  939
335SPRING B1996 42  1032 1145 1127 1154 1210 1103 1030 1032 1079 1091 1050
335SPRING B1996 43  1101 1230 1308 1309 1198 1098 1133 1161
335SPRING B1996 51  1156 1080 1016 1033 1089 1100 1092 1041 1150 1299 1174
335SPRING B1996 52  1002 1041 1171 1136 1009 1035 1135 1158 1133 1202 1267
335SPRING B1996 53  1230 1139 1055 1080 1196 1266 1209 1191 1216
335SPRING B1996 61  1243 1178 1199 1286 1342 1327 1326 1253 1089 1007 1008
335SPRING B1996 62   997 1004 1052 1005  964 1083 1198 1177 1129 1155 1232
335SPRING B1996 63  1266 1253 1298 1290 1226 1257 1258 1196
335SPRING B1996 71  1242 1209 1103 1089 1218 1233 1088 1052 1108 1131 1121
335SPRING B1996 72  1122 1130 1130 1099 1077 1105 1254 1401 1316 1206 1259
335SPRING B1996 73  1332 1316 1219 1161 1205 1273 1257 1183 1247
335SPRING B1996 81  1355 1413 1447 1409 1371 1450 1381 1262 1256 1205 1289
335SPRING B1996 82  1329 1309 1256 1216 1230 1229 1121 1082 1094 1068 1113
335SPRING B1996 83  1159 1171 1148 1106 1054  994  966  961 1019
335SPRING B1996 91  1155 1212 1182 1198 1231 1242 1241 1267 1260 1159 1311
335SPRING B1996 92  1486 1436 1330 1354 1385 1278 1288 1340 1247 1196 1315
335SPRING B1996 93  1346 1266 1252 1282 1224 1145 1239 1370
335SPRING B1996101  1287 1139 1093 1188 1205 1140 1030 1048 1206 1274 1255
335SPRING B1996102  1143 1074 1038 1135 1210 1178 1226 1183 1033  963  936
335SPRING B1996103   997 1080 1020  929 1024 1193 1228 1101  989
335SPRING B1996111  1007 1106 1132 1065 1039 1029 1018 1096 1196 1187 1222
335SPRING B1996112  1303 1343 1319 1283 1244 1191 1092 1097 1154 1095  983
335SPRING B1996113  1056 1201 1263 1222 1253 1284 1334 1361
335SPRING B1996121  1301 1180 1139 1137 1102 1178 1222 1228 1208 1145 1055
335SPRING B1996122   979  957  974 1057 1151 1126 1165 1176 1062 1092 1173
335SPRING B1996123  1114 1122 1153 1058 1039 1111 1099 1072 1064
335SPRING B1997 11  1032 1012  979 1026 1143 1185 1100 1037  967  916  915
335SPRING B1997 12   905  930 1045 1153 1097 1028  997 1049 1127 1108 1057
335SPRING B1997 13  1060  997  972 1069 1150 1036  923  971 1060
335SPRING B1997 21  1050  941  893  964 1043 1051 1060 1124 1158 1061  976
335SPRING B1997 22   985 1012 1048 1061  988  978 1014 1051 1084 1105 1093
335SPRING B1997 23  1088 1145 1214 1146 1074 1183
335SPRING B1997 31  1121  988 1032 1050  989  991 1091 1133 1052 1007 1110
335SPRING B1997 32  1214 1178 1194 1193 1072 1066 1159 1200 1098  993 1064
335SPRING B1997 33  1188 1193 1105 1126 1213 1135 1081 1098 1025
335SPRING B1997 41  1085 1192 1254 1304 1260 1233 1083 1020 1027 1002  984
335SPRING B1997 42   992 1041 1056 1055 1134 1207 1126 1036 1087 1125 1082
335SPRING B1997 43  1083 1039 1047 1118 1120 1153 1169 1096
335SPRING B1997 51  1110 1129 1147 1179 1162 1198 1244 1182 1036 1008 1045
335SPRING B1997 52  1112 1137 1070 1018 1035 1095 1103 1065  976  951  973
335SPRING B1997 53   983 1013 1104 1194 1233 1254 1194 1084 1043
335SPRING B1997 61  1052 1088 1130 1145 1235 1296 1167 1088 1140 1194 1244
335SPRING B1997 62  1307 1375 1296 1172 1116 1032  989  966  988 1054 1078
335SPRING B1997 63  1074 1015  906  860  911  994 1006  986
335SPRING B1997 71  1018 1040  959  889  892  972 1144 1335 1195  960 1051
335SPRING B1997 72  1144 1049 1103 1269 1254 1051  968 1044 1071 1058  962
335SPRING B1997 73   897  933 1022 1109 1124 1060 1016 1045 1014
335SPRING B1997 81   957  931  925  906  963 1114 1252 1235 1106 1165 1296
335SPRING B1997 82  1274 1212 1163 1222 1345 1308 1125  969  960 1082 1207
335SPRING B1997 83  1233 1175 1195 1247 1139 1019  971  976  993
335SPRING B1997 91   964  983  978  995  990 1034 1191 1191 1047  989 1007
335SPRING B1997 92  1000  973  989 1018  910  841  877  983 1019  934  848
335SPRING B1997 93   811  864  979 1069 1020  931  993 1099
335SPRING B1997101  1186 1236 1058  984  998  995 1034 1059 1075 1189 1262
335SPRING B1997102  1179 1103 1195 1293 1250 1123 1064 1056  992  950 9999
335SPRING B1997103  9999 9999 9999 9999 9999 9999 9999 9999 9999
335SPRING B1997111  9999 9999 9999 9999  989 1058 1041  930  915 1041 1084
335SPRING B1997112  1084 1112 1076 1031 1081 1151 1205 1182 1036  986 1095
335SPRING B1997113  1098 1019 1101 1203 1134 1089 1116 1125
335SPRING B1997121  1233 1203 1092 1079 1021  991 1015 1023  928  912 1013
335SPRING B1997122  1056 1135 1222 1196 1145 1182 1125 1065 1159 1257 1235
335SPRING B1997123  1193 1138 1116 1182 1137  991  956 1007 1057
335SPRING B1998 11  1090 1052 1000  978  952  970  975  911  913  949  925
335SPRING B1998 12   928 1032 1140 1011  938 1105 1102  964  933 1022 1124
335SPRING B1998 13  1095 1023 1041 1068 1121 1183 1170 1083 1004
335SPRING B1998 21  1013 1115 1116 1061 1025 1041 1157 1136 1034 1025 1140
335SPRING B1998 22  1198 1190 1155 1110 1126 1174 1244 1274 1232 1238 1239
335SPRING B1998 23  1121 1115 1170 1165 1100 1052
335SPRING B1998 31  1009 1022 1123 1165 1168 1113  952  952 1011  995  996
335SPRING B1998 32  1115 1239 1164 1061 1107 1167 1161 1180 1250 1235 1247
335SPRING B1998 33  1224 1127 1051 1057 1167 1249 1272 1287 1325
335SPRING B1998 41  1229 1181 1199 1156 1140 1100 1155 1226 1183 1083 1156
335SPRING B1998 42  1343 1277 1081 1038 1100 1109 1041 1050 1170 1219 1139
335SPRING B1998 43  1060 1133 1207 1137 1047 1079 1224 1221
335SPRING B1998 51  1068  972  981 1039 1110 1210 1189 1184 1177 1176 1256
335SPRING B1998 52  1116 1008 1108 1162 1042  990 1093 1208 1189 1137 1158
335SPRING B1998 53  1242 1174  997 1037 1188 1212 1210 1117 1083
335SPRING B1998 61  1137 1028  991 1057 1159 1189 1069  997 1058 1118 1239
335SPRING B1998 62  1347 1328 1328 1345 1222 1160 1164 1147 1255 1280 1122
335SPRING B1998 63  1166 1271 1170 1092 1180 1272 1229 1175
335SPRING B1998 71  1182 1127 1046 1093 1266 1284 1285 1372 1247 1064 1114
335SPRING B1998 72  1168 1166 1186 1197 1135 1086 1099 1108 1141 1161 1103
335SPRING B1998 73  1023  994 1029 1158 1361 1434 1278 1166 1171
335SPRING B1998 81  1134 1070 1125 1171 1107 1042 1016 1052 1099 1163 1131
335SPRING B1998 82  1072 1052 1026  932  937  971  959  938  937 1106 1255
335SPRING B1998 83  1150 1018  994  974  956 1039 1038  989 1033
335SPRING B1998 91  1089 1057 1082 1171 1130 1084 1002  912  945  973 1024
335SPRING B1998 92  1099 1167 1288 1290 1169 1112 1144 1141 1032 1011 1183
335SPRING B1998 93  1253 1030  984 1077 1181 1280 1238 1141
335SPRING B1998101  1131 1166 1232 1184 1245 1348 1170 1016 1057 1096 1115
335SPRING B1998102  1196 1190 1137 1093 1152 1332 1363 1276 1184 1112 1114
335SPRING B1998103  1239 1376 1399 1310 1143 1093 1130 1137 1001
335SPRING B1998111   892  903 1019 1139 1109 1036 1104 1138 1052 1021 1052
335SPRING B1998112  1042 1081 1130 1148 1068  969  925  951 1023 1055 1042
335SPRING B1998113  1006 1000 1003 1056 1143 1101 1051 1028
335SPRING B1998121  1026 1126 1221 1208 1222 1258 1147 1059 1012 1011 1144
335SPRING B1998122  1145  999  952  987 1070 1151 1137 1150 1251 1290 1190
335SPRING B1998123  1114 1123 1185 1249 1201 1142 1117 1092 1049
335SPRING B1999 11  1068 1119 1099 1052 1060 1061 1017  969  979 1133 1169
335SPRING B1999 12  1082 1046 1032 1097 1117 1139 1146 1090 1010  976 1030
335SPRING B1999 13  1073 1066 1070  996  947 1056 1130 1037  909
335SPRING B1999 21   906  978 1004 1016 1092 1233 1177  953  874  973 1074
335SPRING B1999 22  1078 1085 1134 1197 1269 1262 1168 1107 1137 1119 1100
335SPRING B1999 23  1125 1050 1010 1011 1017  973
335SPRING B1999 31   957 1051 1154 1167 1143 1155 1047  954 1070 1132 1066
335SPRING B1999 32  1084 9999 9999 9999 1091 1062 1073 1058 1112 1251 1189
335SPRING B1999 33  1064 1160 1266 1288 1314 1169 1124 1174 1117
335SPRING B1999 41  1105 1077 1019 1078 1224 1215 1112 1035  977  998 1068
335SPRING B1999 42  1135 1197 1204 1210 1153 1143 1194 1289 1252 1012  962
335SPRING B1999 43  1089 1188 1255 1216 1095 1084 1133 1113
335SPRING B1999 51  1097 1155 1193 1078  983 1084 1228 1273 1190 1159 1254
335SPRING B1999 52  1345 1452 1492 1326 1190 1158 1185 1203 1239 1227 1195
335SPRING B1999 53  1161 1186 1322 1414 1375 1287 1317 1367 1245
335SPRING B1999 61  1129 1080 1039 1115 1202 1253 1238 1181 1256 1279 1163
335SPRING B1999 62  1150 1332 1410 1294 1244 1335 1349 1238 1194 1203 1113
335SPRING B1999 63  1100 1162 1113 1038 1080 9999 9999 1338
335SPRING B1999 71  1371 1188 1119 1247 1356 1236 1068 1036 1122 1165 1104
335SPRING B1999 72  1057 1046 1035 1052 1117 1228 1351 1393 1403 1393 1269
335SPRING B1999 73  1214 1162 1026 1053 1141 1102 1114 1134 1057
335SPRING B1999 81  1037 1064 1078 1065  980  970 1122 1279 1226 1071 1112
335SPRING B1999 82  1279 1284 1135 1091 1091 1116 1247 1343 1200 1044  986
335SPRING B1999 83   981 1056 1147 1171 1077 1000 1034 1075 1106
335SPRING B1999 91  1066 1023 1183 1349 1278 1083 1022 1119 1153 1053 1000
335SPRING B1999 92  1063 1097 1135 1227 1371 1361 1210 1036 1045 1167 1198
335SPRING B1999 93  1170 1107 1038  940  927 1051 1095 1043
335SPRING B1999101  1011 1070 1182 1098  975 1032 1143 1177 1189 1245 1228
335SPRING B1999102  1132 1083 1144 1210 1160 1128 1170 1169 1191 1223 1099
335SPRING B1999103   948  956 1118 1255 1247 1159 1154 1265 1283
335SPRING B1999111  1070  909  977 1055 1157 1250 1156 1084 1047 1048 1065
335SPRING B1999112  1134 1273 1362 1290 1103  997  991  951 1003 1153 1198
335SPRING B1999113  1145 1130 1163 1058  970 1013 1043 1054
335SPRING B1999121  1097 1186 1191 1106 1058 1085 1182 1298 1281 1236 1242
335SPRING B1999122  1172 1022 1009 1127 1254 1251 1121  999 1004 1003  991
335SPRING B1999123   939  860  909 1005 1097 1100 1056 1081 1075
335SPRING B2000 11  1041 1081 1173 1164 1040 1002 1020 1053 1057 1052 1009
335SPRING B2000 12   971 1037 1112 1144 1119 1071 1181 1354 1384 1338 1236
335SPRING B2000 13  1073 1008 1036 1079 1062 1084 1113 1023  978
335SPRING B2000 21   992 1067 1098 1156 1167 1053 1033 1090 1147 1231 1253
335SPRING B2000 22  1176  962  953 1099 1134 1066 1085 1195 1129  998 1092
335SPRING B2000 23  1187 1073 1080 1163 1110 1026 1018
335SPRING B2000 31  1122 1217 1177 1139 1140 1014  911  921 1004 1105 1092
335SPRING B2000 32  1003 1110 1228 1145 1102 1218 1263 1211 1106 1046 1186
335SPRING B2000 33  1204 1059 1076 1161 1223 1271 1295 1278 1239
335SPRING B2000 41  1145 1177 1280 1238 1113 1082 1095 1089 1097 1049 1020
335SPRING B2000 42  1069 1190 1265 1275 1326 1318 1236 1254 1348 1304 1166
335SPRING B2000 43  1126 1066 1009 1014 1065 1135 1271 1282
335SPRING B2000 51  1172 1171 1254 1248 1233 1224 1169 1189 1131 1039 1087
335SPRING B2000 52  1227 1371 1379 1223 1259 1272 1258 1329 1305 1250 1279
335SPRING B2000 53  1292 1313 1347 1372 1483 1485 1295 1192 1242
335SPRING B2000 61  1185 1074 1152 1237 1171 1060 1099 1206 1218 1115  961
335SPRING B2000 62   947  984  994 1110 1235 1164 1037 1084 1233 1354 1355
335SPRING B2000 63  1266 1217 1218 1249 1315 1337 1247 1137
335SPRING B2000 71  1068 1033 1000 1002 1057 1135 1182 1241 1278 1208 1185
335SPRING B2000 72  1224 1224 1203 1209 1157 1104 1249 1427 1462 1386 1341
335SPRING B2000 73  1438 1512 1482 1385 1248 1199 1216 1152 1041
335SPRING B2000 81  1018 1067 1088 1015  964 1018 1176 1350 1421 1335 1117
335SPRING B2000 82  1029 1123 1254 1191 1004  922  976 1110 1124 1067 1066
335SPRING B2000 83  1108 1214 1298 1357 1328 1267 1247 1249 1248
335SPRING B2000 91  1278 1292 1278 1352 1430 1423 1370 1262 1225 1340 1378
335SPRING B2000 92  1249 1198 1228 1147 1166 1323 1381 1285 1237 1257 1224
335SPRING B2000 93  1077  953  937  950 1077 1250 1333 1383
335SPRING B2000101  1309 1237 1200 1182 1196 1181 1225 1213 1211 1172 1088
335SPRING B2000102  1177 1332 1322 1176 1022 1053 1184 1143 1043 1033 1056
335SPRING B2000103  1085 1089 1084 1143 1176 1053  987 1053 1103
335SPRING B2000111  1100 1082 1124 1161 1114 1020  982 1054 1080 1037 1018
335SPRING B2000112   984  959  974  985  952  914  993 1071 1070 1059 1065
335SPRING B2000113  1084 1023 1001 1040 1081 1116 1135 1156
335SPRING B2000121  1081 1056 1101 1157 1160 1125 1154 1168 1128 1162 1227
335SPRING B2000122  1237 1144 1077 1071 1095 1142 1159 1191 1184 1199 1313
335SPRING B2000123  1447 1423 1359 1338 1276 1239 1152  999  949
335SPRING B2001 11  1007 1086 1104 1083 1048 1040 1007  944  993 1124 1138
335SPRING B2001 12  1042 1000 1134 1154 1017  975 1010 1100 1180 1179 1165
335SPRING B2001 13  1134 1131 1101 1127 1210 1229 1209 1155 1095
335SPRING B2001 21  1100 1186 1218 1138 1022  983 1092 1218 1236 1164 1122
335SPRING B2001 22  1217 1296 1227 1100 1078 1074 1084 1075 1092 1135 1095
335SPRING B2001 23  1134 1160 1170 1229 1258 1201
335SPRING B2001 31  1115 1087 1091 1047  970  992  988  914 1000 1127 1206
335SPRING B2001 32  1247 1175 1044 1072 1215 1215 1089 1056 1191 1241 1216
335SPRING B2001 33  1200 1190 1254 1321 1249 1159 1112 1120 1127
335SPRING B2001 41  1145 1073 1052 1177 1146 1073 1171 1258 1219 1235 1242
335SPRING B2001 42  1151 1154 1229 1222 1161 1164 1261 1217 1031 1018 1137
335SPRING B2001 43  1139 1166 1261 1238 1190 1077 1018 1065
335SPRING B2001 51  1094 1093 1108 1140 1093 1035 1050 1126 1150 1109 1106
335SPRING B2001 52  1153 1143 1123 1250 1336 1180 1120 1235 1230 1069 1056
335SPRING B2001 53  1246 1227 1132 1188 1232 1169 1133 1150 1109
335SPRING B2001 61  1105 1152 1129 1069 1078 1116 1133 1194 1093 1015 1135
335SPRING B2001 62  1300 1334 1216 1066 1020 1071 1059 1135 1277 1271 1231
335SPRING B2001 63  1241 1324 1377 1194 1129 1156 1115 1090
335SPRING B2001 71  1096 1082 1067 1093 1159 1171 1094 1098 1115 1045  975
335SPRING B2001 72  1004 1090 1178 1212 1232 1242 1162 1063 1035 1025 1007
335SPRING B2001 73   990  957  975 1090 1134 1083 1036 1124 1298
335SPRING B2001 81  1258 1118 1127 1246 1283 1248 1292 1319 1300 1212 1191
335SPRING B2001 82  1127 1010 1070 1246 1427 1497 1374 1352 1407 1373 1175
335SPRING B2001 83  1063 1162 1234 1220 1194 1116 1041 1059 1134
335SPRING B2001 91  1169 1159 1171 1159 1147 1147 1228 1256 1177 1111 1115
335SPRING B2001 92  1172 1204 1224 1257 1225 1119 1096 1133 1109 1025  988
335SPRING B2001 93  1077 1220 1213 1038  990 1094 1201 1235
335SPRING B2001101  1193 1187 1209 1203 1249 1275 1151 1039 1057 1136 1242
335SPRING B2001102  1298 1255 1167 1186 1243 1320 1279 1135 1053 1091 1150
335SPRING B2001103  1188 1202 1194 1197 1232 1285 1316 1359 1354
335SPRING B2001111  1239 1091 1070 1120 1167 1103 1007 1033 1162 1217 1140
335SPRING B2001112  1082 1079 1089 1088 1056 1160 1113  916  891  954 1001
335SPRING B2001113  1081 1168 1216 1182 1152 1177 1239 1270
335SPRING B2001121  1242 1149 1011  942 1054 1182 1082  978 1124 1259 1117
335SPRING B2001122  1029 1105 1167 1163 1145 1119 1084 1108 1161 1150 1143
335SPRING B2001123  1261 1390 1452 1337 1201 1255 1326 1333 1342
335SPRING B2002 11  1347 1324 1226 1168 1128 1185 1335 1210 1047 1091 1229
335SPRING B2002 12  1278 1171 1058 1059 1067 1051 1029 1057 1108 1079 1056
335SPRING B2002 13  1026  976  987 1061 1101 1107 1096 1114 1065
335SPRING B2002 21  1087 1131 1065  948  903 1011 1137 1163 1176 1069  977
335SPRING B2002 22   995 1031 1069 1141 1171 1122 1028 1104 1310 1362 1212
335SPRING B2002 23  1062 1077 1166 1155 1100 1167
335SPRING B2002 31  1207 1128 1031  965 1035 1178 1141  979  956 1041 1102
335SPRING B2002 32  1104 1042 1076 1223 1302 1286 1246 1288 1297 1124 1049
335SPRING B2002 33  1124 1170 1198 1199 1210 1245 1222 1122 1011
335SPRING B2002 41  1017 1123 1176 1098 1046 1055 1021 1008 1078 1099 1080
335SPRING B2002 42  1116 1085  963  973 1050 1052 1057 1088 1096 1032 1045
335SPRING B2002 43  1165 1205 1213 1170  998  952 1044 1077
335SPRING B2002 51  1034 1021 1055 1110 1160 1169 1119 1171 1294 1178 1097
335SPRING B2002 52  1192 1213 1127 1199 1333 1344 1297 1290 1332 1324 1136
335SPRING B2002 53   977 1014 1049 1077 1117 1076 1084 1141 1133
335SPRING B2002 61  1073 1081 1103 1147 1188 1256 1389 1436 1476 1485 1469
335SPRING B2002 62  1529 1510 1377 1330 1323 1153 1057 1190 1352 1374 1293
335SPRING B2002 63  1240 1329 1352 1275 1309 1170 1040 1064
335SPRING B2002 71  1170 1257 1356 1388 1384 1318 1275 1371 1342 1210 1194
335SPRING B2002 72  1254 1279 1218 1205 1250 1222 1226 1347 1313 1145 1160
335SPRING B2002 73  1196 1068 1030 1100 1115 1111 1076 1056 1163
335SPRING B2002 81  1229 1242 1223 1143 1224 1386 1304 1112 1110 1287 1364
335SPRING B2002 82  1271 1102  985 1019 1073 1038 1027 1074 1109 1138 1101
335SPRING B2002 83   963  879  896  915  912  938 1042 1151 1165
335SPRING B2002 91  1141 1254 1375 1316 1305 1363 1341 1367 1338 1162 1059
335SPRING B2002 92  1088 1097 1088 1133 1231 1350 1395 1223 1137 1190 1179
335SPRING B2002 93  1094 1083 1180 1246 1219 1125 1076 1091
335SPRING B2002101  1131 1141 1061  983 1000 1125 1235 1138  949  859  943
335SPRING B2002102  1068 1157 1164 1168 1224 1239 1273 1302 1227 1117 1287
335SPRING B2002103  1363 1244 1123 1052 1030 1040 1088 1180 1187
335SPRING B2002111  1019 1002 1173 1206 1105 1051 1208 1299 1244 1084 1015
335SPRING B2002112  1156 1214 1118  956  955 1105 1108 1028  962  995 1045
335SPRING B2002113  1066 1114 1165 1135 1042 1026 1048  999
335SPRING B2002121   986 1034 1163 1323 1370 1200 1149 1235 1143 1081 1162
335SPRING B2002122  1217 1119 1008 1001  981  958  967 1034 1082 1164 1174
335SPRING B2002123  1129 1153 1093 1003  953  955 1058 1146 1176
335SPRING B2003 11  1171 1154 1135 1116 1065 1099 1204 1161 1042  960  912
335SPRING B2003 12   930  984 1050 1038 1001 1120 1161 1113 1133 1182 1074
335SPRING B2003 13   987 1076 1181 1152 1090 1151 1311 1362 1263
335SPRING B2003 21  1113 1007 1022 1078 1067 1014 1022 1033 1099 1115 1136
335SPRING B2003 22  1187 1174 1133 1137 1115 1081 1088  988  942  992 1028
335SPRING B2003 23  1048 1136 1173 1155 1233 1314
335SPRING B2003 31  1282 1186 1118 1115 1084 1060 1075 1004  907  881  958
335SPRING B2003 32  1093 1138 1085 1033 1038 1099 1191 1255 1226 1138 1036
335SPRING B2003 33  1018 1081 1105 1053 1033 1036 1052 1079 1077
335SPRING B2003 41  1103 1112 1024  985 1016 1058 1150 1135  987  941  990
335SPRING B2003 42  1057 1219 1302 1164  951  930 1029 1052 1023 1016 1075
335SPRING B2003 43  1140 1014  961 1050 1122 1172 1178 1141
335SPRING B2003 51  1172 1237 1149  948  977 1083 1133 1187 1168 1068  998
335SPRING B2003 52   992 1002 1012 1078 1117 1156 1260 1361 1380 1215 1067
335SPRING B2003 53  1112 1124 1024 1004 1055 1103 1173 1238 1266
335SPRING B2003 61  1272 1301 1360 1400 1445 1510 1384 1238 1249 1272 1314
335SPRING B2003 62  1429 1499 1443 1356 1300 1248 1265 1206 1196 1221 1152
335SPRING B2003 63  1106 1027  988 1140 1301 1301 1169 1099
335SPRING B2003 71  1116 1142 1138 1120 1190 1248 1240 1220 1138 1118 1284
335SPRING B2003 72  1306 1178 1193 1271 1168 1101 1048  932  933 1050 1118
335SPRING B2003 73  1232 1323 1270 1155 1174 1284 1281 1119 1031
335SPRING B2003 81  1099 1158 1175 1254 1367 1329 1292 1276 1159 1100 1132
335SPRING B2003 82  1199 1277 1186 1040 1057 1147 1081  967  968 1027 1047
335SPRING B2003 83  1233 1363 1276 1129 1020 1059 1211 1272 1163
335SPRING B2003 91  1114 1231 1197 1175 1206 1145 1010  927 1008 1121 1209
335SPRING B2003 92  1254 1352 1428 1432 1512 1501 1413 1321 1239 1264 1315
335SPRING B2003 93  1366 1415 1349 1212 1098 1206 1193 1109
335SPRING B2003101  1159 1160 1053  982  996 1053 1120 1110 1093  950  873
335SPRING B2003102   902  940 1014 1084 1045  991 1048 1201 1297 1214 1090
335SPRING B2003103  1046 1069 1152 1191 1201 1258 1298 1271 1237
335SPRING B2003111  1131 1062 1074 1074 1112 1125 1021  997 1042 1095 1108
335SPRING B2003112  1038 1004 1093 1139  950  838  980 1148 1085  967  991
335SPRING B2003113   984  942  938  942  951  969 1037 1086
335SPRING B2003121  1032 1008 1096 1179 1087  986  983 1018 1078 1166 1197
335SPRING B2003122  1228 1185 1098 1056 1079 1044 1074 1134 1121 1199 1226
335SPRING B2003123  1142 1156 1259 1247 1125 1059 1146 1240 1217
335SPRING B2004 11  1177 1178 1180 1185 1194 1308 1392 1349 1281 1237 1131
335SPRING B2004 12  1104 1184 1168 1138 1203 1174 1050 1082 1223 1266 1197
335SPRING B2004 13  1170 1132 1061 1058 1080 1075 1093 1082 1113
335SPRING B2004 21  1128 1092 1033 1045 1132 1095 1064 1159 1150 1103 1066
335SPRING B2004 22  1062 1068 1082 1091 1103 1151 1195 1239 1304 1324 1223
335SPRING B2004 23  1066  957  995 1091 1163 1256 1168
335SPRING B2004 31  1024 1004 1095 1169 1172 1168 1165 1228 1218 1095 1086
335SPRING B2004 32  1162 1134 1122 1115 1088 1115 1175 1208 1108 1019 1048
335SPRING B2004 33  1104 1170 1231 1176 1065 1070 1173 1200 1204
335SPRING B2004 41  1252 1171  968  902  996 1070 1053  999  992 1005 1032
335SPRING B2004 42  1029 1076 1173 1190 1159 1196 1196 1113 1111 1146 1168
335SPRING B2004 43  1174 1084 1066 1097 1045 1086 1252 1348
335SPRING B2004 51  1263 1230 1297 1306 1196 1144 1146 1104 1033 1046 1068
335SPRING B2004 52  1068 1081 1120 1188 1184 1197 1263 1305 1281 1158 1086
335SPRING B2004 53  1115 1197 1227 1184 1198 1284 1226 1196 1281
335SPRING B2004 61  1265 1330 1373 1210 1045 1056 1184 1232 1234 1116 1026
335SPRING B2004 62  1165 1372 1479 1328 1122 1310 1604 1535 1299 1118 1104
335SPRING B2004 63  1261 1392 1347 1211 1260 1370 1381 1400
335SPRING B2004 71  1357 1262 1273 1393 1405 1304 1165 1014 1036 1119 1122
335SPRING B2004 72  1111 1215 1227 1154 1107  993  927 1010 1048  944  905
335SPRING B2004 73  1020 1157 1227 1216 1228 1168 1110 1117 1099
335SPRING B2004 81  1167 1308 1374 1320 1244 1206 1229 1289 1297 1223 1253
335SPRING B2004 82  1331 1330 1126  943  919  968 1010 1091 1215 1269 1120
335SPRING B2004 83  1048 1090 1123 1156 1118 1088 1128 1164 1124
335SPRING B2004 91  1013 1012 1048  992  928  971 1135 1201 1117 1104 1100
335SPRING B2004 92  1064 1109 1174 1187 1188 1143 1019  934  982 1079 1153
335SPRING B2004 93  1141 1124 1125 1140 1111 1140 1142 1045
335SPRING B2004101  1026 1120 1203 1193 1117 1096 1216 1177 1026 1044 1170
335SPRING B2004102  1237 1199 1168 1089  988  980  964  965 1006 1031 1098
335SPRING B2004103  1076 1009 1045 1110 1104  966  940  998 1117
335SPRING B2004111  1243 1225 1111 1117 1218 1116  958  908  973 1062 1170
335SPRING B2004112  1257 1254 1245 1191 1115 1164 1230 1164 1062 1069 1047
335SPRING B2004113  1005  973  974 1048 1117 1152 1221 1274
335SPRING B2004121  1211 1086 1018 1063 1107 1098 1012  940  998 1067 1096
335SPRING B2004122  1130 1155 1120 1078 1060 1047 1174 1217 1150 1154 1157
335SPRING B2004123  1165 1141 1119 1180 1249 1119  957  960 1061
335SPRING B2005 11  1131 1117 1093 1179 1223 1205 1077  961  942  983 1102
335SPRING B2005 12  1203 1196 1126 1129 1115 1023  998 1136 1183 1137 1082
335SPRING B2005 13  1036  991 1006 1047 1066 1103 1129 1164 1245
335SPRING B2005 21  1297 1265 1150 1104 1218 1266 1277 1307 1240 1140 1130
335SPRING B2005 22  1108 1054 1139 1230 1184 1109 1168 1188 1080 1036 1046
335SPRING B2005 23  1110 1140 1136 1097 1049 1121
335SPRING B2005 31  1177 1140 1172 1232 1218 1165 1145 1135 1123 1070 1044
335SPRING B2005 32  1044 1131 1182 1167 1109 1058 1032 1055 1063 1023 1018
335SPRING B2005 33  1080 1146 1033 1028 1131 1042  954  977 1067
335SPRING B2005 41  1162 1239 1212 1035 1008  991  908  960 1117 1134 1056
335SPRING B2005 42  1040 1114 1081 1005 1054 1186 1220 1164 1053 1013  996
335SPRING B2005 43   979 1095 1149 1074 1077 1232 1327 1320
335SPRING B2005 51  1229 1130 1160 1213 1208 1154 1059 1113 1258 1308 1224
335SPRING B2005 52  1150 1182 1185 1084 1019 1033 1038 1030 1079 1177 1248
335SPRING B2005 53  1249 1227 1185 1287 1369 1248 1093 1124 1132
335SPRING B2005 61  1085 1087 1129 1130 1044 1068 1121 1135 1163 1244 1286
335SPRING B2005 62  1254 1295 1358 1408 1407 1347 1325 1387 1423 1328 1149
335SPRING B2005 63  1039  992  958  979 1021 1023  959 1034
335SPRING B2005 71  1219 1185 1041 1044 1188 1276 1242 1171 1164 1185 1197
335SPRING B2005 72  1224 1283 1259 1248 1335 1283 1138 1092 1058 1073 1182
335SPRING B2005 73  1280 1337 1412 1340 1217 1247 1294 1260 1192
335SPRING B2005 81  1161 1230 1320 1228 1153 1228 1279 1250 1318 1308 1164
335SPRING B2005 82  1114 1154 1240 1271 1145 1070 1207 1294 1292 1302 1151
335SPRING B2005 83  1066 1087 1078 1006 1011 1084 1184 1303 1240
335SPRING B2005 91  1055 1012 1094 1128 1106 1110 1130 1175 1227 1283 1314
335SPRING B2005 92  1246 1202 1251 1305 1304 1171 1081 1099 1103 1087 1097
335SPRING B2005 93  1146 1147 1131 1147 1127 1212 1263 1224
335SPRING B2005101  1243 1351 1346 1233 1280 1370 1322 1302 1241 1213 1168
335SPRING B2005102  1138 1172 1146 1073 1022 1008 1014 1037 1044 1075 1122
335SPRING B2005103  1135 1173 1254 1259 1157 1098 1099 1036 1017
335SPRING B2005111  1086 1187 1241 1223 1128 1098 1149 1226 1302 1352 1275
335SPRING B2005112  1151 1114 1166 1107 1044 1148 1264 1220 1155 1101 1035
335SPRING B2005113   982 1005 1119 1177 1073  948 1017 1134
335SPRING B2005121  1203 1220 1305 1353 1292 1331 1349 1338 1345 1282 1218
335SPRING B2005122  1267 1336 1314 1307 1390 1428 1388 1293 1275 1294 1236
335SPRING B2005123  1287 1376 1355 1225 1258 1362 1374 1264 1248
335SPRING B2006 11  1306 1352 1306 1116 1089 1168 1172 1120 1144 1185 1169
335SPRING B2006 12  1196 1249 1206 1115 1184 1147 1024 1054 1200 1218 1237
335SPRING B2006 13  1219 1142 1124 1232 1219 1148 1160 1124 1096
335SPRING B2006 21  1103 1065 1037 1004 1073 1191 1124 1128 1229 1215 1137
335SPRING B2006 22  1160 1175 1105 1076 1139 1204 1234 1199 1186 1213 1102
335SPRING B2006 23  1060 1192 1264 1158 1111 1122
335SPRING B2006 31  1034 1033 1080 1041 1153 1288 1289 1217 1177 1115 1126
335SPRING B2006 32  1260 1286 1171 1203 1315 1254 1157 1120 1084 1073 1076
335SPRING B2006 33  1020  958 1041 1172 1093 1005 1101 1258 1357
335SPRING B2006 41  1269 1156 1178 1279 1377 1407 1351 1259 1082 1112 1284
335SPRING B2006 42  1291 1206 1213 1208 1123 1203 1388 1474 1386 1284 1296
335SPRING B2006 43  1188 1047  998 1009 1059 1128 1170 1161
335SPRING B2006 51  1197 1373 1418 1312 1251 1335 1387 1342 1329 1188 1097
335SPRING B2006 52  1200 1218 1095 1117 1156 1138 1104 1156 1193 1144 1039
335SPRING B2006 53  1063 1169 1151 1112 1160 1180 1057 1032 1125
335SPRING B2006 61  1133 1108 1076 1040 1038 1021 1026 1021 1054 1159 1130
335SPRING B2006 62  1055 1062 1151 1193 1064  990 1008 1028  986  942 1049
335SPRING B2006 63  1194 1190 1085 1118 1135 1053 1102 1277
335SPRING B2006 71  1273 1116 1009 1081 1218 1239 1240 1236 1272 1357 1300
335SPRING B2006 72  1164 1020 1016 1092 1047  980  900  885  897  919  995
335SPRING B2006 73   987  912  898  972 1068 1092 1147 1264 1181
335SPRING B2006 81  1082 1138 1131 1043 1036 1015 1008 1123 1172 1094 1048
335SPRING B2006 82  1059 1127 1145 1110 1199 1303 1282 1183 1100 1179 1271
335SPRING B2006 83  1209 1078 1021 1079 1153 1122 1039 1059 1183
335SPRING B2006 91  1265 1249 1197 1105 1096 1056 1007  960  840  811  864
335SPRING B2006 92   925  996  997  966  974 1033 1124 1222 1261 1307 1319
335SPRING B2006 93  1340 1318 1164 1148 1211 1259 1216 1133
335SPRING B2006101  1179 1138 1037 1083 1149 1173 1181 1100 1018 1028 1160
335SPRING B2006102  1256 1218 1166 1045  951 1131 1258 1184 1052  972  995
335SPRING B2006103  1029 1091 1075 1121 1219 1075  948  977 1004
335SPRING B2006111  1064 1135 1112  998  919  979 1059 1031 1021 1126 1140
335SPRING B2006112  1132 1133 1221 1138  957  950  999  958 1024 1186 1234
335SPRING B2006113  1182 1113 1089 1077 1112 1154 1058 1076
335SPRING B2006121  1196 1180 1057 1066 1178 1155 1077  993 1028 1172 1125
335SPRING B2006122  1003 1076 1138 1026  954 1021 1094 1004  928 1016 1115
335SPRING B2006123  1093 1120 1152 1074 1024  984  939  963  978
335SPRING B2007 11   962  931  942 1043 1098 1171 1228 1090 1025 1140 1245
335SPRING B2007 12  1201 1133 1111 1092 1124 1116 1071 1113 1238 1266 1201
335SPRING B2007 13  1190 1176 1204 1302 1334 1293 1238 1228 1096
335SPRING B2007 21   991 1031 1012 1009 1088 1111 1100 1068 1056  986  925
335SPRING B2007 22   948 1024 1022  976  973 1004 1026 1007  959  984 1037
335SPRING B2007 23  1102 1104 1039 1000 1006 1077
335SPRING B2007 31  1100 1121 1185 1159 1039  974 1151 1219 1109 1179 1267
335SPRING B2007 32  1142 1067 1118 1211 1180 1075 1030 1104 1177 1130 1131
335SPRING B2007 33  1223 1147  997 1000 1122 1288 1393 1309 1115
335SPRING B2007 41  1142 1205 1113 1099 1052  975  969  993 1062 1132 1078
335SPRING B2007 42  1080 1088 1139 1158 1126 1126 1194 1205 1163 1156 1089
335SPRING B2007 43   997  987 1055 1068 1098 1158 1208 1229
335SPRING B2007 51  1270 1369 1464 1452 1422 1337 1325 1395 1348 1238 1227
335SPRING B2007 52  1182 1155 1168 1176 1152 1158 1289 1366 1339 1309 1308
335SPRING B2007 53  1309 1316 1305 1243 1252 1324 1382 1400 1338
335SPRING B2007 61  1161 1095 1154 1161 1145 1164 1093 1055 1099 1178 1158
335SPRING B2007 62  1112 1019  957 1023 1137 1154 1098 1150 1271 1195 1066
335SPRING B2007 63   991 1042 1111 1132 1128 1187 1343 1376
335SPRING B2007 71  1303 1289 1348 1385 1287 1222 1150 1108 1125 1163 1164
335SPRING B2007 72  1206 1239 1157 1145 1241 1277 1119  996 1001 1036 1076
335SPRING B2007 73  1136 1241 1288 1292 1313 1262 1194 1181 1298
335SPRING B2007 81  1390 1380 1346 1308 1248 1244 1322 1478 1570 1520 1317
335SPRING B2007 82  1140 1041  998 1037 1165 1190 1092 1077 1094  993  948
335SPRING B2007 83  1019 1108 1153 1128 1166 1185 1151 1227 1223
335SPRING B2007 91  1178 1255 1131  956  946 1040 1078 1025 1099 1235 1184
335SPRING B2007 92  1123 1205 1281 1269 1253 1189 1250 1314 1268 1176 1079
335SPRING B2007 93  1157 1248 1143 1131 1304 1402 1392 1346
335SPRING B2007101  1297 1291 1341 1369 1289 1198 1238 1216 1122 1128 1231
335SPRING B2007102  1234 1198 1238 1311 1172 1007 1095 1189 1160 1155 1187
335SPRING B2007103  1193 1144 1063 1034 1144 1271 1282 1201 1136
335SPRING B2007111  1182 1205 1141 1010  910  928  964  952  980 1028 1043
335SPRING B2007112  1033 1066 1115 1140 1139 1078 1052 1127 1165 1112 1114
335SPRING B2007113  1157 1155 1105 1083 1098 1100 1061 1070
335SPRING B2007121  1114 1199 1268 1227 1082 1118 1277 1332 1295 1239 1185
335SPRING B2007122  1120 1075 1140 1231 1136  982  988 1084 1183 1315 1282
335SPRING B2007123  1208 1170 1099 1152 1187 1238 1193 1076 1165
335SPRING B2008 11  1197 1098 1005 1084 1225 1235 1160 1096 1085 1186 1279
335SPRING B2008 12  1290 1283 1242 1254 1262 1154 1109 1186 1170 1036 1017
335SPRING B2008 13  1065 1041 1041 1132 1218 1191 1122 1160 1167
335SPRING B2008 21  1117 1130 1112 1106 1158 1229 1195 1069 1001 1061 1132
335SPRING B2008 22  1138 1102 1070 1019  961  960 1038 1148 1119 1088 1251
335SPRING B2008 23  1380 1271 1110 1131 1207 1140 1041
335SPRING B2008 31   998 1035 1108 1080 1072 1135 1163 1110 1137 1203 1140
335SPRING B2008 32  1130 1201 1246 1152 1147 1232 1212 1245 1285 1147 1071
335SPRING B2008 33  1126 1233 1353 1277 1124 1172 1327 1391 1254
335SPRING B2008 41  1196 1363 1418 1241 1109 1078 1063 1084 1157 1186 1198
335SPRING B2008 42  1247 1244 1153 1111 1149 1143 1066 1041 1107 1104 1055
335SPRING B2008 43  1110 1193 1279 1340 1381 1282 1131 1144
335SPRING B2008 51  1205 1210 1176 1211 1297 1326 1284 1234 1206 1154 1117
335SPRING B2008 52  1136 1129 1137 1198 1303 1390 1343 1329 1309 1183 1120
335SPRING B2008 53  1131 1103 1094 1078 1053 1068 1108 1100 1051
335SPRING B2008 61  1040 1087 1057 1045 1104 1148 1024  971 1058 1179 1295
335SPRING B2008 62  1376 1249 1098 1081 1117 1160 1197 1184 1233 1242 1216
335SPRING B2008 63  1215 1240 1363 1341 1182 1107 1283 1502
335SPRING B2008 71  1547 1413 1213 1136 1199 1238 1234 1208 1316 1409 1289
335SPRING B2008 72  1175 1181 1190 1127 1154 1319 1369 1295 1293 1301 1100
335SPRING B2008 73   979 1053 1133 1161 1092 1033 1084 1149 1245
335SPRING B2008 81  1295 1212 1116 1075 1124 1144 1111 1147 1211 1184 1189
335SPRING B2008 82  1239 1247 1215 1152 1059 1000 1062 1183 1180 1104 1049
335SPRING B2008 83  1062 1075 1108 1122 1044  964  999 1148 1234
335SPRING B2008 91  1211 1062  910  957 1075 1145 1128 1030 1011 1094 1193
335SPRING B2008 92  1262 1295 1316 1320 1171 1073 1196 1352 1349 1347 1358
335SPRING B2008 93  1211 1109 1163 9999 9999 9999 9999 9999
335SPRING B2008101  9999 9999 1227 1182 1249 1265 1251 1167 1105 1075 1099
335SPRING B2008102  1169 1142 1080 1059 1049 1041 1082 1053  996  987  914
335SPRING B2008103   962 1083 1141 1157 1141 1016 1008 1164 1131
335SPRING B2008111   991 1032 1105 1108 1106 1101 1199 1240 1133 1048 1097
335SPRING B2008112  1133 1214 1232 1202 1121 1076 1083 1135 1245 1263 1186
335SPRING B2008113  1132 1065 1011 1072 1168 1157 1117 1226
335SPRING B2008121  1308 1291 1206 1158 1252 1322 1253 1201 1195 1140 1093
335SPRING B2008122  1132 1174 1116 1138 1186 1190 1229 1159 1086 1118 1214
335SPRING B2008123  1212 1166 1163 1235 1321 1367 1368 1379 1382
335SPRING B2009 11  1285 1139 1094 1156 1257 1280 1201 1101 1086 1144 1155
335SPRING B2009 12  1122 1183 1219 1259 1193 1055 1081 1205 1254 1284 1347
335SPRING B2009 13  1390 1329 1220 1149 1160 1203 1205 1161 1078
335SPRING B2009 21  1035 1100 1111 1135 1186 1199 1229 1217 1146 1079 1048
335SPRING B2009 22   967  929  977  969  933  965 1047 1104 1081 1043 1047
335SPRING B2009 23  1156 1187 1030  972 1084 1164
335SPRING B2009 31  1106 1060 1261 1420 1285 1209 1251 1142 1043  992  996
335SPRING B2009 32  1059 1138 1224 1266 1245 1175 1184 1235 1212 1207 1195
335SPRING B2009 33  1143 1115 1164 1186 1178 1196 1132  984  959
335SPRING B2009 41  1035 1141 1206 1183 1222 1181 1057 1015 1081 1084 1060
335SPRING B2009 42  1094 1140 1275 1368 1326 1238 1149 1071 1049 1050 1053
335SPRING B2009 43  1167 1354 1472 1447 1275 1098 1079 1134
335SPRING B2009 51  1162 1140 1116 1096 1084 1167 1160 1128 1099 1081 1112
335SPRING B2009 52  1216 1389 1482 1502 1417 1212 1111 1137 1114 1029 1007
335SPRING B2009 53  1037 1075 1164 1238 1250 1137 1020  962  997
335SPRING B2009 61  1016  997 1061 1129 1111 1235 1379 1383 1336 1237 1155
335SPRING B2009 62  1221 1267 1162 1111 1129 1141 1120 1134 1171 1200 1190
335SPRING B2009 63  1182 1270 1316 1240 1275 1354 1376 1470
335SPRING B2009 71  1532 1479 1409 1372 1303 1200 1111 1073 1093 1131 1220
335SPRING B2009 72  1381 1402 1281 1192 1177 1216 1295 1332 1350 1389 1325
335SPRING B2009 73  1150 1126 1236 1304 1306 1301 1258 1278 1283
335SPRING B2009 81  1242 1261 1275 1228 1175 1266 1227 1162 1117 1049 1067
335SPRING B2009 82  1118 1162 1195 1287 1384 1300 1169 1171 1328 1428 1370
335SPRING B2009 83  1390 1480 1501 1473 1404 1350 1432 1427 1353
335SPRING B2009 91  1194 1123 1237 1277 1197 1215 1260 1247 1199 1141 1206
335SPRING B2009 92  1315 1286 1183 1151 1202 1211 1174 1208 1278 1294 1293
335SPRING B2009 93  1264 1298 1342 1467 1383 1158 1129 1277
335SPRING B2009101  1316 1180 1028 1063 1132 1037  961  946  917  938 1081
335SPRING B2009102  1260 1324 1249 1150 1104 1120 1105 1112 1188 1124 1055
335SPRING B2009103  1098 1123 1004  932  945  906  924 1019 1072
335SPRING B2009111  1050 1129 1233 1181 1052 1012 1050 1069 1049  984  970
335SPRING B2009112  1016 1122 1158 1142 1125 1125 1195 1250 1218 1175 1175
335SPRING B2009113  1145 1154 1138 1168 1177 1180 1098  983
335SPRING B2009121   976 1056 1113 1170 1148 1118 1160 1215 1263 1277 1265
335SPRING B2009122  1272 1156 1067 1150 1269 1257 1253 1181 1132 1213 1197
335SPRING B2009123  1198 1235 1167 1087 1133 1181 1093 1078 1222
335SPRING B2010 11  1267 1191 1118 1096 1132 1122 1061 1101 1124 1065 1146
335SPRING B2010 12  1247 1157 1042 1074 1207 1235 1194 1210 1180 1171 1225
335SPRING B2010 13  1172 1077 1106 1127 1101 1136 1095 1058 1114
335SPRING B2010 21  1071  984  980 1093 1099  957  962 1065 1088 1072 1118
335SPRING B2010 22  1112 1060 1031 1003 1051 1070 1024 1077 1200 1267 1249
335SPRING B2010 23  1133 1048 1052 1125 1082 1034
335SPRING B2010 31  1023 1086 1099 1099 1118 1092 1075 1183 1256 1107  924
335SPRING B2010 32   907  961 1031 1068 1048 1028 1080 1162 1188 1223 1269
335SPRING B2010 33  1257 1213 1244 1178 1066 1155 1178 1086 1062
335SPRING B2010 41  1095 1080 1040 1061 1074 1075 1169 1184 1172 1290 1349
335SPRING B2010 42  1242 1153 1184 1134 1059 1058 1041 1041 1108 1149 1193
335SPRING B2010 43  1307 1352 1213 1178 1330 1453 1370 1178
335SPRING B2010 51  1226 1288 1248 1311 1357 1300 1305 1300 1298 1351 1384
335SPRING B2010 52  1250 1129 1178 1214 1169 1154 1164 1166 1144 1105 1076
335SPRING B2010 53  1097 1148 1169 1124 1131 1224 1224 1134 1170
335SPRING B2010 61  1231 1188 1125 1176 1217 1115 1069 1262 1377 1312 1224
335SPRING B2010 62  1123 1077 1039 1082 1275 1396 1374 1294 1153 1044 1005
335SPRING B2010 63  1055 1169 1256 1216 1172 1249 1294 1212
335SPRING B2010 71  1110 1111 1101 1103 1156 1172 1106 1027 1026 1164 1262
335SPRING B2010 72  1259 1364 1404 1215 1119 1240 1351 1285 1177 1136 1108
335SPRING B2010 73  1090 1120 1118 1109 1033 1036 1161 1267 1281
335SPRING B2010 81  1204 1125 1212 1294 1227 1067 1048 1097 1062 1143 1295
335SPRING B2010 82  1199 1104 1256 1400 1335 1214 1314 1475 1457 1294 1212
335SPRING B2010 83  1324 1443 1479 1434 1241 1038 1031 1111 1209
335SPRING B2010 91  1202 1058 1066 1297 1204  968  883 1019 1276 1340 1228
335SPRING B2010 92  1261 1301 1320 1422 1387 1297 1229 1192 1139 1035 1049
335SPRING B2010 93  1146 1227 1209 1204 1286 1249 1098 1025
335SPRING B2010101  1012  991 1020 1093 1124 1164 1164 1107  996  906 1033
335SPRING B2010102  1153 1152 1227 1345 1281 1169 1076 1016 1055 1121 1188
335SPRING B2010103  1163 1076 1130 1200 1120 1083 1158 1249 1232
335SPRING B2010111  1172 1153 1089 1000  977 1035 1141 1144 1129 1143 1176
335SPRING B2010112  1202 1116 1114 1171 1228 1284 1195 1068 1046 1035 1070
335SPRING B2010113  1103 1122 1107 1098 1160 1126 1018  967
335SPRING B2010121  1004 1090 1171 1147 1023  973 1069 1213 1261 1340 1423
335SPRING B2010122  1325 1218 1214 1266 1318 1364 1395 1366 1331 1261 1194
335SPRING B2010123  1126 1109 1208 1270 1176 1127 1175 1200 1243
335SPRING B2011 11  1253 1207 1138 1133 1167 1171 1139 1121 1011  978 1027
335SPRING B2011 12  1003 1038 1227 1326 1310 1337 1282 1171 1184 1166 1106
335SPRING B2011 13  1218 1320 1259 1206 1211 1194 1203 1244 1282
335SPRING B2011 21  1268 1229 1251 1333 1298 1173 1198 1146 1098 1181 1226
335SPRING B2011 22  1181 1140 1068 1028 1092 1067 1051 1229 1324 1178 1055
335SPRING B2011 23  1146 1192 1175 1225 1223 1279
335SPRING B2011 31  1298 1320 1348 1193  990 1012 1144 1194 1163 1077 1049
335SPRING B2011 32  1152 1182 1104 1096 1110 1143 1088  998 1045 1106 1091
335SPRING B2011 33  1177 1321 1197 1061 1083 1142 1212 1204 1143
335SPRING B2011 41  1178 1221 1150  984  971 1012 1021 1096 1252 1270 1168
335SPRING B2011 42  1199 1173 1100 1036 1076 1178 1272 1266 1251 1347 1358
335SPRING B2011 43  1282 1170 1106 1078 1064 1077 1124 1197
335SPRING B2011 51  1217 1194 1232 1268 1192 1199 1287 1234 1132 1240 1339
335SPRING B2011 52  1306 1317 1187 1151 1188 1098 1088 1158 1187 1237 1377
335SPRING B2011 53  1437 1276 1212 1331 1322 1205 1171 1159 1161
335SPRING B2011 61  1144 1185 1308 1406 1413 1373 1396 1278 1095 1078 1067
335SPRING B2011 62  1011  986  990 1022 1165 1309 1280 1266 1444 1524 1406
335SPRING B2011 63  1306 1279 1291 1351 1242 1069 1031 1072
335SPRING B2011 71  1125 1193 1322 1491 1543 1453 1360 1429 1507 1440 1301
335SPRING B2011 72  1304 1198  953  888 1004 1076 1075 1006  918  919 1029
335SPRING B2011 73  1094 1101 1136 1130 1133 1181 1158 1160 1223
335SPRING B2011 81  1243 1226 1195 1167 1170 1148 1178 1224 1218 1153 1107
335SPRING B2011 82  1093 1030  997 1037 1109 1152 1087 1016  985  977 1007
335SPRING B2011 83  1085 1141 1195 1161 1158 1239 1207 1164 1129
335SPRING B2011 91  1026 1010 1137 1177 1183 1216 1177 1215 1247 1226 1147
335SPRING B2011 92  1145 1252 1243 1204 1230 1222 1140 1209 1260 1208 1227
335SPRING B2011 93  1190 1092 1058 1113 1185 1345 1433 1288
335SPRING B2011101  1070 1036 1084 1075 1085 1106 1093 1167 1271 1294 1206
335SPRING B2011102  1049 1006 1121 1244 1160  977  965 1112 1156 1050 1035
335SPRING B2011103  1170 1164 1048  965 1025 1160 1112  994 1012
335SPRING B2011111  1144 1201 1142 1110 1205 1267 1232 1195 1229 1221 1167
335SPRING B2011112  1165 1243 1267 1233 1193 1157 1209 1253 1238 1259 1209
335SPRING B2011113  1055 1014 1082 1213 1188 1099 1219 1227
335SPRING B2011121  1076 1089 1190 1090 1006 1075 1138 1121 1106 1198 1239
335SPRING B2011122  1162 1071 1043 1019  991  974 1047 1137 1090  991 1047
335SPRING B2011123  1124 1129 1183 1229 1207 1170 1099 1086 1126
335SPRING B2012 11  1118 1151 1227 1221 1187 1187 1285 1391 1420 1362 1225
335SPRING B2012 12  1230 1242 1160 1080 1106 1219 1237 1166 1136 1092 1050
335SPRING B2012 13  1109 1205 1227 1175 1153 1189 1294 1326 1118
335SPRING B2012 21  1036 1117 1199 1246 1293 1287 1201 1094 1099 1134 1130
335SPRING B2012 22  1118 1124 1129 1177 1221 1111 1066 1145 1162 1099 1137
335SPRING B2012 23  1210 1180 1201 1275 1261 1167 1149
335SPRING B2012 31  1169 1097 1122 1283 1275 1047  939 1111 1255 1195 1103
335SPRING B2012 32  1113 1173 1184 1239 1304 1208 1084 1120 1268 1358 1412
335SPRING B2012 33  1379 1238 1175 1206 1162 1160 1177 1218 1267
335SPRING B2012 41  1262 1277 1326 1287 1245 1322 1342 1353 1250 1088 1106
335SPRING B2012 42  1216 1234 1241 1205 1081 1037 1091 1173 1219 1211 1300
335SPRING B2012 43  1370 1291 1204 1211 1295 1357 1180 1092
335SPRING B2012 51  1195 1224 1108 1088 1167 1189 1186 1214 1252 1286 1375
335SPRING B2012 52  1425 1265 1157 1172 1189 1208 1252 1217 1186 1274 1370
335SPRING B2012 53  1311 1229 1352 1320 1203 1161 1140 1110 1106
335SPRING B2012 61  1165 1159 1133 1181 1129 1095 1155 1133 1057  990  999
335SPRING B2012 62  1028 1055 1113 1217 1306 1285 1276 1256 1313 1410 1319
335SPRING B2012 63  1243 1266 1168 1037 1090 1244 1336 1296
335SPRING B2012 71  1203 1179 1140 1048 1051 1077 1077 1097 1134 1206 1260
335SPRING B2012 72  1264 1236 1271 1289 1256 1260 1297 1267 1140 1051 1051
335SPRING B2012 73  1066 1108 1187 1217 1200 1172 1121 1026  981
335SPRING B2012 81  1031 1139 1215 1267 1339 1285 1183 1305 1293 1083 1001
335SPRING B2012 82  1090 1156 1208 1272 1287 1244 1145 1104 1136 1190 1317
335SPRING B2012 83  1389 1350 1316 1260 1204 1252 1329 1288 1139
335SPRING B2012 91  1047 1124 1159 1214 1347 1440 1420 1284 1192 1102 1096
335SPRING B2012 92  1234 1260 1132 1051 1084 1065 1045 1021 1106 1139 1150
335SPRING B2012 93  1186 1174 1138 1167 1339 1428 1320 1158
335SPRING B2012101  1062 1145 1278 1343 1224 1082 1101 1135 1172 1149 1063
335SPRING B2012102  1081 1048 1056 1165 1246 1164 1081 1154 1257 1143  975
335SPRING B2012103  1077 1184 1182 1175 1091 1023 1104 1172 1184
335SPRING B2012111  1176 1068 1017 1061 1118 1150 1160 1143 1095 1076 1117
335SPRING B2012112  1153 1112 1133 1234 1223 1120 1050 1008 1078 1179 1149
335SPRING B2012113  1077 1104 1113 1091 1039 1050 1156 1285
335SPRING B2012121  1285 1213 1278 1339 1263 1135 1153 1256 1146 1007  997
335SPRING B2012122  1094 1188 1208 1275 1252 1219 1263 1336 1283 1196 1195
335SPRING B2012123  1276 1269 1158 1130 1208 1253 1212 1183 1270
335SPRING B2013 11  1293 1194 1217 1283 1158 1072 1255 1441 1393 1295 1307
335SPRING B2013 12  1323 1234 1147 1190 1194 1268 1293 1197 1146 1231 1213
335SPRING B2013 13  1109 1179 1255 1236 1252 1282 1275 1269 1258
335SPRING B2013 21  1182 1147 1150 1069 1067 1217 1285 1272 1254 1158 1126
335SPRING B2013 22  1120 1089 1071 1052 1062 1134 1205 1155 1034  985 1009
335SPRING B2013 23  1084 1176 1157 1141 1175 1076
335SPRING B2013 31   971  987 1033 1074 1114 1149 1113 1067 1107 1087 1084
335SPRING B2013 32  1211 1338 1309 1236 1210 1183 1145 1108 1161 1274 1308
335SPRING B2013 33  1283 1272 1238 1243 1336 1348 1313 1395 1414
335SPRING B2013 41  1378 1296 1127 1055 1074 1098 1105 1069 1095 1192 1140
335SPRING B2013 42  1156 1313 1337 1202 1167 1231 1167 1018 1086 1259 1338
335SPRING B2013 43  1351 1306 1384 1456 1487 1450 1274 1262
335SPRING B2013 51  1248 1218 1370 1287 1104 1072 1099 1139 1135 1149 1221
335SPRING B2013 52  1298 1349 1355 1387 1381 1271 1233 1221 1196 1194 1159
335SPRING B2013 53  1128 1265 1366 1209 1056 1128 1234 1250 1286
335SPRING B2013 61  1368 1311 1267 1248 1284 1402 1354 1261 1306 1366 1334
335SPRING B2013 62  1255 1230 1198 1119 1117 1149 1087 1069 1131 1124 1068
335SPRING B2013 63  1040 1076 1103 1094 1119 1151 1156 1259
335SPRING B2013 71  1354 1315 1346 1510 1557 1398 1197 1133 1121 1114 1135
335SPRING B2013 72  1160 1124 1143 1216 1205 1169 1264 1391 1412 1345 1268
335SPRING B2013 73  1175 1114 1119 1134 1122 1199 1252 1174 1105
335SPRING B2013 81  1220 1409 1460 1360 1380 1429 1302 1194 1308 1370 1348
335SPRING B2013 82  1362 1398 1389 1257 1297 1442 1518 1453 1301 1327 1463
335SPRING B2013 83  1355 1229 1243 1236 1203 1105 1146 1231 1194
335SPRING B2013 91  1151 1096 1023 1102 1226 1252 1183 1190 1383 1465 1282
335SPRING B2013 92  1063 1061 1103 1089 1076 1161 1321 1334 1248 1196 1193
335SPRING B2013 93  1290 1408 1433 1345 1282 1318 1388 1493
335SPRING B2013101  1479 1428 1289 1295 1412 1322 1196 1218 1355 1377 1333
335SPRING B2013102  1346 1311 1214 1281 1453 1391 1264 1273 1253 1171 1196
335SPRING B2013103  1249 1252 1241 1160 1097 1148 9999 9999 9999
335SPRING B2013111  1109 1210 1190 1021 1019 1158 1135 1098 1048  946  910
335SPRING B2013112  1024 1127 1095 1014 1001 1047 1112 1118 1051 1056 1119
335SPRING B2013113  1120 1013  940 1024 1144 1188 1112 1020
335SPRING B2013121  1068 1186 1242 1281 1247 1149 1124 1228 1330 1325 1282
335SPRING B2013122  1243 1197 1152 1120 1084 1020 1017 1113 1085 1048 1153
335SPRING B2013123  1195 1146 1145 1138 1179 1233 1237 1207 1200
335SPRING B2014 11  1323 1374 1335 1346 1318 1186 1047 1010 1108 1198 1205
335SPRING B2014 12  1132 1107 1174 1153 1110 1154 1173 1117 1154 1200 1083
335SPRING B2014 13  1108 1207 1120 1042 1106 1177 1064 1015 1022
335SPRING B2014 21  1054 1110 1079  933  941 1061 1106 1109 1113 1075 1037
335SPRING B2014 22  1082 1172 1203 1223 1177 1156 1229 1317 1275 1166 1069
335SPRING B2014 23  1071 1113 1198 1218 1096 1028
335SPRING B2014 31  1097 1085 1040 1127 1177 1098 1048 1070 1118 1149 1197
335SPRING B2014 32  1197 1183 1235 1352 1382 1278 1184 1158 1203 1193 1143
335SPRING B2014 33  1171 1118  991  996 1136 1165 1086 1054 1128
335SPRING B2014 41  1227 1255 1169 1089 1111 1129 1115 1145 1173 1200 1104
335SPRING B2014 42  1013 1076 1069 1031 1065 1151 1234 1219 1184 1232 1257
335SPRING B2014 43  1283 1247 1263 1278 1137 1157 1301 1252
335SPRING B2014 51  1241 1359 1411 1329 1276 1203 1033 1064 1173 1219 1171
335SPRING B2014 52  1073 1123 1214 1241 1236 1271 1315 1324 1243 1243 1351
335SPRING B2014 53  1345 1270 1154 1211 1422 1318 1108 1100 1182
335SPRING B2014 61  1188 1185 1244 1224 1146 1123 1123 1040 1031 1116 1183
335SPRING B2014 62  1233 1235 1205 1225 1222 1149 1125 1216 1281 1169 1231
335SPRING B2014 63  1491 1567 1473 1428 1499 1603 1525 1329
335SPRING B2014 71  1248 1277 1332 1342 1269 1187 1255 1386 1454 1430 1376
335SPRING B2014 72  1268 1167 1149 1242 1370 1384 1161 1051 1108 1112 1091
335SPRING B2014 73  1092 1126 1133 1119 1195 1365 1491 1536 1544
335SPRING B2014 81  1372 1138 1161 1285 1288 1295 1201 1154 1272 1244 1042
335SPRING B2014 82   981 1027 1021 1053 1072 1062 1051 1055 1025  987 1005
335SPRING B2014 83  1034 1035 1042 1049 1044 1030 1016 1076 1227
335SPRING B2014 91  1279 1155 1109 1121 1077 1033 1042 1158 1338 1359 1205
335SPRING B2014 92  1114 1183 1220 1183 1209 1248 1217 1180 1085 1032 1028
335SPRING B2014 93  1061 1147 1150 1106 1102 1269 1365 1305
335SPRING B2014101  1214 1177 1150 1225 1220 1232 1218 1133 1089 1170 1197
335SPRING B2014102  1232 1123 1013 1116 1094  972 1043 1073  909  909 1028
335SPRING B2014103  1012 1027 1061 1131 1264 1324 1234 1200 9999
335SPRING B2014111  9999 9999 9999 9999 9999 9999 9999 9999 9999 9999 9999
335SPRING B2014112  9999 9999 9999 9999 9999 9999 9999 9999 9999 1226 1217
335SPRING B2014113  1208 1238 1238 1143 1035 1062 1101 1099
335SPRING B2014121  1177 1190 1135 1143 1152 1086 1099 1125 1091 1076 1054
335SPRING B2014122  1033 1127 1197 1227 1290 1285 1222 1175 1171 1153 1198
335SPRING B2014123  1204 1160 1188 1173 1162 1239 1362 1309 1215
335SPRING B2015 11  1165 1194 1260 1162 1047 1042 1146 1207 1130 1061 1057
335SPRING B2015 12  1085 1226 1296 1247 1310 1392 1273 1110 1120 1190 1265
335SPRING B2015 13  1275 1292 1290 1237 1143 1095 1121 1206 1222
335SPRING B2015 21  1126 1103 1163 1099 1007 1010 1133 1079  955 1018 1123
335SPRING B2015 22  1015  969 1066 1155 1167 1111 1025 1055 1109 1098 1132
335SPRING B2015 23  1143 1072 1110 1217 1240 1251
335SPRING B2015 31  1210 1170 1237 1364 1421 1325 1188 1229 1206 1172 1219
335SPRING B2015 32  1188 1180 1258 1178 1136 1205 1315 1334 1216 1112 1197
335SPRING B2015 33  1278 1236 1237 1288 1254 1213 1226 1170 1150
335SPRING B2015 41  1232 1144 1016 1072 1236 1220 1112 1044 1040 1111 1181
335SPRING B2015 42  1131 1044 1053 1145 1183 1263 1292 1111  986 1054 1125
335SPRING B2015 43  1198 1280 1206 1159 1129 1073 1011  986
335SPRING B2015 51  1081 1198 1223 1332 1490 1506 1435 1456 1571 1591 1512
335SPRING B2015 52  1484 1361 1158 1054 1074 1125 1199 1286 1225 1075 1070
335SPRING B2015 53  1112 1098 1092 1143 1234 1310 1318 1392 1361
335SPRING B2015 61  1127 1038 1121 1146 1107 1169 1317 1431 1268 1050 1041
335SPRING B2015 62  1087 1079 1033 1028 1161 1116 1019 1057 1063 1028 1078
335SPRING B2015 63  1167 1206 1167 1148 1183 1168 1117 1114
335SPRING B2015 71  1227 1194 1123 1161 1126 1030  958  983 1101 1233 1276
335SPRING B2015 72  1302 1344 1246 1097 1116 1090  967  948 1010 1106 1127
335SPRING B2015 73  1116 1230 1342 1367 1213 1079 1182 1307 1328
335SPRING B2015 81  1337 1365 1241 9999 9999 9999 1007 1027 1121 1215 1278
335SPRING B2015 82  1290 1210 1103 1071 1266 1249 1027  961 1030 1144 1182
335SPRING B2015 83  1050  963  962  976  994 1026  986  947  987
335SPRING B2015 91  1059 1098 1043 1048 1026 1086 1182 1119 1005 1003 1096
335SPRING B2015 92  1061 1033 1120 1151 1103 1029  964 1010 1122 1142  972
335SPRING B2015 93   856  881  893  905  948 1009 1043 1038
335SPRING B2015101  1048 1109 1182 1153 1183 1152  965  900  965 1065 1121
335SPRING B2015102  1025  959 1059 1158 1124 1082 1022 1057 1183 1126 1019
335SPRING B2015103  1029 1116 1160 1020  933  978 1020 1026 1101
335SPRING B2015111  1178 1065  948 1000 1150 1183 1064 1066 1155 1077  977
335SPRING B2015112  1075 1154 1054  999 1053 1110 1148 1160 1134 1112 1153
335SPRING B2015113  1208 1266 1343 1309 1219 1140 1145 1236
335SPRING B2015121  1221 1131 1032 1021 1030  990 1025 1176 1261 1286 1272
335SPRING B2015122  1208 1172 1132 1091 1078 1091 1107 1206 1220 1073  987
335SPRING B2015123  1017 1082 1187 1161 1001 1013 1088 1131 1128
335SPRING B2016 11  1066  986  917  964 1041 1051 1089 1116 1094 1106 1119
335SPRING B2016 12  1060 1112 1116  986  952 1032 1135 1196 1207 1207 1227
335SPRING B2016 13  1202 1155 1054 1007 1120 1231 1170 1127 1188
335SPRING B2016 21  1271 1301 1223 1103 1059 1103 1164 1166 1151 1160 1141
335SPRING B2016 22  1180 1276 1300 1338 1353 1272 1239 1247 1154 1067 1125
335SPRING B2016 23  1242 1290 1294 1290 1233 1136 1082
335SPRING B2016 31  1191 1245 1169 1181 1194 1164 1113 1121 1154 1104 1130
335SPRING B2016 32  1155 1148 1064  960 1034 1266 1380 1129 1001 1073 1143
335SPRING B2016 33  1158 1134 1165 1183 1136 1104 1094 1124 1191
335SPRING B2016 41  1283 1262 1138 1174 1323 1277 1170 1205 1340 1444 1297
335SPRING B2016 42  1126 1073 1138 1227 1174 1079 1119 1202 1206 1150 1108
335SPRING B2016 43  1097 1125 1133 1170 1211 1218 1227 1339
335SPRING B2016 51  1428 1454 1490 1398 1381 1375 1290 1328 1464 1545 1569
335SPRING B2016 52  1503 1424 1427 1421 1375 1359 1398 1420 1284 1184 1338
335SPRING B2016 53  1414 1334 1350 1458 1423 1301 1182 1092 1090
335SPRING B2016 61  1125 1096 1097 1192 1279 1339 1391 1395 1390 1340 1232
335SPRING B2016 62  1141 1206 1237 1216 1288 1304 1192 1192 1367 1500 1459
335SPRING B2016 63  1456 1316 1230 1296 1335 1302 1290 1357
335SPRING B2016 71  1364 1334 1334 1256 1183 1119 1069 1058 1091 1217 1435
335SPRING B2016 72  1556 1448 1365 1311 1256 1306 1427 1383 1249 1354 1564
335SPRING B2016 73  1448 1290 1350 1439 1396 1359 1310 1302 1310
335SPRING B2016 81  1291 1188 1007  933  987 1018 1015 1084 1279 1364 1288
335SPRING B2016 82  1264 1300 1251 1192 1219 1198 1219 1328 1352 1276 1212
335SPRING B2016 83  1218 1243 1213 1194 1244 1179 1076 1127 1220
335SPRING B2016 91  1187 1163 1206 1185 1104 1035 1031 1154 1244 1203 1148
335SPRING B2016 92  1070 1072 1209 1231 1136 1159 1242 1230 1178 1157 1118
335SPRING B2016 93  1121 1188 1236 1229 1191 1262 1352 1344
335SPRING B2016101  1313 1378 1498 1476 1397 1380 1325 1270 1375 1431 1321
335SPRING B2016102  1176 1099 1183 1347 1402 1360 1307 1210 1249 1318 1209
335SPRING B2016103  1107 1169 1279 1274 1170 1091 1179 1329 1349
335SPRING B2016111  1317 1274 1305 1430 1428 1365 1344 1275 1204 1168 1164
335SPRING B2016112  1225 1199 1148 1133 1098 1207 1244 1148 1132 1210 1202
335SPRING B2016113  1143 1180 1267 1237 1176 1180 1148 1156
335SPRING B2016121  1228 1217 1168 1204 1241 1214 1262 1368 1276 1139 1096
335SPRING B2016122  1235 1369 1285 1151 1215 1259 1179 1211 1307 1247 1131
335SPRING B2016123  1140 1165 1220 1179 1117 1179 1258 1338 1343
335SPRING B2017 11  1258 1201 1152 1092 1063 1063 1154 1247 1232 1267 1304
335SPRING B2017 12  1324 1416 1376 1245 1218 1300 1238 1185 1189 1165 1170
335SPRING B2017 13  1246 1244 1201 1204 1236 1206 1214 1308 1293
335SPRING B2017 21  1262 1303 1331 1335 1306 1172 1020 1100 1250 1265 1328
335SPRING B2017 22  1445 1303 1141 1245 1343 1330 1300 1256 1194 1141 1181
335SPRING B2017 23  1186 1132 1086 1086 1127 1155
335SPRING B2017 31  1155 1118 1073 1146 1164 1066 1017 1075 1139 1171 1205
335SPRING B2017 32  1186 1109 1090 1200 1249 1092 1048 1168 1171 1110 1031
335SPRING B2017 33  1008 1085 1162 1204 1274 1338 1314 1191 1205
335SPRING B2017 41  1221 1072  998 1078 1158 1156 1146 1241 1276 1155 1045
335SPRING B2017 42  1093 1214 1245 1207 1235 1205 1135 1121 1134 1136 1111
335SPRING B2017 43  1091 1196 1336 1246 1156 1250 1231 1197
335SPRING B2017 51  1307 1257 1070 1062 1191 1302 1242 1049 1028 1132 1120
335SPRING B2017 52  1095 1100 1085 1106 1142 1126 1072 1065 1132 1199 1202
335SPRING B2017 53  1231 1278 1270 1241 1326 1397 1306 1194 1101
335SPRING B2017 61  1096 1098 1082 1131 1178 1067 1020 1075 1069 1085 1192
335SPRING B2017 62  1172 1107 1142 1188 1188 1191 1172 1176 1260 1198 1214
335SPRING B2017 63  1406 1400 1311 1217 1152 1205 1242 1088
335SPRING B2017 71  1032 1153 1267 1299 1305 1306 1294 1286 1276 1186 1045
335SPRING B2017 72  1070 1231 1310 1206 1170 1283 1363 1313 1172 1147 1315
335SPRING B2017 73  1361 1271 1256 1214 1236 1285 1345 1321 1150
335SPRING B2017 81  1041 1112 1221 1328 1354 1339 1313 1232 1242 1356 1430
335SPRING B2017 82  1297 1167 1279 1467 1531 1481 1241 1110 1220 1287 1277
335SPRING B2017 83  1223 1165 1212 1262 1153 1081 1110 1034  941
335SPRING B2017 91  1010 1214 1378 1379 1338 1294 1266 1210 1127 1125 1227
335SPRING B2017 92  1285 1277 1255 1193 1129 1117 1235 1221 1137 1190 1279
335SPRING B2017 93  1382 1379 1235 1142 1279 1361 1355 1280
335SPRING B2017101  1188 1143 1137 1122 1109 1017 1012 1156 1256 1176 1212
335SPRING B2017102  1278 1190 1082 1040 1030 1069 1111 1128 1111 1159 1182
335SPRING B2017103  1194 1173 1163 1169 1210 1317 1394 1300 1204
335SPRING B2017111  1194 1229 1251 1187 1116 1186 1153 1047  989  957  953
335SPRING B2017112   954  962 1026 1090 1019  967 1011 1039 1029 1021 1059
335SPRING B2017113  1098 1102 1116 1147 1092  994 1049 1196
335SPRING B2017121  1208 1221 1211 1085 1092 1217 1250 1205 1212 1189 1162
335SPRING B2017122  1210 1295 1293 1241 1179 1174 1261 1380 1369 1267 1291
335SPRING B2017123  1414 1368 1225 1155 1191 1258 1320 1339 1347
335SPRING B2018 11  1328 1304 1262 1229 1215 1265 1284 1250 1158 1077 1144
335SPRING B2018 12  1325 1321 1174 1117 1109 1174 1270 1205 1103 1147 1228
335SPRING B2018 13  1225 1186 1181 1180 1189 1237 1267 1255 1202
335SPRING B2018 21  1155 1081 1044 1045 1071 1066 1072 1126 1170 1264 1311
335SPRING B2018 22  1242 1253 1338 1383 1317 1284 1208 1069 1054 1134 1176
335SPRING B2018 23  1261 1338 1175 1070 1207 1288
335SPRING B2018 31  1199 1171 1234 1237 1128 1040 1050 1058 1051 1128 1217
335SPRING B2018 32  1225 1159 1161 1143 1093 1213 1376 1361 1066  898  999
335SPRING B2018 33  1151 1321 1432 1355 1214 1201 1293 1257 1197
335SPRING B2018 41  1279 1313 1256 1255 1266 1212 1212 1246 1144 1101 1171
335SPRING B2018 42  1224 1345 1487 1521 1397 1223 1183 1199 1166 1147 1175
335SPRING B2018 43  1203 1228 1283 1242 1134 1113 1179 1234
335SPRING B2018 51  1214 1248 1353 1367 1282 1249 1343 1353 1380 1373 1176
335SPRING B2018 52  1043 1037 1150 1163 1144 1203 1211 1307 1350 1343 1284
335SPRING B2018 53  1199 1136 1083 1115 1154 1241 1303 1311 1193
335SPRING B2018 61  1146 1182 1218 1165 1074 1100 1247 1345 1193 1055 1180
335SPRING B2018 62  1345 1394 1417 1483 1460 1224 1047 1061 1143 1181 1225
335SPRING B2018 63  1266 1167 1082 1093 1114 1174 1256 1265
335SPRING B2018 71  1172 1161 1284 1368 1459 1568 1557 1389 1194 1218 1228
335SPRING B2018 72  1183 1191 1188 1236 1320 1376 1419 1446 1381 1249 1235
335SPRING B2018 73  1385 1494 1408 1336 1335 1375 1415 1382 1328
335SPRING B2018 81  1200 1199 1338 1346 1340 1451 1485 1380 1310 1390 1430
335SPRING B2018 82  1350 1327 1431 1495 1361 1290 1288 1163 1183 1244 1133
335SPRING B2018 83  1084 1115 1198 1210 1067 1025 1071 1172 1309
335SPRING B2018 91  1263 1049  940 1028 1105 1157 1183 1174 1180 1174 1225
335SPRING B2018 92  1250 1238 1304 1310 1188 1197 1293 1246 1145 1139 1142
335SPRING B2018 93  1028  961  984 1028 1119 1129 1049 1026
335SPRING B2018101  1022 1102 1080  965  949  965  984 1050 1018  890  847
335SPRING B2018102   876  912  944 1016 1078 1092 1119 1205 1195 1136 1154
335SPRING B2018103  1140 1095 1131 1202 1189 1118 1119 1127 1098
335SPRING B2018111  1198 1355 1310 1220 1238 1291 1265 1168 1139 1161 1130
335SPRING B2018112  1156 1219 1159 1037 1023 1042 1029 1020 1152 1288 1276
335SPRING B2018113  1177 1147 1181 1167 1119 1066 1078 1167
335SPRING B2018121  1285 1364 1323 1143 1053 1168 1250 1162 1106 1118 1122
335SPRING B2018122  1164 1140 1074 1109 1220 1167 1044 1080 1156 1109 1026
335SPRING B2018123  1100 1165 1088 1065 1138 1172 1173 1142 1163
335SPRING B2019 11  1223 1189 1181 1251 1233 1142 1151 1258 1269 1190 1161
335SPRING B2019 12  1172 1124 1152 1223 1207 1235 1257 1234 1216 1234 1235
335SPRING B2019 13  1121 1136 1271 1285 1231 1274 1330 1361 1237
335SPRING B2019 21  1119 1172 1269 1184 1041 1052 1230 1378 1350 1324 1424
335SPRING B2019 22  1488 1389 1260 1134 1185 1303 1333 1285 1232 1175 1086
335SPRING B2019 23  1016 1030 1119 1113 1044 1043
335SPRING B2019 31  1140 1180 1175 1192 1281 1247 1199 1193 1172 1268 1346
335SPRING B2019 32  1261 1144 1171 1156 1087 1081 1096 1141 1145 1095 1090
335SPRING B2019 33  1202 1349 1406 1302 1162 1271 1416 1392 1242
335SPRING B2019 41  1103 1164 1151 1033 1140 1311 1359 1395 1307 1203 1172
335SPRING B2019 42  1202 1143 1048 1068 1156 1199 1099 1004 1092 1210 1196
335SPRING B2019 43  1181 1317 1482 1445 1372 1261 1187 1208
335SPRING B2019 51  1172 1187 1271 1217 1119 1199 1314 1306 1270 1236 1208
335SPRING B2019 52  1204 1261 1251 1153 1139 1154 1108 1107 1197 1248 1216
335SPRING B2019 53  1271 1391 1440 1475 1504 1541 1426 1308 1176
335SPRING B2019 61  1120 1159 1108 1060 1159 1127 1051 1119 1237 1281 1266
335SPRING B2019 62  1319 1414 1384 1282 1266 1342 1370 1261 1178 1119 1041
335SPRING B2019 63  1006 1008 1008 1007 1018 1129 1288 1342
335SPRING B2019 71  1390 1306 1087  985 1026 1071 1119 1194 1283 1413 1524
335SPRING B2019 72  1473 1370 1374 1361 1350 1369 1332 1241 1246 1304 1360
335SPRING B2019 73  1364 1283 1267 1254 1248 1290 1243 1105 1098
335SPRING B2019 81  1135 1124 1069  998 1047 1202 1318 1361 1410 1334 1147
335SPRING B2019 82  1121 1115 9999 9999 1166 1118 1262 1322 1360 1333 1144
335SPRING B2019 83  1194 1313 1200 1133 1199 1154  994  984 1080
335SPRING B2019 91  1142 1151 1193 1206 1198 1263 1242 1233 1164 1109 1217
335SPRING B2019 92  1272 1189 1197 1229 1111  996 1002 1049 1117 1172 1118
335SPRING B2019 93  1104 1117 1094 1174 1205 1158 1108 1006
335SPRING B2019101   995 1052 1124 1057 1074 1214 1205 1073  984 1008  998
335SPRING B2019102   983 1061 1127 1117 1139 1187 1276 1290 1173 1071 1094
335SPRING B2019103  1140 1211 1325 1302 1151 1136 1194 1151 1173
335SPRING B2019111  1239 1257 1241 1212 1254 1401 1445 1304 1225 1244 1319
335SPRING B2019112  1348 1318 1304 1264 1180 1148 1196 1128 1130 1205 1165
335SPRING B2019113  1142 1217 1307 1273 1225 1194 1181 1279
335SPRING B2019121  1435 1434 1380 1349 1338 1324 1205 1090 1136 1150 1147
335SPRING B2019122  1190 1240 1252 1209 1128 1118 1171 1160 1170 1171 1094
335SPRING B2019123  1019 1022 1073 1078 1088 1122 1181 1252 1207
335SPRING B2020 11  1165 1134 1166 1196 1128 1051 1060 1111 1176 1278 1236
335SPRING B2020 12  1090 1040 1092 1161 1102 1017 1035 1128 1194 1204 1279
335SPRING B2020 13  1345 1316 1269 1258 1269 1284 1289 1287 1303
335SPRING B2020 21  1340 1354 1235 1104 1079 1055  984  921  937 1055 1128
335SPRING B2020 22  1045 1015 1128 1138 1018 1060 1203 1213 1163 1091 1080
335SPRING B2020 23  1115 1147 1280 1336 1343 1261 1216
335SPRING B2020 31  1255 1227 1110 1103 1217 1150 1007  978 1015 1029 1033
335SPRING B2020 32  1086 1143 1077  972  954 1065 1151 1183 1168 1130 1092
335SPRING B2020 33  1059 1095 1089 1021 1066 1153 1255 1277 1198
335SPRING B2020 41  1161 1259 1402 1455 1324 1190 1128 1080 1150 1331 1316
335SPRING B2020 42  1200 1123 1146 1268 1377 1419 1290 1215 1306 1341 1302
335SPRING B2020 43  1297 1339 1380 1364 1292 1307 1400 1471
335SPRING B2020 51  1585 1449 1144 1075 1135 1203 1278 1358 1358 1240 1241
335SPRING B2020 52  1320 1286 1197 1173 1189 1139 1126 1270 1385 1297 1193
335SPRING B2020 53  1226 1154 1074 1133 1209 1207 1164 1251 1392
335SPRING B2020 61  1395 1336 1206 1225 1295 1253 1193 1151 1173 1233 1123
335SPRING B2020 62  1084 1285 1443 1446 1326 1179 1188 1259 1296 1351 1305
335SPRING B2020 63  1188 1175 1228 1175 1062 1037 1128 1219
335SPRING B2020 71  1316 1339 1292 1267 1199 1128 1078 1095 1110 1153 1186
335SPRING B2020 72  1101 1035 1060 1121 1118 1129 1245 1379 1282 1162 1186
335SPRING B2020 73  1201 1160 1121 1150 1136 1157 1199 1169 1135
335SPRING B2020 81  1188 1261 1298 1293 1189 1028  998 1016 1004 1022 1084
335SPRING B2020 82  1149 1121 1070 1094 1183 1277 1370 1428 1413 1369 1306
335SPRING B2020 83  1251 1163 1100 1161 1271 1207 1169 1246 1188
335SPRING B2020 91  1146 1249 1346 1319 1204 9999 9999 1204 1063 1026 1123
335SPRING B2020 92  1200 1214 1223 1187 1153 1040  982 1061 1221 1304 1343
335SPRING B2020 93  1293 1232 1290 1286 1135 1038 1100 1235
335SPRING B2020101  1260 1222 1170 1188 1093 1009 1079 1195 1249 1207 1103
335SPRING B2020102  1079  985 1014 1095 1061 1077 1122 1105 1100 1129 1150
335SPRING B2020103  1252 1203  985  890  922 1029 1103 1113 1052
335SPRING B2020111   958 1006 1181 1264 1194 1137 1031 1005 1055 1117 1205
335SPRING B2020112  1301 1343 1279 1327 1349 1232 1159 1210 1194 1152 1207
335SPRING B2020113  1259 1270 1314 1273 1266 1305 1218 1192
335SPRING B2020121  1287 1273 1209 1272 1432 1497 1369 1217 1218 1118  994
335SPRING B2020122   948 1021 1147 1128 1059 1168 1227 1130 1099 1203 1267
335SPRING B2020123  1263 1213 1151 1210 1295 1249 1162 1100  996
335SPRING B2021 11   988 1092 1119 1075 1056 1023  993 1025 1106 1151 1226
335SPRING B2021 12  1190 1202 1274 1307 1315 1339 1342 1196 1128 1272 1338
335SPRING B2021 13  1265 1260 1355 1310 1096  981 1144 1264 1191
335SPRING B2021 21  1190 1172 1153 1191 1253 1311 1247 1148 1086 1144 1258
335SPRING B2021 22  1299 1191 1065 1026 1050 1043 1081 1218 1302 1305 1290
335SPRING B2021 23  1229 1239 1325 1234 1135 1208
335SPRING B2021 31  1301 1207 1203 1353 1253 1122 1171 1241 1190 1112 1129
335SPRING B2021 32  1241 1284 1249 1191 1070 1038 1061 1039 1011 1028 1105
335SPRING B2021 33  1221 1369 1396 1321 1302 1317 1236 1170 1230
335SPRING B2021 41  1243 1204 1328 1353 1209 1162 1259 1386 1380 1365 1250
335SPRING B2021 42  1093 1231 1450 1365 1194 1250 1362 1409 1365 1370 1481
335SPRING B2021 43  1397 1259 1250 1241 1184 1193 1166 1116
335SPRING B2021 51  1135 1208 1227 1154 1097 1148 1263 1294 1297 1269 1077
335SPRING B2021 52  1119 1359 1365 1238 1275 1240 1194 1250 1246 1151 1117
335SPRING B2021 53  1085 1115 1292 1382 1282 1089 1049 1140 1207
335SPRING B2021 61  1192 1213 1275 1285 1234 1220 1314 1308 1153 1043 1142
335SPRING B2021 62  1254 1169 1121 1137 1205 1261 1198 1128 1138 1157 1189
335SPRING B2021 63  1343 1423 1352 1326 1264 1155 1145 1219
