340KAOSHIUN      LAT=22 36.9N  LONG=120 16.9E
340KAOSHIUN1980 11  9999  154  157  161  140  133 9999 9999 9999  157  160
340KAOSHIUN1980 12   162  164  166  167  167  165  162  158  153  146  141
340KAOSHIUN1980 13   138  138  140  144  152  160  168  174  179
340KAOSHIUN1980 21   180  180  179  174  171  168  169  172  176  182  188
340KAOSHIUN1980 22   193  196  197  194  188  181  174  167  163  163  167
340KAOSHIUN1980 23  9999 9999 9999 9999 9999  221  224
340KAOSHIUN1980 31   222  218  212  207  202  200  202  206 9999 9999 9999
340KAOSHIUN1980 32  9999  237  231  226  217  207  199  194  193  195  221
340KAOSHIUN1980 33   237  227  240  253  256  258  256  255  198
340KAOSHIUN1980 41   107  131  174  188  180  142  109  109  105  101  144
340KAOSHIUN1980 42   160  168  139  170  189  166  200  210  163  154  170
340KAOSHIUN1980 43   184  206  186  188  169  146  123   87
340KAOSHIUN1980 51   117  204  215  171  117  117  146  134  126  174  208
340KAOSHIUN1980 52   202  200  207  207  213  311  384  380  347  310  274
340KAOSHIUN1980 53   284  290  260  239  266  273  228  232  231
340KAOSHIUN1980 61   181  156  185  224  234  241  251  266  276  282  262
340KAOSHIUN1980 62   207  127  105  131  112   86   76   84   89  102   99
340KAOSHIUN1980 63    94  152  173  153   98  130  129  156
340KAOSHIUN1980 71   177  155  115  142  193  186  159  201  307  361  279
340KAOSHIUN1980 72   181  122  100   99  140  183  195  193  203  249  258
340KAOSHIUN1980 73   215  214  251  239  186  160  189  193  162
340KAOSHIUN1980 81   132  149  203  225  192  200  207  202  221  263  274
340KAOSHIUN1980 82   281  330  313  275  291  316  299  292  311  309  326
340KAOSHIUN1980 83   350  398  452  493  538  482  393  364  385
340KAOSHIUN1980 91   375  346  327  328  341  355  386  431  450  404  333
340KAOSHIUN1980 92   343  350  327  289  310  438  475  341  236  219  231
340KAOSHIUN1980 93   242  256  262  270  298  304  320  313
340KAOSHIUN1980101   291  277  260  237  253  271  257  237  206  213  244
340KAOSHIUN1980102   220  208  226  221  237  232  233  209  198  216  254
340KAOSHIUN1980103   283  262  243  262  275  277  301  279  225
340KAOSHIUN1980111   206  211  251  303  339  351  265  241  276  284  239
340KAOSHIUN1980112   175  201  270  220  177  242  308  349  297  269  290
340KAOSHIUN1980113   269  247  248  250  236  201  213  236
340KAOSHIUN1980121   236  214  241  289  268  240  256  282  252  255  210
340KAOSHIUN1980122   151  195  208  158  161  208  202  163  166  190  109
340KAOSHIUN1980123    45   46   34  -20   -4   41   23   32  119
340KAOSHIUN1981 11   168  168  169  169  169  167  164  159  154  148  141
340KAOSHIUN1981 12   137  134  133  136  140  143  148  153  157  158  158
340KAOSHIUN1981 13   157  156  156  156  159  163  169  180  145
340KAOSHIUN1981 21   104  151  126  108  138  128  130  151  119  107  156
340KAOSHIUN1981 22   203  193  181  217  212  206  199  197  182  194  218
340KAOSHIUN1981 23   179  147  186  198 9999 9999
340KAOSHIUN1981 31  9999 9999  230  227  220  212  202  191  185  183  184
340KAOSHIUN1981 32   191  199  208  225  241  235  236  235  231  224  219
340KAOSHIUN1981 33   216  215  217  222  231  240  248  243  241
340KAOSHIUN1981 41   250  244  235  224  214  205  201  201  206  213  223
340KAOSHIUN1981 42   233  242  247  248  246  242  235  228  223  220  219
340KAOSHIUN1981 43   221  234  243  237  240  241  237  231
340KAOSHIUN1981 51   223  213  203  195  189  187  189  203  210  209  216
340KAOSHIUN1981 52   221  223  222  217  213  208  204  201  199 9999 9999
340KAOSHIUN1981 53  9999  200  200  198  193  188  182  175  168
340KAOSHIUN1981 61   163  160  159  160  163  166  171  174  179  184  180
340KAOSHIUN1981 62   179  177  176  176  176  174  173 9999 9999 9999  163
340KAOSHIUN1981 63   158  153  148  144  142  140  140  140
340KAOSHIUN1981 71   142  144 9999 9999 9999 9999 9999 9999  152  155  159
340KAOSHIUN1981 72   164  168  172  174  175  173  169  163  157  149  143
340KAOSHIUN1981 73   140  137  139  142  147  153  157  161  163
340KAOSHIUN1981 81   164  163  161  158  158  161  165  173  181  189  198
340KAOSHIUN1981 82   196  197  225  271  263  259  287  298  291  285  278
340KAOSHIUN1981 83  9999 9999 9999  285  284  301  315  298  270
340KAOSHIUN1981 91   246  197  208  214  189  215  262  260  248  263  285
340KAOSHIUN1981 92   276  257  261  272  329  355  351  393  469 9999 9999
340KAOSHIUN1981 93  9999  345  294  259  252  274  287  320
340KAOSHIUN1981101   345  342 9999 9999 9999  256  257  227  184  256  294
340KAOSHIUN1981102   256  246  263  272  255  220  209  265  290  258  235
340KAOSHIUN1981103   252  331  269  244  258  241  240  250  251
340KAOSHIUN1981111   267  240  237  249  185  102   83  160  200  191  162
340KAOSHIUN1981112   160  163  174  182  183  152  138  140   75   64   91
340KAOSHIUN1981113   114  139  134   45  -13   47   -7    2
340KAOSHIUN1981121    20   40   22    0  -16  -18   18  113  129  117  138
340KAOSHIUN1981122   127  104   98   69   47   16  -49  -29   21   36    7
340KAOSHIUN1981123    -8   40   59   60   59 9999 9999 9999 9999
340KAOSHIUN1982 11  9999   98  102   92   87   74   36   59   74   69   90
340KAOSHIUN1982 12    87   85   73   46   68   74   40   37   43   20   17
340KAOSHIUN1982 13     7    5  -19  -37    5   14    7    8   -6
340KAOSHIUN1982 21   -26    9   28    9   -6   19   45   50   57   91  117
340KAOSHIUN1982 22    81   84   94   90   64   49 9999 9999 9999   77   97
340KAOSHIUN1982 23   142  155  175  195  193  136
340KAOSHIUN1982 31   102  130  168  162   69   76   94   84  126  152  144
340KAOSHIUN1982 32   130  124  131  104   84  100  102  118  112  110  137
340KAOSHIUN1982 33   140  138  157  181  156  129  128  143  147
340KAOSHIUN1982 41   167  184  170  168  176  195  222  253  210  189  195
340KAOSHIUN1982 42   197  205  202  204  210  227  210  202  217  229  238
340KAOSHIUN1982 43   236  239  245  226  231  239  231  228
340KAOSHIUN1982 51   242  258  244  259  284  267  206  175  185  174  133
340KAOSHIUN1982 52   131  167  170  220  244  249  287  302  366  421  408
340KAOSHIUN1982 53   362  288  280  291  319  299  252  244  214
340KAOSHIUN1982 61   220  245  252  279  258  220 9999 9999 9999  210  220
340KAOSHIUN1982 62   223  223  233  263  274  255  268  286  293  296  320
340KAOSHIUN1982 63   343  361  365  404  444  425  386  360
340KAOSHIUN1982 71   441  427  368  339  258  233  245  275  283  269  242
340KAOSHIUN1982 72   245  245  223  220  231  180  152  138  149  133  132
340KAOSHIUN1982 73   246  291  283  300  377  600  670  422  267
340KAOSHIUN1982 81   256  229  207  232  265  288  290  324  301  248  207
340KAOSHIUN1982 82   160  176  236  311  312  287  306  276  264  278  281
340KAOSHIUN1982 83   307  367  396  356  297  276  288  291  310
340KAOSHIUN1982 91   330  373  409  438  408  359  355  355  348  375  392
340KAOSHIUN1982 92   379  390  374  319  331  346  340  348  387  445  428
340KAOSHIUN1982 93   355  323  324  307  278  278  274  269
340KAOSHIUN1982101   242  234  234  268  319  339  380  399  383  343  317
340KAOSHIUN1982102   331  332  367  385  337  344  337  299  254  236  216
340KAOSHIUN1982103   175  186  209  213  172   89   79  118  132
340KAOSHIUN1982111   107  152  190  139  133  145  121  123  139  154  188
340KAOSHIUN1982112   167  120   96   89   88  104   83   60  125  123   98
340KAOSHIUN1982113    61   54   78  111  158  197  157   98
340KAOSHIUN1982121   117  123   98  129  119  113  152  156  153  176  113
340KAOSHIUN1982122    73  126  165  189  178  119  118  124  118  150  165
340KAOSHIUN1982123   169  168  123  106  158  149  154  183  137
340KAOSHIUN1983 11    96  111  144  170  115   84   98   74   80   85   72
340KAOSHIUN1983 12    50   41   59   64   54   82   84   86  102   60   46
340KAOSHIUN1983 13    74   39   21   62   77   80  111   87   73
340KAOSHIUN1983 21   112   95   57   89  107 9999 9999 9999 9999   65   45
340KAOSHIUN1983 22    75  113  129  164  155   38   51  103   74   54   77
340KAOSHIUN1983 23    80   78   56   77  102  123
340KAOSHIUN1983 31   127   99   91   51   55  107  113  112  151  162  203
340KAOSHIUN1983 32   196  149  189  228  150   92  144  200  121   81  118
340KAOSHIUN1983 33    94   66  100  106  193  251  259  232  138
340KAOSHIUN1983 41    84  129  167  178  152  121  106  137  164  195  205
340KAOSHIUN1983 42   222  217  183  164  145  126  130  118   81   95  100
340KAOSHIUN1983 43    79   98  129  149  164  155  145  151
340KAOSHIUN1983 51   148  116  126  114  111  111  101  122  146  158  181
340KAOSHIUN1983 52   217  211  185 9999 9999 9999  234  265  271  236  249
340KAOSHIUN1983 53   253  211  193  189 9999 9999 9999 9999 9999
340KAOSHIUN1983 61  9999  233  268  219  209  299  315  275  232  216 9999
340KAOSHIUN1983 62  9999 9999  255  275  257  207  189  193  193  216  232
340KAOSHIUN1983 63   257  251  237 9999 9999 9999  247  222
340KAOSHIUN1983 71   223  237  241  248  266  285  294  299 9999 9999 9999
340KAOSHIUN1983 72  9999 9999  324  356  321  214  185  231  252  231  226
340KAOSHIUN1983 73   259  336  333  201  155  170  190  208  235
340KAOSHIUN1983 81   220  205  210 9999 9999 9999  272  287  298  310  364
340KAOSHIUN1983 82   410  418  410  377  366  365  345  308  297  292  301
340KAOSHIUN1983 83   332  312  305  271  216  192  184  157  145
340KAOSHIUN1983 91   178  229  283  287  283  271  292  293  265  250  242
340KAOSHIUN1983 92   236  211  236  242  227  243  244  232  279  295  315
340KAOSHIUN1983 93   347  367  358  310  309  300  266  256
340KAOSHIUN1983101   269  294  258  219  226  256  281  226  205  253  318
340KAOSHIUN1983102   338  285  233  226  212  208  231  231  238  264  255
340KAOSHIUN1983103   239  264  310  270  223  244  251  221  224
340KAOSHIUN1983111   244  254  271  263  251  255  242  219  202  164  123
340KAOSHIUN1983112   128  151  132   88  113  148  188  210  201  235  266
340KAOSHIUN1983113   277  312  305  279  271  291  262  244
340KAOSHIUN1983121   216  187  129  124  107   92   80   86  109  124  112
340KAOSHIUN1983122   156  167  125  138  172  149  140  146  128 9999 9999
340KAOSHIUN1983123  9999 9999    6   24   26   72  169  155  160
340KAOSHIUN1984 11   169  174  138  132  180 9999 9999 9999 9999  173  164
340KAOSHIUN1984 12   116  131  180  154  151  224  238  184  157  103   65
340KAOSHIUN1984 13    74   65   79  112  148  155  174  171  156
340KAOSHIUN1984 21   193  194  197  243  234  151  136  188  167  138  125
340KAOSHIUN1984 22   129  121  113  145  192  146  110  156  169  170  151
340KAOSHIUN1984 23   111   96 9999 9999 9999   77   37
340KAOSHIUN1984 31    68  123   98   87   79   72  114  174  155  147  180
340KAOSHIUN1984 32   199  205  201  194  168  175  189  125   52   72  102
340KAOSHIUN1984 33    85   57   54   74   76   71  128  147  156
340KAOSHIUN1984 41   168  171  200  180  127   82  118  172  144  137  173
340KAOSHIUN1984 42   183  179  209  236  241  222  216  207  230  229  207
340KAOSHIUN1984 43   225  224  234  231  250  246  214  186
340KAOSHIUN1984 51   208  270  301 9999 9999 9999  152  143  147  166  207
340KAOSHIUN1984 52   245  258  234  236  221  207  236  259  296  278  269
340KAOSHIUN1984 53   311  316  291  267  273  291  293  288  264
340KAOSHIUN1984 61   252  270  293  282  281  313  325  330  338  318  302
340KAOSHIUN1984 62   316  324  330  337  358  387  384  407  421  409  418
340KAOSHIUN1984 63   482  518  450  392  373  357  347  331
340KAOSHIUN1984 71   349 9999 9999 9999 9999 9999  351  335  294  294  304
340KAOSHIUN1984 72   284  264 9999 9999 9999 9999  319  316  292  265 9999
340KAOSHIUN1984 73  9999 9999  376  377  372  380  378  335  322
340KAOSHIUN1984 81   328  347  366  333 9999 9999 9999  372  357 9999 9999
340KAOSHIUN1984 82  9999  448  488  481  462  462  473  438  419  375 9999
340KAOSHIUN1984 83  9999 9999  275  298  336  456  555  526  432
340KAOSHIUN1984 91   360  368  347  247  199  205  232  235  243  212  162
340KAOSHIUN1984 92   179  194  179  155  173  209  184  168  147  154  194
340KAOSHIUN1984 93   240  242  223  233  228  214  197  194
340KAOSHIUN1984101   200  183  161  170  174  167  207  264  253  222  245
340KAOSHIUN1984102   269  257  249  259  247  234  241  261  321  362  354
340KAOSHIUN1984103   329  303  323  353  317  274  304  326  278
340KAOSHIUN1984111   192  177  236  252  230  191  181  190  201  189  145
340KAOSHIUN1984112   127  161  184  171  180  224  249  262  286  273  217
340KAOSHIUN1984113   203  183  176  153   81   78  117  145
340KAOSHIUN1984121   174  161  136  109   91   94   87   69   79   44   37
340KAOSHIUN1984122  9999 9999 9999 9999  153  121   69   86  102   81   39
340KAOSHIUN1984123    41   50 9999 9999 9999 9999 9999   23   33
340KAOSHIUN1985 11    24   20    7  -10    9   21  -15  -18   13   26   43
340KAOSHIUN1985 12    16  -33  -10   14   17   21 9999 9999 9999    3    9
340KAOSHIUN1985 13     6   15   62   95  100 9999 9999 9999 9999
340KAOSHIUN1985 21  9999   51   95  119  133  130  153  186  162  131  147
340KAOSHIUN1985 22   141  114  148  166  127  136  174  181  162  164  187
340KAOSHIUN1985 23   201  227  259  237  207  182
340KAOSHIUN1985 31   171  193  146  155  192  253  234  176  153  182  157
340KAOSHIUN1985 32   177  184  174  211  239  244  264  253  223  192  184
340KAOSHIUN1985 33   190  200  195  229  247  216  172  155  155
340KAOSHIUN1985 41   184  211  203  198  212  236  230 9999 9999 9999  161
340KAOSHIUN1985 42   203  202  199  151  117  173  224  219  210  221  214
340KAOSHIUN1985 43   216  206  188  179  176  180  175  176
340KAOSHIUN1985 51   183  187  233  244  202  183  188  177  200  222  233
340KAOSHIUN1985 52   241  260  264  266  254  237  261  259  218 9999 9999
340KAOSHIUN1985 53  9999  232  229  262  289  285  267  286  325
340KAOSHIUN1985 61   338  318  284  256  225  258  303  327  346  332  311
340KAOSHIUN1985 62   305  280  305  382  382  357 9999 9999 9999  413  513
340KAOSHIUN1985 63   535  453  391  391  421  449  437  400
340KAOSHIUN1985 71   399  376  268 9999 9999 9999 9999  316  280  273  280
340KAOSHIUN1985 72   282  271 9999 9999 9999  311  243  206  206  229  268
340KAOSHIUN1985 73   289  289  285  276  271  291  302  290  257
340KAOSHIUN1985 81   254  283  274  251  259  285  333  323  286  323  357
340KAOSHIUN1985 82   327  303  303  292  274  274  282  296  292  300  342
340KAOSHIUN1985 83   309  284  319  343  360  359  330  324  322
340KAOSHIUN1985 91   303  315  323  356  343  313  311  327  316  274  272
340KAOSHIUN1985 92   286  282  258  281  320  322  283  270  260  229  183
340KAOSHIUN1985 93   210  231  218  273  275  221  192  219
340KAOSHIUN1985101   250  308  404  324  229  174  151  160  173  175  146
340KAOSHIUN1985102   131  152  172  173  175  223  295  311  247  166  154
340KAOSHIUN1985103   177  191  204  185  193  241  240  213  209
340KAOSHIUN1985111   213  223  228  219  245  235  197  159  152  172  171
340KAOSHIUN1985112   138  129  172  186  148  140  148  136   99  102  133
340KAOSHIUN1985113   134   71   82  120  118   89   99 9999
340KAOSHIUN1985121  9999 9999  156  130  150  163  134  131  169  146   92
340KAOSHIUN1985122    97  125  117   93   91   75   48   75   92  129  144
340KAOSHIUN1985123   156  178  161  130 9999 9999 9999  147 9999
340KAOSHIUN1986 11  9999 9999  143   82  129  182   80   38   18   27   56
340KAOSHIUN1986 12  9999 9999 9999   68   71   86   69    8    3   23   10
340KAOSHIUN1986 13    40   30  -29  -47  -21    6   44   70   81
340KAOSHIUN1986 21    70   73   78  102  120   51   40   79   85   34   30
340KAOSHIUN1986 22    57   89   81   41   83   99   55   73 9999 9999 9999
340KAOSHIUN1986 23   125  126  156  136   96  105
340KAOSHIUN1986 31    80   40   92   99   73   85  132  154  186  205  187
340KAOSHIUN1986 32   204  252  258  227  202  254  296  253  252  238  206
340KAOSHIUN1986 33   231  266  277  259  263  247  239  238  182
340KAOSHIUN1986 41   200  230  237  231  216  211  225  226  212  203  148
340KAOSHIUN1986 42   155 9999 9999 9999  137  205  175  136  147  171  175
340KAOSHIUN1986 43   151  154  183  202  209  179  171  194
340KAOSHIUN1986 51   219  235  229  252  248  225  194  184  191  193  180
340KAOSHIUN1986 52   237  258  264  242  264  299  274  258  279  303  366
340KAOSHIUN1986 53   392 9999 9999 9999  304  258  280  308  303
340KAOSHIUN1986 61   286  295  298  253  231 9999 9999 9999 9999 9999 9999
340KAOSHIUN1986 62  9999 9999  238  276  302  283  246  214  243  291  317
340KAOSHIUN1986 63  9999 9999 9999  228  255  271  276  283
340KAOSHIUN1986 71   278  291  308  257  231  247 9999 9999 9999  488  443
340KAOSHIUN1986 72   334  324  318  278  274  324  353  321  280 9999 9999
340KAOSHIUN1986 73  9999 9999  239  225  233  260  288  312  332
340KAOSHIUN1986 81   358  400  428  425  413  384  381  382  379  348  312
340KAOSHIUN1986 82   316  332  328  335  378  406  373  345  339  350  262
340KAOSHIUN1986 83   164  184  260  289  302  299  228  250  283
340KAOSHIUN1986 91   286  335  329  331  287  274  276  276  274  263  264
340KAOSHIUN1986 92   253  261  304  334  346  436  504  420  304  208  224
340KAOSHIUN1986 93   227  209  218  227  217  209  218  218
340KAOSHIUN1986101   215  210  216  258  275  275  253  229  243  240  243
340KAOSHIUN1986102   264  324  335  336  327  294 9999 9999 9999  208  164
340KAOSHIUN1986103   161  171  148  158  194  182  151  256  316
340KAOSHIUN1986111   289  271  245  247  245  228  201  195  194  206  198
340KAOSHIUN1986112   222  241  263  283  273  256  227  217  235  290  298
340KAOSHIUN1986113   258  217  178  201  231  222  245  290
340KAOSHIUN1986121   297  233  194  208  208  156  129  154  137  138  160
340KAOSHIUN1986122   183  163  128  119  112   98 9999 9999 9999   55   47
340KAOSHIUN1986123    61   50   22   36   46   65   88   73   61
340KAOSHIUN1987 11   127  169  149  168  142  109  101   91  126  143  106
340KAOSHIUN1987 12    44   64  128   99   83  103  100   88  105  124  108
340KAOSHIUN1987 13    89   69   97   92   26   53   87   75   80
340KAOSHIUN1987 21    91   43  -12    9   54   46   27   36   52   89   99
340KAOSHIUN1987 22    76   59   68   42   45   69   21    9   39   64   64
340KAOSHIUN1987 23    49   22   29   66   46   67
340KAOSHIUN1987 31    37  -12   10   59   76  119  153  160  164  142  112
340KAOSHIUN1987 32   141  165  121  134  142  110  135  158  145  133  122
340KAOSHIUN1987 33   112   72   65  109  135  103   96   97   93
340KAOSHIUN1987 41   132  159  150  160  199  180  167  171  187  186  152
340KAOSHIUN1987 42   225  312  319  306  291  274  270  281  303  310  276
340KAOSHIUN1987 43   279  331  363  329  297  289  279  271
340KAOSHIUN1987 51   309  330  274  269  278  270  262  262  260  266  259
340KAOSHIUN1987 52   272  293  284  309  329  317  327  335  370  402  409
340KAOSHIUN1987 53   333  288  316  312  315  305  291  284  236
340KAOSHIUN1987 61   119   -4  -24   -6    3   12    4   11  142  202  200
340KAOSHIUN1987 62   248  282  286  221   83  107  144  220  209  213  239
340KAOSHIUN1987 63   242  227  221  228  243  253  265  290
340KAOSHIUN1987 71   282  266  277  300  305  299  291  256  229  265  328
340KAOSHIUN1987 72   389  373  272  233  212  215  247  268  276  263  220
340KAOSHIUN1987 73   192  214  266  297  262  204  183  203  226
340KAOSHIUN1987 81   227  211  208  201  194  170  186  258  356  375  328
340KAOSHIUN1987 82   294  292  282  252  252  274  304  309  306  292  269
340KAOSHIUN1987 83   242  232  229  234  228  243  264  235  220
340KAOSHIUN1987 91   238  212  214  242  249  279  379  423  510  442  353
340KAOSHIUN1987 92   348  358  359  296  222  224  290  310  307  268  220
340KAOSHIUN1987 93   207  219  223  227  255  265  219  196
340KAOSHIUN1987101   187  214  228  213  175  152  176  196  187  163  140
340KAOSHIUN1987102   171  203  207  219  226  226  244  233  229  238  274
340KAOSHIUN1987103   397  492  457  301  198  184  167  137  122
340KAOSHIUN1987111   137  130   86   93  118  158  168  165  156  128  103
340KAOSHIUN1987112    93   66   73  114  134  143  137  194  248  237  166
340KAOSHIUN1987113   141  152  179  221  201  189  281  325
340KAOSHIUN1987121   276  268  251  223  146  148  224  207  181  203  195
340KAOSHIUN1987122   192  191  145  164  202  249  270  234  218  248  201
340KAOSHIUN1987123   156  138  125  121  127  117   84   71  132
340KAOSHIUN1988 11   176  146  135  138  112  146  149  112   86   84   94
340KAOSHIUN1988 12    80   95   95   81   95  135  139  146  191  179  175
340KAOSHIUN1988 13   157  154  135   70   65  103   79   57   64
340KAOSHIUN1988 21    60   34   59   66   14  -25    4   35   38   41   55
340KAOSHIUN1988 22    57   48   49   65   57   22   65  118   93  128   97
340KAOSHIUN1988 23   116  127  140  157  130  145  191
340KAOSHIUN1988 31   213  163  136  157  166  150  135  129  153  185  148
340KAOSHIUN1988 32   122  148  146  120  152  181  200  196  179  193  193
340KAOSHIUN1988 33   201  229  230  210  240  267  235  230  242
340KAOSHIUN1988 41   262  257  253  267  269  229  167  151  189  256  269
340KAOSHIUN1988 42   223  206  223  177  157  141  133  147  101   79  130
340KAOSHIUN1988 43   151  167  159  145  159  183  178  167
340KAOSHIUN1988 51   164  157  146  192  209  190  160  132  177  189  163
340KAOSHIUN1988 52   184  237  257  220  201  206  228  238  219  210  230
340KAOSHIUN1988 53   268  281  297  299  314  333  353  386  431
340KAOSHIUN1988 61   437  337  286  287  332  319  260  253  243  238  235
340KAOSHIUN1988 62   213  216  235  238  242  230  206  220  228  231  254
340KAOSHIUN1988 63   278  290  272  257  227  235  195  160
340KAOSHIUN1988 71   177  198  216  193  204  236  270  277  270  288  273
340KAOSHIUN1988 72   240  231  224  221  233  298  387  355  259  275  284
340KAOSHIUN1988 73   266  285  306  327  343  357  367  354  353
340KAOSHIUN1988 81   352  305  288  311  329  345  368  372  360  326  391
340KAOSHIUN1988 82   445  432  397  356  350  344  329  311  317  296  254
340KAOSHIUN1988 83   231  235  254  271  301  290  270  251  259
340KAOSHIUN1988 91   291  285  252  222  225  245  234  233  241  256  276
340KAOSHIUN1988 92   272  295  322  322  331  341  315  296  344  372  385
340KAOSHIUN1988 93   377  361  346  359  395  416  399  357
340KAOSHIUN1988101   313  307  322  370  428  429  457  466  435  395  369
340KAOSHIUN1988102   365  381  405  364  320  327  350  379  384  342  317
340KAOSHIUN1988103   327  373  439  457  374  313  313  307  251
340KAOSHIUN1988111   202  200  229  237  219  218  235  264  260  246  255
340KAOSHIUN1988112   237  176  124   91   72   53   39   74  100  106   98
340KAOSHIUN1988113    81   69   71   30  -17  -20    1   17
340KAOSHIUN1988121    -6  -18    8   22   42  135  175  127   98  133  154
340KAOSHIUN1988122   137   86   69   73   40   26   29   14   27   39   10
340KAOSHIUN1988123    23   15   -1   13   37   16   -3   -9  -40
340KAOSHIUN1989 11   -11   12   22   45  100  124  140  139  132  131   82
340KAOSHIUN1989 12    38   69   61   68   70   81  110  120  130  153  114
340KAOSHIUN1989 13    97  139  158  139  123  153  153  123   93
340KAOSHIUN1989 21    72   85  113  101   81   86   96   92   60   38   42
340KAOSHIUN1989 22    49   57   91  150  130   76   19   33   64   48   13
340KAOSHIUN1989 23    23   64   50   69   83   68
340KAOSHIUN1989 31    63   87  118   79   94  134   93   98  111  106  101
340KAOSHIUN1989 32   141  142  118  108  108   93  115  111  101  168  234
340KAOSHIUN1989 33   242  207  177  161  150  163  169  160  146
340KAOSHIUN1989 41   153  169  184  172  142  132  138  150  132  123  135
340KAOSHIUN1989 42   133  132  134  125  124  158  172  176  191  215  215
340KAOSHIUN1989 43   180  152  189  173  144  162  193  178
340KAOSHIUN1989 51   178  195  188  214  234  213  207  211  200  160  132
340KAOSHIUN1989 52   142  140  141  216  230  203  212  230  223  211  209
340KAOSHIUN1989 53   220  190  159  178  213  216  183  188  209
340KAOSHIUN1989 61   225  247  240  232  209  216  268  303  312  286  265
340KAOSHIUN1989 62   223  216  184  154  146  149  164  189  188  214  251
340KAOSHIUN1989 63   268  263  242  207  199  204  216  212
340KAOSHIUN1989 71   200  179  195  200  207  231  255  265  276  274  261
340KAOSHIUN1989 72   273  293  293  346  453  424  334  297  309  345  332
340KAOSHIUN1989 73   304  310  332  328  320  340  375  377  371
340KAOSHIUN1989 81   400  401  377  364  356  363  377  378  380  367  344
340KAOSHIUN1989 82   348  358  381  402  384  368  387  394  396  371  341
340KAOSHIUN1989 83   321  316  285  285  313  289  236  215  247
340KAOSHIUN1989 91   282  300  304  306  313  288  292  345  448  533  537
340KAOSHIUN1989 92   391  260  219  245  265  249  231  201  168  169  165
340KAOSHIUN1989 93   144  161  186  191  221  245  262  264
340KAOSHIUN1989101   245  211  207  250  291  311  326  331  329  310  282
340KAOSHIUN1989102   253  254  293  300  251  265  326  287  261  221  192
340KAOSHIUN1989103   181  170  151  151  170  179  164  151  128
340KAOSHIUN1989111   116  156  159  207  246  241  271  272  268  321  360
340KAOSHIUN1989112   337  319  312  309  276  279  308  332  375  366  327
340KAOSHIUN1989113   334  345  311  277  243  203  226  244
340KAOSHIUN1989121   232  265  312  276  240  228  177  152  168  154  161
340KAOSHIUN1989122   181  181  183  203  190  145  126  135  170  189  196
340KAOSHIUN1989123   221  227  242  243  254  300  244  209  224
340KAOSHIUN1990 11   180  115   84   98  104   81   86  125  102  100  102
340KAOSHIUN1990 12    86  116  162  134   82  133  148   95  121  162  130
340KAOSHIUN1990 13    99  165  139  123  148  153  172  162  124
340KAOSHIUN1990 21   148  138   87   82   79   80   76   55   46   57   15
340KAOSHIUN1990 22    16   66   45   27   54   79   83   54   44  102  108
340KAOSHIUN1990 23    56   78  119  119  137  141
340KAOSHIUN1990 31    99   83   91   99   78   82   60   45   31   40   65
340KAOSHIUN1990 32    77  121  114   53   38   78   81   86   96   88   97
340KAOSHIUN1990 33   109   97   73   98  147  171  173  146  131
340KAOSHIUN1990 41   119  126  134   84  136  196  165  133  198  222  191
340KAOSHIUN1990 42   147  116  140  171  198  210  231  236  225  217  190
340KAOSHIUN1990 43   153  151  176  168  159  167  150  166
340KAOSHIUN1990 51   201  196  182  177  188  176  149  113  125  140  126
340KAOSHIUN1990 52   140  146  101  100  158  157  196  192  139  181  221
340KAOSHIUN1990 53   204  182  185  230  247  216  235  274  283
340KAOSHIUN1990 61   266  245  251  231  180  190  214  234  215  196  217
340KAOSHIUN1990 62   255  281  295  319  340  394  382  313  293  364  488
340KAOSHIUN1990 63   482  319  265  293  304  351  315  257
340KAOSHIUN1990 71   255  254  224  217  252  305  321  318  323  297  259
340KAOSHIUN1990 72   244  261  248  222  250  302  319  297  291  327  358
340KAOSHIUN1990 73   393  429  444  447  445  437  461  488  417
340KAOSHIUN1990 81   355  367  384  342  288  264  257  290  316  323  335
340KAOSHIUN1990 82   361  398  418  431  486  603  695  646  523  442  427
340KAOSHIUN1990 83   413  407  449  499  505  464  430  375  380
340KAOSHIUN1990 91   366  350  352  329  339  407  528  548  459  357  340
340KAOSHIUN1990 92   325  318  372  412  384  367  361  346  333  337  344
340KAOSHIUN1990 93   347  309  305  312  295  318  331  304
340KAOSHIUN1990101   289  306  283  279  311  311  338  342  342  385  352
340KAOSHIUN1990102   309  330  295  244  257  266  267  285  265  229  245
340KAOSHIUN1990103   241  211  185  190  192  135  143  178  187
340KAOSHIUN1990111   207  240  266  292  294  268  276  297  239  222  270
340KAOSHIUN1990112   246  223  272  272  249  247  254  254  220  205  240
340KAOSHIUN1990113   208  204  229  228  252  277  255  223
340KAOSHIUN1990121   177  169  154  121  144  149  129  169  179  105  113
340KAOSHIUN1990122   178  178  137  130  149  159  152  150  137  123  130
340KAOSHIUN1990123   137  135  120   76   96  145  129  150  175
340KAOSHIUN1991 11   126   83   92   89   66   97  126  101  124  178  139
340KAOSHIUN1991 12   107  134  111   70   77   85  130  147  126   93   87
340KAOSHIUN1991 13   102  113   90   80  123  138  132  132  162
340KAOSHIUN1991 21   159  171  167  120 9999 9999 9999   10   41   -7  -31
340KAOSHIUN1991 22    61  132   88   49   79   96   93   93   68   58   36
340KAOSHIUN1991 23     9   22   44   42   52   43
340KAOSHIUN1991 31    33   43   72   88   88  100  123   73   18   44   65
340KAOSHIUN1991 32    68  104  104   96  108  130  114   91  128  176  166
340KAOSHIUN1991 33   143  133  112  117  146  139  168  155  115
340KAOSHIUN1991 41   155  176  166  172  172  151  107  150  160  147  113
340KAOSHIUN1991 42    80   74   78  113  117  162  174  127  126  131  102
340KAOSHIUN1991 43    76   85  130  132  111   75   39   82
340KAOSHIUN1991 51   119   89  110  137  153  171  160  139  139  130  140
340KAOSHIUN1991 52   170  171  209  214  191  213  241  218  204  206  203
340KAOSHIUN1991 53   183  160  154  157  159  170  174  177  183
340KAOSHIUN1991 61   187  168  167  181  175  196  217  245  221  212  244
340KAOSHIUN1991 62   263  235  229  277  278  238  224  246  246  264  305
340KAOSHIUN1991 63   286  283  235  201  182  181  206  222
340KAOSHIUN1991 71   236  225  225  210  185  218  253  246  233  241  291
340KAOSHIUN1991 72   298  256  223  181  211  302  433  436  322  289  322
340KAOSHIUN1991 73   312  268  300  329  322  293  276  257  241
340KAOSHIUN1991 81   262  262  266  320  344  316  336  385  401  385  365
340KAOSHIUN1991 82   380  409  398  402  397  384  347  347  366  378  373
340KAOSHIUN1991 83   383  377  355  362  398  427  412  361  296
340KAOSHIUN1991 91   274  310  361  363  351  389  386  316  275  255  283
340KAOSHIUN1991 92   330  306  280  332  404  467  464  390  335  334  373
340KAOSHIUN1991 93   401  393  375  318  254  248  283  308
340KAOSHIUN1991101   296  269  246  232  226  239  296  349  348  338  320
340KAOSHIUN1991102   287  272  266  274  287  248  237  294  296  265  271
340KAOSHIUN1991103   284  288  304  348  478  592  478  299  236
340KAOSHIUN1991111   241  218  201  214  220  180  138  135  139  126  128
340KAOSHIUN1991112   184  234  252  228  213  189  173  139  147  172  140
340KAOSHIUN1991113   128  165  177  186  186  156  134  117
340KAOSHIUN1991121   112  125  124  119  141  144  143  131  170  166  120
340KAOSHIUN1991122   126  149  146  146  172  184  164  154  154  171  183
340KAOSHIUN1991123   164  141  134  148  153   54   48   53   35
340KAOSHIUN1992 11    12   -2  -18    6   43    3    1    0    7   24   43
340KAOSHIUN1992 12    40   17   29   69   75   46   32   25   16   26   32
340KAOSHIUN1992 13    62   89   38    3   27   42   37   70   50
340KAOSHIUN1992 21    28   71   42   14   46   48   16  -12   39   21   -8
340KAOSHIUN1992 22   -16  -21   34   78   44   26   41   28   -9   15   40
340KAOSHIUN1992 23     2  -34  -17  -19   15   72   81
340KAOSHIUN1992 31    83   90   94  114   92   50   97  104   78   68   60
340KAOSHIUN1992 32    55   76  117  132  113   85   75   83   83   55   61
340KAOSHIUN1992 33    90  108  131  114   90  111   95   99  148
340KAOSHIUN1992 41   153  171  202  162  137  139  107   94  112  124  134
340KAOSHIUN1992 42   151  149  160  144  147  208  191  119  123  142  103
340KAOSHIUN1992 43   112  130   94  114  145  144  128  106
340KAOSHIUN1992 51   132  158  165  154  158  171  169  161  152  152  205
340KAOSHIUN1992 52   216  170  144  137  134  142  122  101   83  106  148
340KAOSHIUN1992 53   156  155  151  159  151  142  180  228  229
340KAOSHIUN1992 61   192  154  140  128  140  128  125  143  144   97   99
340KAOSHIUN1992 62   135  139   93   93  130  116   84  129  171  201  213
340KAOSHIUN1992 63   200  205  218  251  262  234  224  209
340KAOSHIUN1992 71   181  203  220  205  216  206  202  182  166  147  163
340KAOSHIUN1992 72   163  131  151  159  185  207  197  188  197  210  154
340KAOSHIUN1992 73    88  112  143  136  149  140  149  146  150
340KAOSHIUN1992 81   169  165  141  120  137  182  203  198  173  167  194
340KAOSHIUN1992 82   234  266  259  261  289  331  298  289  304  269  236
340KAOSHIUN1992 83   256  279  289  311  340  408  498  483  376
340KAOSHIUN1992 91   277  257  298  348  323  266  228  243  241  253  290
340KAOSHIUN1992 92   313  308  296  292  317  357  371  379  449  554  495
340KAOSHIUN1992 93   290  230  254  266  291  286  249  239
340KAOSHIUN1992101   198  166  176  203  239  295  288  233  257  306  311
340KAOSHIUN1992102   308  321  329  338  346  312  268  289  321  325  312
340KAOSHIUN1992103   287  277  275  296  281  236  194  187  195
340KAOSHIUN1992111   206  190  150  156  191  177  192  191  109  182  256
340KAOSHIUN1992112   221  224  205  181  184  185  178  158  127  187  201
340KAOSHIUN1992113   133  119  125  162  181  169  161  142
340KAOSHIUN1992121   137  148  111   85   95  123  108   99   96   75   60
340KAOSHIUN1992122    84  100   74   60   71   72   61   60   69   44   29
340KAOSHIUN1992123    22   58   88   85  112   86   41   51    5
340KAOSHIUN1993 11     4   13    9   -5   -2    0  -20  -26  -14    4   11
340KAOSHIUN1993 12    -1   10   37   -3  -21    7    3   21   37   29   49
340KAOSHIUN1993 13    50   21   23   44    1   39   79   51   30
340KAOSHIUN1993 21    35   43   28   -3   22   63   42   28   30   35   49
340KAOSHIUN1993 22    62   66   66   94   93   63   95   85  110  120   64
340KAOSHIUN1993 23    48   53   35   46   79   30
340KAOSHIUN1993 31   -18   25   32   28   62   54   20   46   63   56   60
340KAOSHIUN1993 32    73  108  120  112  139  149  154  161  151  132  146
340KAOSHIUN1993 33   179  179  156  132  142  134  127  150  147
340KAOSHIUN1993 41   134  129  166  167  157  152  168  167  148  166  162
340KAOSHIUN1993 42   152  136  118  140  163  166  197  201  169  155  133
340KAOSHIUN1993 43   150  192  204  221  217  200  228  239
340KAOSHIUN1993 51   258  272  231  196  212  221  198  193  170  137  147
340KAOSHIUN1993 52   178  199  197  187  190  189  165  139  151  175  176
340KAOSHIUN1993 53   156  177  184  211  220  144  118  125  123
340KAOSHIUN1993 61   111  109  135  165  125   81  102  101   82  109  151
340KAOSHIUN1993 62   156  131  105   78   70   84  104  107   90   92  104
340KAOSHIUN1993 63   108  127  164  236  237  166  141  122
340KAOSHIUN1993 71   101   87  126  153  146  137  129  147  171  198  221
340KAOSHIUN1993 72   220  219  226  211  226  239  204  167  168  168  171
340KAOSHIUN1993 73   183  196  225  241  257  264  267  281  291
340KAOSHIUN1993 81   253  225  223  231  249  248  257  294  321  349  385
340KAOSHIUN1993 82   359  356  369  341  323  328  398  402  337  308 9999
340KAOSHIUN1993 83  9999 9999 9999  330  305  280  287  314  337
340KAOSHIUN1993 91   352  313  265  259  266  312  334  334  327  346  394
340KAOSHIUN1993 92   441  371  255  246  310  270  222  255  290  285  269
340KAOSHIUN1993 93   262  279  291  283  289  280  232  199
340KAOSHIUN1993101   221  302  359  385  399  413  389  348  346  315  295
340KAOSHIUN1993102   297  265  236  202  184  185  180  195  207  178  163
340KAOSHIUN1993103   174  168  166  156  129  118  104  134  222
340KAOSHIUN1993111   278  257  211  175  160  139  130  127  148  155  132
340KAOSHIUN1993112   153  142  126  140  150  124  110  126  116   63  114
340KAOSHIUN1993113   151  143  159  144  137  147  146  149
340KAOSHIUN1993121   135  145  148  122  151  188  209  197  180  192  227
340KAOSHIUN1993122   239  210  177  225  203  180  209  205  177  141  164
340KAOSHIUN1993123   186  148  144  172  198  223  205  151  127
340KAOSHIUN1994 11   162  173  135  124  127  112  122  145  145  154  187
340KAOSHIUN1994 12   211  192  186  235  229  186  153  183  174  155  178
340KAOSHIUN1994 13   183  201  192  143  141  172  180  177  171
340KAOSHIUN1994 21   119   95  147  179  182  156  166  180  156 9999 9999
340KAOSHIUN1994 22   184  181  210  157  154  167  201  222  162  192  256
340KAOSHIUN1994 23   212  126  114  138  157  156
340KAOSHIUN1994 31   158  198  179  206  200  206  245  255  250  226  271
340KAOSHIUN1994 32   270 9999 9999 9999 9999 9999 9999  218  192  222  241
340KAOSHIUN1994 33   228  250  229  181  228  244  206  177  177
340KAOSHIUN1994 41   153  166  205  176  204  248  281  304  297  275  281
340KAOSHIUN1994 42   251  249  254  217 9999 9999 9999  299  261  238  252
340KAOSHIUN1994 43   279 9999 9999 9999 9999 9999  291  283
340KAOSHIUN1994 51   279  296  298  252  239  242  224  221  254  229  164
340KAOSHIUN1994 52   165  171  146  140  142  119  119  137  139  139  151
340KAOSHIUN1994 53   171  186  201  174  170  205  199  198  235
340KAOSHIUN1994 61   260  209  188  207  224  222  200  173  166  156  151
340KAOSHIUN1994 62   162  155  162  177  187  229  219  200  224  224  211
340KAOSHIUN1994 63   196  205  188  165  152  162  183  197
340KAOSHIUN1994 71   187  220  240  200  179  193  226  253  360  482  395
340KAOSHIUN1994 72   282  245  226  202  220  258  279  263  233  220  222
340KAOSHIUN1994 73   233  263  299  308  299  298  283  282  298
340KAOSHIUN1994 81   282  299  402  386  296  296  292  195  146  149  196
340KAOSHIUN1994 82   284  329  341  314  265  267  323  368  349  311  314
340KAOSHIUN1994 83   300  315  328  305  271  227  232  260  311
340KAOSHIUN1994 91   320  286  283  278  261  202  161  170  224  294  298
340KAOSHIUN1994 92   215  167  155  182  203  237  270  253  240  214  195
340KAOSHIUN1994 93   201 9999 9999  225  210  248  252  213
340KAOSHIUN1994101   206  232  261  285  293  252  225  288  323  270  276
340KAOSHIUN1994102   214  191  181  173  156  127  165  227  248  336  377
340KAOSHIUN1994103   350  311  293  282  284  293  265  242  245
340KAOSHIUN1994111   256  228  197  199  180  167  169  161  121  105  100
340KAOSHIUN1994112    81   72   72   91   91   88   78   71   80   72   61
340KAOSHIUN1994113    74   78   83  102  108   96  105  109
340KAOSHIUN1994121   138  132  111  112  102  103  106  111  113  104  102
340KAOSHIUN1994122    69   38   56    8  -10    6  -14  -19  -27  -35   -4
340KAOSHIUN1994123     5    2   28   44   34   67  109   90   80
340KAOSHIUN1995 11    93  151  134   33  -18  -10    2    6   51   88   85
340KAOSHIUN1995 12    32   31   49   17   -1   30   56   54   61   90  105
340KAOSHIUN1995 13    58   29   41   54   52   63   77   55   18
340KAOSHIUN1995 21    28   50   38    6    0   40   65   65   56   81   79
340KAOSHIUN1995 22    59   60   43   41   52   73   80   41   28   68   74
340KAOSHIUN1995 23    30   21   28    2    0    8
340KAOSHIUN1995 31    30   61    4  -29   29   51   28   31   36  -13  -20
340KAOSHIUN1995 32    11   14   37   78   37  -27  -22   59   81   54   76
340KAOSHIUN1995 33    97   92   54   97  191  225  226  160  127
340KAOSHIUN1995 41  9999 9999 9999 9999 9999  123  148  153  125  106  111
340KAOSHIUN1995 42   180  238  204  161  167  191 9999 9999 9999 9999  191
340KAOSHIUN1995 43   143  130  130  135  149  162  164  199
340KAOSHIUN1995 51   185  175  206  216  233  231  181  189  234  235  239
340KAOSHIUN1995 52   276  312  261  219  231  226  167  139  165  202  207
340KAOSHIUN1995 53   190  191  204  185  164  166  185  230  247
340KAOSHIUN1995 61   219  214  229  220  209  211  237  227  208  186  200
340KAOSHIUN1995 62   193  178  218  227  220  198  176  177  171  169  174
340KAOSHIUN1995 63   175  187  187  165 9999 9999 9999  231
340KAOSHIUN1995 71   248  246  207  167  172  205  201  196  193  191  204
340KAOSHIUN1995 72   226  217  213  224  188  170  172  154 9999 9999 9999
340KAOSHIUN1995 73   259  229  255  320  332  395  438  415  327
340KAOSHIUN1995 81   246  293  296  238  223  255  299  287  254  240  240
340KAOSHIUN1995 82   263  264  241  239  266  268  260  273  278  291  309
340KAOSHIUN1995 83   293  243  255  264  272  290  310  437  395
340KAOSHIUN1995 91   257  227  233  234  246  228  193  197  215  231  252
340KAOSHIUN1995 92   272  299 9999 9999 9999  318  346  330  330  381  342
340KAOSHIUN1995 93   266  230  228  225  227  257  270  245
340KAOSHIUN1995101   230  174  152  175  179  136  170  189  187  196  192
340KAOSHIUN1995102   167  198 9999 9999 9999  180  199  203 9999 9999 9999
340KAOSHIUN1995103  9999 9999 9999 9999  255  242  243  262  215
340KAOSHIUN1995111   216  245 9999 9999 9999 9999  162  168  186  209  206
340KAOSHIUN1995112   188  161  140  142 9999 9999 9999 9999 9999 9999 9999
340KAOSHIUN1995113    54   97  193  173  148  163  191  212
340KAOSHIUN1995121   216  222  213  201  191  205  205  196  200  208  198
340KAOSHIUN1995122   198  206  193  183  201  192  182  203  192  170  178
340KAOSHIUN1995123   168  179  215  221  196  184  214  240  201
340KAOSHIUN1996 11   150  133  174  160  160  135  124   99  125  151  130
340KAOSHIUN1996 12   145  160  132  110  107  150  138  148  176  191  173
340KAOSHIUN1996 13   137  138  140  124  105   99   89   88   74
340KAOSHIUN1996 21    37   56  104   89   73  121  137   96   60   92  127
340KAOSHIUN1996 22   146  168  166  146  150  132  103  110   98  133  141
340KAOSHIUN1996 23    95   73   83   68   39   48   37
340KAOSHIUN1996 31  9999 9999 9999 9999 9999 9999 9999 9999 9999 9999 9999
340KAOSHIUN1996 32    32   38   54   69   70   36    6   64   69   59   47
340KAOSHIUN1996 33    39   39   26   48   89  142  191  194  197
340KAOSHIUN1996 41   191  198  182  182  209  223  205  193  223  196  188
340KAOSHIUN1996 42   196  150  110  133  157  152  150  177  174  194  184
340KAOSHIUN1996 43   193  211  196  186  187  204  204 9999
340KAOSHIUN1996 51  9999 9999 9999 9999 9999 9999 9999 9999 9999 9999 9999
340KAOSHIUN1996 52  9999 9999 9999 9999 9999  219  236  264  268  246  267
340KAOSHIUN1996 53   259  218  217  207  187  204  193  160 9999
340KAOSHIUN1996 61  9999 9999 9999  200  192  217  217  186  186  178  171
340KAOSHIUN1996 62   168  175  177  158  156  151  188  219  189  144  160
340KAOSHIUN1996 63   159  163  176  138  159  167  162  180
340KAOSHIUN1996 71   205  229  229  243  255  262  263  238  255  288  269
340KAOSHIUN1996 72   229  219  283  304  294  318  354  370 9999 9999 9999
340KAOSHIUN1996 73  9999 9999 9999 9999  360  283  299  337  350
340KAOSHIUN1996 81   338  239  182  204  210  251  191  114  135  160  176
340KAOSHIUN1996 82   207  211  190  154  170  195  187  181  202  183  181
340KAOSHIUN1996 83   209  214  173  155  180  192  202  182  175
340KAOSHIUN1996 91   181  177  168  175  197  206  258  330  295  287  314
340KAOSHIUN1996 92   283  239  256 9999 9999 9999  327  311  283  299  337
340KAOSHIUN1996 93   342  298  268  285  317  288  204  166
340KAOSHIUN1996101   200  249  263  249  272  290  234  201  197  201  233
340KAOSHIUN1996102   240  232  229  224  234  232  208  230  260  258  237
340KAOSHIUN1996103   240  243  215  207  247  226  165  147  137
340KAOSHIUN1996111   133   66   85 9999 9999 9999  203  269  268  289  258
340KAOSHIUN1996112   217  269  271  134  108   71   63   74   61   45   53
340KAOSHIUN1996113    67   70   78   73   60   74   50    3
340KAOSHIUN1996121    55   88   69   57   36   17   41   24  -10   -9   10
340KAOSHIUN1996122    14   12   23   22   -2  -23  -21  -14    3  -15  -26
340KAOSHIUN1996123   -24   -1  -28  -36  -37  -71  -84  -95  -97
340KAOSHIUN1997 11   -91  -75  -11  -13  -33   44   30   41   76   84   99
340KAOSHIUN1997 12   107  102   92  127  157  154  148  131  127  106  121
340KAOSHIUN1997 13   180   77   11   31   32   44   87  119   93
340KAOSHIUN1997 21   140  204  207  194  167  172  227  216  187  154  138
340KAOSHIUN1997 22   169  158  160  156  122  120  119  115  101   76   96
340KAOSHIUN1997 23   120  120  123   97  106  142
340KAOSHIUN1997 31   142  117  149  155  147  149  148  149  151  138  125
340KAOSHIUN1997 32   136  148  143  127  115   83  104  126  130  173  179
340KAOSHIUN1997 33   119  128  174  160  179  230  169  107  158
340KAOSHIUN1997 41   210  181  158  165  156  125  114  110   78   71  111
340KAOSHIUN1997 42   172  162  101   52   69  116  126  120  152  178  181
340KAOSHIUN1997 43   203  206  221  240  253  246  205  127
340KAOSHIUN1997 51   133  178  199  225  219  213  202  173  179  203  189
340KAOSHIUN1997 52   180  167  140  133   98   92  123  187  237  261  240
340KAOSHIUN1997 53   187  244  306  287  271  298  281  232  227
340KAOSHIUN1997 61   245  241  243  278  277  230  209  233  264  279  277
340KAOSHIUN1997 62   289  327  360  383  412  444  427  373  327  351  342
340KAOSHIUN1997 63   309  321  355  400  392  381  351  338
340KAOSHIUN1997 71   307  272  309  329  284  279  286  299  302  306  321
340KAOSHIUN1997 72   322  308  280  291  324  340  365  385  377  389  437
340KAOSHIUN1997 73   452  439  455  459  420  389  392  394  373
340KAOSHIUN1997 81   356  382  367  336 9999 9999 9999 9999 9999 9999  159
340KAOSHIUN1997 82   197  224  241  267  330  374  392  379  345  358  363
340KAOSHIUN1997 83   308  302  334  357  403  478  438  329  276
340KAOSHIUN1997 91   277  203  229  252  265  234  230  273  303  316  343
340KAOSHIUN1997 92   364  381  411  440  459  442  420  419  450  412  355
340KAOSHIUN1997 93   381  371  334  350  381  375  328  296
340KAOSHIUN1997101   277  256  236  224  205  206  214  236  230  156  155
340KAOSHIUN1997102   173  192  195  193  186  215  242  264  272  258  240
340KAOSHIUN1997103   208  187  179  179  183  209  199  200  239
340KAOSHIUN1997111   246  210  174  169  186  164  131  125  120  146  151
340KAOSHIUN1997112   168  169  157  174  169  128  151  157  121  118  105
340KAOSHIUN1997113   127  194  190  145  155  201  189  191
340KAOSHIUN1997121   177  161  206  191  155  154  144  130  148  159  168
340KAOSHIUN1997122   146  127  124  101  105  100   87  103   95   88   94
340KAOSHIUN1997123   100  113   96   87   84  114  145  121  109
340KAOSHIUN1998 11    61   64   61   -8  -29   49   95   83   38   48   26
340KAOSHIUN1998 12    17  109  150  108  144  170   81   89  127   70   97
340KAOSHIUN1998 13    73   56   96   88   34  -31    1   49   42
340KAOSHIUN1998 21    11   35   50   38   65   94   49   61   77   44   13
340KAOSHIUN1998 22    -4   34   48   67 9999 9999 9999   16    3  -29   -2
340KAOSHIUN1998 23   130  100   25   24   15    6
340KAOSHIUN1998 31    41   42   48   31   -3   39   83   86   99   84   63
340KAOSHIUN1998 32    52   64   77   54   57   41   62  111   63    1   -3
340KAOSHIUN1998 33    -5   17   36   33   43   49   10    2   50
340KAOSHIUN1998 41    35  -27   44   49    3   -3   45   66   47   29   72
340KAOSHIUN1998 42    88   29   10   20   14   18   56   63   67   75   61
340KAOSHIUN1998 43    39   22   42  101  118  109   91  124
340KAOSHIUN1998 51   163  109   60   53   37   44   82   73   31   41   69
340KAOSHIUN1998 52    41   68  109   79   63   35    0  -14   25   65   97
340KAOSHIUN1998 53   126  146  150  140  130  131  127  113  121
340KAOSHIUN1998 61   122  128  185  218  211  226  258  238  207  173  167
340KAOSHIUN1998 62   215  215  209  217  237  229  230  219  211  200  210
340KAOSHIUN1998 63   254  266  256  232  193  166  162  170
340KAOSHIUN1998 71   154  148  150  132  141  162  182  220  263  215  213
340KAOSHIUN1998 72   198  142  120  117  113  115  104  110  150  154  137
340KAOSHIUN1998 73   151  183  180  201  199  167  143  146  142
340KAOSHIUN1998 81   171  195  246  271  235  213  233  258  261  231  185
340KAOSHIUN1998 82   189  225  219  185  197  199  183  199  230  226  205
340KAOSHIUN1998 83   197  207  218  211  155  119  139  150  128
340KAOSHIUN1998 91   133  121  100   94  112  107  126  145  165  209  214
340KAOSHIUN1998 92   187  168  170  159  147  189  220  215  198  152  120
340KAOSHIUN1998 93   134  142  164  177  173   94   24   42
340KAOSHIUN1998101    73  103  124  127  124  111   74   58   48   25    9
340KAOSHIUN1998102    34  105  213  220   50  -15   -6   30   56   60   90
340KAOSHIUN1998103   111  120  162  183   66   16   38   28   69
340KAOSHIUN1998111   118  102   73   64   51   50   73   98   92   53   66
340KAOSHIUN1998112   110   71   44   50   76   75  107  129  129  115  124
340KAOSHIUN1998113   102   73   87   82   63   65   65   34
340KAOSHIUN1998121    23   -5  -16   10    4    4    9   96  159  165  209
340KAOSHIUN1998122   230  192  172  221  239  223  183  172  186  183  150
340KAOSHIUN1998123    94   91  128  121   68   41  107  125   84
340KAOSHIUN1999 11    95  113  102   99  122  112   97  143  170  139  153
340KAOSHIUN1999 12   151  152  143   97  109  120  129  115  116  146  163
340KAOSHIUN1999 13   173  163  142  135  122   62   52   97  102
340KAOSHIUN1999 21    77   22   26   78   74   49   57   29    2   -8  -32
340KAOSHIUN1999 22     0   46   33   17   25   61   61   22   29   32   37
340KAOSHIUN1999 23    65   40   54   71   39   43
340KAOSHIUN1999 31    75  101   81  112  143  175  166  147  181  180  164
340KAOSHIUN1999 32   173  162  135  129  152  176  203  169  132  126  159
340KAOSHIUN1999 33   244  246  243  252  200  191  205  209  233
340KAOSHIUN1999 41   229  181  166  178  169  170  193  221  235  216  239
340KAOSHIUN1999 42   234  186  202  213  233  245  210  192  168  155  142
340KAOSHIUN1999 43   157  182  182  154  157  178  211  229
340KAOSHIUN1999 51   254  295  292  244  202  209  200  195  193  162  149
340KAOSHIUN1999 52   140  148  144  177  191  182  166  122  141  171  190
340KAOSHIUN1999 53   192  178  188  155  123  147  198  228  225
340KAOSHIUN1999 61   198  201  241  282  391  435  297  203  187  173  164
340KAOSHIUN1999 62   163  163  163  183  178  169  171  165  152  178  185
340KAOSHIUN1999 63   161  130  137  132  118  142  185  201
340KAOSHIUN1999 71   205  213  187  172  164  168  194  220  215  224  267
340KAOSHIUN1999 72   286  265  276  282  265  261  264  243  224  220  279
340KAOSHIUN1999 73   375  382  323  315  370  328  305  287  249
340KAOSHIUN1999 81   274  319  328  318  328  390  363  308  316  323  325
340KAOSHIUN1999 82   329  312  264  221  226  232  226  248  345  386  306
340KAOSHIUN1999 83   243  264  300  286  251  237  243  256  252
340KAOSHIUN1999 91   259  317  370  308  265  271  277  266  262  249  253
340KAOSHIUN1999 92   298  316  305  287  265  297  311  285  265  227  251
340KAOSHIUN1999 93   271  271  274  262  234  211  245  281
340KAOSHIUN1999101   267  241  273  353  383  355  395  387  239  173  197
340KAOSHIUN1999102   222  245  243  259  302  383  404  350  332  329  303
340KAOSHIUN1999103   295  317  310  296  281  264  251  270  286
340KAOSHIUN1999111   268  312  335  322  295  247  237  273  279  270  249
340KAOSHIUN1999112   234  255  258  199  192  236  213  180  166  138  121
340KAOSHIUN1999113   126  139  155  153  145  127  180  188
340KAOSHIUN1999121   153  179  223  191  153  137  155  141  116  132  132
340KAOSHIUN1999122   116   95   68   72   81   38   43   97   85   26   12
340KAOSHIUN1999123    42   31   48   47   26    9   27   20   27
340KAOSHIUN2000 11    18   38   51   56   56   40   56   95   74   28   38
340KAOSHIUN2000 12    58   39   40   56   29   14    1    3   25   58   58
340KAOSHIUN2000 13    57   74   47   69  102  104   49   -1   43
340KAOSHIUN2000 21    79   60   23   16   20   33   31   35   47   39   35
340KAOSHIUN2000 22    69   97   65   57  101  115  143  158   97   92  127
340KAOSHIUN2000 23    88   78  116  135  164  119  107
340KAOSHIUN2000 31   151  151  149  158  143  127  125  130  150  165  170
340KAOSHIUN2000 32   165  135  116  111   90  138  159  123  134  165  163
340KAOSHIUN2000 33   146  138  166  162  124   78   82  183  199
340KAOSHIUN2000 41   129  112  165  206  171  145  142  133  108   79   77
340KAOSHIUN2000 42   104  106  104   67   83  115   91   98  110   96   99
340KAOSHIUN2000 43    99  114  117   99   79  118  129  132
340KAOSHIUN2000 51   161  141  115  133  137  166  201  242  276  246  214
340KAOSHIUN2000 52   197  152  157  218  245  226  240  229  230  233  207
340KAOSHIUN2000 53   176  163  160  139   98   86  110  153  141
340KAOSHIUN2000 61   113  140  171  182  175  170  197  198  171  169  181
340KAOSHIUN2000 62   203  207  248  270  245  206  210  204  187  189  181
340KAOSHIUN2000 63   185  188  188  189  219  271  276  254
340KAOSHIUN2000 71   260  308  350  375  388  411  402  394  303  193  178
340KAOSHIUN2000 72   210  257  302  307  275  277  304  310  285  264  262
340KAOSHIUN2000 73   271  273  259  232  243  263  247  220  207
340KAOSHIUN2000 81   202  223  240  251  262  282  289  278  308  342  329
340KAOSHIUN2000 82   245  199  219  249  236  199  203  252  289  305  399
340KAOSHIUN2000 83   411  353  302  303  300  329  366  351  304
340KAOSHIUN2000 91   254  252  268  271  295  318  318  319  306  338  408
340KAOSHIUN2000 92   405  398  391  346  309  297  269  258  273  283  270
340KAOSHIUN2000 93   250  243  230  212  219  217  210  201
340KAOSHIUN2000101   207  207  191  172  171  166  184  210  220  225  236
340KAOSHIUN2000102   260  279  276  250  235  192  148  162  197  221  247
340KAOSHIUN2000103   271  281  284  279  290  308  321  367  319
340KAOSHIUN2000111    91  107  182  179  200  198  171  157  124   98  110
340KAOSHIUN2000112   130  158  150   99   59   43  107  129   57   99  162
340KAOSHIUN2000113   150  157  153  126  107  111  111  103
340KAOSHIUN2000121    79   89   86   87   96   90   88   89  111   91   65
340KAOSHIUN2000122   103   85   50   59   51   57   63   38   22   30   56
340KAOSHIUN2000123    69   75   79   86  116  101  119  126  119
340KAOSHIUN2001 11   157  122   83  126  174  199  147  111   98   83   82
340KAOSHIUN2001 12    82   77   94  101  108   84   87   92   89  113  127
340KAOSHIUN2001 13    88  124  137   72   89   94  122  150  147
340KAOSHIUN2001 21   146  160  155  106  123  140   99  111  165  146  173
340KAOSHIUN2001 22   163  107  115  148  102  114  128  113  140  160  167
340KAOSHIUN2001 23   158  114  131  161  118   99
340KAOSHIUN2001 31    77  104   75   63  107  111   61   65  104   70   28
340KAOSHIUN2001 32    51  107   65   55   66   78   70  103  112  131  173
340KAOSHIUN2001 33   154  139  141  143  193  205  198  216  171
340KAOSHIUN2001 41   183  245  228  199  212  203  217  259  256  261  236
340KAOSHIUN2001 42   223  194  135  151  190  216  247  253  249  214  196
340KAOSHIUN2001 43   236  230  202  224  256  241  188  184
340KAOSHIUN2001 51   215  218  217  249  267  233  201  197  194  179  210
340KAOSHIUN2001 52   277  281  198  151  158  184  203  265  284  250  236
340KAOSHIUN2001 53   230  234  218  211  218  243  284  285  244
340KAOSHIUN2001 61   233  264  279  277  251  234  231  234  228  210  208
340KAOSHIUN2001 62   268  338  307  266  272  278  305  367  338  344  419
340KAOSHIUN2001 63   423  289  269  272  268  282  304  326
340KAOSHIUN2001 71   326  311  377  580  614  416  326  313  313  329  400
340KAOSHIUN2001 72   371  291  249  241  299  340  317  305  346  355  338
340KAOSHIUN2001 73   378  409  345  305  298  297  294  257  233
340KAOSHIUN2001 81   253  300  320  326  312  337  350  316  285  291  324
340KAOSHIUN2001 82   362  367  341  364  410  442  463  445  415  418  453
340KAOSHIUN2001 83   475  436  375  351  365  369  357  326  329
340KAOSHIUN2001 91   369  391  382  370  358  365  386  398  374  348  328
340KAOSHIUN2001 92   320  331  376  406  363  328  390  416  314  327  421
340KAOSHIUN2001 93   482  507  524  493  367  263  224  214
340KAOSHIUN2001101   208  209  189  200  237  265  252  226  221  227  252
340KAOSHIUN2001102   290  327  359  377  317  318  321  330  315  277  266
340KAOSHIUN2001103   233  220  200  197  200  173  167  207  206
340KAOSHIUN2001111   182  193  212  230  188  203  267  267  272  299  247
340KAOSHIUN2001112   221  201  165  168  198  209  185  141  104   87  102
340KAOSHIUN2001113   125  121  109  119  140  134  127  144
340KAOSHIUN2001121   144  131   97   74   76  103  123  110  114  147  151
340KAOSHIUN2001122   138  101  115  134  143  126   72   47   56   39   51
340KAOSHIUN2001123    50   29   33   54   50   14   37   84   79
340KAOSHIUN2002 11    36   15   45   36   36   49   25   28   58   61   51
340KAOSHIUN2002 12    52   67   75   65   65   88  115   93   48   28   75
340KAOSHIUN2002 13   106  122  112   53   46   59   44   52   63
340KAOSHIUN2002 21    67   67  103  129  100   80   91   91   92   95  149
340KAOSHIUN2002 22   147  117   89   70   79   57    9    0   63   74   55
340KAOSHIUN2002 23    67   75   92  113   93   74
340KAOSHIUN2002 31    85   91  112  145   90   23   29   33   45   99  121
340KAOSHIUN2002 32   131  143  112   97   78   56   48   57   68  102   71
340KAOSHIUN2002 33    47  116  120  130  132  155  129  103  134
340KAOSHIUN2002 41   140  116   86   89  138  135  113  121  143  158  142
340KAOSHIUN2002 42   121  156  202  175  155  178  158  168  197  219  199
340KAOSHIUN2002 43   151  109  143  193  187  150 9999 9999
340KAOSHIUN2002 51  9999  -36  -24  -11   29   84  106   48   27    8    0
340KAOSHIUN2002 52    10   55   57   16   29   94   96  122  181  181  179
340KAOSHIUN2002 53   181  172  153  123  114  130  121   75   81
340KAOSHIUN2002 61   114  126  121  123  129  145  142  128  115  109   82
340KAOSHIUN2002 62    65   60   66   58   59   57   41   55   87   84   73
340KAOSHIUN2002 63    73   64   70   65   81  103   97  114
340KAOSHIUN2002 71   151  161  150  139  157  176  225  315  245  112  110
340KAOSHIUN2002 72   138  179  183  156  144  134  138  138  155  189  189
340KAOSHIUN2002 73   195  203  229  261  282  295  241  209  219
340KAOSHIUN2002 81   225  262  257  236  229  197  157  164  178  161  135
340KAOSHIUN2002 82   154  198  233  234  198  181  182  177  171  180  204
340KAOSHIUN2002 83   210  181  158  152  151  150  164  181  202
340KAOSHIUN2002 91   202  167  154  173  193  169  156  170  225  184   85
340KAOSHIUN2002 92    92  124  140  148  135  105  132  152  156  142  117
340KAOSHIUN2002 93   118   95   68   87  116  125  130   99
340KAOSHIUN2002101    82  108  135  147  145   98   95  184  241  240  204
340KAOSHIUN2002102   143  122  117   80   71  100   89   73   99  110   97
340KAOSHIUN2002103   112   97   74  100  134  135  123  113  118
340KAOSHIUN2002111   122  139  132  115  110   95   79   68  101  111   75
340KAOSHIUN2002112    57   95  107   60 9999 9999 9999  349  316  275  279
340KAOSHIUN2002113   293  275  255  266  279  270  243  279
340KAOSHIUN2002121   315  299  262  231  238  264  260  221  280  348  283
340KAOSHIUN2002122   179  210  223  191  178  192  225  229  234  225  207
340KAOSHIUN2002123   221  216  192  227  276  257  191  160  128
340KAOSHIUN2003 11   124  128   93   89   95  144  104  131  156  119  141
340KAOSHIUN2003 12   147  123  107  120  127  109  107  122  163  191  171
340KAOSHIUN2003 13   111  130  194  183   92   98  175  172  172
340KAOSHIUN2003 21   161  165  196  164  175  222  257  278  254  263  252
340KAOSHIUN2003 22   237  249  240  248  231  215  228  202  208  222  203
340KAOSHIUN2003 23   175  149  166  153  122  142
340KAOSHIUN2003 31   164  200  223  221  270  232  157  156  148  121  143
340KAOSHIUN2003 32   119  105  152  169  147  135  155  203  232  218  210
340KAOSHIUN2003 33   225  185  140  141  147  141  152  163  204
340KAOSHIUN2003 41   227  225  241  244  227  233  227  199  198  217  204
340KAOSHIUN2003 42   169  194  217  234  232  206  186  173  165  199  216
340KAOSHIUN2003 43   236  261  253  236  218  130  108   65
340KAOSHIUN2003 51    69   83   89  101  110  105   61    3   -6   30   23
340KAOSHIUN2003 52    13   43   72   65   90  111   92   57   58   89  121
340KAOSHIUN2003 53   132  129  138  193  257  228  177  148  131
340KAOSHIUN2003 61   151  157  105   60   84  165  180  125  121  154  182
340KAOSHIUN2003 62   154  117  128  189  241  225  169  158  142  142  145
340KAOSHIUN2003 63   127   96   78   99   88   58   63   80
340KAOSHIUN2003 71   106   97  104  122  138  121  100  126  192  188  166
340KAOSHIUN2003 72   156  172  164  171  174  192  248  257  221  183  237
340KAOSHIUN2003 73   273  201  163  150  159  179  186  197  211
340KAOSHIUN2003 81   212  230  296  340  356  310  269  255  236  231  209
340KAOSHIUN2003 82   185  177  218  312  367  335  332  378  371  330  338
340KAOSHIUN2003 83   370  366  348  336  355  347  337  332  341
340KAOSHIUN2003 91   463  444  289  261  294  305  298  286  275  321  314
340KAOSHIUN2003 92   295  278  266  260  244  232  257  275  258  250  264
340KAOSHIUN2003 93   294  290  296  306  302  312  298  262
340KAOSHIUN2003101   210  162  190  254  317  319  262  218  230  249  238
340KAOSHIUN2003102   229  225  204  229  278  281  260  288  307  290  286
340KAOSHIUN2003103   302  312  280  241  210  180  200  244  239
340KAOSHIUN2003111   214  182  147  127  115  107  116  125  123  141  131
340KAOSHIUN2003112   132  156  189  205  202  225  234  208  188  157  161
340KAOSHIUN2003113   204  184  179  189  191  191  225  233
340KAOSHIUN2003121   215  195  215  203  187  170  164  170  115  107  118
340KAOSHIUN2003122   106  113  103  101  112   90   34    9   61   87   89
340KAOSHIUN2003123   100   77   50   32   59   37   15    8   -8
340KAOSHIUN2004 11    16   27   20    1   -7    1   -6  -28  -37  -29  -50
340KAOSHIUN2004 12   -60  -24    4    2  -20  -22    8    8   -1  -21   13
340KAOSHIUN2004 13     4  -71  -43  -20  -60  -32  -30  -67  -49
340KAOSHIUN2004 21   -23  -46  -68  -54  -37  -42  -16  -11  -31  -16  -26
340KAOSHIUN2004 22   -42  -31  -14  -15   -2  -13  -16    0    0    5   -7
340KAOSHIUN2004 23     4   54   28   -1   45   82   81
340KAOSHIUN2004 31    70   72   62   98  111   61   33   72  105  157  162
340KAOSHIUN2004 32   114   88  113  131  133  116  107  170  189  173  168
340KAOSHIUN2004 33   160  161  157  143  130  123  126  105  110
340KAOSHIUN2004 41   120   94  107  111  132  146  140  115  119  137  127
340KAOSHIUN2004 42   118  135  148  142  155  172  151  113   89   98 9999
340KAOSHIUN2004 43  9999  127  176  194  132  141  171  176
340KAOSHIUN2004 51   190  187  172  152  172  176  210  252  226  195  223
340KAOSHIUN2004 52   251  188  146  166  186  224  291  314  279  303  358
340KAOSHIUN2004 53   313  247  224  240  250  286  291  291  288
340KAOSHIUN2004 61   275  282  281  319  356  362  347  322  323  282  231
340KAOSHIUN2004 62   201  180  167  140  165  214  249  258  239  238  267
340KAOSHIUN2004 63   283  299  304  320  316  369  436  477
340KAOSHIUN2004 71   482  425  335  254  241  244  237  225  222  226  246
340KAOSHIUN2004 72   265  305  349  361  337  332  337  346  324  310  309
340KAOSHIUN2004 73   303  314  335  333  312  294  286  287  300
340KAOSHIUN2004 81   330  340  356  360  331  315  335  368  390  424  426
340KAOSHIUN2004 82   374  322  248  257  298  292  257  225  216  222  214
340KAOSHIUN2004 83   212  249  273  279  270  272  268  270  312
340KAOSHIUN2004 91   327  286  297  328  345  339  333  288  293  371  314
340KAOSHIUN2004 92   228  182  211  241  210  193  195  180  170  168  192
340KAOSHIUN2004 93   192  187  216  234  236  250  235  233
340KAOSHIUN2004101   229  261  342  355  283  290  321  278  256  253  236
340KAOSHIUN2004102   240  249  258  276  309  344  345  295  257  225  170
340KAOSHIUN2004103   189  249  186  130  176  203  187  159  138
340KAOSHIUN2004111   135  141  157  156  117  104   90   99  116  115   87
340KAOSHIUN2004112    65   97  115  118  159  160  121  130  124   93  115
340KAOSHIUN2004113   102   83   84   46   42   52   36   57
340KAOSHIUN2004121    63  100  185   70  -26   12    8  -23    1  -24  -42
340KAOSHIUN2004122   -36   -5   19  -10  -24  -14   -3   -1   -5    8   27
340KAOSHIUN2004123     8   -5    6    4    8  -11   -8   11  -14
340KAOSHIUN2005 11    75  138  118   85  103  101   49   59  109  102   66
340KAOSHIUN2005 12    73   90   51   45   33   25   26   -2   -9   10   30
340KAOSHIUN2005 13    28   61   95   91  111  104   88   80   79
340KAOSHIUN2005 21   105   95   78   55   38   47   68   60   53   44   69
340KAOSHIUN2005 22   102  119  156  172  158  142  117   80   91  144  122
340KAOSHIUN2005 23   120  137  110   73   86   54
340KAOSHIUN2005 31    25   51   17  -44  -72  -35  -22  -22   12   37   31
340KAOSHIUN2005 32     8   44   86   85   47   19   21   55   82  107  139
340KAOSHIUN2005 33    80  102  144  191  186  174  180  208  204
340KAOSHIUN2005 41   173  134  124  153  166  170  179  202  208  176  160
340KAOSHIUN2005 42   135  128  160  180  182  195  190  157  115  127  150
340KAOSHIUN2005 43   133  113  143  159  161  157  142  132
340KAOSHIUN2005 51   124  114  147  188  201  209  194  221  203  192  190
340KAOSHIUN2005 52   186  200  195  170  174  200  215  217  230  228  200
340KAOSHIUN2005 53   204  203  186  204  253  250  238  268  320
340KAOSHIUN2005 61   302  258  229  232  266  286  279  247  254  288  316
340KAOSHIUN2005 62   346  316  332  324  267  244  228  224  226  222  210
340KAOSHIUN2005 63   207  246  285  300  282  249  247  255
340KAOSHIUN2005 71   255  268  275  265  270  296  277  273  277  268  272
340KAOSHIUN2005 72   241  225  227  245  319  415  432  363  284  251  250
340KAOSHIUN2005 73   239  250  283  312  350  361  327  311  312
340KAOSHIUN2005 81   325  348  366  331  303  273  232  236  261  284  363
340KAOSHIUN2005 82   465  359  243  241  257  249  213  215  254  253  230
340KAOSHIUN2005 83   243  288  285  267  272  263  301  354  363
340KAOSHIUN2005 91   324  283  293  363  381  379  369  322  325  361  344
340KAOSHIUN2005 92   323  300  307  332  326  293  238  237  314  394  452
340KAOSHIUN2005 93   430  361  339  260  224  259  273  281
340KAOSHIUN2005101   355  362  335  277  287  301  263  243  261  267  271
340KAOSHIUN2005102   291  298  299  288  297  292  297  300  286  249  247
340KAOSHIUN2005103   265  259  241  233  210  178  153  134  183
340KAOSHIUN2005111   217  195  168  155  142  124  113  132  136  149  190
340KAOSHIUN2005112   222  231  219  246  290  290  268  288  307  323  326
340KAOSHIUN2005113   269  255  265  252  239  231  233  240
340KAOSHIUN2005121   245  227  211  176  186  217  185  180  212  179  126
340KAOSHIUN2005122   127  141  115  125  139  133  149  152  101   28   47
340KAOSHIUN2005123   102   56   46   97  140  158  137   98   67
340KAOSHIUN2006 11    81   90  101  109   49   25   44   47   27   54   84
340KAOSHIUN2006 12    94   94   97  110   98   68  103  145  119   99  125
340KAOSHIUN2006 13   143  135   91  100  158  172  151  140  123
340KAOSHIUN2006 21   116  124   75   83  163  128  104  120  107  118  120
340KAOSHIUN2006 22   123  170  211  199  123  120  204  212  184  172  160
340KAOSHIUN2006 23   155  162  142   96  124  157
340KAOSHIUN2006 31   109  138  185  164  134  108  110  102   54   41   81
340KAOSHIUN2006 32   111  105  126  131  103   81   56   61  109  149  123
340KAOSHIUN2006 33    76   60   89  126  148  145  139  145  159
340KAOSHIUN2006 41   158  136  120  117   95  103  177  257  305  254  181
340KAOSHIUN2006 42   189  209  240  234  218  235  222  170  145  188  175
340KAOSHIUN2006 43   124  166  236  216  181  179  177  140
340KAOSHIUN2006 51   127  122  123  162  196  167   98  113  182  210  185
340KAOSHIUN2006 52   169  163  220  283  303  368  293  198  243  275  213
340KAOSHIUN2006 53   148  169  198  183  161  190  268  277  236
340KAOSHIUN2006 61   205  186  207  226  218  212  242  273  281  286  269
340KAOSHIUN2006 62   249  229  218  223  214  208  195  206  247  284  315
340KAOSHIUN2006 63   295  266  246  232  233  278  296  282
340KAOSHIUN2006 71   260  254  267  278  270  276  298  322  308  296  312
340KAOSHIUN2006 72   367  398  375  289  255  256  223  241  252  240  236
340KAOSHIUN2006 73   279  360  361  275  236  234  214  224  231
340KAOSHIUN2006 81   272  292  262  254  267  268  278  330  342  304  278
340KAOSHIUN2006 82   277  284  297  299  281  280  293  310  309  300  286
340KAOSHIUN2006 83   269  238  221  240  249  255  242  241  250
340KAOSHIUN2006 91   270  276  262  246  251  262  268  275  291  332  333
340KAOSHIUN2006 92   273  224  237  237  174  193  214  252  274  246 9999
340KAOSHIUN2006 93  9999 9999 9999 9999 9999 9999  263  256
340KAOSHIUN2006101   257  295  349  365  345  332  338  315  286  249  215
340KAOSHIUN2006102   187  196  209  196  191  205  221  233  235  215  218
340KAOSHIUN2006103   208  195  220  205  197  217  244  265  259
340KAOSHIUN2006111   261  275  265  239  237  222  196  158  111   99  118
340KAOSHIUN2006112   166  174  122  137  168  175  197  187  195  195  138
340KAOSHIUN2006113    92  129  190  213  198  178  169  184
340KAOSHIUN2006121   200  183  181  171  132  166  180  170  156  159  176
340KAOSHIUN2006122   146  127  140  149  107  122  185  174  120  161  203
340KAOSHIUN2006123   194  157  122  108   80   20   28   56   30
340KAOSHIUN2007 11    23   34   15    0  -28  -65  -67  -41  -38  -35   -1
340KAOSHIUN2007 12     4   17   44   77   88   47   41   59   65   72   84
340KAOSHIUN2007 13    42   25   44   13  -37  -33   -8  -44  -62
340KAOSHIUN2007 21   -39   18   54   52   30   31   21   -4  -15  -41  -58
340KAOSHIUN2007 22    -8   43   -5   21  109   55   12   43   52   53   31
340KAOSHIUN2007 23    23   76   65   50   69  103
340KAOSHIUN2007 31   100   91  144  188  142  158  206  138   87  107  112
340KAOSHIUN2007 32   129  122  132  152  118  142  190  165  144  167  175
340KAOSHIUN2007 33   187  212  173  159  140  107  103  129  149
340KAOSHIUN2007 41   158  146  129  150  132   97  113  127  130  122  117
340KAOSHIUN2007 42   143  133  129  137  151  199  154  114  123  125  105
340KAOSHIUN2007 43   104  103   73   77   86  113  156  178
340KAOSHIUN2007 51   136  118  132  150  164  160  156  135  107   99  124
340KAOSHIUN2007 52   151  148  145  142  136  136  129  135  194  217  192
340KAOSHIUN2007 53   176  156  123  125  129  129  141  152  168
340KAOSHIUN2007 61   182  162  161  182  204  181  184  170  187  253  244
340KAOSHIUN2007 62   200  193  172  145  151  171  165  169  172  165  156
340KAOSHIUN2007 63   136  127  130  142  150  141  125  134
340KAOSHIUN2007 71   137  143  163  166  149  168  189  222  256  260  258
340KAOSHIUN2007 72   260  249  236  196  159  153  144  123  127  160  194
340KAOSHIUN2007 73   194  192  180  200  224  231  259  238  215
340KAOSHIUN2007 81   248  259  283 9999 9999  330  394  462  428  346  325
340KAOSHIUN2007 82   346  360  361  358  340  455  483  370  280  272  281
340KAOSHIUN2007 83   279  287  315  310  268  268  272  281  292
340KAOSHIUN2007 91   282  256  253  263  249  274  304  305  309  301  309
340KAOSHIUN2007 92   332  341  338  316  320  320  301  289  246  258  309
340KAOSHIUN2007 93   306  276  251  233  223  236  283  318
340KAOSHIUN2007101   296  247  211  255  357  322  229  131   89  136  138
340KAOSHIUN2007102   116  115  115  122  140  166  180  188  210  223  211
340KAOSHIUN2007103   211  241  270  261  249  253  237  215  199
340KAOSHIUN2007111   175  194  222  245  245  255  301  257  216  227  222
340KAOSHIUN2007112   207  178  148  131  153  173  132  130  155  167  190
340KAOSHIUN2007113   216  219  226  241  272  268  185  116
340KAOSHIUN2007121   100   74   31   59   88 9999 9999 9999 9999 9999 9999
340KAOSHIUN2007122  9999 9999 9999 9999 9999 9999 9999 9999   64   71   70
340KAOSHIUN2007123    85  121  134  140  157  171  146  122 9999
340KAOSHIUN2008 11  9999  140  130  110  111  117  110  122  140  147  145
340KAOSHIUN2008 12   108  113  177  176  142  156  149  125  110   90  108
340KAOSHIUN2008 13   106   78  114  112  106  131  118  102   98
340KAOSHIUN2008 21   121   87   45   80   77   64  108  111  107  118   90
340KAOSHIUN2008 22    76   93   75   40   41   36   17   38   95  109  100
340KAOSHIUN2008 23    72  118  177   84   35  102   99
340KAOSHIUN2008 31    96   97   70   82  107   94   78   88  104  102   96
340KAOSHIUN2008 32   125  120   98   94  107   90  104  103  134  181  205
340KAOSHIUN2008 33   159  143  138  135  125  134  139  114  115
340KAOSHIUN2008 41   136  122  141  153  149  153  146  145  129  132  163
340KAOSHIUN2008 42   157  175  235  258  253  217  203  239  282  261  232
340KAOSHIUN2008 43   251  294  295  271  291  300  268  266
340KAOSHIUN2008 51   227  209  216  209  238  264  272  291  306  318  359
340KAOSHIUN2008 52   344  344  382  400  370  367  372  318  310  348  294
340KAOSHIUN2008 53   248  241  225  200  197  207  216  219  216
340KAOSHIUN2008 61   256  282  255  281  351  289  243  245  254  244  219
340KAOSHIUN2008 62   221  260  293  331  334  299  267  220  220  256  292
340KAOSHIUN2008 63   303  267  241  241  267  278  280  257
340KAOSHIUN2008 71   209  183  197  243  282  288  280  264  263  278 9999
340KAOSHIUN2008 72  9999 9999  329  332  351  376  313  214  180  228  238
340KAOSHIUN2008 73   247  269  311  373  452  427  337  291  282
340KAOSHIUN2008 81   271  291  332  340  342  348  306  310  329  330  280
340KAOSHIUN2008 82   245  264  296  302  290  288  282  308  396  417  334
340KAOSHIUN2008 83   260  238  259  274  285  307  285  254  252
340KAOSHIUN2008 91   268  289  311  305  275  257  260  270  268  294  364
340KAOSHIUN2008 92   380  313  285  242  195  198  193  183  203  256  358
340KAOSHIUN2008 93   359  233  217  256  324  337  228  132
340KAOSHIUN2008101   146  188  166  157  162  159  139  149  146  158  173
340KAOSHIUN2008102   186  197  180  198  231  218  208  213  213  211  206
340KAOSHIUN2008103   211  200  199  185  155  159  172  136  123
340KAOSHIUN2008111   163  144   98  114  141  138  132  143  176  266  307
340KAOSHIUN2008112   328  309  271  269  260  241  224  196  219  221  208
340KAOSHIUN2008113   199 9999 9999 9999 9999 9999 9999 9999
340KAOSHIUN2008121  9999 9999 9999 9999 9999 9999 9999 9999 9999 9999 9999
340KAOSHIUN2008122  9999 9999 9999 9999 9999 9999 9999 9999 9999 9999 9999
340KAOSHIUN2008123  9999 9999 9999 9999 9999 9999 9999 9999 9999
340KAOSHIUN2009 11  9999 9999 9999 9999 9999 9999 9999 9999 9999 9999 9999
340KAOSHIUN2009 12   156  134  141   97   54   74   33   39   54   58   37
340KAOSHIUN2009 13    -4   68  113   38   -4   51   84   71   68
340KAOSHIUN2009 21    34   14   12   47   69  111  129  115  129  130  142
340KAOSHIUN2009 22   164  114   52   34   41   58   84   81   15   32   60
340KAOSHIUN2009 23    54   74  102  113  123   92
340KAOSHIUN2009 31    83   92   76  119  142  115   92   82   74   95   93
340KAOSHIUN2009 32   103   63   26   76   77   67   84   53   30   76   96
340KAOSHIUN2009 33    94  111  138  171  152  105   94  113  114
340KAOSHIUN2009 41   136  166  158  159  187  223  238  207  197  165  123
340KAOSHIUN2009 42   136  163  131  144  197  152  131  182  188  159  181
340KAOSHIUN2009 43   206  177  138  164  181  165  174  186
340KAOSHIUN2009 51   172  182  194  180  168  190  224  201  179  190  194
340KAOSHIUN2009 52   193  183  181  174  174  183  189  194  218  221  224
340KAOSHIUN2009 53   256  264  251  228  221  249  254  269  273
340KAOSHIUN2009 61   283  291  275  265  258  276  264  253  272  277  262
340KAOSHIUN2009 62   234  229  275  315  330  354  374  341  388  400  298
340KAOSHIUN2009 63   267  304  313  266  238  216  198  172
340KAOSHIUN2009 71   171  173  184  193  184  196  236  264  281  335  359
340KAOSHIUN2009 72   359  368  381  327  273  344  372  250  195  208  208
340KAOSHIUN2009 73   200  226  210  222  234 9999 9999 9999 9999
340KAOSHIUN2009 81   418  471  410  350  362  400  557  651  425  283  269
340KAOSHIUN2009 82   279  283  282  278  276  300  341  364  351  359  368
340KAOSHIUN2009 83   371  363  351  336  307  291  297  311  296
340KAOSHIUN2009 91   308  335  366  401  386  372  399  424  440  421  391
340KAOSHIUN2009 92   396  399  352  298  281  322  355  374  377  401  414
340KAOSHIUN2009 93   413  413  404  449  480  458  424  371
340KAOSHIUN2009101   351  357  416  442  443  429  410  445  453  397  327
340KAOSHIUN2009102   305  293  292  293  283  264  246  230  200  222  274
340KAOSHIUN2009103   281  257  234  241  255  240  224  245  246
340KAOSHIUN2009111   195  204  280  271  225  215  218  211  215  214  204
340KAOSHIUN2009112   218  209  215  255  206  150  173  141   93  125  149
340KAOSHIUN2009113   158  164  137  126  134  122  150  176
340KAOSHIUN2009121   177  169  163  183  151  131  114  110  117  109  105
340KAOSHIUN2009122   131  149  138  124  107   95   61   55   53   56   77
340KAOSHIUN2009123    79   84   78   98  116   89  103  100   80
340KAOSHIUN2010 11   127  126   69   93   76   50   71   54   55   49   39
340KAOSHIUN2010 12    17   33   55   39   19   43   75   78   56   34   31
340KAOSHIUN2010 13    83   69   15   30   96   88   66   92   73
340KAOSHIUN2010 21    48   49   28   -3    0   16   33   37   36   67   51
340KAOSHIUN2010 22    42  138  173   76   84  116  101  112  135  140  139
340KAOSHIUN2010 23   147  170  177  184  170  137
340KAOSHIUN2010 31   149  161  202  208  177  138  111  118 9999 9999 9999
340KAOSHIUN2010 32  9999  132 9999 9999 9999 9999  122  140  131  118  161
340KAOSHIUN2010 33   178  105   50   98  110   93   97  126  165
340KAOSHIUN2010 41   155  125  119  165 9999 9999  154  185  167  182  220
340KAOSHIUN2010 42   175  149  157  171  164  150  155  163 9999 9999 9999
340KAOSHIUN2010 43  9999 9999 9999  168  166  151  143  146
340KAOSHIUN2010 51   152  150  165  197  169  137  141  166  186  179  184
340KAOSHIUN2010 52   203  210  188  168  158  163  201  202  166  191  245
340KAOSHIUN2010 53   251  228  239  229  223  228  227  235  238
340KAOSHIUN2010 61   251  276  291  262  250  248  249  244  250  239  212
340KAOSHIUN2010 62   214  222  190  168  162  166  154  158  184  172  157
340KAOSHIUN2010 63   163  209  221  196  202  209  185  167
340KAOSHIUN2010 71   174  164  143  151  171  172  168  174  184  173  191
340KAOSHIUN2010 72   224  268  296  302  273  240  227  246  260  263  290
340KAOSHIUN2010 73   305 9999 9999 9999  357  333  332  316  300
340KAOSHIUN2010 81   302  303  330  348  315  303  327  345  329  295  281
340KAOSHIUN2010 82   299  322  280  235  225  230  252  259  273  299  322
340KAOSHIUN2010 83   321  297  302  321  327  296  287  304  361
340KAOSHIUN2010 91   374  310  299  297  282  261  282  342  390  322  298
340KAOSHIUN2010 92   294  305  302  278  274  285  306  455  390  254  255
340KAOSHIUN2010 93   281  294  302  292  261  247  271  282
340KAOSHIUN2010101   272  291  273  246  269  304  314  304  300  273  246
340KAOSHIUN2010102   217  208  227  223  248  320  411  423  385  398  435
340KAOSHIUN2010103   326  246  236  249  330  369  357  333  305
340KAOSHIUN2010111   334  349  299  261  272  289  295  260  228  217  213
340KAOSHIUN2010112   232  213  175  165  206  196  184  173  150  145  137
340KAOSHIUN2010113   151  170  149  169  197  163  168  175
340KAOSHIUN2010121   173  156  148  184  176  128  107  141  168  180  200
340KAOSHIUN2010122   223  208  167  206  185  177  184  152  160  171  185
340KAOSHIUN2010123   159  122   96   84   89   48   29   29   32
340KAOSHIUN2011 11    56   73   40   46   79   42   46   64   42   58   65
340KAOSHIUN2011 12    66   83   70   28   72  125   98   77   81   77   64
340KAOSHIUN2011 13    23   30   63   66   58   54   55   67   69
340KAOSHIUN2011 21    48   28   61   88  108  130  152  148  146  144  138
340KAOSHIUN2011 22   170  164   60   68  104   91   67   70   55   70   89
340KAOSHIUN2011 23    68   81  110  113  108  114
340KAOSHIUN2011 31   102   86   86   89  110  139  121  123  120  118  126
340KAOSHIUN2011 32    94   61   73   52   78  121  101  126  124  103   88
340KAOSHIUN2011 33   115  114   99  100   99  121  155  175  172
340KAOSHIUN2011 41   144  151  158  127  114  100   82   68   37   42   55
340KAOSHIUN2011 42    39   27   70   97   88  111  127  119  124  130  118
340KAOSHIUN2011 43   120  127  107   95   68   79  133  137
340KAOSHIUN2011 51   122  161  187  149  102   95   98  145  198  178  113
340KAOSHIUN2011 52    84   97  109  115  123  154  194  186  196  221  209
340KAOSHIUN2011 53   189  171  181  237  297  264  213  214  222
340KAOSHIUN2011 61   219  182  158  155  142  139  143  156  204  231  189
340KAOSHIUN2011 62   158  152  182  201  201  223  262  290  296  290  290
340KAOSHIUN2011 63   324  347  276  248  275  298  272  247
340KAOSHIUN2011 71   243  270  281  276  282  307  290  274  285  303  321
340KAOSHIUN2011 72   314  313  310  282  268  290  346  328  285  267  254
340KAOSHIUN2011 73   265  283  311  333  352  382  379  345  317
340KAOSHIUN2011 81   328  327  363  409  390  338  277  217  214  221  239
340KAOSHIUN2011 82   280  284  287  286  298  309  303  282  259  250  256
340KAOSHIUN2011 83   255  278  341  379  446  517  463  394  348
340KAOSHIUN2011 91   319  305  257  228  241  280  304  287  262  251  245
340KAOSHIUN2011 92   283  356  374  315  285  271  255  281  324  322  322
340KAOSHIUN2011 93   326  330  334  357  407  399  300  280
340KAOSHIUN2011101   344  375  317  286  244  226  234  248  254  253  260
340KAOSHIUN2011102   263  267  260  249  247  251  272  263  248  249  260
340KAOSHIUN2011103   267  273  291  333  311  247  259  275  270
340KAOSHIUN2011111   255  225  208  197  153  175  223  259  274  275  257
340KAOSHIUN2011112   226  189  167  164  169  183  223  164  110  183  181
340KAOSHIUN2011113   140  164  192  166  164  187  175  175
340KAOSHIUN2011121   168  202  198  204  192  169  157  130  154  186  152
340KAOSHIUN2011122   155  140  134  132  113  115   98   85  105   81   48
340KAOSHIUN2011123    52   63   49   21    4    0   10   -9   -9
340KAOSHIUN2012 11    -8   -8  -26  -41   25   15  -16    8   13    9   14
340KAOSHIUN2012 12    32   53   88   98   54   58   70   30   14   50   74
340KAOSHIUN2012 13    97  114   97 9999 9999 9999   78  100  106
340KAOSHIUN2012 21   115  117  128  143  143  147   66   69  129   65   25
340KAOSHIUN2012 22    87  118  116  118  117  114  125  153  179  213  273
340KAOSHIUN2012 23   254  227  239  238  276  289  257
340KAOSHIUN2012 31   250  236  199  219  265  279  287  279  250  260  272
340KAOSHIUN2012 32   281  258  244  252  288  291  259  245  236  269  294
340KAOSHIUN2012 33   250  222  268  251  193  202  225  212  178
340KAOSHIUN2012 41   217  215  174  248  294  244  232  253  252  214  181
340KAOSHIUN2012 42   163  145  146  170  181  228  279  259  251  243  207
340KAOSHIUN2012 43   233  248  191  172  230  222  198  219
340KAOSHIUN2012 51   224  238  262  264  236  215  235  245  230  247  260
340KAOSHIUN2012 52   255  246  237  253  292  281  283  343  373  373  372
340KAOSHIUN2012 53   341  300  254  259  287  281  329  372  357
340KAOSHIUN2012 61   365  377  385  375  344  322  302  299  315  330  368
340KAOSHIUN2012 62   372  373  392 9999 9999 9999  339  375  349  218  200
340KAOSHIUN2012 63   196  190  203  202  218  290  334  274
340KAOSHIUN2012 71   224  234  273  286  282  247  227  227  215  219  220
340KAOSHIUN2012 72   219  236  244  234  239  239  236  268  334  401  419
340KAOSHIUN2012 73   431  409  369  354  342  363  433  487  543
340KAOSHIUN2012 81   505  404  388  349  357  366  361  341  319  281  248
340KAOSHIUN2012 82   247  276  319  375  358  286  256  275  308  316  360
340KAOSHIUN2012 83   402  409  390  392  444  321  221  214  246
340KAOSHIUN2012 91   246  246  267  280  273  283  282  273  277  294  309
340KAOSHIUN2012 92   325  355  374  387  367  350  370  352  344  352  339
340KAOSHIUN2012 93   336  353  392  441  506  507  474  464
340KAOSHIUN2012101   429  403  397  380  365  326  319  359  388  383  401
340KAOSHIUN2012102   423  413  368  357  377  357  332  341  297  261  257
340KAOSHIUN2012103   234  256  274  258  254  235  255  262  230
340KAOSHIUN2012111   244  247  246  247  250  245  236  225  202  203  178
340KAOSHIUN2012112   180  198  187  181  187  159  169  166  146  156  154
340KAOSHIUN2012113   123  138  183  154  165  199  156  161
340KAOSHIUN2012121   177  145  137  179  204  230  242  222  215  234  159
340KAOSHIUN2012122   126  157  146  127  115  109  106  134  157  134   88
340KAOSHIUN2012123    88  154  128  103  127  128  117   46   98
340KAOSHIUN2013 11   131   72   78  165  154  120  103   81   80  126  169
340KAOSHIUN2013 12   171  108   94  124   96   23   70  131   93   60   40
340KAOSHIUN2013 13    68  120  112  124  125  149  108   56   55
340KAOSHIUN2013 21    42    0    9   11  -14   24   69   75   94   99   81
340KAOSHIUN2013 22    77  130  139   77   93  169  153   80   76  122   88
340KAOSHIUN2013 23  9999 9999 9999  141  138  154
340KAOSHIUN2013 31   124   57  110  144  133  123   75   62   80   53   61
340KAOSHIUN2013 32   110   79   75  149  186  239  194  116  105  116  150
340KAOSHIUN2013 33   160  135  158  190  162  126  103  129  163
340KAOSHIUN2013 41   172  182  233  280  274  236  249  300  254  243  259
340KAOSHIUN2013 42   204  191  192  213  231  196  205  242  246  254  266
340KAOSHIUN2013 43   267  237  218  236  262  250  226  231
340KAOSHIUN2013 51   233  280  281  233  219  234  230  227  226  227  211
340KAOSHIUN2013 52   196  185  189  193  206  212  234  233  210  189  190
340KAOSHIUN2013 53   170  168  187  203  201  164  150  148 9999
340KAOSHIUN2013 61  9999 9999 9999 9999  202  199  229  258  255  253  246
340KAOSHIUN2013 62   251  257  264  236  228  243  261  248  220  225  227
340KAOSHIUN2013 63   189  159  139  127  133  138  144  188
340KAOSHIUN2013 71   222  209  213  248  254  238  250  271  286  290  307
340KAOSHIUN2013 72   338  311  283  268  292  342  333  285  293  315  326
340KAOSHIUN2013 73   324  287  253  242  253  256  281  358 9999
340KAOSHIUN2013 81  9999 9999 9999 9999 9999 9999 9999 9999 9999 9999 9999
340KAOSHIUN2013 82  9999 9999 9999 9999 9999 9999 9999 9999 9999 9999 9999
340KAOSHIUN2013 83  9999 9999 9999 9999 9999 9999 9999 9999 9999
340KAOSHIUN2013 91  9999 9999 9999 9999 9999 9999 9999 9999 9999 9999 9999
340KAOSHIUN2013 92  9999 9999 9999 9999 9999 9999 9999 9999 9999 9999 9999
340KAOSHIUN2013 93  9999 9999 9999 9999 9999 9999 9999 9999
340KAOSHIUN2013101  9999 9999 9999 9999 9999 9999 9999 9999 9999 9999 9999
340KAOSHIUN2013102  9999 9999 9999 9999 9999 9999 9999 9999 9999 9999 9999
340KAOSHIUN2013103  9999 9999 9999 9999 9999 9999 9999 9999 9999
340KAOSHIUN2013111  9999 9999 9999 9999 9999 9999 9999 9999 9999 9999 9999
340KAOSHIUN2013112  9999 9999 9999 9999 9999 9999 9999 9999 9999 9999 9999
340KAOSHIUN2013113  9999 9999 9999 9999 9999 9999 9999 9999
340KAOSHIUN2013121  9999 9999 9999 9999 9999 9999 9999 9999 9999 9999 9999
340KAOSHIUN2013122  9999 9999 9999 9999 9999 9999 9999 9999 9999 9999 9999
340KAOSHIUN2013123  9999 9999 9999 9999 9999 9999 9999 9999 9999
340KAOSHIUN2014 11   119  120   91   53   99  125   92   75   59   80   66
340KAOSHIUN2014 12    41   71   91  129  109   79   81  124  114  108  131
340KAOSHIUN2014 13   132  127  122   98  115  137  126  114  117
340KAOSHIUN2014 21   147  166  145  150  183  170  108  101  127   90  112
340KAOSHIUN2014 22   132   99   94  126  160  173  172  134  162  189  132
340KAOSHIUN2014 23    95  101   91   70   65   88
340KAOSHIUN2014 31    92   97  101   82   66   92  109   80   76   81   99
340KAOSHIUN2014 32   125   69   57  104   85   84  120  135  129 9999 9999
340KAOSHIUN2014 33  9999 9999  168  176  183  208  188  142  149
340KAOSHIUN2014 41   150  187  220  218  205  168  143  133  121  154  184
340KAOSHIUN2014 42   192  187  205  251  260  244  204  161  159  171  150
340KAOSHIUN2014 43   163  202  220  237  206  162  178  201
340KAOSHIUN2014 51   185  142 9999 9999 9999  150 9999 9999 9999 9999 9999
340KAOSHIUN2014 52  9999  179  170  150  144  164  157  156  167  193  192
340KAOSHIUN2014 53   159  175  189  184  199  203  190  186  187
340KAOSHIUN2014 61   219  252  270  251  229  219  287  340  310  266  262
340KAOSHIUN2014 62   295  316  312  273  235  203  208  234  260  288  271
340KAOSHIUN2014 63   252  269  274  271  263  263  267  258
340KAOSHIUN2014 71   247  235  239  276  337  394  418  343  300  291 9999
340KAOSHIUN2014 72  9999 9999  226  242  307  327  286  269  300  358  458
340KAOSHIUN2014 73   430  337  296  283  274  294  317  326  320
340KAOSHIUN2014 81   279  249  258  289  286  277  309  324  317  337  373
340KAOSHIUN2014 82   381  320  241  230  285  325  329  277  214  209  239
340KAOSHIUN2014 83   268  277  259  262  275  257  233  224  239
340KAOSHIUN2014 91   259  283  305  319  343  328  298  295  301  303  295
340KAOSHIUN2014 92   281  281  320  371  286  225  252  338  426  339  218
340KAOSHIUN2014 93   176  142  162  200  192  203  230  239
340KAOSHIUN2014101   229  257  293  317  329  368  435  430  423  438  416
340KAOSHIUN2014102   385  357  329  325  305  292  287  251  246  241  227
340KAOSHIUN2014103   253  244 9999 9999 9999 9999 9999 9999 9999
340KAOSHIUN2014111  9999 9999 9999 9999  215  193  217  207  200  210  205
340KAOSHIUN2014112   169 9999 9999  208  235  246  241  257  235  221  236
340KAOSHIUN2014113   243  227  222  232  228  237  208  173
340KAOSHIUN2014121   166  226  256  139  126  182  180  163  179  202  160
340KAOSHIUN2014122   152  195  175  132   77  109  145  120   89   91  131
340KAOSHIUN2014123   112   79   85  103   95   67   64   81   72
340KAOSHIUN2015 11    63   71   86   71   71   60   16   15   28   16 9999
340KAOSHIUN2015 12  9999 9999   28    7   10   22   52   76   86   87   70
340KAOSHIUN2015 13   105  139  142  124  127  153  138   59   40
340KAOSHIUN2015 21    66   51   35   78   65   46   64   20   27   94  100
340KAOSHIUN2015 22   105  137  169  153  112  114  119  104  127  143  118
340KAOSHIUN2015 23   114  143  155  137  119  104
340KAOSHIUN2015 31    94  147  167  113  127  136  120  129  102   76  105
340KAOSHIUN2015 32   116  104  119  147  152  175  180  143  123  118  127
340KAOSHIUN2015 33   117  111  130  110   86   97  124  140  158
340KAOSHIUN2015 41   157  158  134  102  109  118  114  149  158  131  134
340KAOSHIUN2015 42   135  118  140  183  134  114  158  194  203  183  158
340KAOSHIUN2015 43  9999 9999  138  141  155  128   94   88
340KAOSHIUN2015 51   117  136  121  117 9999  161  108 9999  137  141  136
340KAOSHIUN2015 52   127  162  201  185  160  178  172  160  169  220  252
340KAOSHIUN2015 53   244  254 9999 9999  227  204  148  148  169
340KAOSHIUN2015 61   182  189  181  207  242  238  237  234 9999  205  187
340KAOSHIUN2015 62   202  218  214  201 9999 9999 9999 9999 9999 9999 9999
340KAOSHIUN2015 63   180  181 9999 9999 9999 9999 9999 9999
340KAOSHIUN2015 71  9999 9999 9999 9999 9999 9999 9999 9999 9999 9999 9999
340KAOSHIUN2015 72  9999 9999  293  314 9999 9999 9999 9999 9999 9999 9999
340KAOSHIUN2015 73  9999 9999 9999 9999 9999 9999  254  273  301
340KAOSHIUN2015 81   303 9999 9999 9999 9999 9999 9999 9999 9999  337  332
340KAOSHIUN2015 82   320  280  242  216  211  256  317  370  409 9999 9999
340KAOSHIUN2015 83  9999 9999 9999 9999 9999 9999 9999 9999 9999
340KAOSHIUN2015 91  9999 9999  209 9999 9999 9999  299  312  281  271  302
340KAOSHIUN2015 92   326  339  341  281  227  242  274  264  280  289  279
340KAOSHIUN2015 93   317  350  393  418  456  486  400  351
340KAOSHIUN2015101   328  365  309  239  248  289  304  287  265  275  267
340KAOSHIUN2015102   292  305 9999 9999  329  378  401 9999 9999 9999  368
340KAOSHIUN2015103   333  278  264  255  214  217  216  166  138
340KAOSHIUN2015111   150  175  156  140 9999 9999 9999 9999 9999  191  209
340KAOSHIUN2015112   193  181  162  154  194  147  109 9999  177  207  215
340KAOSHIUN2015113   208  202  204  251  291  260  206 9999
340KAOSHIUN2015121   209  188  137  191  224  145  154  201  232 9999 9999
340KAOSHIUN2015122  9999 9999  175  157  131  142 9999 9999 9999 9999 9999
340KAOSHIUN2015123  9999   47 9999 9999 9999 9999   19   25 9999
340KAOSHIUN2016 11  9999 9999 9999 9999  130  124  133  143  174  191  165
340KAOSHIUN2016 12   154  160  186  168  182  200  176  158  153  118   64
340KAOSHIUN2016 13    55   64  156  182 9999  167  157  127  148
340KAOSHIUN2016 21   128  127  134  146  136  117  130  117   94  118  148
340KAOSHIUN2016 22   139  124   83   83  142  121  104   87   73  112  101
340KAOSHIUN2016 23    35   41 9999 9999 9999 9999 9999
340KAOSHIUN2016 31  9999  122  109  113  150  171  176 9999  155  152 9999
340KAOSHIUN2016 32  9999 9999 9999  171  173  153  159  137  167 9999 9999
340KAOSHIUN2016 33   210  165  157  136  113  140 9999 9999  181
340KAOSHIUN2016 41   199  212  202  183  205  239 9999 9999 9999 9999  251
340KAOSHIUN2016 42   291  298 9999 9999 9999 9999 9999  289  314  286  265
340KAOSHIUN2016 43   268  265  246  276  294 9999  272 9999
