348HAMADA        LAT=34 54. N  LONG=132 04. E
348HAMADA  1984 11  9999 9999 9999 9999 9999 9999 9999 9999 9999 9999 9999
348HAMADA  1984 12  9999 9999 9999 9999 9999 9999 9999 9999 9999 9999 9999
348HAMADA  1984 13  9999 9999 9999 9999 9999 9999 9999 9999 9999
348HAMADA  1984 21  9999 9999 9999 9999 9999 9999 9999 9999 9999 9999 9999
348HAMADA  1984 22  9999 9999 9999 9999 9999 9999 9999 9999 9999 9999 9999
348HAMADA  1984 23  9999 9999 9999 9999 9999 9999 9999
348HAMADA  1984 31   884  904  789  748  767  768  769  793  831  840  849
348HAMADA  1984 32   844  765  761  814  924  918  811  741  823  733  743
348HAMADA  1984 33   776  821  799  781  818  872  935  898  767
348HAMADA  1984 41   737  776  859  977  994  845  780  709  767  844  854
348HAMADA  1984 42   837  825  796  827  842  877  843  723  744  757  795
348HAMADA  1984 43   792  792  811  807  843  895  896  883
348HAMADA  1984 51   929  863  848  879  919  939  948  971  938  895  927
348HAMADA  1984 52   956 1002  943  910  870  913  973  967  911  855  853
348HAMADA  1984 53   913  926  903  926  979 1037 1044 1008  980
348HAMADA  1984 61  1010 1060 1041  966  932 1026 1094 1041 1087 1063  990
348HAMADA  1984 62  1001 1025 1067 1146 1232 1206 1154 1160 1067 1030 1078
348HAMADA  1984 63  1062 1075 1150 1180 1171 1156 1142 1122
348HAMADA  1984 71  1102 1131 1169 1163 1132 1096 1121 1180 1164 1132 1138
348HAMADA  1984 72  1211 1301 1279 1252 1220 1169 1123 1105 1103 1086 1113
348HAMADA  1984 73  1165 1173 1167 1147 1147 1146 1097 1094 1142
348HAMADA  1984 81  1148 1148 1151 1121 1095 1112 1126 1108 1089 1102 1133
348HAMADA  1984 82  1147 1131 1161 1157 1122 1089 1107 1138 1253 1493 1430
348HAMADA  1984 83  1229 1171 1186 1198 1217 1244 1235 1220 1249
348HAMADA  1984 91  1338 1409 1340 1184 1142 1146 1198 1278 1312 1229 1163
348HAMADA  1984 92  1139 1144 1128 1113 1135 1190 1208 1159 1129 1076 1030
348HAMADA  1984 93  1105 1194 1135  983 1010 1146 1243 1190
348HAMADA  1984101  1169 1236 1219 1120 1045 1016  970 1011 1037 1022  994
348HAMADA  1984102  1083 1146 1108 1094 1219 1247 1071 1104 1262 1168 1169
348HAMADA  1984103  1226 1187 1187 1188 1276 1220 1145 1115 1107
348HAMADA  1984111  1126 1058 1041 1060 1067 1093 1158 1167 1108 1137 1134
348HAMADA  1984112   960  920 1064 1093 1019 1040 1049  977  880  989  986
348HAMADA  1984113  1078 1064  955 1022  996  978 1019 1055
348HAMADA  1984121  1115 1018  913  977 1040  933  911  985 1019 1070 1062
348HAMADA  1984122  1038 1005  947  863  982 1057  999  913  915  973 1005
348HAMADA  1984123   987  913  849  843  866  869  845  819  793
348HAMADA  1985 11   765  795  859  849  858  863  840  853  889  908  881
348HAMADA  1985 12   902  865  780  857  826  751  758  872  875  831  875
348HAMADA  1985 13   868  841  809  792  843  835  776  736  900
348HAMADA  1985 21   980  910  931  908  905  900  832  834  951  905  835
348HAMADA  1985 22   907  890  805  896  875  717  726  784  999  993  922
348HAMADA  1985 23   907  746  722  744  695  791
348HAMADA  1985 31   908  897  755  757  793  756  753  830  750  698  727
348HAMADA  1985 32   738  761  700  617  738  819  832  783  820  837  792
348HAMADA  1985 33   730  753  931  938  951  945  823  761  687
348HAMADA  1985 41   694  777  908  883  734  747  852  890  860  808  637
348HAMADA  1985 42   583  740  845  804  845  949  927  931  884  896  952
348HAMADA  1985 43   944  857  900  972  913  893  875  868
348HAMADA  1985 51   859  862  926  959 1044 1031  928  939  957  950  944
348HAMADA  1985 52   959 1039  866  781  811  866 1001 1106 1084 1004  966
348HAMADA  1985 53   962  999 1023  981 1041 1002  872  957 1041
348HAMADA  1985 61  1031 1028 1030 1003 1015 1084 1100 1070 1006  996 1062
348HAMADA  1985 62  1087 1020  966 1034 1086 1072 1074 1104 1138 1152 1143
348HAMADA  1985 63  1119 1146 1138 1125 1131 1164 1217 1212
348HAMADA  1985 71  1187 1203 1262 1282 1264 1248 1262 1244 1224 1297 1347
348HAMADA  1985 72  1381 1399 1326 1279 1300 1418 1395 1268 1196 1178 1187
348HAMADA  1985 73  1218 1254 1261 1258 1227 1209 1236 1254 1239
348HAMADA  1985 81  1228 1238 1213 1212 1223 1252 1257 1220 1264 1337 1286
348HAMADA  1985 82  1196 1255 1335 1290 1259 1238 1199 1195 1209 1206 1218
348HAMADA  1985 83  1211 1206 1232 1281 1322 1321 9999 9999 9999
348HAMADA  1985 91  1291 1228 1191 1195 1218 1242 1250 1210 1184 1206 1283
348HAMADA  1985 92  1222 1100 1024 1089 1099 1108 1204 1267 1198 1112 1007
348HAMADA  1985 93   991 1038 1050  968  963 1034 1116 1161
348HAMADA  1985101  1100 1048 1071 1069 1209 1319 1220 1145 1140 1196 1179
348HAMADA  1985102  1218 1246 1087 1123 1223 1152 1172 1128 1058 1047 1100
348HAMADA  1985103  1149 1085  990 1051 1059 1131 1210 1221 1253
348HAMADA  1985111  1212 1086 1041 1072 1161 1215 1162 1160 1250 1317 1312
348HAMADA  1985112  1227 1169 1145 1102 1153 1181 1066 9999 9999 9999 9999
348HAMADA  1985113  9999 9999 9999 1001 1067 1070  925  969
348HAMADA  1985121  1045  946  904  941  922  882  908  981  974  929  930
348HAMADA  1985122   948 1012  991  947  951  834  846  804  699  735  856
348HAMADA  1985123   818  782  834  829  784  781  910 1022  933
348HAMADA  1986 11   878  790  893  958  885  871  882  877  853  791  739
348HAMADA  1986 12   766  814  823  857  856  847  800  810  858  860  882
348HAMADA  1986 13   899  788  738  788  817  798  786  832  806
348HAMADA  1986 21   750  840  856  768  779  772  774  780  761  741  741
348HAMADA  1986 22   802  891  851  727  722  771  836  859  836  856  905
348HAMADA  1986 23   858  757  793  876  868  773
348HAMADA  1986 31   787  860  822  900  860  737  780  795  905  935  884
348HAMADA  1986 32   885  861  836  926  874  883 1036 1047  904  835  827
348HAMADA  1986 33   815  860  834  823  881  917  997 1033  939
348HAMADA  1986 41   924  904  926  981  971  906  795  887 1018 1030  882
348HAMADA  1986 42   856  864  917  932  840  913  909  892  904  830  868
348HAMADA  1986 43   887  878  898  948  996  909  807  821
348HAMADA  1986 51   884  859  846  834  857  921  948  987  961  916  953
348HAMADA  1986 52   918 1004 1090 1048  949  908  936 1029  990  929  923
348HAMADA  1986 53   935 1003  970  890  915  974 1037  976  954
348HAMADA  1986 61   923  953  983  943  918  956 1024 1059 1031  977  909
348HAMADA  1986 62   916  940  961 1034 1163 1150 1076 1046 1026 1049 1063
348HAMADA  1986 63  1052 1107 1206 1107 1095 1196 1238 1152
348HAMADA  1986 71  1057 1023 1030 1067 1122 1097 1052 1052 1102 1117 1127
348HAMADA  1986 72  1160 1165 1201 1230 1253 1252 1243 1234 1219 1244 1250
348HAMADA  1986 73  1197 1183 1183 1200 1195 1189 1213 1242 1236
348HAMADA  1986 81  1230 1247 9999 9999 9999 1275 1234 1233 1219 1207 1240
348HAMADA  1986 82  1296 1352 1288 1236 1255 1272 1273 1304 1370 1362 1299
348HAMADA  1986 83  1239 1218 1226 1274 1429 1661 1600 1366 1292
348HAMADA  1986 91  1305 1339 1312 1249 1203 1201 1229 1261 1319 1288 1271
348HAMADA  1986 92  1247 1208 1198 1194 1194 1235 1231 1205 1292 1383 1267
348HAMADA  1986 93  1249 1228 1184 1196 1237 1156 1126 1108
348HAMADA  1986101  1134 1162 1142 1064 1090 1121 1048 1050 1101 1203 1195
348HAMADA  1986102  1080 1070 1103 1098 1088 1013  974  924 1009 1165  996
348HAMADA  1986103   982 1040 1068 1102 1072 1062 1020  973  942
348HAMADA  1986111   995 1052 1092 1026  969  967  987  993 1039 1017  913
348HAMADA  1986112   935 1041 1067 1026 1020 1045 1031 1033 1021  987  934
348HAMADA  1986113   944 1073 1085  960  925  987  996 1049
348HAMADA  1986121  1058 1073 1182 1185 1132 9999 9999 9999 9999 9999 9999
348HAMADA  1986122  9999 9999 9999 9999 9999 9999 1236 1133 1028 1062  969
348HAMADA  1986123  1049 1109 1015  937 1033 1039 1047 1099 1092
348HAMADA  1987 11   935 1042 1042  986  979  966 1060 1099 1056  933  963
348HAMADA  1987 12  9999 9999 9999  856  977 1015 9999 9999 9999  867  895
348HAMADA  1987 13  1062  977  877  893  877  888  957  884  776
348HAMADA  1987 21   826  951  811  762  852  901  934  879  926 1001 1068
348HAMADA  1987 22   892  907  892  797  823  863  810  771  848  935  992
348HAMADA  1987 23  1024 1066  942  924  904  951
348HAMADA  1987 31   814  701  831  952  995  862  770  913  872  870  919
348HAMADA  1987 32   924  995  929  859  923  973  954  945  878  855  842
348HAMADA  1987 33   939  990  864  786  802  781  838  872  759
348HAMADA  1987 41   813  869  927  889  864  922  926  876  967 1009  881
348HAMADA  1987 42   791  753  797  857  890  936  964  961 1028 1194 1094
348HAMADA  1987 43   969  943  942  826  867  942  943 1029
348HAMADA  1987 51  1108 1100  959  954  995  971  942  903  880  919  990
348HAMADA  1987 52  1049  985  912  996 1080 1071  967  956  980 9999 9999
348HAMADA  1987 53  9999 9999 9999 1021  989  934  970 1002  994
348HAMADA  1987 61  1036 1141 1132 1059 1000 1018 1107 1046  984  999  996
348HAMADA  1987 62  1051 1137 1136 1036  991  993 1015 1056 1060 1050 1069
348HAMADA  1987 63  1135 1157 1125 1116 1119 1130 1155 1155
348HAMADA  1987 71  1141 1166 1204 1205 1215 1265 1224 1188 1157 1172 1295
348HAMADA  1987 72  1270 1170 1140 1270 1316 1163 1175 1245 1235 1240 1280
348HAMADA  1987 73  1267 1180 1138 1120 1113 1121 1181 1257 1270
348HAMADA  1987 81  1200 1179 1217 1327 1355 1319 1384 1387 1267 1196 1164
348HAMADA  1987 82  1160 1190 1207 1213 1269 1251 1180 1177 1228 1275 1223
348HAMADA  1987 83  1183 1227 9999 9999 9999 9999 9999 9999 1475
348HAMADA  1987 91  1311 1186 1137 1167 1226 1240 1219 1192 1122 1073 1029
348HAMADA  1987 92  1045 1149 1256 1202 1055 1128 1168 1140 1118 1138 1100
348HAMADA  1987 93  1119 1203 1284 1236 1108 1084 1135 1171
348HAMADA  1987101  1175 1230 1241 1213 1205 1221 1250 1174 1131 1158 1209
348HAMADA  1987102  1057 1036 1122 1036 1061 1217 1288 1193 1086 1039 1025
348HAMADA  1987103   996 1016 1062 1105 1128 1109 1148 1082  860
348HAMADA  1987111   977 1153 1078 1034 1021 1026 1066 1060 1094 1058 1028
348HAMADA  1987112  1056  909  925 1010 1097 1048 1067 1047 1070 1091 1033
348HAMADA  1987113  1095 1037 1012 1051  943  902  917  975
348HAMADA  1987121  1021 1035 1040  993 1029  942  916  962  994 1063 1032
348HAMADA  1987122  1019  992  949 1010 1012  916  910  990 1029 1026 9999
348HAMADA  1987123  9999 9999 1045 1018 1073 1113 1126 1000  908
348HAMADA  1988 11   989  972  929  912  823  866  972 1007  881  762  794
348HAMADA  1988 12   833  837  889  885  868  907  855  830  895  995 1096
348HAMADA  1988 13   996  896  898  856  843  915  905  835  854
348HAMADA  1988 21   920  927  831  969 1004  870  826  830  821  771  818
348HAMADA  1988 22   864  865  856  833  826  829  794  802  798  729  814
348HAMADA  1988 23   885  830  828  809  803  894  916
348HAMADA  1988 31   944  976  897  859  878  924  890  881  887  878 1051
348HAMADA  1988 32  1047 1001  960  760  707  810  891  824  749  883  935
348HAMADA  1988 33   871  827  877  874  878  864  758  793  867
348HAMADA  1988 41   919  943  961 1016 1038  895  884  915  899  886  950
348HAMADA  1988 42  1046 1002  947  861  828  930 1089 1119  985  914  924
348HAMADA  1988 43   969  950  910  881  887  965 1048 1082
348HAMADA  1988 51  1029  948 1041 1068  996 1003  909  788  873  965  983
348HAMADA  1988 52   949  955  970  930  946  993 1025 1063 1086 1060 1083
348HAMADA  1988 53  1004  949  959 1005 1051 1056 1023  988 1061
348HAMADA  1988 61  1159 1215 1184 1138 1029 1006 1099 1179 1122 1085 1129
348HAMADA  1988 62  1130 1132 1138 1143 1159 1119 1075 1090 1075 1026 1051
348HAMADA  1988 63  1152 1183 1087 1070 1057 1077 1164 1173
348HAMADA  1988 71  1137 1134 1093  985 1011 1087 1170 1210 1221 1191 1146
348HAMADA  1988 72  1142 1175 1215 1183 1132 1147 1132 1152 9999 9999 9999
348HAMADA  1988 73  9999 9999 9999 1139 1168 1067 1043 1098 1133
348HAMADA  1988 81  1118 1108 1167 1165 1112 1100 1113 1133 1168 1153 1157
348HAMADA  1988 82  1208 1185 1156 1179 1193 1176 1169 1176 1212 1243 1229
348HAMADA  1988 83  1213 1151 1072 1044 1149 1225 1211 1223 1208
348HAMADA  1988 91  1195 1165 1100 1121 1201 1187 1148 1108 1093 1151 1268
348HAMADA  1988 92  1237 1088 1071 1114 1099 1005 1012 1093 1122 1061 1052
348HAMADA  1988 93  1083 1047 1070 1147 1113  984  961  993
348HAMADA  1988101  1072 1111 1089 1083 1200 1261 1152 1072 1075 1063 1185
348HAMADA  1988102  1239 1161 1215 1182 1138 1177 1138 1079 1132 1142 1106
348HAMADA  1988103  1119 1194 1183 1114 1140 1109 1062 1103 1042
348HAMADA  1988111  1049 1077 1043 1052 1035 1062 1012  997 1105 1069 1066
348HAMADA  1988112  1184 1182 1045  973  988 1012  957  898  945  937 1008
348HAMADA  1988113  1125 1107 1107 1083  978  897  839  887
348HAMADA  1988121   910  874  941 1028  968  947 1002 1000  958  964  962
348HAMADA  1988122   971  981  981  981  875  819  877  910  917  892  860
348HAMADA  1988123   920  964  870  898  927  829  793  798  837
348HAMADA  1989 11   849  901  867  747  773  863  978  953  872  917  873
348HAMADA  1989 12   769  874  836  770  807  807  904 1031  990  901  888
348HAMADA  1989 13   917  903  885  958  898  763  819  858  929
348HAMADA  1989 21   937  865  846  817  814  808  821  906  937  872  855
348HAMADA  1989 22   851  788  752  881  906  734  778  793  877  828  670
348HAMADA  1989 23   723  905  907  771  825  894
348HAMADA  1989 31   671  754  982  934  890  927  859  784  823  865  922
348HAMADA  1989 32   977 1041 1030  925  871  783  843  831  813  821  793
348HAMADA  1989 33   869  985  933  952 1002  979  928  937  992
348HAMADA  1989 41   956  976  994  884  900  897  942  976  977  962  890
348HAMADA  1989 42   773  795  913  999  969  935  908  872  906  950 1023
348HAMADA  1989 43  1020  931  949  994  903  740  899  960
348HAMADA  1989 51   951  986  975  985  999  958 1034 1110 1073 1021 1030
348HAMADA  1989 52  1043 1128 1119  981  965  947  901  921  997 1064 1093
348HAMADA  1989 53  1099 1050 1026 1039 1080 1038  952  973 1037
348HAMADA  1989 61  1003  968  989 1086 1181 1103 1029 1032 1049  968  959
348HAMADA  1989 62  1012 1081 1175 1204 1186 1174 1093 1020  976  979 1045
348HAMADA  1989 63  1094 1119 1128 1091 1136 1152 1149 1089
348HAMADA  1989 71  1018 1002 1024 1052 1056 1076 1142 1189 1208 1159 1212
348HAMADA  1989 72  1231 1153 1116 1128 1190 1208 1171 1148 1139 1128 1147
348HAMADA  1989 73  1192 1287 1370 1360 1276 1240 1333 1307 1287
348HAMADA  1989 81  1232 1252 1326 1310 1292 1321 1302 1277 1288 1312 1363
348HAMADA  1989 82  1387 1360 1248 1198 1208 1227 1232 1245 1287 1279 1270
348HAMADA  1989 83  1257 1207 1219 1254 1275 1291 1324 1370 1282
348HAMADA  1989 91  1285 1348 1363 1310 1288 1263 1225 1255 1308 1327 1370
348HAMADA  1989 92  1349 1263 1239 1223 1170 1307 1328 1224 1206 1245 1211
348HAMADA  1989 93  1160 1231 1280 1251 1346 1298 1159 1190
348HAMADA  1989101  1247 1146 1044 1118 1211 1223 1196 1124 1104 1136 1156
348HAMADA  1989102  1164 1145 1133 1226 1239 1115 1154 1168 1077 1052 1105
348HAMADA  1989103  1089 1072 1111 1110 1119 1124 1064 1144 1284
348HAMADA  1989111  1139 1057 1080 1123 1168 1164 1083 1113 1077 1070 1066
348HAMADA  1989112  1088 1055  947  984 1088 1176 1204 1095 1049 1048 1094
348HAMADA  1989113  1108 1116 1100 1141 1241 1228 1147 1071
348HAMADA  1989121  1049 1102 1172 1176 1101 1132 1180 1110 1012  987 1057
348HAMADA  1989122  1007 1069 1093 1080 1100 1038  894  882 1094 1090 1123
348HAMADA  1989123  1178 1166 1132 1123 1067 1106 1168 1095 1058
348HAMADA  1990 11  1084 1045  983  952 1023  983  874  887 1052 1087  961
348HAMADA  1990 12   977  951  931  929  945  975 1023  923  899  971 1021
348HAMADA  1990 13   989  959  849  797  771  852  925  783  762
348HAMADA  1990 21   723  796  852  784  785  819  833  804  820  964  932
348HAMADA  1990 22   798  803  817  775  752  801  881  994  936  851  901
348HAMADA  1990 23   849  829  896  809  706  770
348HAMADA  1990 31   803  779  912  998  990 1025  895  819  824  815 1000
348HAMADA  1990 32   951  861  911  888  828  905  863  920  924  820  841
348HAMADA  1990 33   957  767  579  785  923 1010  971  968 1018
348HAMADA  1990 41  1027  996 1068 1003  964 1007 1081 1083 1004  963  948
348HAMADA  1990 42  1082 1151 1142 1098  986  903  912  964 1017 1026 1070
348HAMADA  1990 43  1069 1011 1016 1024  987  983  913  890
348HAMADA  1990 51   855  903 1022 1069 1021  980 1035 1050 1045 1039 1013
348HAMADA  1990 52  1019 1050  995  912  855  937 1058 1075 1067 1080 1031
348HAMADA  1990 53   980  960  966  954  945  963  977 1006 1103
348HAMADA  1990 61  1100 1050 1056 1086 1061  989 1001 1186 1264 1135 1123
348HAMADA  1990 62  1188 1203 1198 1205 1151 1103 1099 1164 1187 1215 1170
348HAMADA  1990 63  1105 1143 1282 1357 1245 1151 1105 1089
348HAMADA  1990 71  1117 1224 1244 1181 1190 1256 1264 1239 1214 1211 1279
348HAMADA  1990 72  1326 1266 1251 1253 1295 1357 1383 1301 1225 1225 1232
348HAMADA  1990 73  1240 1306 1330 1300 1280 1258 1230 1218 1248
348HAMADA  1990 81  1280 1283 1270 1288 1302 1284 1253 1243 1272 1311 1293
348HAMADA  1990 82  1266 1306 1356 1305 1257 1242 1247 1303 1352 1397 1461
348HAMADA  1990 83  1476 1353 1306 1255 1159 1158 1231 1298 1332
348HAMADA  1990 91  1323 1373 1360 1206 1188 1200 1167 1223 1340 1348 1426
348HAMADA  1990 92  1398 1249 1259 1260 1224 1257 1156 1002 1080 1106 1139
348HAMADA  1990 93  1197 1177 1074 1036 1136 1202 1151 1162
348HAMADA  1990101  1204 1160 1139 1174 1180 1084 1017 1065 1027  979 1061
348HAMADA  1990102  1121 1218 1196 1151 1174 1150 1104 1119 1096 1020 1016
348HAMADA  1990103  1049 1112 1210 1160 1013 1001 1031 1027 1051
348HAMADA  1990111  1105 1131 1186 1233 1237 1216 1159 1140 1205 1120 1072
348HAMADA  1990112  1068 1081 1146 1096 1070 1077 1089 1123 1093  972 1027
348HAMADA  1990113   966  997 1077 1048 1007  923  901 1070
348HAMADA  1990121  1264 1105  876  864  927  961  975  981 1023 1077  997
348HAMADA  1990122   891  941  933  870  898  991  975  919  963  997 1027
348HAMADA  1990123   901  856 1044 1072  883  886  834  873 1019
348HAMADA  1991 11  1063  969  948  966  935  869  919  877  854  907  934
348HAMADA  1991 12   928  894  857  855  913  903  803  805  918  887  833
348HAMADA  1991 13   869  978  971  890  849  784  786  824  907
348HAMADA  1991 21   927  862  921  941  890  895  924  861  908  980  926
348HAMADA  1991 22   856  842  906 1024 1000  889  964  935  934  970  903
348HAMADA  1991 23   803  778  802  834  872  866
348HAMADA  1991 31   773  790  811  845  876  887  736  831  919  855  831
348HAMADA  1991 32   870  854  776  796  877  886  877  967  908  694  875
348HAMADA  1991 33   978  967  898  846  881  827  832  876  844
348HAMADA  1991 41   804  812  877  973 1016  955  841  904  941  955  885
348HAMADA  1991 42   910  977  923 9999 9999 9999 9999 9999  921  900  830
348HAMADA  1991 43   802  841  898  882  890  990  979 1022
348HAMADA  1991 51  1111  961  813  800  841  931  952  981  957  941  958
348HAMADA  1991 52   999  994  993 1076 1142 1095 1104 1025  933 1000 1047
348HAMADA  1991 53   987 1031 1065 1017  885  896  901  930  973
348HAMADA  1991 61  1001 1030 1028 1001 1007 1003  958  965 1041 1092 1139
348HAMADA  1991 62  1189 1136 1083 1060 1070 1109 1110 1123 1148 1181 1217
348HAMADA  1991 63  1202 1124 1074 1102 1146 1183 1211 1214
348HAMADA  1991 71  1198 1142 1144 1219 1196 1190 1312 1269 1217 1222 1232
348HAMADA  1991 72  1234 1172 1161 1216 1278 1287 1237 1200 1229 1250 1257
348HAMADA  1991 73  1252 1257 1342 1361 1310 1341 1542 1519 1352
348HAMADA  1991 81  1327 1328 1289 1302 1320 1283 1285 1301 1304 1306 1262
348HAMADA  1991 82  1251 1216 1153 1197 1259 1273 1290 1326 1322 1240 1187
348HAMADA  1991 83  1386 1393 1274 1156 1031 1142 1324 1358 1280
348HAMADA  1991 91  1203 1221 1272 1243 1227 1265 1286 1254 1198 1206 1274
348HAMADA  1991 92  1272 1154 1043 1068 1064 1158 1277 1335 1293 1152 9999
348HAMADA  1991 93  9999 9999 9999 1220 1319 1253 1194 1168
348HAMADA  1991101  1190 1227 1251 1237 1174 1179 1180 1100 1076 1115 1134
348HAMADA  1991102  1182 1270 1257 1183 1231 1236 1233 1243 1179 1108 1103
348HAMADA  1991103  1131 1203 1239 1200 1174 1167 1207 1217 1132
348HAMADA  1991111  1117 1145 1179 1042  961 1038 1186 1181 1154 1153 1082
348HAMADA  1991112  1084 1065  985  973 1022 1080 1114 1125 1023 1012 1077
348HAMADA  1991113  1116  960  884  961 1056 1118 1097 1081
348HAMADA  1991121  1045 1052 1092 1044 1046 1078 1127 1111 1012 1087 1107
348HAMADA  1991122   948  949  970  963 1012 1110 1031  956  955 1028 1016
348HAMADA  1991123  1063 1044  939  942 1169 1187  979  887  930
348HAMADA  1992 11   981 1009  951  907  942  965  984  979  975  871  928
348HAMADA  1992 12   986  973  832  905 1030 1041  959  838  833  930  970
348HAMADA  1992 13   923  903  910  928  936  972  969  976  919
348HAMADA  1992 21   770  893  987  920  895  928  901  848  882  900  872
348HAMADA  1992 22   927  908  904  999  923  897  936  883  837  838  853
348HAMADA  1992 23   934  899  826  858  915  898  983
348HAMADA  1992 31   829  679  716  810  874  850  859  891  919  937  930
348HAMADA  1992 32   913  916  970  965  793  769  831  864  844  812  845
348HAMADA  1992 33   901  971  986  877  806  905  995  974  992
348HAMADA  1992 41  1037  995  965  995  992  916  797  895 1074 1114 1096
348HAMADA  1992 42  1087  980 1026 1075 1009 1098 1157 1047 1038 1125 1121
348HAMADA  1992 43  1060 1063  970 1015 1101 1124 1088 1070
348HAMADA  1992 51  1072 1072 1095 1042  995 1040 1251 1245  990  771  836
348HAMADA  1992 52   993 1034  957  953 1025 1054 1036 1055 1098 1122 1116
348HAMADA  1992 53  1100 1072 1068 1077 1038 1076 1110 1033 1010
348HAMADA  1992 61  1014 1018 1044 1112 1142 1150 1171 1126 1094 1103 1120
348HAMADA  1992 62  1087 1089 1107 1095 1090 1109 1076 1019 1013 1089 1139
348HAMADA  1992 63  1092 1062 1058 1077 1082 1111 1160 1191
348HAMADA  1992 71  1231 1215 1212 1207 1198 1203 1241 1252 1221 1222 1189
348HAMADA  1992 72  1164 1201 1221 1205 1231 1304 1277 1188 1143 1163 1182
348HAMADA  1992 73  1184 1188 1223 1243 1256 1245 1268 1315 1281
348HAMADA  1992 81  1190 1122 1015  971 1104 1193 1223 1161 1156 1135 1128
348HAMADA  1992 82  1213 1253 1257 1254 1175 1113 1115 1199 1200 1148 1140
348HAMADA  1992 83  1163 1145 1123 1102 1126 1133 1117 1149 1215
348HAMADA  1992 91  1268 1359 1389 1353 1245 1183 1223 1285 1236 1151 1204
348HAMADA  1992 92  1294 1343 1310 1256 1272 1277 1281 1207 1140 1134 1132
348HAMADA  1992 93  1224 1440 1396 1102 1061 1185 1303 1293
348HAMADA  1992101  1230 1223 1275 1178 1058 1094 1171 1215 1215 1235 1266
348HAMADA  1992102  1236 1162 1193 1226 1265 1277 1231 1189 1114 1092 1183
348HAMADA  1992103  1256 1284 1251 1126 1087 1164 1286 1286 1208
348HAMADA  1992111  1088 1102 1180 1171 1175 1138 1020 1124 1231 1208 1152
348HAMADA  1992112  1139 1134 1115 1129 1058 1033 1041 1175 1188 1098 1139
348HAMADA  1992113  1110 1116 1144 1029  938  978 1046 1024
348HAMADA  1992121  1020  956  928  852  904 1025 1136 1104 1069 1158 1039
348HAMADA  1992122  1029 1093  941  924  957  949  892  915  989 1013  959
348HAMADA  1992123   991  932  870  908 1050 1044  926  934  919
348HAMADA  1993 11   944  998  966  858  852  952  981  908  965 1026  985
348HAMADA  1993 12   934  951 1010 1071 1024  964  927  918  902  872  892
348HAMADA  1993 13   909  867  888  980  941  869  925  932  946
348HAMADA  1993 21   837  733  813  808  894 1096  959  769  764  816  891
348HAMADA  1993 22   862  875  784  855 1014  952  827  737  860 1072 1051
348HAMADA  1993 23   914  811  822  873  969 1004
348HAMADA  1993 31   890  847  893  895  949  947  821  804  856  881  876
348HAMADA  1993 32   850  876  910  793  800  869  843  850  839  870  917
348HAMADA  1993 33   995 1069 1023  980 1003  943  811  951 1057
348HAMADA  1993 41  1009  982 1023  925  877 1011 1058  955  896  961  976
348HAMADA  1993 42   897  903  920  996 1058 1111 1130 1028  934  948 1097
348HAMADA  1993 43  1230 1186 1037 1071 1063  979  972  950
348HAMADA  1993 51   869  990  971  921  957 1030 1060 1061 1036  991 1054
348HAMADA  1993 52  1100 1068  934  918  929 1014 1010 1016 1008 1051 1093
348HAMADA  1993 53  1066 1103 1050  970 1014 1035 1023 1057  992
348HAMADA  1993 61  1050 1332 1285 1069  993  976 1006 1010  978  995 1014
348HAMADA  1993 62  1096 1162 1110 1103 1072 1051 1086 1117 1084 1047 1084
348HAMADA  1993 63  1068 1030 1039 1043 1028 1082 1201 1131
348HAMADA  1993 71  1052 1058 1091 1135 1126 1148 1171 1138 1108 1134 1207
348HAMADA  1993 72  1254 1319 1282 1169 1177 1238 1192 1086 1004  976  997
348HAMADA  1993 73  1058 1107 1113 1106 1124 1156 1191 1214 1190
348HAMADA  1993 81  1158 1156 1130 1092 1071 1096 1170 1193 1145 1218 1288
348HAMADA  1993 82  1207 1229 1254 1234 1223 1197 1167 1166 1175 1251 1245
348HAMADA  1993 83  1219 1284 1307 1290 1233 1207 1165 1145 1167
348HAMADA  1993 91  1209 1210 1127 1152 1187 1071 1093 1152 1140 1144 1153
348HAMADA  1993 92  1156 1154 1142 1147 1191 1281 1217 1141 1204 1239 1267
348HAMADA  1993 93  1303 1282 1226 1217 1313 1345 1286 1260
348HAMADA  1993101  1216 1121 1183 1221 1174 1147 1234 1282 1326 1275 1156
348HAMADA  1993102  1213 1227 1189 1190 1216 1245 1230 1234 1247 1237 1202
348HAMADA  1993103  1159 1151 1109 1013  941 1024 1171 1213 1134
348HAMADA  1993111  1046  998 1038 1073 1073 1019  868  835  826  969 1024
348HAMADA  1993112  1132 1242 1194 1089 1043 1063 1038  916 1044 1088 1035
348HAMADA  1993113  1048  942  953  989 1018  902  895 1008
348HAMADA  1993121  1021 1071 1079 1015  942  912  929  918  976 1092 1044
348HAMADA  1993122   969  923  860  878  966  921  924  982 1034 1005  970
348HAMADA  1993123   986 1017 1062 1122  996  912  889 1012  953
348HAMADA  1994 11   946 1018 1021  948  941  977  923  986 1033 1026 1022
348HAMADA  1994 12  1056 1083 1034 1017 1107 1127 1030 1011 1066 1082 1115
348HAMADA  1994 13   998  964 1037 1027  975 1012  914  873  950
348HAMADA  1994 21   972  948  917  941  941  932  972 1138 1089  877  810
348HAMADA  1994 22   798  872  880  890  861  849  897  962 1057 1050 1002
348HAMADA  1994 23   867  745  725  732  780  861
348HAMADA  1994 31   836  850  912  972  913  844  935  956  877  840  878
348HAMADA  1994 32   879  904  892  843  891  912  931  916  815  802  887
348HAMADA  1994 33   968 1032  947  779  824  945  842  863  878
348HAMADA  1994 41   896  990  939  908  949 1022  999  791  825  944 1078
348HAMADA  1994 42  1187 1052  989  933  916  966  986  974  933  981 1075
348HAMADA  1994 43  1072 1060 1076 1043 1061 1129 1116 1059
348HAMADA  1994 51  1036 1016 1089 1194 1191 1094 1096 1025  981 1055 1035
348HAMADA  1994 52   960  982 1101 1228 1109  993 1017  931  886  948 1003
348HAMADA  1994 53  1011 1041 1109 1158 1137 1116 1129 1084 1068
348HAMADA  1994 61  1093 1101 1087 1059  992  993 1053 1112 1138 1085 1081
348HAMADA  1994 62  1112 1103 1080 1069 1082 1090 1037 1008 1028 1076 1109
348HAMADA  1994 63  1129 1146 1176 1194 1140 1041 1070 1136
348HAMADA  1994 71  1149 1089 1047 1100 1172 1149 1128 1149 1178 1215 1203
348HAMADA  1994 72  1171 1168 1198 1208 1189 1185 1217 1225 1212 1211 1203
348HAMADA  1994 73  1205 1234 1231 1248 1296 1308 1283 1269 1270
348HAMADA  1994 81  1307 1291 1243 1224 1175 1176 1233 1248 1282 1385 1418
348HAMADA  1994 82  1318 1288 1433 1413 1318 1332 1383 1335 1270 1258 1274
348HAMADA  1994 83  1291 1326 1373 1380 1338 1316 1315 1308 1311
348HAMADA  1994 91  1309 1303 1286 1326 1389 1328 1261 1281 1311 1374 1346
348HAMADA  1994 92  1273 1190 1120 1177 1345 1417 1397 1355 1293 1268 1247
348HAMADA  1994 93  1244 1229 1249 1265 1191 1106 1152 1267
348HAMADA  1994101  1227 1178 1204 1246 1214 1188 1135 1097 1136 1153 1321
348HAMADA  1994102  1497 1261 1132 1150 1245 1103 1100 1198 1159 1179 1189
348HAMADA  1994103  1063  942 1025 1089 1127 1197 1204 1120 1025
348HAMADA  1994111  1012 1106 1101 1059 1132 1172 1008  989 1089 1121 1108
348HAMADA  1994112  1047  950  883  797  933 1107 1230 1175 1108 1088 1006
348HAMADA  1994113   933 1035 1083 1055 1024 1048 1007  984
348HAMADA  1994121  1064 1073  979 1026 1029 1050 1087 1079 1078  967 1061
348HAMADA  1994122  1091 1031 1024  969  874  892  861  834  899  920  966
348HAMADA  1994123   993  978  883  960 1014  962  905  928  939
348HAMADA  1995 11   923  944 1033 1089 1081  974  960 1003 1062  957  963
348HAMADA  1995 12  1015  994  913  897  925  913  980  979  964  982 1041
348HAMADA  1995 13  1009  919  915  948  927  945  960  936  945
348HAMADA  1995 21   880  832  867  958  959  976  992 1010  936  866  946
348HAMADA  1995 22  1013 1005 1006  974  916  903  906  911  907  896  935
348HAMADA  1995 23   931  918 1020 1005  962 1016
348HAMADA  1995 31   900  909  943  855  902  898  868  841  965 1113 1005
348HAMADA  1995 32   922  812  771  852  997  882  855  908  966  977  904
348HAMADA  1995 33   929  936  889  968  972  856  938  976 1012
348HAMADA  1995 41   973  866  850  911  927  972  955  969  962  892  963
348HAMADA  1995 42   995  962  920  882  939  965 1054 1017  954 1054 1194
348HAMADA  1995 43  1124  976 1016  991  932  960 1023 1048
348HAMADA  1995 51  1042 1029 1033 1001 1073 1057 1000 1014 1048 1082  974
348HAMADA  1995 52   880  970 1091 1108 1085 1020  961 1017 1183 1178 1096
348HAMADA  1995 53  1051 1051 1109 1075  985  996 1070 1110 1061
348HAMADA  1995 61  1004 1053 1140 1099 1077 1009  955  968 1032 1033  966
348HAMADA  1995 62   983 1039 1058 1103 1105 1084 1120 1157 1102 1038 1038
348HAMADA  1995 63  1105 1164 1203 1194 1147 1122 1103 1119
348HAMADA  1995 71  1150 1182 1169 1106 1084 1090 9999 9999 9999 1178 1150
348HAMADA  1995 72  1125 1179 1241 1291 1333 1245 1198 1266 1314 1288 1281
348HAMADA  1995 73  1381 1322 1188 1152 1167 1200 1235 1251 1213
348HAMADA  1995 81  1214 1238 1212 1192 1209 1216 1253 1276 1273 1256 1229
348HAMADA  1995 82  1254 1260 1207 1186 1214 1252 1286 1274 1282 1276 1275
348HAMADA  1995 83  1287 1272 1265 1309 1339 1240 1209 1301 1298
348HAMADA  1995 91  1224 1354 1396 1343 1290 1292 1228 1131 1218 1260 1190
348HAMADA  1995 92  1180 1208 1203 1167 1035  989 1063 1038 1087 1161 1210
348HAMADA  1995 93  1259 1272 1235 1229 1214 1200 1187 1134
348HAMADA  1995101  1195 1289 1329 1295 1222 1160 1183 1209 1211 1151 1148
348HAMADA  1995102  1156 1195 1289 1326 1259 1189 1165 1044 1051 1136 1116
348HAMADA  1995103  1142 1221 1198 1171 1068 1065 1159 1243 1259
348HAMADA  1995111  1119 1061 1089 1014  950 1027 1154 1062 1093 1130 1055
348HAMADA  1995112  1034 1065 1058  967  998  970  977 1094 1046 1020 1076
348HAMADA  1995113  1137 1162 1149 1146 1075 1079 1106 1176
348HAMADA  1995121  1152 1150 1177 1187 1171 1095 1073 1017  960 1018 1117
348HAMADA  1995122  1056 1079 1123 1040 1010  971  988 1011 1025  978  976
348HAMADA  1995123  1074 1053  900  855  851  989 1073  997 1044
348HAMADA  1996 11   985 1049 1037  913  950  933  991  990  923  939  832
348HAMADA  1996 12   722  811  990  983  931  903  910  977  990  953  996
348HAMADA  1996 13   992  937  932  895  905  975  993  882  885
348HAMADA  1996 21   884  801  834  901  899  775  779  888  872  787  889
348HAMADA  1996 22   991 1033 1007  855  806  772  671  704  734  762  824
348HAMADA  1996 23   788  751  820  919  888  817  901
348HAMADA  1996 31   906  860  876  825  742  861  999  924  819  863  874
348HAMADA  1996 32   810  848  841  797  998 1029  852  790  798  907  824
348HAMADA  1996 33   686  799  908  845  801  770  955 1168  980
348HAMADA  1996 41   843  873  887  831  812  897  933  882  861  837  803
348HAMADA  1996 42   796  819  837  943 1083 1108 1009  928  869  877  873
348HAMADA  1996 43   888  915  929  956  978  964 1032 1099
348HAMADA  1996 51  1082  998  981 1038 1026  985 1051 1109 1083 1080 1052
348HAMADA  1996 52   966  943  953  956  987 1002 1015 1072 1100 1124 1103
348HAMADA  1996 53  1104 1078 1045 1055 1057 1078 1091 1099 1093
348HAMADA  1996 61  1059 1098 1210 1196 1077 1055 1099 1115 1085 1136 1152
348HAMADA  1996 62  1111 1079 1126 1135 1142 1300 1341 1259 1259 1211 1143
348HAMADA  1996 63  1083 1165 1186 1109 1171 1244 1287 1316
348HAMADA  1996 71  1246 1167 1114 1198 1236 1144 1013  953 1012 1083 1150
348HAMADA  1996 72  1181 1167 1151 1194 1241 1245 1217 1242 1271 1242 1244
348HAMADA  1996 73  1255 1235 1218 1210 1204 1188 1208 1262 1233
348HAMADA  1996 81  1175 1178 1214 1267 1247 1261 1270 1282 1282 1260 1273
348HAMADA  1996 82  1318 1323 1308 1357 1287 1228 1222 1236 1254 1277 1325
348HAMADA  1996 83  1278 1133 1165 1221 1262 1294 1237 1200 1212
348HAMADA  1996 91  1196 1178 1201 1206 1212 1192 1155 1174 1171 1150 1167
348HAMADA  1996 92  1189 1212 1194 1181 1251 1285 1284 1340 1337 1247 1201
348HAMADA  1996 93  1210 1200 1220 1190 1069 1112 1229 1200
348HAMADA  1996101  1171 1255 1346 1318 1272 1316 1264 1196 1182 1170 1157
348HAMADA  1996102  1155 1218 1311 1257 1157 1176 1222 1138 1011 1007 1033
348HAMADA  1996103  1088 1161 1180 1077 1097 1165 1202 1203 1164
348HAMADA  1996111  1226 1157 1048 1120 1232 1066 1099 1203 1201 1136 1170
348HAMADA  1996112  1084 1080 1146 1035 1050 1170 1135 1033 1108 1152 1051
348HAMADA  1996113  1086 1107 1053 1142 1187 1105 1137 1199
348HAMADA  1996121  1059  952  930 1105 1171 1070  959  943  981 1001  994
348HAMADA  1996122   970  984  979  934  983 1015  981  961  970 1027 1134
348HAMADA  1996123  1002 1043 1006  913  980 1021 1032  999 1015
348HAMADA  1997 11  1194 1127  978  947 1034  999  866  794  914  949  897
348HAMADA  1997 12   870  935  946  918  968  981  993  953 1034  946  868
348HAMADA  1997 13   980  976  969  993 1032 1078  989  920  913
348HAMADA  1997 21   887  925  888  905  960  950  927  970  981 1057 1039
348HAMADA  1997 22   907  873  909  999  998  983  945  912 1051  884  744
348HAMADA  1997 23   797  878  981  854  808 1003
348HAMADA  1997 31   960  893  890  899  912  975  923  893  910  948  870
348HAMADA  1997 32   847  979  933  779  733  737  866  893  890  973  969
348HAMADA  1997 33   867  822  940  873  859  969 1026  872  812
348HAMADA  1997 41   906  958  828  812  864  896  906  968  954  941  969
348HAMADA  1997 42  1019 1026  958  893  894  912  859  841  888  949  912
348HAMADA  1997 43   804  871  918  920 1000 1087 1127 1038
348HAMADA  1997 51   984  978  944  991  947  956 1058 1050  934 1013  996
348HAMADA  1997 52   954 1038 1100 1131 1110 1087 1116 1141 1099 1046 1052
348HAMADA  1997 53  1106 1173 1168 1086 1016 1041 1134 1198 1164
348HAMADA  1997 61  1148 1157 1127 1150 1220 1173 1164 1253 1289 1262 1202
348HAMADA  1997 62  1129 1085 1109 1125 1106 1103 1105 1160 1200 1210 1200
348HAMADA  1997 63  1204 1213 1232 1214 1182 1152 1179 1157
348HAMADA  1997 71  1212 1243 1230 1304 1365 1378 1321 1249 1265 1265 1309
348HAMADA  1997 72  1344 1293 1290 1338 1373 1258 1188 1207 1221 1236 1249
348HAMADA  1997 73  1263 1292 1340 1427 1485 1397 1323 1263 1219
348HAMADA  1997 81  1215 1250 1304 1395 1412 1341 1343 1443 1533 1386 1302
348HAMADA  1997 82  1279 1273 1230 1163 1211 1307 1315 1269 1271 1337 1411
348HAMADA  1997 83  1395 1359 1289 1286 1331 1359 1345 1341 1382
348HAMADA  1997 91  1408 1448 1392 1344 1327 1325 1321 1317 1353 1329 1288
348HAMADA  1997 92  1223 1146  957  783  933 1151 1164 1130 1149 1129 1050
348HAMADA  1997 93  1029 1065 1164 1309 1275 1175 1131 1107
348HAMADA  1997101  1090 1107 1177 1259 1218 1181 1207 1132 1147 1286 1224
348HAMADA  1997102  1145 1170 1193 1096 1092 1162 1141 1153 1214 1217 1174
348HAMADA  1997103  1171 1133 1088 1100 1055 1045 1087 1080 1023
348HAMADA  1997111   963  953 1047 1068 1048 1029  963  972  959  956 1018
348HAMADA  1997112  1124 1060 1100 1103 1113 1186 1085  970  981 1104 1105
348HAMADA  1997113  1045 1053 1236 1276 1054 1043 1185 1121
348HAMADA  1997121  1065 1000  931  905  920 1109 1189 1112 1076 1044 1056
348HAMADA  1997122  1016 1004 1053 1065 1045 1104 1109 1096 1042  881  860
348HAMADA  1997123   899  937  950 1009 1062 1037 1090 1129 1106
348HAMADA  1998 11  1104 1041 1057 1006 1007  942  929  949  892  911  866
348HAMADA  1998 12   942  975  871  827  971 1040 1072  984 1026  973  933
348HAMADA  1998 13  1002  914  893  894  845  810  830  893  840
348HAMADA  1998 21   810  888  903  841  941  989 1066 1088  992  876  918
348HAMADA  1998 22   997  956  899  901  906  742  751  977 1023  711  746
348HAMADA  1998 23   885  856  901  977 1013  967
348HAMADA  1998 31   880  920  960  939  964 1070  940  997  936  831 1048
348HAMADA  1998 32  1122 1148 1130  980  948  856  869 1139 1047  909  853
348HAMADA  1998 33   854  922  920  938  968  914  899  932  913
348HAMADA  1998 41   812  832  886  880  903  863  924  976  927  940  954
348HAMADA  1998 42  1031 1098 1009  952  939  964  964  958  922  955 1022
348HAMADA  1998 43  1082 1114 1019  958  936  970  952  924
348HAMADA  1998 51  1091 1256 1052  920  950 1011 1052 1000  968  933 1011
348HAMADA  1998 52  1143 1061  979 1019 1131 1130 1081 1043  988  983  997
348HAMADA  1998 53  1039 1121 1125 1109 1067 1107 1176 1134 1114
348HAMADA  1998 61  1162 1188 1198 1083 1043 1049 1091 1129 1151 1181 1191
348HAMADA  1998 62  1259 1348 1327 1286 1259 1232 1259 1299 1246 1148 1091
348HAMADA  1998 63  1157 1231 1272 1323 1320 1287 1252 1272
348HAMADA  1998 71  1318 1323 1303 1254 1240 1233 1285 1343 1351 1370 1366
348HAMADA  1998 72  1259 1199 1247 1347 1345 1278 1359 1451 1418 1339 1297
348HAMADA  1998 73  1263 1240 1309 1398 1363 1291 1251 1219 1237
348HAMADA  1998 81  1309 1276 1211 1214 1277 1316 1271 1265 1285 1309 1360
348HAMADA  1998 82  1370 1390 1371 1370 1375 1330 1332 1324 1306 1282 1262
348HAMADA  1998 83  1330 1419 1394 1361 1340 1301 1237 1177 1139
348HAMADA  1998 91  1188 1211 1188 1196 1229 1249 1254 1248 1210 1199 1251
348HAMADA  1998 92  1246 1206 1286 1358 1267 1106 1010 1123 1257 1348 1218
348HAMADA  1998 93  1123 1160 1188 1184 1142 1089 1192 1410
348HAMADA  1998101  1372 1195 1153 1069 1109 1208 1191 1223 1232 1158 1099
348HAMADA  1998102  1163 1251 1313 1304 1287 1319 1316 1176 1056 1089 1130
348HAMADA  1998103  1163 1183 1225 1254 1239 1250 1240 1192 1198
348HAMADA  1998111  1174 1177 1140 1171 1054 1072 1219 1362 1350 1193 1203
348HAMADA  1998112  1167 1206 1202 1203 1304 1273 1125 1052 1057 1078 1073
348HAMADA  1998113  1044 1050  967 1009 1118 1072 1073 1101
348HAMADA  1998121  1100 1044 1037 1068 1051 1035 1084 1016  940  940  922
348HAMADA  1998122   898  983 1054 1015 1021  973  978 1075 1021 1017 1095
348HAMADA  1998123  1026  935 1021 1041  989  929  978  968  938
348HAMADA  1999 11   977 1033  967  912  955 1034 1033  986  903  919  867
348HAMADA  1999 12   845  891  947  965  894  843  917  971  935  905  971
348HAMADA  1999 13   920  938 1097 1025 1045 1016  956  914  912
348HAMADA  1999 21   958 1039  898  862  833  827  905  907  948  942  953
348HAMADA  1999 22   866  777  737  754  841  942  947  880  845  835  881
348HAMADA  1999 23   888  910  960 1001  909  907
348HAMADA  1999 31  1023  941  902  997 1045  943  902  911  912  908  888
348HAMADA  1999 32   879  941 1006  915  985 1017 1049  795  787 1008  917
348HAMADA  1999 33   941 1028 1133 1124  955  921  892  922  971
348HAMADA  1999 41  1089 1042  953 1026 1141 1110  919  918 1083 1087  984
348HAMADA  1999 42  1223 1237  971  886  946  978 1012 1071  991  928 1027
348HAMADA  1999 43  1037  986  952  983 1024  918  879  860
348HAMADA  1999 51   865  892 1046 1102 1050 1046 1053  991  973  938  899
348HAMADA  1999 52   973  994  966 1024 1044 1022 1150 1206 1110 1021 1023
348HAMADA  1999 53  1106 1202 1166 1141 1126 1091 1042 1022 1064
348HAMADA  1999 61  1125 1157 1165 1145 1056 1078 1120 1074 1015 1052 1114
348HAMADA  1999 62  1136 1159 1179 1211 1262 1194 1136 1138 1126 1110 1130
348HAMADA  1999 63  1290 1325 1247 1208 1209 1244 1283 1253
348HAMADA  1999 71  1266 1298 1215 1142 1098 1093 1119 1171 1209 1186 1173
348HAMADA  1999 72  1208 1229 1264 1306 1287 1252 1245 1216 1186 1184 1259
348HAMADA  1999 73  1331 1293 1243 1229 1337 1384 1326 1298 1297
348HAMADA  1999 81  1311 1351 1405 1326 1320 1344 1378 1405 1385 1384 1392
348HAMADA  1999 82  1369 1319 1282 1246 1241 1308 1324 1288 1291 1334 1332
348HAMADA  1999 83  1274 1237 1308 1373 1379 1341 1315 1360 1384
348HAMADA  1999 91  1245 1163 1176 1229 1334 1396 1375 1355 1390 1444 1411
348HAMADA  1999 92  1361 1351 1375 1252 1131 1171 1267 1355 1323 1164 1234
348HAMADA  1999 93  1336 1333 1319 1237 1244 1295 1341 1318
348HAMADA  1999101  1324 1351 1213 1178 1236 1284 1321 1294 1212 1299 1413
348HAMADA  1999102  1331 1349 1369 1345 1300 1310 1326 1349 1376 1360 1321
348HAMADA  1999103  1181 1234 1321 1414 1468 1490 1444 1310 1419
348HAMADA  1999111  1433 1321 1264 1253 1297 1291 1328 1352 1213 1202 1318
348HAMADA  1999112  1327 1209 1265 1246 1159 1197 1203 1218 1241 1225 1201
348HAMADA  1999113  1210 1319 1339 1172 1145 1114 1075 1043
348HAMADA  1999121  1006  965  963 1102 1171 1105  983 1023 1086 1146 1053
348HAMADA  1999122  1036 1109 1080 1002 1015 1012  971 1006 1008  955  926
348HAMADA  1999123  1022 1161 1072  921  931 1040 1046  999  966
348HAMADA  2000 11   962 1097 1099 1029 1082 1136 1057 1044 1040  977  913
348HAMADA  2000 12  1010 1098 1036  997 1011 1012 1029 1084  970  824  894
348HAMADA  2000 13   980  925  880  855  818  880  910  880  785
348HAMADA  2000 21   866  942  940  860  901  974 1091 1074  959  979  987
348HAMADA  2000 22   996 1018 1095 1044  983  932  921  999 1038  985  956
348HAMADA  2000 23   996  955 1011 1059 1011  960  911
348HAMADA  2000 31   965  985 1030 1108 1078 1065 1029  992  883  853  953
348HAMADA  2000 32  1007  976  946 1060 1078  979 1025 1008  931  957  909
348HAMADA  2000 33  1098 1088  998 1008 1057 1099  966  970  972
348HAMADA  2000 41   865  863  873  957  985  934  989  898  944 1000 1004
348HAMADA  2000 42  1052 1015  967  891  910  952  950 1015  976 1054 1164
348HAMADA  2000 43  1129 1034 1052 1111 1035  932  940  986
348HAMADA  2000 51  1051 1008  980 1010 1026 1053 1037 1044 1057 1092 1129
348HAMADA  2000 52  1098 1026  986 1007 1040 1043 1044 1088 1094 1033 1047
348HAMADA  2000 53  1067 1047 1016 1071 1169 1139 1037 1101 1135
348HAMADA  2000 61  1063 1032 1076 1093 1104 1151 1188 1191 1086 1046 1061
348HAMADA  2000 62  1088 1185 1206 1182 1157 1113 1138 1167 1150 1125 1145
348HAMADA  2000 63  1158 1117 1072 1111 1198 1141 1149 1169
348HAMADA  2000 71  1153 1164 1189 1188 1189 1236 1239 1216 1184 1161 1234
348HAMADA  2000 72  1329 1307 1274 1258 1217 1231 1269 1251 1232 1302 1400
348HAMADA  2000 73  1442 1407 1368 1322 1301 1326 1365 1415 1408
348HAMADA  2000 81  1299 1250 1271 1268 1250 1267 1293 1285 1260 1273 1320
348HAMADA  2000 82  1297 1252 1292 1326 1330 1315 1301 1338 1409 1382 1296
348HAMADA  2000 83  1270 1316 1381 1389 1334 1306 1314 1345 1426
348HAMADA  2000 91  1475 1425 1335 1288 1325 1354 1267 1193 1237 1255 1126
348HAMADA  2000 92  1058 1104 1201 1409 1547 1405 1270 1211 1214 1250 1318
348HAMADA  2000 93  1345 1345 1315 1217 1201 1229 1255 1258
348HAMADA  2000101  1237 1240 1240 1186 1136 1107 1125 1194 1185 1160 1179
348HAMADA  2000102  1165 1142 1125 1097 1110 1182 1091 1142 1183 1116 1097
348HAMADA  2000103  1120 1172 1205 1044  977 1141 1262 1186 1138
348HAMADA  2000111  1127 1090 1070 1136 1181 1183 1153 1092 1119 1116 1110
348HAMADA  2000112  1110 1047 1060 1005  999 1089 1019 1072 1194 1072  990
348HAMADA  2000113  1050 1105 1114 1158 1100 1021 1043 1039
348HAMADA  2000121   992 1046 1086 1086 1112 1013  988 1020 1087 1103  966
348HAMADA  2000122   995 1028 1012 1071 1038  990 1085 1096 1065 1054 1118
348HAMADA  2000123  1179 1137 1051  950  998  988  983 1088 1100
348HAMADA  2001 11  1151 1167 1078 1020  934  940 1058 1049 1135 1174 1166
348HAMADA  2001 12  1107 1151 1123 1035  990  970  979  979 1053 1074 1021
348HAMADA  2001 13   932  958  962  909 1055 1042  986  985 1025
348HAMADA  2001 21   991  891  912  888  928  991 1010  932  929  896  849
348HAMADA  2001 22   900  981  976 1048  905  917 1039  936  917 1017 1037
348HAMADA  2001 23  1011  890  835  849  969 1047
348HAMADA  2001 31   967  935 1084 1168 1053 1054  980  933  907  910  837
348HAMADA  2001 32   875  884 1025  986  973 1047 1039 1047 1093 1050 1053
348HAMADA  2001 33   956 1004 1062 1053 1056 1070 1079 1040  941
348HAMADA  2001 41   996 1088  957  909  968  932  934  985  952  989 1117
348HAMADA  2001 42  1101 1057 1056 1028  973  962 1012 1038  884  887  901
348HAMADA  2001 43   983  972  888  911  952  989  981  934
348HAMADA  2001 51   962  977  902  911  950  996 1069 1087 1059 1004  954
348HAMADA  2001 52   938  977 1011 1053 1091 1094 1126 1127 1115 1072 1104
348HAMADA  2001 53  1163 1113 1118 1136 1123 1103 1092 1094 1095
348HAMADA  2001 61  1106 1094 1148 1183 1191 1222 1160 1073 1087 1137 1119
348HAMADA  2001 62  1164 1162 1088 1066 1070 1109 1234 1282 1147 1108 1143
348HAMADA  2001 63  1118 1172 1247 1235 1239 1225 1252 1268
348HAMADA  2001 71  1169 1146 1192 1244 1270 1206 1130 1173 1190 1231 1288
348HAMADA  2001 72  1288 1229 1196 1242 1272 1239 1219 1234 1251 1229 1216
348HAMADA  2001 73  1248 1254 1220 1216 1236 1277 1305 1302 1295
348HAMADA  2001 81  1273 1245 1251 1272 1287 1346 1390 1385 1340 1273 1209
348HAMADA  2001 82  1211 1274 1293 1275 1274 1248 1228 1269 1329 1424 1477
348HAMADA  2001 83  1441 1360 1323 1310 1260 1226 1241 1244 1248
348HAMADA  2001 91  1274 1262 1237 1279 1360 1391 1309 1280 1363 1325 1222
348HAMADA  2001 92  1195 1243 1292 1243 1248 1318 1316 1248 1235 1070 1003
348HAMADA  2001 93  1200 1322 1324 1304 1330 1185 1194 1356
348HAMADA  2001101  1377 1295 1243 1269 1244 1177 1191 1290 1428 1470 1368
348HAMADA  2001102  1303 1310 1266 1220 1240 1173 1136 1162 1209 1290 1330
348HAMADA  2001103  1256 1186 1144 1161 1264 1277 1106 1133 1186
348HAMADA  2001111  1191 1160 1126 1100 1180 1106 1065 1103 1075 1032 1107
348HAMADA  2001112  1092 1081 1056 1072 1079 1057 1040 1039 1025 1015 1041
348HAMADA  2001113  1085 1160 1134 1046 1050 1098 1159 1106
348HAMADA  2001121  1072 1065 1055 1038 1072 1046  994  951  938  896  858
348HAMADA  2001122  1016 1057  961  896  908  960  931  888  923 1008  992
348HAMADA  2001123   963  925  876  926  942  952 1099 1061 1016
348HAMADA  2002 11  1054  955  977 1081  908  859 1045  994  925 1041 1049
348HAMADA  2002 12  1004  934  937 1106 1028  909  895  867  941 1033 1039
348HAMADA  2002 13   954  885  868  909  965  995  934  906  847
348HAMADA  2002 21   871  878  821  899 1009 1015  984 1011  955  980  981
348HAMADA  2002 22   956  878  814  856  954 1038  934  823  898  945  914
348HAMADA  2002 23   901  827  892  951  946  910
348HAMADA  2002 31   860  814  858  924 1037 1092  920  802  914  987  942
348HAMADA  2002 32   916  894 1077 1075  940  968  953  984 1007 1094 1053
348HAMADA  2002 33   983  880  878  950  900  934  987  994  980
348HAMADA  2002 41   982 1042  943  883  967 1071 1062 1030  967  926  952
348HAMADA  2002 42  1024 1042 1025 1068 1129 1054  978  962 1034 1057 1026
348HAMADA  2002 43  1066 1019  872  857  907  970 1113 1167
348HAMADA  2002 51  1000 1010 1096 1089 1007 1005 1115 1026 1039 1092 1054
348HAMADA  2002 52  1051 1096 1140 1150 1180 1195 1214 1215 1199 1195 1200
348HAMADA  2002 53  1185 1199 1215 1169 1129 1157 1196 1262 1277
348HAMADA  2002 61  1258 1206 1177 1175 1126 1122 1157 1161 1193 1326 1344
348HAMADA  2002 62  1258 1244 1196 1152 1160 1205 1235 1266 1293 1268 1139
348HAMADA  2002 63  1138 1142 1141 1173 1197 1220 1243 1263
348HAMADA  2002 71  1242 1229 1229 1218 1309 1482 1365 1236 1263 1296 1325
348HAMADA  2002 72  1321 1335 1374 1384 1426 1388 1337 1346 1311 1315 1311
348HAMADA  2002 73  1289 1317 1284 1289 1330 1294 1315 1326 1327
348HAMADA  2002 81  1353 1352 1338 1345 1346 1349 1391 1413 1389 1323 1239
348HAMADA  2002 82  1221 1268 1299 1319 1286 1262 1209 1162 1194 1268 1322
348HAMADA  2002 83  1386 1375 1292 1276 1297 1310 1309 1298 1618
348HAMADA  2002 91  1646 1340 1270 1265 1331 1244 1160 1300 1382 1340 1351
348HAMADA  2002 92  1377 1329 1296 1290 1303 1220 1196 1233 1264 1267 1239
348HAMADA  2002 93  1259 1231 1147 1149 1213 1255 1268 1261
348HAMADA  2002101  1280 1279 1253 1228 1240 1290 1271 1196 1121 1123 1205
348HAMADA  2002102  1253 1261 1277 1276 1199 1198 1214 1155 1103 1264 1311
348HAMADA  2002103  1267 1234 1256 1346 1348 1267 1167 1120 1157
348HAMADA  2002111  1180 1185 1213 1131 1045 1035 1210 1237 1123 1146 1215
348HAMADA  2002112  1157 1116 1141 1101 1023 1078 1023  987 1039  999  990
348HAMADA  2002113  1067 1160 1150 1120 1094 1038 1042 1094
348HAMADA  2002121  1101 1056 1097 1213 1130 1019 1012  985 1102 1078 1047
348HAMADA  2002122   964  917  943 1039 1140 1021 1013  947  923  924  917
348HAMADA  2002123  1020 1132 1074  965  968 1039  992  983 1016
348HAMADA  2003 11   975  925 1048 1049  896  827  804  838  921  942  928
348HAMADA  2003 12   957 1065  944  794  907  962  928  993 1012  952  997
348HAMADA  2003 13   979  876  832  954 1108 1135  985  910  929
348HAMADA  2003 21   905  913  944  980  877  900 1012 1034  991 1013 1026
348HAMADA  2003 22   987  955  961 1007  995  976 1000  959  823  922  987
348HAMADA  2003 23   912  930  948  939  788  907
348HAMADA  2003 31  1041 1119 1069  892  853  921  979  882  776  716  729
348HAMADA  2003 32   760  799  873  909  934  912  890  903  879  836  812
348HAMADA  2003 33   923  996  961  971  993  938  918  958  956
348HAMADA  2003 41   837  798  875  929  899  969 1068 1070  851  806  972
348HAMADA  2003 42  1028  961  902  863  820  864  973 1005  951  835  864
348HAMADA  2003 43  1010 1013 1010  922  861  864  989  934
348HAMADA  2003 51   853  927  948  917  924 1013 1087  879  869  959  953
348HAMADA  2003 52   942 1003 1064 1028 1011 1095 1151 1145 1134 1121 1129
348HAMADA  2003 53  1145 1194 1194 1172 1133 1121 1192 1203 1172
348HAMADA  2003 61  1196 1151 1108 1142 1151 1172 1154 1114 1108 1139 1253
348HAMADA  2003 62  1342 1304 1253 1228 1195 1173 1229 1322 1263 1194 1195
348HAMADA  2003 63  1284 1340 1288 1233 1328 1307 1236 1226
348HAMADA  2003 71  1158 1152 1240 1212 1233 1234 1188 1164 1246 1318 1277
348HAMADA  2003 72  1257 1293 1256 1210 1150 1182 1282 1276 1259 1239 1234
348HAMADA  2003 73  1297 1250 1191 1162 1207 1295 1352 1272 1225
348HAMADA  2003 81  1247 1257 1261 1262 1249 1284 1315 1294 1315 1310 1255
348HAMADA  2003 82  1215 1205 1151 1107 1183 1224 1240 1262 1249 1235 1257
348HAMADA  2003 83  1312 1339 1374 1327 1369 1398 1312 1329 1353
348HAMADA  2003 91  1299 1276 1275 1282 1344 1345 1311 1350 1372 1383 1347
348HAMADA  2003 92  1577 1602 1335 1269 1296 1331 1371 1313 1150 1067 1092
348HAMADA  2003 93  1150 1191 1247 1317 1306 1292 1242 1239
348HAMADA  2003101  1346 1357 1278 1243 1260 1287 1285 1286 1328 1353 1357
348HAMADA  2003102  1349 1286 1348 1331 1292 1299 1284 1247 1261 1311 1324
348HAMADA  2003103  1239 1251 1292 1263 1284 1328 1200 1188 1234
348HAMADA  2003111  1243 1254 1221 1149 1214 1203 1235 1242 1087 1113 1192
348HAMADA  2003112  1160 1127 1157 1280 1208 1135 1228 1254 1319 1290 1120
348HAMADA  2003113  1094 1169 1177 1125 1183 1260 1330 1226
348HAMADA  2003121  1144 1169 1204 1124 1156 1236 1138 1101 1033 1047 1122
348HAMADA  2003122  1112 1043 1052 1060 1088 1127 1079 1036  900  914 1038
348HAMADA  2003123  1110 1094 1119 1036  895  913  983  961  981
348HAMADA  2004 11  1012 1024  952  910  918  964  946  863  950  965  934
348HAMADA  2004 12  1086 1085  964  924  869  949 1106 1092 1056 1088 1079
348HAMADA  2004 13  1040  982  915  880  933 1007  971  935  935
348HAMADA  2004 21  1009 1036  971  972  963  912  895  882  817  803  883
348HAMADA  2004 22   842  965 1102  878  793  880  869  835  778  921 1063
348HAMADA  2004 23   879  882 1018  985  903 1017 1004
348HAMADA  2004 31   908  925  977 1021 1112  940  791  855  944 1025  905
348HAMADA  2004 32   841  942  954  949 1017 1017  853  886  917  868  825
348HAMADA  2004 33   923  962  973  915  953  986 1004 1002  942
348HAMADA  2004 41  1032 1066  902  836  935  980  943  931  977  978  992
348HAMADA  2004 42   972  912  955 1013 1077 1014 1037 1158 1085 1090 1142
348HAMADA  2004 43   997  939  984 1158 1114  952  975  963
348HAMADA  2004 51   889  991 1182 1154 1113 1099 1051 1119 1214 1195 1123
348HAMADA  2004 52  1158 1188 1079 1133 1237 1271 1229 1261 1295 1304 1254
348HAMADA  2004 53  1197 1163 1167 1176 1163 1252 1287 1246 1186
348HAMADA  2004 61  1122 1115 1151 1210 1234 1237 1234 1185 1173 1108 1042
348HAMADA  2004 62  1006 1010 1097 1084 1064 1115 1199 1269 1315 1270 1268
348HAMADA  2004 63  1227 1270 1289 1245 1217 1239 1292 1248
348HAMADA  2004 71  1218 1283 1320 1406 1384 1273 1296 1312 1279 1281 1311
348HAMADA  2004 72  1368 1355 1298 1288 1333 1396 1384 1339 1341 1339 1317
348HAMADA  2004 73  1352 1402 1405 1372 1360 1393 1402 1396 1392
348HAMADA  2004 81  1431 1453 1454 1448 1416 1391 1424 1453 1464 1436 1408
348HAMADA  2004 82  1422 1427 1404 1395 1426 1431 1587 1674 1423 1343 1359
348HAMADA  2004 83  1371 1387 1397 1403 1340 1310 1349 1333 1450
348HAMADA  2004 91  1426 1351 1321 1322 1345 1373 1540 1469 1285 1178 1253
348HAMADA  2004 92  1357 1362 1326 1279 1299 1303 1337 1300 1332 1335 1278
348HAMADA  2004 93  1250 1184 1130 1192 1265 1238 1144 1205
348HAMADA  2004101  1277 1215 1092 1093 1133 1206 1263 1239 1205 1184 1199
348HAMADA  2004102  1222 1200 1153 1144 1100 1064 1203 1213 1085 1192 1160
348HAMADA  2004103  1065 1110 1160 1156 1139 1175 1207 1215 1252
348HAMADA  2004111  1345 1368 1262 1173 1178 1187 1104 1091 1115 1200 1288
348HAMADA  2004112  1170 1119 1211 1225 1163 1145 1122 1139 1150 1056 1027
348HAMADA  2004113  1023  976 1016 1142 1105 1078 1081 1042
348HAMADA  2004121   983  908 1063 1264 1154 1023 1021  973 1025 1065  997
348HAMADA  2004122  1077 1097 1089 1141 1075 1065 1073 1115 1113 1055 1136
348HAMADA  2004123  1143 1111 1154 1128 1093 1098 1071 1070 1051
348HAMADA  2005 11   996 1064 1177 1043  976 1079 1052  992 1019 1068 1064
348HAMADA  2005 12   980  982  991 1036  995  938 1018 1051  983  906  956
348HAMADA  2005 13   993 1089 1035  964 1041 1074 1122 1041 1138
348HAMADA  2005 21  1118  990  949  973  952  891  910  974 1010  951  908
348HAMADA  2005 22   933  951  962 1025 1033  865  845  984  953  913 1024
348HAMADA  2005 23  1052  960  926  845  861  877
348HAMADA  2005 31   838  867  888  881  841  846  945  931  896  974  988
348HAMADA  2005 32   918  895  905  904  940 1019  895  822  877  940 1005
348HAMADA  2005 33   964  967  949  928  951 1042 1001 1023  965
348HAMADA  2005 41   903  978  895  886  979 1000 1031  930  968 1016  883
348HAMADA  2005 42   967  986  967  929  907  926  892  960 1083 1075 1012
348HAMADA  2005 43   907  879  966  984 1038 1125 1080 1061
348HAMADA  2005 51  1080  992 1015 1068 1140 1152 1057 1114 1148 1075 1091
348HAMADA  2005 52  1079  996 1024  998  950 1085 1170 1033  999 1067 1142
348HAMADA  2005 53  1123 1032 1013 1051 1072  988  922 1013 1097
348HAMADA  2005 61  1150 1173 1151 1064  998 1022 1047 1052 1100 1215 1243
348HAMADA  2005 62  1199 1142 1130 1121 1095 1091 1123 1144 1155 1165 1177
348HAMADA  2005 63  1181 1178 1165 1198 1277 1245 1198 1227
348HAMADA  2005 71  1292 1307 1346 1365 1327 1308 1236 1248 1349 1302 1283
348HAMADA  2005 72  1232 1180 1149 1128 1150 1190 1227 1236 1268 1281 1224
348HAMADA  2005 73  1185 1202 1231 1253 1311 1351 1368 1341 1348
348HAMADA  2005 81  1383 1391 1349 1291 1268 1281 1298 1279 1294 1331 1351
348HAMADA  2005 82  1348 1341 1363 1360 1343 1335 1317 1331 1352 1339 1267
348HAMADA  2005 83  1183 1270 1407 1397 1358 1347 1343 1355 1317
348HAMADA  2005 91  1277 1282 1280 1190 1006  999 1295 1252 1184 1220 1218
348HAMADA  2005 92  1241 1348 1276 1146 1177 1193 1192 1222 1238 1264 1293
348HAMADA  2005 93  1215 1127 1121 1112 1073 1070 1135 1230
348HAMADA  2005101  1275 1255 1200 1193 1178 1184 1256 1218 1091 1037 1054
348HAMADA  2005102  1113 1201 1249 1227 1218 1181 1114 1077 1167 1259 1206
348HAMADA  2005103  1198 1180 1120 1089 1107 1183 1211 1173 1096
348HAMADA  2005111  1126 1163 1181 1214 1271 1314 1238 1191 1150 1173 1177
348HAMADA  2005112  1116 1143 1154 1153 1135 1114 1068 1075 1114 1150 1121
348HAMADA  2005113  1154 1179 1177 1227 1216 1247 1214 1136
348HAMADA  2005121  1141 1105 1146 1238 1134 1058 1055 1054 1039 1080 1133
348HAMADA  2005122  1130 1085 1049 1066 1096 1015  955  938  921 1034 1053
348HAMADA  2005123  1043  947 1066  985  907  922  943  930  875
348HAMADA  2006 11   987 9999 9999 9999 9999  972  927  932 1000 1024  969
348HAMADA  2006 12   966 1074  992  980  983  912  884  833  930 1020 1009
348HAMADA  2006 13   948  913  897  974  999  924  921  920  931
348HAMADA  2006 21   971  969  884  876  906 1037 1158  945  874 1050  999
348HAMADA  2006 22   875 1025 1079  936  894  823  877  944  929  966  959
348HAMADA  2006 23   843  799  895  873  694  771
348HAMADA  2006 31   929  966  870  868  951  890  912  929  882  972 1032
348HAMADA  2006 32   940  927  910  958  992  930  971  897  926  936  996
348HAMADA  2006 33  1007  958  991 1003 1068 1067 1064  982  894
348HAMADA  2006 41  1062 1139 1037 1026  949  952 1072 1047  984 1107 1133
348HAMADA  2006 42  1063  915  842  933  967  975 1023 1164 1197 1067 1076
348HAMADA  2006 43  1069 1032  981  989  976 1036 1132 1208
348HAMADA  2006 51  1140  853  845  953 1038 1161 1028  893  997 1077  919
348HAMADA  2006 52   923 1027 1044 1021 1022 1025 1074 1149 1114 1042 1070
348HAMADA  2006 53  1104 1027 1010 1099 1232 1251 1190 1133 1085
348HAMADA  2006 61  1083 1034 1048 1168 1203 1176 1170 1243 1276 1244 1182
348HAMADA  2006 62  1124 1104 1222 1281 1169 1142 1157 1116 1129 1194 1222
348HAMADA  2006 63  1175 1124 1159 1211 1232 1193 1171 1219
348HAMADA  2006 71  1255 1225 1191 1290 1311 1249 1239 1227 1261 1350 1296
348HAMADA  2006 72  1252 1283 1261 1264 1321 1365 1394 1324 1331 1366 1361
348HAMADA  2006 73  1321 1260 1227 1200 1238 1304 1311 1297 1297
348HAMADA  2006 81  1269 1244 1246 1275 1306 1318 1343 1352 1350 1349 1368
348HAMADA  2006 82  1378 1372 1412 1459 1455 1381 1287 1330 1333 1300 1261
348HAMADA  2006 83  1256 1269 1242 1270 1356 1401 1379 1345 1329
348HAMADA  2006 91  1323 1310 1320 1345 1288 1314 1258 1243 1289 1222 1158
348HAMADA  2006 92  1155 1155 1148 1236 1251 1208 1321 1297 1236 1183 1122
348HAMADA  2006 93  1150 1209 1218 1243 1257 1286 1276 1218
348HAMADA  2006101  1251 1284 1288 1277 1218 1191 1255 1273 1207 1225 1299
348HAMADA  2006102  1282 1217 1244 1260 1224 1250 1235 1280 1250 1176 1340
348HAMADA  2006103  1383 1142 1144 1199 1178 1208 1191 1151 1188
348HAMADA  2006111  1191 1170 1176 1203 1270 1309 1206 1184 1208 1161 1147
348HAMADA  2006112  1149 1214 1175 1172 1108 1062 1088 1136 1183 1186 1059
348HAMADA  2006113   886  926 1110 1236 1201 1174 1110 1090
348HAMADA  2006121  1196 1152 1036 1022 1028 1041 1073  992 1089 1094 1064
348HAMADA  2006122  1055 1084 1109 1100 1147 1077  950  920  947 1017 1052
348HAMADA  2006123  1067 1030 1018 1104 1225 1123  955  940  921
348HAMADA  2007 11  1000 1021  925  945 1066 1232 1140  996  924  915  918
348HAMADA  2007 12   959  960  961  998 1027 1049 1011  970  954  943  927
348HAMADA  2007 13   925  926  983 1054  977  907  914  951  933
348HAMADA  2007 21   889  827  934  875  902  910  855  926 1006 1014  953
348HAMADA  2007 22   932 1043 1096  975  904  897  953  959  922  903  971
348HAMADA  2007 23   955  897  880  914  905  807
348HAMADA  2007 31   915 1001 1043 1186 1200  974 1024 1017 1001 1070 1042
348HAMADA  2007 32  1057 1083 1046 1012  976  967 1015  970  976 1054 1066
348HAMADA  2007 33  1134 1286 1229 1169 1177 1186 1178 1111 1210
348HAMADA  2007 41  1144 1021 1022  981  913  955 1019 1041 1013 1008  967
348HAMADA  2007 42  1010 1101 1056 1033 1006 1016 1034 1041 1100 1139 1087
348HAMADA  2007 43   983 1081 1131 1032  981  984 1015 1084
348HAMADA  2007 51  1135 1072 1082 1135 1144 1142 1177 1167 1158 1095 1075
348HAMADA  2007 52  1146 1113 1112 1098 1229 1348 1283 1125 1066 1084 1100
348HAMADA  2007 53  1122 1203 1259 1253 1112 1021 1165 1191 1136
348HAMADA  2007 61  1148 1168 1151 1193 1250 1232 1203 1158 1104 1107 1134
348HAMADA  2007 62  1176 1251 1239 1111 1088 1139 1126 1075 1106 1208 1209
348HAMADA  2007 63  1155 1214 1196 1159 1152 1227 1250 1171
348HAMADA  2007 71  1174 1226 1268 1262 1216 1213 1194 1195 1247 1315 1256
348HAMADA  2007 72  1219 1158 1070 1176 1295 1252 1217 1275 1281 1254 1257
348HAMADA  2007 73  1233 1230 1246 1246 1272 1301 1245 1215 1276
348HAMADA  2007 81  1329 1351 1341 1336 1318 1299 1303 1320 1329 1355 1398
348HAMADA  2007 82  1432 1466 1448 1358 1319 1339 1363 1366 1388 1448 1464
348HAMADA  2007 83  1372 1294 1295 1327 1364 1378 1393 1397 1328
348HAMADA  2007 91  1381 1450 1388 1368 1376 1390 1441 1404 1330 1298 1293
348HAMADA  2007 92  1269 1260 1321 1367 1393 1327 1236 1316 1327 1295 1167
348HAMADA  2007 93  1081 1192 1208 1159 1259 1244 1120 1173
348HAMADA  2007101  1244 1214 1165 1164 1125 1149 1246 1240 1129 1076 1126
348HAMADA  2007102  1079 1056 1096 1067 1120 1149 1180 1234 1156 1090 1110
348HAMADA  2007103  1064 1045 1147 1169 1112 1215 1210 1115 1144
348HAMADA  2007111  1162 1124 1088 1038 1049 1061 1183 1233 1208 1250 1251
348HAMADA  2007112  1238 1247 1256 1220 1219 1331 1211 1196 1194 1082 1065
348HAMADA  2007113  1116 1122 1135 1193 1216 1172 1130 1128
348HAMADA  2007121  1135 1195 1146 1048 1051 1155 1167 1102 1071 1087 1143
348HAMADA  2007122  1213 1226 1159 1093 1009 1036 1066 1071 1054  998 1005
348HAMADA  2007123  1065  997  950  961 1086 1211 1296 1247 1151
348HAMADA  2008 11   999  970  990  992 1023 1036 1041 1014  963  952  955
348HAMADA  2008 12   823  833  865  934  896  856  867  886  905  849  971
348HAMADA  2008 13  1059  933  874  846  877 1025 1076 1010  924
348HAMADA  2008 21   939 1014 1037 1018  992  996  983  960  928  874  958
348HAMADA  2008 22   946  917  966  932  887  808  774  838  897  908 1011
348HAMADA  2008 23   930  739  832  929  851  924 1066
348HAMADA  2008 31   984 1004  938  853  871  902  813  812  901  983  955
348HAMADA  2008 32   881  961  938  943  984  954  960  823  743  848 1023
348HAMADA  2008 33  1132 1095 1103 1073 1073  962  892  949  957
348HAMADA  2008 41   993 1042 1008  951  950 1028 1089 1039 1124 1119 1046
348HAMADA  2008 42   997 1027 1061 1061 1078 1059  973  928  903  982 1068
348HAMADA  2008 43  1121 1075 1109 1145 1055 1020 1027 1055
348HAMADA  2008 51  1072 1081 1110 1172 1141 1122 1176 1157 1001  922  978
348HAMADA  2008 52  1062 1117 1106 1124 1150 1169 1224 1256 1187 1169 1142
348HAMADA  2008 53  1115 1159 1189 1147 1132 1184 1131 1133 1135
348HAMADA  2008 61  1131 1122 1118 1196 1286 1256 1208 1181 1174 1203 1187
348HAMADA  2008 62  1184 1199 1105 1076 1125 1155 1232 1273 1272 1269 1212
348HAMADA  2008 63  1167 1156 1126 1114 1123 1188 1203 1111
348HAMADA  2008 71  1128 1196 1235 1215 1210 1200 1168 1142 1153 1213 1248
348HAMADA  2008 72  1246 1253 1233 1231 1284 1302 1258 1224 1238 1274 1267
348HAMADA  2008 73  1267 1317 1334 1312 1289 1309 1338 1335 1295
348HAMADA  2008 81  1299 1407 1428 1342 1321 1319 1316 1360 1379 1368 1374
348HAMADA  2008 82  1400 1437 1468 1500 1415 1324 1401 1452 1361 1282 1400
348HAMADA  2008 83  1426 1228 1185 1213 1232 1234 1170 1127 1191
348HAMADA  2008 91  1301 1307 1250 1225 1202 1152 1146 1111 1073 1124 1199
348HAMADA  2008 92  1229 1183 1140 1180 1221 1216 1192 1194 1240 1247 1238
348HAMADA  2008 93  1212 1160 1275 1208 1119 1115 1148 1189
348HAMADA  2008101  1139 1152 1202 1217 1213 1226 1193 1143 1139 1192 1176
348HAMADA  2008102  1176 1225 1235 1196 1180 1198 1212 1226 1211 1219 1277
348HAMADA  2008103  1330 1261 1208 1281 1219 1230 1231 1184 1197
348HAMADA  2008111  1221 1257 1209 1122 1133 1184 1129 1035 1043 1023 1040
348HAMADA  2008112  1130 1194 1229 1275 1281 1239 1195 1090 1103 1106 1068
348HAMADA  2008113  1127 1117 1108 1107 1170 1218 1230 1055
348HAMADA  2008121  1067 1133 1106 1167 1142 1043 1052 1134 1142 1195 1237
348HAMADA  2008122  1159 1136 1110 1106 1117 1159 1124 1134 1198 1116 1032
348HAMADA  2008123  1024 1132 1113  987  997 1070 1102 1048 1012
348HAMADA  2009 11   975  935  948 1010 1038 1047 1057 1095 1140 1131 1159
348HAMADA  2009 12  1033  931  903  863  927  977 1061 1016  963  963 1023
348HAMADA  2009 13   989  972  991  915  838  872  939  899  806
348HAMADA  2009 21   819  912  897  910  963  938  983  940  978 1015 1039
348HAMADA  2009 22  1067 1242 1115  952  888  876  913  986 1019  944  967
348HAMADA  2009 23   912  990  975  933  945  922
348HAMADA  2009 31   877  843  943  967 1011  984  870  900  945  919  860
348HAMADA  2009 32   916 1082  973  968 1040 1003 1018  986  797 1004 1117
348HAMADA  2009 33   949  945  949  990  919  886  840  874  981
348HAMADA  2009 41   945  936  992  992  998 1038  997  931  908  957  965
348HAMADA  2009 42  1030 1113 1060 1080 1018 1001 1023 1025 1166 1226 1099
348HAMADA  2009 43   931  990 1151 1091 1037  977  939  965
348HAMADA  2009 51   990 1017 1035 1072 1074 1063 1132 1136 1129 1118 1118
348HAMADA  2009 52  1157 1102 1033  974 1117 1198 1118 1113 1131 1214 1195
348HAMADA  2009 53  1198 1150 1101 1129 1101 1018 1023 1167 1250
348HAMADA  2009 61  1211 1220 1247 1229 1209 1170 1152 1134 1186 1318 1330
348HAMADA  2009 62  1311 1224 1153 1129 1129 1130 1157 1181 1224 1298 1344
348HAMADA  2009 63  1285 1227 1202 1175 1177 1237 1295 1244
348HAMADA  2009 71  1221 1235 1260 1229 1179 1190 1274 1317 1383 1314 1204
348HAMADA  2009 72  1238 1220 1236 1283 1272 1270 1313 1348 1334 1420 1364
348HAMADA  2009 73  1277 1319 1290 1245 1252 1279 1273 1214 1205
348HAMADA  2009 81  1248 1247 1213 1184 1184 1205 1215 1216 1226 1233 1299
348HAMADA  2009 82  1388 1340 1262 1239 1205 1209 1266 1300 1361 1409 1394
348HAMADA  2009 83  1359 1285 1267 1329 1412 1417 1284 1207 1200
348HAMADA  2009 91  1181 1199 1239 1287 1326 1381 1424 1376 1353 1378 1393
348HAMADA  2009 92  1429 1359 1319 1325 1297 1278 1268 1210 1288 1364 1352
348HAMADA  2009 93  1323 1316 1329 1310 1322 1301 1225 1238
348HAMADA  2009101  1304 1360 1295 1250 1251 1228 1110 1190 1297 1263 1198
348HAMADA  2009102  1229 1281 1240 1229 1307 1384 1359 1350 1206 1123 1130
348HAMADA  2009103  1153 1104 1079 1148 1218 1149 1128 1150 1219
348HAMADA  2009111  1238 1054  995 1103 1153 1210 1234 1255 1239 1082  823
348HAMADA  2009112   936 1213 1309 1225 1092 1102 1099 1060 1057 1082 1101
348HAMADA  2009113  1116 1186 1201 1161 1187 1131 1165 1218
348HAMADA  2009121  1212 1261 1260 1279 1336 1177 1087 1118 1176 1234 1234
348HAMADA  2009122  1174 1160 1130 1125 1143 1172 1137 1145 1102 1019 1074
348HAMADA  2009123  1070 1063 1116 1088 1077 1066 1105 1184 1064
348HAMADA  2010 11  1038 1085 1025 1113 1033  952  925  940  966  966 1024
348HAMADA  2010 12  1082 1039  944  860  842  836  846  875 1020  941  878
348HAMADA  2010 13   915  974  926  820 1005 1060 1001  984  977
348HAMADA  2010 21   987  984  962  950  952  914  950 1050 1072  978  814
348HAMADA  2010 22   872  957  942  930  907  968  993  980  982  996 1060
348HAMADA  2010 23  1058 1058 1138  990  900 1011
348HAMADA  2010 31  1007  965  946 1036 1076  912  790  781  891  991  974
348HAMADA  2010 32  1008  855  860 1045  950  882  906 1034 1185 1012  925
348HAMADA  2010 33   908  877  913  870  899  878  799  832 1013
348HAMADA  2010 41  1096 1007  939  955 1028 1003  856  888  985 1054 1039
348HAMADA  2010 42  1063 1049  951  965 1004 1007  987 1057 1094 1000  978
348HAMADA  2010 43  1025  952  961 1028 1152 1183 1164 1111
348HAMADA  2010 51  1062 1051 1077 1115 1133 1183 1158 1109 1112 1128 1099
348HAMADA  2010 52  1094 1062 1023 1053 1080 1096 1195 1211 1129 1101 1176
348HAMADA  2010 53  1308 1362 1269 1092  994 1045 1068 1038 1029
348HAMADA  2010 61  1054 1078 1088 1110 1125 1135 1117 1092 1123 1147 1154
348HAMADA  2010 62  1178 1194 1235 1252 1226 1216 1210 1212 1234 1223 1205
348HAMADA  2010 63  1179 1188 1198 1233 1254 1255 1257 1253
348HAMADA  2010 71  1251 1295 1335 1298 1316 1318 1256 1209 1230 1295 1401
348HAMADA  2010 72  1303 1298 1304 1272 1265 1248 1271 1313 1333 1333 1361
348HAMADA  2010 73  1383 1363 1335 1340 1377 1456 1514 1483 1478
348HAMADA  2010 81  1475 1451 1428 1385 1345 1344 1365 1372 1382 1478 1609
348HAMADA  2010 82  1484 1428 1428 1426 1402 1369 1326 1283 1285 1317 1351
348HAMADA  2010 83  1372 1382 1370 1359 1368 1405 1438 1431 1420
348HAMADA  2010 91  1394 1388 1379 1398 1415 1486 1517 1388 1410 1486 1558
348HAMADA  2010 92  1562 1490 1430 1398 1395 1404 1387 1380 1390 1407 1339
348HAMADA  2010 93  1203 1181 1218 1283 1340 1318 1286 1315
348HAMADA  2010101  1288 1352 1448 1424 1343 1273 1278 1348 1413 1398 1389
348HAMADA  2010102  1381 1381 1385 1345 1277 1232 1225 1247 1258 1214 1183
348HAMADA  2010103  1274 1399 1425 1208 1120 1145 1090 1112 1203
348HAMADA  2010111  1310 1334 1254 1215 1218 1253 1348 1461 1388 1264 1288
348HAMADA  2010112  1270 1188 1155 1139 1204 1177 1163 1228 1247 1297 1327
348HAMADA  2010113  1215 1239 1282 1247 1272 1166 1153 1233
348HAMADA  2010121  1250 1293 1291 1187 1204 1207 1140 1218 1149 1178 1136
348HAMADA  2010122  1021 1126 1140 1120 1127 1129 1045 1055 1100 1128 1136
348HAMADA  2010123  1100 1012 1086 1166 1159 1151 1089 1135 1100
348HAMADA  2011 11   984  917  976 1018 1100 1002  944 1036  978  939 1031
348HAMADA  2011 12   978  914  951  973  928  922  898  886  929  946  932
348HAMADA  2011 13   942  937  917  872  826  879  923  881  879
348HAMADA  2011 21   893  889  942  988  956  993 1003 1029 1003  970 1014
348HAMADA  2011 22   945  933  881  829  941  965  867  887  810  744  842
348HAMADA  2011 23   926  995  898  854  974  926
348HAMADA  2011 31   995  940  875  871  944 1011  987  965  905  916  961
348HAMADA  2011 32   944  956  994  973  894  814  830  954  971  915  904
348HAMADA  2011 33   909  980  930  857  895  918  914  941  911
348HAMADA  2011 41   918  871  811  761  806  875  968  978  895  960  936
348HAMADA  2011 42   926  956  996 1039  893  960 1122 1010  938  992 1058
348HAMADA  2011 43  1073 1079 1075 1143 1148 1036 1019 1130
348HAMADA  2011 51  1109 1007 1032  995  964 1056 1107 1064 1116 1192 1117
348HAMADA  2011 52  1143 1232 1139 1048 1097 1122 1103 1107 1154 1168 1066
348HAMADA  2011 53   980 1038 1086 1096 1169 1159 1098 1094 1141
348HAMADA  2011 61  1151 1112 1134 1200 1190 1192 1202 1181 1189 1204 1195
348HAMADA  2011 62  1202 1207 1193 1184 1157 1174 1210 1195 1193 1193 1232
348HAMADA  2011 63  1311 1259 1135 1213 1246 1205 1183 1240
348HAMADA  2011 71  1311 1315 1384 1392 1311 1333 1336 1283 1225 1192 1200
348HAMADA  2011 72  1237 1265 1278 1265 1280 1314 1327 1335 1301 1226 1226
348HAMADA  2011 73  1239 1242 1256 1278 1289 1305 1357 1371 1336
348HAMADA  2011 81  1328 1326 1338 1359 1369 1415 1465 1463 1435 1456 1487
348HAMADA  2011 82  1488 1460 1464 1458 1480 1521 1482 1405 1397 1393 1395
348HAMADA  2011 83  1409 1385 1329 1310 1332 1364 1382 1400 1425
348HAMADA  2011 91  1465 1456 1403 1379 1374 1391 1389 1362 1310 1256 1288
348HAMADA  2011 92  1322 1353 1376 1392 1442 1456 1314 1128 1103 1232 1350
348HAMADA  2011 93  1303 1241 1226 1244 1258 1326 1436 1401
348HAMADA  2011101  1321 1290 1271 1307 1368 1403 1346 1266 1260 1336 1345
348HAMADA  2011102  1361 1391 1379 1415 1403 1280 1166 1136 1163 1261 1353
348HAMADA  2011103  1284 1271 1189 1159 1154 1163 1234 1225 1164
348HAMADA  2011111  1196 1214 1182 1226 1293 1224 1217 1210 1164 1212 1276
348HAMADA  2011112  1302 1311 1248 1164 1152 1175 1369 1427 1168 1070 1174
348HAMADA  2011113  1277 1152 1061 1067 1126 1156 1159 1003
348HAMADA  2011121   926 1135 1189 1141 1087 1112 1183 1183 1102 1122 1118
348HAMADA  2011122  1104 1081 1149 1146 1035 1021 1045 1037 1063 1126 1104
348HAMADA  2011123  1087 1130 1068  976  954 1010 1006  963 1045
348HAMADA  2012 11  1067 1046 1106 1051 1034  996  936  998 1036 1067 1007
348HAMADA  2012 12  1025 1058 1040 1053 1029 1046 1074  987  897 1018 1081
348HAMADA  2012 13  1062 1056 1050 1034 1024  973  991 1010 1129
348HAMADA  2012 21  1112  963  994  978  960 1018 1022  953  911  877  855
348HAMADA  2012 22   874  930  984  975 1023 1005  932  911  936  976 1080
348HAMADA  2012 23  1090  991 1030 1024  993  969 1028
348HAMADA  2012 31  1137 1087  968  993 1138 1222 1115 1017  969 1030 1055
348HAMADA  2012 32   966  975 1049 1010 1116 1231 1093 1035 1041 1016 1047
348HAMADA  2012 33  1112 1159 1015  907  972  920  958 1132 1082
348HAMADA  2012 41   957 1070 1187 1094 1060  956  867  921  946  965 1045
348HAMADA  2012 42  1028  987  962 1013 1020  971  976  973  954 1095 1161
348HAMADA  2012 43  1093 1092 1166 1133 1051 1040 1031 1048
348HAMADA  2012 51  1116 1123 1138 1154 1209 1189 1178 1168 1111 1013  975
348HAMADA  2012 52  1049 1130 1176 1200 1261 1258 1152 1141 1153 1099 1132
348HAMADA  2012 53  1216 1217 1201 1205 1185 1125 1106 1100 1114
348HAMADA  2012 61  1125 1111 1127 1163 1227 1249 1227 1255 1250 1221 1249
348HAMADA  2012 62  1249 1176 1127 1190 1260 1252 1282 1301 1250 1179 1166
348HAMADA  2012 63  1204 1187 1113 1065 1099 1151 1233 1318
348HAMADA  2012 71  1311 1303 1328 1311 1317 1381 1297 1258 1281 1327 1422
348HAMADA  2012 72  1431 1399 1400 1424 1356 1296 1359 1416 1379 1337 1330
348HAMADA  2012 73  1339 1326 1333 1381 1417 1429 1444 1447 1419
348HAMADA  2012 81  1372 1407 1421 1414 1470 1497 1451 1443 1466 1449 1440
348HAMADA  2012 82  1488 1520 1455 1478 1447 1381 1391 1412 1419 1423 1459
348HAMADA  2012 83  1415 1391 1404 1422 1512 1622 1519 1515 1454
348HAMADA  2012 91  1368 1378 1422 1402 1372 1355 1352 1403 1407 1347 1337
348HAMADA  2012 92  1390 1403 1364 1275 1294 1615 1611 1411 1337 1358 1394
348HAMADA  2012 93  1397 1320 1224 1237 1334 1441 1447 1387
348HAMADA  2012101  1354 1325 1318 1363 1385 1328 1233 1275 1387 1442 1370
348HAMADA  2012102  1317 1359 1373 1290 1329 1397 1281 1243 1253 1261 1381
348HAMADA  2012103  1342 1260 1257 1241 1303 1298 1269 1327 1335
348HAMADA  2012111  1278 1188 1179 1263 1333 1338 1291 1255 1134 1139 1359
348HAMADA  2012112  1414 1390 1284 1137 1179 1233 1181 1210 1142 1153 1208
348HAMADA  2012113  1198 1162 1215 1230 1149 1205 1146 1122
348HAMADA  2012121  1085 1149 1289 1240 1246 1162 1177 1235 1171 1110 1036
348HAMADA  2012122   986 1013 1171 1169 1096 1135 1102 1029  996 1055 1110
348HAMADA  2012123  1067 1036 1022  927  978 1030 1088 1119 1072
348HAMADA  2013 11  1118 1043  873  917 1005 1019 1051 1058 1017  950  961
348HAMADA  2013 12  1007  979  964  984 1036  893  933  964  918 1034 1003
348HAMADA  2013 13  1033 1191 1164 1089  995  937  923  878  871
348HAMADA  2013 21  1017  954  947 1032  989 1086 1064  929  955  984  952
348HAMADA  2013 22   974  956  974  943  886  981  974  888  891  905  969
348HAMADA  2013 23   939  893  893  960 1005 1087
348HAMADA  2013 31  1085  927  962  957  935  991 1061 1114 1134 1009  917
348HAMADA  2013 32  1099 1021  825  997 1038 1144 1238 1103 1004 1002 1086
348HAMADA  2013 33  1049 1064  979  963 1029 1069 1025 1020 1006
348HAMADA  2013 41  1060 1118 1081 1032 1084 1225 1167 1106 1093 1073 1121
348HAMADA  2013 42  1066 1123 1241 1197 1246 1197 1151 1061 1102 1101 1096
348HAMADA  2013 43  1184 1241 1240 1177 1102 1091 1162 1180
348HAMADA  2013 51  1094 1136 1154 1113 1132 1146 1031 1091 1195 1292 1274
348HAMADA  2013 52  1228 1188 1184 1156 1020 1084 1258 1346 1305 1247 1201
348HAMADA  2013 53  1160 1161 1132 1122 1201 1251 1222 1166 1165
348HAMADA  2013 61  1175 1143 1116 1109 1128 1145 1164 1218 1246 1240 1235
348HAMADA  2013 62  1230 1191 1161 1164 1209 1294 1379 1331 1225 1210 1260
348HAMADA  2013 63  1293 1292 1289 1313 1302 1262 1219 1238
348HAMADA  2013 71  1289 1387 1463 1457 1465 1347 1265 1267 1316 1345 1335
348HAMADA  2013 72  1338 1313 1315 1314 1303 1350 1353 1309 1328 1353 1359
348HAMADA  2013 73  1430 1509 1483 1444 1436 1442 1505 1527 1550
348HAMADA  2013 81  1495 1409 1433 1514 1518 1469 1465 1491 1483 1436 1406
348HAMADA  2013 82  1393 1390 1387 1397 1431 1478 1503 1521 1508 1452 1469
348HAMADA  2013 83  1540 1544 1520 1507 1477 1452 1565 1600 1504
348HAMADA  2013 91  1398 1369 1326 1238 1216 1228 1266 1268 1262 1290 1314
348HAMADA  2013 92  1295 1306 1337 1277 1198 1212 1179 1190 1274 1301 1210
348HAMADA  2013 93  1232 1368 1306 1203 1215 1250 1297 1298
348HAMADA  2013101  1287 1339 1254 1200 1230 1243 1292 1437 1441 1410 1412
348HAMADA  2013102  1277 1221 1309 1256 1153 1160 1149 1237 1328 1279 1133
348HAMADA  2013103  1154 1245 1256 1255 1234 1189 1198 1203 1199
348HAMADA  2013111  1203 1238 1282 1210 1155 1245 1322 1214 1208 1273 1195
348HAMADA  2013112  1186 1134 1152 1160 1199 1263 1290 1239 1138 1064 1035
348HAMADA  2013113  1059 1196 1269 1128 1162 1089 1076 1070
348HAMADA  2013121  1049 1084 1109 1077 1107 1103 1028 1031 1178 1192 1149
348HAMADA  2013122  1119 1100 1024  976  955  937  978 1134 1153 1019 1026
348HAMADA  2013123  1072  995 1038 1142 1109 1063 1052 1104 1156
348HAMADA  2014 11  1125 1021 1031  961  920  917  957 1000  936  903  923
348HAMADA  2014 12   983  953  931  923  941  967  939  937 1048  940  869
348HAMADA  2014 13   899 1009 1040  858  914  997 1009 1115 1021
348HAMADA  2014 21  1057 1177 1117  966  933  907  884  974 1001  810  857
348HAMADA  2014 22   871  803  809  907  975  884  795  899  943  947  915
348HAMADA  2014 23   911  956  959  944 1007  988
348HAMADA  2014 31  1009  978  921 1025 1012  975  965 1023 1036  952  999
348HAMADA  2014 32  1105 1006  991 1079 1048 1058 1083 1005 1046  995  979
348HAMADA  2014 33   930  985 1095 1092  982 1024 1181 1118 1040
348HAMADA  2014 41  1049 1087 1173 1160 1110 1034 1092 1048 1056 1023 1005
348HAMADA  2014 42  1071 1008 1002 1112 1141 1141 1050  949 1032 1140 1115
348HAMADA  2014 43  1049 1002 1010 1031 1096 1135 1184 1189
348HAMADA  2014 51  1185 1194 1127 1120 1105 1046 1092 1136 1039  975 1102
348HAMADA  2014 52  1206 1181 1239 1269 1228 1168 1141 1162 1209 1224 1141
348HAMADA  2014 53  1044 1133 1260 1310 1313 1306 1239 1202 1168
348HAMADA  2014 61  1205 1248 1243 1202 1220 1198 1186 1179 1130 1128 1191
348HAMADA  2014 62  1259 1258 1237 1249 1248 1217 1183 1216 1189 1168 1200
348HAMADA  2014 63  1240 1261 1265 1275 1287 1302 1290 1253
348HAMADA  2014 71  1209 1224 1297 1240 1172 1219 1244 1242 1333 1394 1333
348HAMADA  2014 72  1298 1304 1268 1255 1261 1244 1254 1257 1252 1257 1302
348HAMADA  2014 73  1327 1308 1276 1299 1271 1254 1267 1268 1307
348HAMADA  2014 81  1348 1455 1494 1469 1452 1448 1405 1272 1237 1348 1410
348HAMADA  2014 82  1364 1343 1339 1343 1325 1329 1377 1371 1344 1352 1346
348HAMADA  2014 83  1353 1371 1388 1336 1240 1240 1264 1258 1290
348HAMADA  2014 91  1295 1348 1444 1410 1354 1361 1374 1393 1419 1386 1333
348HAMADA  2014 92  1318 1302 1307 1343 1319 1268 1209 1267 1298 1271 1269
348HAMADA  2014 93  1324 1416 1316 1252 1272 1297 1336 1244
348HAMADA  2014101  1193 1322 1299 1082 1038 1136 1211 1215 1225 1191 1163
348HAMADA  2014102  1173 1090 1269 1287 1242 1188 1179 1213 1344 1316 1117
348HAMADA  2014103  1192 1252 1268 1314 1220 1171 1203 1220 1255
348HAMADA  2014111  1336 1349 1218 1202 1231 1222 1181 1202 1215 1214 1285
348HAMADA  2014112  1320 1178 1106 1067 1135 1155 1064 1065 1100 1132 1154
348HAMADA  2014113  1167 1212 1156 1169 1154 1229 1211 1269
348HAMADA  2014121  1298 1193 1228 1179 1158 1138 1104 1034  986 1139 1186
348HAMADA  2014122  1180 1153 1063 1106 1218 1144  927  923 1045 1042 1057
348HAMADA  2014123  1031 1060 1033  971  983 1112 1182 1193 1173
348HAMADA  2015 11  1055 1022 1051 1070 1096 1117 1009  998  993 1049 1040
348HAMADA  2015 12   874  920 1000 1017 1131 1056 1082 1060  982 1029 1003
348HAMADA  2015 13   993  978  958 1042  991  919  971  993  899
348HAMADA  2015 21   893  907  911  981  946  922 1031  966  940 1073 1118
348HAMADA  2015 22  1075  992 1002  998 1025 1048  986  904  914 1031 1098
348HAMADA  2015 23  1045 1048 1055 1060  912  870
348HAMADA  2015 31   978 1031 1073  996  857  868  906  933  997  968 1008
348HAMADA  2015 32  1028 1011  920  933  941  999 1057  973  961 1040 1028
348HAMADA  2015 33   935  866  836  878 1003 1075 1040 1000 1063
348HAMADA  2015 41   987 1074 1156  966  994  932  821  855  916  925  943
348HAMADA  2015 42   919  950 1160 1209 1116  994 1049 1159 1069  972  994
348HAMADA  2015 43   984 1016  970  978 1013 1020 1021 1020
348HAMADA  2015 51  1055 1078 1134 1112 1086 1121 1095 1084 1061  992 1084
348HAMADA  2015 52  1257 1238 1174 1130 1110 1158 1196 1215 1176 1137 1160
348HAMADA  2015 53  1197 1231 1198 1174 1198 1209 1229 1265 1216
348HAMADA  2015 61  1192 1251 1240 1203 1194 1117 1099 1172 1185 1166 1192
348HAMADA  2015 62  1206 1179 1149 1165 1202 1202 1140 1106 1146 1155 1172
348HAMADA  2015 63  1165 1159 1269 1386 1211 1098 1161 1306
348HAMADA  2015 71  1330 1257 1201 1162 1148 1132 1177 1164 1097 1123 1217
348HAMADA  2015 72  1374 1426 1349 1259 1147 1196 1256 1225 1212 1239 1275
348HAMADA  2015 73  1279 1305 1315 1299 1340 1347 1322 1307 1333
348HAMADA  2015 81  1346 1351 1372 1399 1423 1412 1375 1389 1443 1462 1454
348HAMADA  2015 82  1458 1454 1438 1417 1425 1416 1372 1370 1444 1494 1467
348HAMADA  2015 83  1425 1351 1391 1446 1429 1376 1353 1334 1328
348HAMADA  2015 91  1326 1337 1376 1341 1351 1315 1206 1177 1186 1246 1325
348HAMADA  2015 92  1353 1271 1175 1182 1271 1259 1243 1325 1351 1321 1285
348HAMADA  2015 93  1307 1331 1342 1326 1299 1281 1186 1272
348HAMADA  2015101  1504 1351 1261 1163 1162 1219 1228 1300 1350 1331 1336
348HAMADA  2015102  1278 1223 1208 1193 1172 1152 1177 1180 1187 1134 1107
348HAMADA  2015103  1210 1227 1089 1186 1352 1250 1211 1165 1119
348HAMADA  2015111  1185 1220 1100 1053 1149 1151 1240 1335 1280 1153 1070
348HAMADA  2015112  1032 1162 1276 1209 1236 1222 1056 1087 1158 1138 1107
348HAMADA  2015113  1142 1140 1238 1331 1244 1143 1136 1200
348HAMADA  2015121  1170 1275 1330 1195 1109 1055 1045 1015 1079 1233 1145
348HAMADA  2015122  1100 1149 1197 1278 1243 1114 1047 1037 1137 1198 1179
348HAMADA  2015123  1209 1237 1227 1235 1138 1089 1081 1110 1094
348HAMADA  2016 11  1111 1162 1184 1144 1100 1127 1156 1175 1142 1111 1080
348HAMADA  2016 12  1113 1175 1141 1088 1099 1169 1336 1243 1012 1000  980
348HAMADA  2016 13  1023 1025  978  998  957  937  914  940  985
348HAMADA  2016 21   969  974  978 1007 1044 1021 1027 1137 1074  934  940
348HAMADA  2016 22  1046 1216 1209 1052 1068  987 1001 1000  974  932  923
348HAMADA  2016 23   922  841  876 1005 1047 1067 1000
348HAMADA  2016 31   916  970 1008  972 1029 1090 1034  981  910  921  939
348HAMADA  2016 32   962  986  975  989 1020 1047 1148 1076  975 1011 1156
348HAMADA  2016 33  1089  959 1036 1083 1102 1122 1149 1125 1116
348HAMADA  2016 41  1084 1072 1081 1046 1079 1142 1186 1123 1169 1118 1011
348HAMADA  2016 42  1148 1298 1208 1097 1304 1373 1142 1023 1103 1285 1252
348HAMADA  2016 43  1210 1162 1145 1166 1179 1202 1212 1222
348HAMADA  2016 51  1153 1162 1373 1347 1182 1209 1176 1136 1200 1232 1173
348HAMADA  2016 52  1161 1105 1050 1212 1256 1163 1127 1119 1118 1129 1167
348HAMADA  2016 53  1229 1295 1283 1274 1246 1267 1308 1285 1278
348HAMADA  2016 61  1201 1193 1270 1282 1216 1234 1293 1305 1261 1232 1258
348HAMADA  2016 62  1314 1336 1319 1337 1404 1358 1295 1341 1389 1354 1327
348HAMADA  2016 63  1323 1433 1422 1291 1255 1254 1234 1235
348HAMADA  2016 71  1290 1365 1324 1270 1237 1246 1245 1284 1348 1367 1356
348HAMADA  2016 72  1418 1467 1416 1347 1366 1334 1300 1260 1199 1214 1251
348HAMADA  2016 73  1259 1259 1287 1342 1379 1377 1361 1344 1339
348HAMADA  2016 81  1327 1323 1315 1282 1283 1319 1357 1362 1316 1309 1334
348HAMADA  2016 82  1350 1366 1395 1433 1427 1387 1376 1393 1384 1366 1336
348HAMADA  2016 83  1336 1368 1441 1362 1301 1386 1474 1582 1567
348HAMADA  2016 91  1419 1387 1411 1391 1431 1462 1486 1472 1417 1358 1336
348HAMADA  2016 92  1282 1281 1302 1332 1375 1420 1350 1157 1094 1215 1264
348HAMADA  2016 93  1294 1302 1310 1332 1350 1338 1224 1275
348HAMADA  2016101  1292 1317 1360 1337 1428 1286 1253 1395 1288 1185 1228
348HAMADA  2016102  1231 1221 1214 1235 1337 1396 1344 1336 1291 1256 1342
348HAMADA  2016103  1200 1276 1423 1312 1183 1243 1198 1182 1230
348HAMADA  2016111  1223 1240 1273 1326 1358 1159 1230 1274 1169 1266 1313
348HAMADA  2016112  1248 1248 1318 1294 1249 1214 1302 1377 1287 1292 1276
348HAMADA  2016113  1202 1210 1192 1210 1245 1212 1118 1165
348HAMADA  2016121  1212 1140 1189 1295 1315 1213 1201 1253 1243 1146 1132
348HAMADA  2016122  1200 1232 1151 1137 1079 1030 1012 1088 1088 1205 1392
348HAMADA  2016123  1210 1010 1032 1215 1148 1041 1056 1049 1070
348HAMADA  2017 11  1077 1157 1157 1135  994 1004 1103 1148 1188 1128 1082
348HAMADA  2017 12  1215 1235 1111 1089 1028  983 1045 1185 1172 1109 1142
348HAMADA  2017 13  1052 1005 1025 1135 1138 1043 1155 1088 1042
348HAMADA  2017 21  1047 1060 1071 1118 1229 1123 1046 1156 1188 1119 1054
348HAMADA  2017 22  1011  998  945  987 1140 1132 1001 1185 1173  945 1177
348HAMADA  2017 23  1152 1044 1075 1030  951  998
348HAMADA  2017 31  1135 1111 1033 1068 1118 1129 1118 1141 1170 1065  968
348HAMADA  2017 32  1013 1047 1005  979 1028 1014 1016 1022 1079 1082 1070
348HAMADA  2017 33  1036  997 1058 1069 9999 9999 9999 9999 1019
348HAMADA  2017 41  1082 1101 1093 1021 1098 1215 1148 1128 1015 1024 1138
348HAMADA  2017 42  1083 1061 1125 1101 1108 1230 1265 1136 1043 1050  998
348HAMADA  2017 43   973  982 1029 1071 1114 1192 1169 1175
348HAMADA  2017 51  1024  894  950 1015 1043 1033 1078 1077 1063 1103 1108
348HAMADA  2017 52  1096 1117 1118 1069 1073 1064 1024 1030 1038 1028 1057
348HAMADA  2017 53  1097 1145 1177 1115 1068 1091 1123 1127 1204
348HAMADA  2017 61  1263 1204 1155 1123 1071 1150 1283 1231 1245 1267 1178
348HAMADA  2017 62  1069 1119 1215 1242 1175 1186 1225 1242 1265 1252 1245
348HAMADA  2017 63  1256 1316 1335 1293 1261 1253 1272 1333
348HAMADA  2017 71  1369 1364 1377 1384 1339 1329 1365 1404 1446 1485 1443
348HAMADA  2017 72  1400 1436 1442 1405 1410 1414 1428 1433 1419 1420 1419
348HAMADA  2017 73  1458 1488 1430 1336 1364 1390 1368 1384 1387
348HAMADA  2017 81  1342 1316 1334 1373 1351 1355 1418 1423 1438 1423 1345
348HAMADA  2017 82  1267 1273 1377 1425 1405 1383 1360 1327 1334 1369 1353
348HAMADA  2017 83  1356 1438 1413 1336 1343 1401 1397 1363 1324
348HAMADA  2017 91  1247 1237 1232 1266 1320 1395 1389 1336 1322 1354 1470
348HAMADA  2017 92  1412 1327 1223 1147 1215 1277 1385 1427 1411 1384 1373
348HAMADA  2017 93  1340 1328 1348 1391 1429 1364 1311 1254
348HAMADA  2017101  1358 1442 1265 1176 1240 1341 1338 1307 1348 1395 1394
348HAMADA  2017102  1336 1296 1201 1110 1144 1186 1212 1286 1295 1271 1180
348HAMADA  2017103  1258 1307 1276 1317 1319 1290 1265 1248 1278
348HAMADA  2017111  1301 1319 1273 1122 1141 1226 1276 1249 1172 1277 1220
348HAMADA  2017112  1156 1182 1187 1165 1111 1174 1144 1080 1073 1062 1148
348HAMADA  2017113  1165 1097 1027 1007  955 1030 1024 1006
348HAMADA  2017121   963  978 1040 1097 1108 1084 1102 1039 1052 1150 1121
348HAMADA  2017122  1002  995  980 1044 1071  996  996  979  925  949  990
348HAMADA  2017123  1053 1158 1069 1016  991  989  979 1030 1064
348HAMADA  2018 11  1003 1015 1003 1014 1079 1057 1060 1174 1192 1102  981
348HAMADA  2018 12   935  890  880 1018 1098 1061 1041 1023 1014 1002 1117
348HAMADA  2018 13  1121  964  955  941  962 1021  997  965  973
348HAMADA  2018 21   952  956 1016 1006  986  953  933  932  973  984  973
348HAMADA  2018 22   960  945 1042  942  938  899  852  873  931  936  972
348HAMADA  2018 23  1005  969  953  946  973 1145
348HAMADA  2018 31  1137  952  976 1037  811  669  845  928  859  918  912
348HAMADA  2018 32   920  971  980  987  709  781  999  917  660  873 1053
348HAMADA  2018 33  1033  999  989 1006 1035 1083  993  883 1025
348HAMADA  2018 41  1098 1066 1069  979 1036 1182 1113 1096 1031 1038 1151
348HAMADA  2018 42  1030  928 1091 1070  938  935  999 1027  975 1017 1021
348HAMADA  2018 43  1036 1057 1021 1072 1054 1042 1112 1131
348HAMADA  2018 51  1124 1217 1265 1177 1129 1199 1142  951  919 1013 1128
348HAMADA  2018 52  1217 1239 1208 1200 1244 1324 1239  999  999 1108 1198
348HAMADA  2018 53  1252 1259 1311 1274 1258 1262 1238 1270 1265
348HAMADA  2018 61  1195 1194 1208 1195 1191 1193 1211 1233 1158 1181 1258
348HAMADA  2018 62  1264 1213 1187 1115 1090 1182 1239 1288 1280 1225 1206
348HAMADA  2018 63  1259 1268 1200 1267 1388 1390 1349 1274
348HAMADA  2018 71  1298 1349 1447 1505 1387 1240 1146 1170 1200 1235 1256
348HAMADA  2018 72  1288 1328 1334 1316 1298 1311 1316 1336 1376 1402 1412
348HAMADA  2018 73  1424 1426 1423 1429 1414 1411 1368 1340 1384
348HAMADA  2018 81  1423 1418 1393 1401 1420 1375 1328 1359 1413 1424 1401
348HAMADA  2018 82  1397 1406 1411 1424 1351 1213 1295 1347 1367 1411 1475
348HAMADA  2018 83  1607 1618 1430 1395 1419 1397 1393 1451 1453
348HAMADA  2018 91  1366 1401 1519 1551 1513 1479 1464 1393 1276 1155 1182
348HAMADA  2018 92  1272 1308 1369 1396 1397 1364 1343 1375 1404 1406 1364
348HAMADA  2018 93  1334 1317 1255 1202 1230 1258 1253 1294
348HAMADA  2018101  1406 1310 1209 1145 1328 1582 1361 1210 1257 1308 1243
348HAMADA  2018102  1204 1191 1217 1267 1281 1302 1290 1162 1144 1193 1236
348HAMADA  2018103  1252 1216 1214 1309 1322 1339 1309 1198 1152
348HAMADA  2018111  1106 1063 1085 1158 1144 1085 1110 1256 1275 1146 1168
348HAMADA  2018112  1189 1155 1146 1133 1151 1153 1182 1170 1153 1185 1153
348HAMADA  2018113  1129 1155 1171 1163 1212 1173 1151 1170
348HAMADA  2018121  1141 1146 1272 1286 1218 1234 1181 1136 1108 1129 1185
348HAMADA  2018122  1208 1209 1125 1137 1266 1307 1248 1257 1219 1217 1255
348HAMADA  2018123  1249 1220 1244 1208 1184 1153 1107 1042 9999
348HAMADA  2019 11  1128 1096 1088 1157 1170 1110 1145 1118 1034 1127 1099
348HAMADA  2019 12  1085 1061 1102 1137 1094 1133 1103 1155 1159 1134 1152
348HAMADA  2019 13  1136 1094 1108 1024 1113 1167 1043 1104 1079
348HAMADA  2019 21  1042 1144 1249 1084 1063 1174 1151 1086 1048 1025  990
348HAMADA  2019 22   961  953  934 1044 1046 1008 1041 1097 1005  940  958
348HAMADA  2019 23   916  983 1027  979 1028 1044
348HAMADA  2019 31  1017 1023 1081 1055 1032 1049  985 1011 1085 1133 1241
348HAMADA  2019 32  1263 1118 1062 1135 1117 1060 1079 1123 1232 1286 1094
348HAMADA  2019 33  1042 1080 1136 1130 1191 1139 1174 1236 1110
348HAMADA  2019 41  1006 1008 1017 1154 1266 1172 1166 1106 1049 1078 1086
348HAMADA  2019 42  1032 1035 1096 1042 1033 1100 1134 1015 1038 1092 1039
348HAMADA  2019 43  1096 1184 1151 1053  958 1006 1092 1147
348HAMADA  2019 51  1181 1142 1084 1070 1117 1091 1076 1180 1217 1164 1147
348HAMADA  2019 52  1098 1094 1144 1152 1152 1165 1181 1229 1287 1278 1281
348HAMADA  2019 53  1259 1210 1144 1124 1232 1204 1157 1145 1156
348HAMADA  2019 61  1178 1170 1177 1195 1188 1252 1314 1201 1174 1154 1148
348HAMADA  2019 62  1128 1170 1260 1297 1253 1208 1258 1303 1301 1286 1239
348HAMADA  2019 63  1219 1161 1139 1240 1358 1358 1425 1423
348HAMADA  2019 71  1354 1327 1334 1359 1375 1308 1250 1265 1277 1321 1392
348HAMADA  2019 72  1364 1364 1341 1280 1214 1216 1271 1341 1389 1359 1346
348HAMADA  2019 73  1363 1350 1335 1331 1334 1313 1311 1352 1357
348HAMADA  2019 81  1342 1353 1351 1342 1322 1310 1367 1373 1371 1367 1401
348HAMADA  2019 82  1446 1438 1428 1536 1583 1472 1372 1333 1325 1370 1430
348HAMADA  2019 83  1401 1358 1329 1326 1395 1408 1407 1380 1314
348HAMADA  2019 91  1262 1295 1344 1358 1384 1457 1505 1457 1431 1411 1331
348HAMADA  2019 92  1223 1265 1360 1352 1264 1189 1211 1214 1233 1171 1226
348HAMADA  2019 93  1312 1274 1187 1176 1212 1260 1350 1393
348HAMADA  2019101  1376 1509 1597 1457 1348 1223 1330 1351 1307 1358 1324
348HAMADA  2019102  1116 1110 1151 1074 1190 1257 1278 1305 1290 1275 1293
348HAMADA  2019103  1294 1278 1294 1324 1307 1327 1373 1310 1298
348HAMADA  2019111  1288 1326 1326 1214 1259 1320 1308 1277 1274 1370 1389
348HAMADA  2019112  1250 1270 1189 1233 1268 1277 1288 1109 1052 1048 1086
348HAMADA  2019113  1168 1249 1066 1042 1132 1051 1119 1162
348HAMADA  2019121  1261 1220 1125 1102 1036  996 1062 1088 1097 1144 1187
348HAMADA  2019122  1076 1107 1098 1005 1123 1254 1199 1128 1066 1079 1143
348HAMADA  2019123  1190 1139 1179 1233 1147 1073 1116 1167 1062
348HAMADA  2020 11  1077 1124 1142 1134 1083 1168 1394 1334 1142 1145 1218
348HAMADA  2020 12  1248 1204 1114 1057 1050 1078 1075 1137 1100  997 1054
348HAMADA  2020 13  1071  949  944  956  955 1158 1215 1205 1165
348HAMADA  2020 21  1105 1096 1076 1101 1073  996 1073 1064 1083 1073  990
348HAMADA  2020 22  1131 1145 1072 1146 1320 1215 1018  993  948 1024 1093
348HAMADA  2020 23   996 1041 1049  921  905 1008 1072
348HAMADA  2020 31  1094 1050 1021 1086 1034 1041 1062 1032 1125 1188 1095
348HAMADA  2020 32  1016 1030 1081 1129  999 1102 1093 1165 1140 1173 1104
348HAMADA  2020 33  1003  961  994 1107 1112  945  926  988 1081
348HAMADA  2020 41  1077 1026 1097 1081 1008 1068 1138 1092 1012 1000 1070
348HAMADA  2020 42  1018  999 1121 1141 1042 1118 1132 1109 1164 1146 1097
348HAMADA  2020 43  1077 1110 1191 1077  975 1015 1052 1046
348HAMADA  2020 51  1068 1086 1130 1130 1090 1012  961 1089 1239 1267 1262
348HAMADA  2020 52  1261 1120 1106 1189 1228 1233 1302 1357 1195 1111 1134
348HAMADA  2020 53  1194 1242 1246 1247 1239 1215 1151 1127 1200
348HAMADA  2020 61  1281 1323 1367 1390 1337 1282 1263 1263 1260 1305 1357
348HAMADA  2020 62  1352 1363 1363 1341 1327 1336 1356 1305 1281 1313 1338
348HAMADA  2020 63  1355 1401 1431 1398 1381 1346 1414 1530
348HAMADA  2020 71  1371 1265 1262 1320 1381 1398 1371 1355 1367 1421 1358
348HAMADA  2020 72  1297 1419 1424 1356 1332 1324 1340 1361 1384 1354 1326
348HAMADA  2020 73  1369 1449 1423 1375 1390 1377 1326 1322 1342
348HAMADA  2020 81  1341 1345 1352 1320 1302 1377 1407 1401 1408 1430 1389
348HAMADA  2020 82  1350 1399 1458 1441 1397 1389 1410 1447 1431 1382 1410
348HAMADA  2020 83  1479 1506 1505 1509 1497 1485 1486 1460 1385
348HAMADA  2020 91  1422 1620 1725 1449 1339 1293 1501 1510 1394 1415 1376
348HAMADA  2020 92  1320 1298 1319 1323 1356 1356 1318 1314 1319 1282 1256
348HAMADA  2020 93  1268 1326 1364 1292 1212 1254 1347 1341
348HAMADA  2020101  1310 1303 1324 1379 1323 1251 1108 1019 1138 1314 1425
348HAMADA  2020102  1449 1371 1312 1271 1250 1297 1330 1325 1315 1396 1473
348HAMADA  2020103  1450 1419 1421 1404 1389 1364 1312 1226 1271
348HAMADA  2020111  1379 1390 1356 1274 1259 1332 1346 1249 1192 1155 1072
348HAMADA  2020112  1073 1088 1093 1171 1184 1183 1273 1401 1275 1101 1136
348HAMADA  2020113  1087 1094 1129 1172 1182 1125 1095 1037
348HAMADA  2020121  1043 1106 1139 1142 1118 1149 1189 1172 1190 1219 1237
348HAMADA  2020122  1255 1263 1170 1163 1165 1133 1148 1097 1073 1085 1132
348HAMADA  2020123  1204 1265 1158 1128 1154 1154 1238 1210 1133
348HAMADA  2021 11  1088 1067 1027 1030 1056 1134 1164 1116 1084 1015 1030
348HAMADA  2021 12  1129 1194 1108 1127 1104 1028 1111  948  935 1077 1106
348HAMADA  2021 13   932  893 1004 1098 1099 1197 1131 1065 1028
348HAMADA  2021 21  1167 1088 1044 1082 1138 1198 1117 1021 1029 1078 1056
348HAMADA  2021 22  1044 1051 1166 1263 1267 1179 1016 1106 1217 1195 1170
348HAMADA  2021 23  1022  995 1011  902  862 1042
348HAMADA  2021 31  1224 1038  958 1036 1081  919  908  991 1029  977 1029
348HAMADA  2021 32  1059 1021 1070 1112 1145 1019  989 1020 1144 1137 1036
348HAMADA  2021 33  1047 1065 1039 1020 1132 1236 1178 1088 1029
348HAMADA  2021 41   960 1005 1160 1088  955 1056 1121 1100  936  907  974
348HAMADA  2021 42  1117 1226 1105 1116 1167 1190 1130 1139 1115 1094 1102
348HAMADA  2021 43  1041 1080 1043 1021 1107 1172 1292 1362
348HAMADA  2021 51  1320 1175 1141 1238 1197 1120 1235 1294 1236 1154 1083
348HAMADA  2021 52  1087 1166 1194 1236 1325 1251 1176 1191 1287 1313 1241
348HAMADA  2021 53  1224 1241 1278 1265 1327 1371 1306 1211 1164
348HAMADA  2021 61  1168 1216 1297 1331 1347 1291 1210 1199 1187 1227 1277
348HAMADA  2021 62  1258 1287 1336 1355 1299 1313 1406 1425 1409 1377 1313
348HAMADA  2021 63  1309 1327 1357 1388 1389 1380 1378 9999
