362NAGASAKI      LAT=32 44.0N  LONG=129 52.0E
362NAGASAKI1985 11  2598 2654 2690 2655 2654 2650 2658 2666 2671 2670 2686
362NAGASAKI1985 12  2664 2581 2570 2624 2606 2637 2679 2689 2646 2668 2720
362NAGASAKI1985 13  2722 2686 2649 2653 2656 2604 2561 2568 2666
362NAGASAKI1985 21  2707 2716 2727 2771 2790 2760 2737 2840 2846 2701 2680
362NAGASAKI1985 22  2708 2649 2643 2739 2680 2657 2776 2789 2739 2687 2694
362NAGASAKI1985 23  2656 2600 2633 2687 2757 2777
362NAGASAKI1985 31  2775 2761 2666 2640 2652 2628 2675 2707 2621 2629 2643
362NAGASAKI1985 32  2629 2658 2662 2679 2750 2785 2799 2766 2777 2764 2756
362NAGASAKI1985 33  2733 2744 2813 2885 2869 2769 2678 2600 2537
362NAGASAKI1985 41  2559 2658 2727 2661 2604 2676 2773 2765 2732 2768 2799
362NAGASAKI1985 42  2745 2719 2702 2683 2740 2792 2784 2775 2758 2783 2803
362NAGASAKI1985 43  2785 2749 2763 2764 2733 2727 2720 2729
362NAGASAKI1985 51  2732 2749 2794 2839 2861 2861 2827 2824 2842 2845 2814
362NAGASAKI1985 52  2824 2899 2879 2821 2777 2797 2908 2983 2952 2907 2867
362NAGASAKI1985 53  2851 2881 2891 2897 2929 2964 2949 2941 2934
362NAGASAKI1985 61  2911 2909 2917 2905 2910 2959 3028 2996 2908 2908 2968
362NAGASAKI1985 62  3001 2985 2962 2972 2975 2984 3014 3050 3045 2999 2984
362NAGASAKI1985 63  3002 3029 3011 3005 3065 3092 3117 3102
362NAGASAKI1985 71  3053 3076 3098 3089 3062 3027 3006 2999 3025 3067 3097
362NAGASAKI1985 72  3134 3148 3122 3098 3106 3155 3123 3054 3005 2990 3001
362NAGASAKI1985 73  3020 3038 3045 3046 3039 3035 3040 3039 3020
362NAGASAKI1985 81  3007 3001 2995 3019 3049 3074 3081 3083 3118 3111 3084
362NAGASAKI1985 82  3071 3115 3122 3092 3068 3038 3024 3050 3052 3054 3056
362NAGASAKI1985 83  3028 3040 3061 3074 3101 3122 3128 3182 3200
362NAGASAKI1985 91  3114 3046 3010 3002 3011 3027 3025 2993 2951 2938 2961
362NAGASAKI1985 92  2946 2911 2894 2933 2933 2919 2965 3012 2970 2936 2963
362NAGASAKI1985 93  2983 2955 2904 2894 2942 2994 2982 2972
362NAGASAKI1985101  2930 2911 2925 3011 3121 3043 2975 2970 3000 3019 3003
362NAGASAKI1985102  3034 3046 3019 3054 3079 3059 3033 2968 2916 2901 2911
362NAGASAKI1985103  2935 2945 2963 2958 2980 3053 3100 3112 3109
362NAGASAKI1985111  3014 2936 2916 2955 3048 3082 3069 3063 3058 3056 3028
362NAGASAKI1985112  2969 2929 2903 2897 2920 2883 2851 2869 2851 2868 2942
362NAGASAKI1985113  2911 2807 2767 2798 2872 2804 2710 2754
362NAGASAKI1985121  2773 2716 2742 2746 2746 2786 2784 2750 2710 2717 2717
362NAGASAKI1985122  2736 2760 2732 2715 2684 2623 2611 2575 2551 2614 2637
362NAGASAKI1985123  2584 2577 2613 2640 2638 2647 2717 2740 2691
362NAGASAKI1986 11  2638 2600 2672 2658 2614 2640 2657 2600 2556 2558 2562
362NAGASAKI1986 12  2597 2618 2627 2665 2657 2665 2711 2702 2693 2673 2638
362NAGASAKI1986 13  2630 2580 2559 2573 2565 2573 2632 2660 2628
362NAGASAKI1986 21  2599 2621 2597 2577 2590 2582 2585 2588 2609 2655 2636
362NAGASAKI1986 22  2629 2727 2760 2659 2618 2734 2760 2688 2666 2688 2703
362NAGASAKI1986 23  2681 2648 2659 2656 2621 2618
362NAGASAKI1986 31  2642 2661 2669 2697 2671 2666 2677 2696 2747 2784 2771
362NAGASAKI1986 32  2729 2802 2861 2826 2758 2832 2958 2846 2755 2796 2789
362NAGASAKI1986 33  2721 2716 2719 2737 2824 2893 2906 2883 2824
362NAGASAKI1986 41  2805 2812 2876 2861 2782 2724 2705 2780 2867 2847 2754
362NAGASAKI1986 42  2712 2723 2798 2785 2738 2761 2804 2795 2776 2784 2786
362NAGASAKI1986 43  2750 2744 2764 2822 2811 2752 2716 2714
362NAGASAKI1986 51  2741 2726 2732 2742 2761 2777 2768 2802 2816 2827 2812
362NAGASAKI1986 52  2801 2879 2883 2814 2765 2732 2767 2846 2816 2779 2745
362NAGASAKI1986 53  2734 2769 2803 2796 2776 2828 2897 2815 2759
362NAGASAKI1986 61  2758 2788 2831 2834 2836 2871 2867 2859 2872 2865 2839
362NAGASAKI1986 62  2807 2799 2838 2890 2952 2906 2861 2852 2890 2909 2905
362NAGASAKI1986 63  2914 2952 2981 2949 2973 3020 3025 2990
362NAGASAKI1986 71  2974 3003 2984 2991 3017 2978 2958 2970 2982 2986 2997
362NAGASAKI1986 72  3013 3026 3048 3065 3080 3055 3042 3031 3016 3028 3037
362NAGASAKI1986 73  3033 3018 3004 2995 2991 2991 3017 3038 3046
362NAGASAKI1986 81  3065 3107 3186 3223 3188 3147 3124 3114 3088 3068 3082
362NAGASAKI1986 82  3118 3112 3065 3056 3080 3097 3101 3113 3145 3152 3104
362NAGASAKI1986 83  3083 3093 3139 3220 3342 3344 3197 3121 3106
362NAGASAKI1986 91  3121 3131 3090 3058 3049 3062 3071 3096 3117 3082 3056
362NAGASAKI1986 92  3020 2992 3016 3051 3089 3082 3053 3116 3212 3142 3048
362NAGASAKI1986 93  3032 3031 3027 3046 3075 3091 3089 3074
362NAGASAKI1986101  3028 2953 2917 2919 2933 2937 2925 2908 2924 2950 2910
362NAGASAKI1986102  2864 2877 2893 2882 2869 2859 2832 2810 2869 2908 2823
362NAGASAKI1986103  2821 2861 2874 2882 2874 2852 2809 2765 2768
362NAGASAKI1986111  2818 2878 2864 2797 2758 2755 2759 2805 2825 2762 2723
362NAGASAKI1986112  2780 2847 2862 2851 2869 2861 2845 2855 2829 2803 2818
362NAGASAKI1986113  2863 2918 2832 2757 2774 2798 2808 2827
362NAGASAKI1986121  2861 2922 2956 2934 2923 2886 2825 2836 2891 2892 2894
362NAGASAKI1986122  2912 2961 2986 2911 2888 2961 2996 2879 2844 2837 2805
362NAGASAKI1986123  2837 2869 2814 2814 2853 2820 2839 2901 2837
362NAGASAKI1987 11  2828 2896 2819 2826 2811 2790 2837 2840 2815 2755 2801
362NAGASAKI1987 12  2786 2708 2677 2683 2751 2722 2713 2719 2734 2734 2790
362NAGASAKI1987 13  2828 2749 2704 2686 2664 2660 2696 2652 2593
362NAGASAKI1987 21  2643 2669 2586 2597 2654 2702 2711 2699 2717 2787 2854
362NAGASAKI1987 22  2794 2742 2707 2667 2717 2780 2707 2692 2736 2788 2810
362NAGASAKI1987 23  2817 2784 2709 2698 2693 2689
362NAGASAKI1987 31  2604 2563 2636 2712 2732 2816 2806 2776 2818 2836 2797
362NAGASAKI1987 32  2843 2888 2808 2764 2820 2835 2828 2865 2797 2769 2788
362NAGASAKI1987 33  2850 2762 2651 2643 2648 2674 2739 2747 2696
362NAGASAKI1987 41  2711 2740 2737 2721 2753 2799 2792 2788 2833 2845 2792
362NAGASAKI1987 42  2716 2690 2730 2785 2813 2815 2814 2819 2883 2911 2867
362NAGASAKI1987 43  2831 2834 2889 2806 2780 2802 2832 2908
362NAGASAKI1987 51  2966 2965 2851 2794 2804 2813 2799 2771 2750 2801 2876
362NAGASAKI1987 52  2920 2935 2892 2886 2931 2900 2849 2843 2855 2911 2979
362NAGASAKI1987 53  2928 2835 2822 2870 2859 2826 2837 2858 2866
362NAGASAKI1987 61  2921 2957 2895 2841 2820 2842 2902 2921 2887 2863 2865
362NAGASAKI1987 62  2903 2961 2993 2953 2889 2866 2908 2954 2910 2900 2933
362NAGASAKI1987 63  2997 3056 3054 3036 3022 3013 3028 3038
362NAGASAKI1987 71  3038 3066 3078 3079 3059 3073 3047 3000 2967 3001 3044
362NAGASAKI1987 72  3048 3027 3033 3082 3029 2998 3020 3056 3040 3036 3036
362NAGASAKI1987 73  3018 2977 2947 2931 2919 2942 2992 3018 3027
362NAGASAKI1987 81  3028 3020 3041 3104 3139 3141 3173 3134 3087 3046 3011
362NAGASAKI1987 82  3016 3037 3035 3028 3037 3029 3007 2991 2986 3000 3008
362NAGASAKI1987 83  3012 3038 3050 3048 3064 3062 3091 3263 3174
362NAGASAKI1987 91  3030 3008 3010 3024 3040 3037 3011 2988 2989 3028 3065
362NAGASAKI1987 92  3107 3128 3147 3150 3101 3060 3043 3013 2995 2994 3013
362NAGASAKI1987 93  3069 3122 3083 2992 2951 2978 3029 3074
362NAGASAKI1987101  3101 3117 3097 3076 3072 3075 3061 3037 3019 3027 3020
362NAGASAKI1987102  2980 3002 3052 3107 3094 3042 3034 2950 2887 2884 2877
362NAGASAKI1987103  2901 2922 2964 2977 2946 2915 2916 2894 2833
362NAGASAKI1987111  2865 2876 2824 2801 2786 2843 2862 2852 2841 2815 2828
362NAGASAKI1987112  2881 2891 2856 2885 2911 2896 2889 2886 2879 2852 2865
362NAGASAKI1987113  2876 2854 2862 2902 2891 2795 2756 2776
362NAGASAKI1987121  2769 2785 2803 2821 2866 2816 2786 2817 2850 2847 2861
362NAGASAKI1987122  2847 2784 2761 2793 2760 2730 2756 2796 2819 2813 2817
362NAGASAKI1987123  2797 2803 2835 2851 2870 2908 2911 2796 2761
362NAGASAKI1988 11  2808 2812 2784 2766 2731 2741 2774 2728 2628 2587 2626
362NAGASAKI1988 12  2659 2669 2717 2725 2698 2683 2660 2664 2754 2854 2809
362NAGASAKI1988 13  2702 2682 2699 2669 2660 2708 2689 2665 2685
362NAGASAKI1988 21  2711 2670 2639 2749 2763 2672 2639 2636 2622 2624 2674
362NAGASAKI1988 22  2700 2730 2728 2694 2666 2640 2616 2636 2675 2697 2758
362NAGASAKI1988 23  2807 2774 2756 2806 2810 2802 2830
362NAGASAKI1988 31  2863 2816 2736 2746 2772 2768 2731 2721 2723 2774 2893
362NAGASAKI1988 32  2841 2858 2877 2750 2754 2787 2756 2737 2788 2868 2820
362NAGASAKI1988 33  2739 2762 2813 2773 2764 2825 2859 2857 2857
362NAGASAKI1988 41  2894 2929 2975 2971 2925 2945 2936 2851 2794 2793 2871
362NAGASAKI1988 42  2930 2875 2802 2748 2765 2865 2914 2884 2853 2814 2786
362NAGASAKI1988 43  2813 2763 2712 2711 2766 2877 2915 2887
362NAGASAKI1988 51  2849 2833 2919 2943 2876 2903 2898 2797 2819 2871 2854
362NAGASAKI1988 52  2786 2782 2837 2820 2818 2835 2852 2936 3010 3014 2979
362NAGASAKI1988 53  2900 2889 2911 2929 2930 2941 2929 2920 2965
362NAGASAKI1988 61  3059 3114 3045 2937 2897 2900 2952 3002 3004 3005 3020
362NAGASAKI1988 62  3013 2983 2978 3004 3000 2949 2918 2938 2969 2974 3016
362NAGASAKI1988 63  3081 3062 3011 2987 2951 2959 3012 2970
362NAGASAKI1988 71  2953 2963 2941 2913 2933 2972 3001 3014 3008 2994 2974
362NAGASAKI1988 72  2968 2978 2995 3001 2991 3009 2992 2982 3012 3050 3066
362NAGASAKI1988 73  3039 3019 3056 3110 3099 3082 3083 3085 3083
362NAGASAKI1988 81  3053 3038 3058 3041 3014 3017 3032 3048 3074 3118 3162
362NAGASAKI1988 82  3156 3126 3103 3083 3061 3042 3048 3045 3051 3046 3036
362NAGASAKI1988 83  3015 2968 2929 2936 2977 2979 2975 2984 2988
362NAGASAKI1988 91  3011 3010 2982 3008 3058 3033 2998 2976 2982 3023 3055
362NAGASAKI1988 92  3008 2987 3011 3013 2973 2932 2918 2958 2993 2975 2974
362NAGASAKI1988 93  3001 3050 3042 3031 3009 2962 2953 2969
362NAGASAKI1988101  2991 3031 3047 3084 3148 3159 3156 3110 3031 3025 3094
362NAGASAKI1988102  3081 3030 3047 3029 3036 3049 3021 3016 3028 3004 3003
362NAGASAKI1988103  3033 3055 3024 3000 3002 2993 2957 2935 2908
362NAGASAKI1988111  2894 2885 2885 2890 2865 2869 2869 2895 2894 2830 2832
362NAGASAKI1988112  2889 2892 2829 2807 2831 2831 2773 2757 2758 2777 2852
362NAGASAKI1988113  2876 2825 2807 2798 2773 2716 2691 2713
362NAGASAKI1988121  2710 2717 2767 2797 2749 2757 2783 2788 2742 2738 2756
362NAGASAKI1988122  2774 2770 2752 2722 2645 2634 2686 2716 2733 2721 2721
362NAGASAKI1988123  2766 2766 2727 2740 2729 2699 2680 2682 2702
362NAGASAKI1989 11  2686 2694 2662 2623 2658 2745 2824 2826 2801 2810 2811
362NAGASAKI1989 12  2747 2718 2725 2700 2660 2706 2817 2857 2806 2779 2828
362NAGASAKI1989 13  2801 2726 2750 2752 2655 2622 2653 2700 2724
362NAGASAKI1989 21  2704 2667 2677 2660 2661 2674 2724 2763 2726 2666 2664
362NAGASAKI1989 22  2657 2625 2654 2752 2811 2799 2707 2657 2676 2636 2614
362NAGASAKI1989 23  2666 2764 2759 2626 2634 2662
362NAGASAKI1989 31  2652 2707 2789 2793 2762 2706 2647 2654 2682 2702 2750
362NAGASAKI1989 32  2841 2864 2805 2751 2699 2669 2739 2769 2752 2729 2737
362NAGASAKI1989 33  2836 2872 2838 2867 2870 2821 2743 2751 2773
362NAGASAKI1989 41  2786 2854 2883 2858 2836 2824 2844 2856 2834 2789 2720
362NAGASAKI1989 42  2673 2707 2806 2857 2793 2750 2753 2769 2823 2869 2902
362NAGASAKI1989 43  2922 2849 2806 2797 2760 2747 2786 2849
362NAGASAKI1989 51  2879 2870 2847 2850 2887 2914 2914 2913 2886 2935 2969
362NAGASAKI1989 52  2934 2913 2852 2816 2838 2851 2817 2811 2834 2876 2921
362NAGASAKI1989 53  2931 2906 2883 2842 2852 2888 2886 2855 2841
362NAGASAKI1989 61  2833 2827 2844 2907 2941 2880 2866 2937 2950 2892 2867
362NAGASAKI1989 62  2892 2945 2995 3013 3002 2957 2915 2879 2853 2862 2927
362NAGASAKI1989 63  3011 2992 2921 2911 2974 2970 2971 2967
362NAGASAKI1989 71  2930 2919 2916 2926 2971 3009 3018 3033 3008 2967 2985
362NAGASAKI1989 72  3005 2979 2953 2960 3000 3016 3002 2990 2983 2990 3016
362NAGASAKI1989 73  3067 3141 3195 3208 3270 3291 3227 3221 3287
362NAGASAKI1989 81  3339 3360 3315 3273 3273 3251 3196 3154 3142 3155 3182
362NAGASAKI1989 82  3193 3180 3166 3173 3174 3167 3159 3151 3143 3130 3124
362NAGASAKI1989 83  3125 3139 3158 3181 3131 3095 3127 3093 3069
362NAGASAKI1989 91  3129 3156 3148 3133 3127 3109 3111 3126 3141 3158 3188
362NAGASAKI1989 92  3212 3162 3115 3086 3099 3151 3177 3127 3107 3167 3127
362NAGASAKI1989 93  3073 3096 3116 3129 3133 3079 3050 3077
362NAGASAKI1989101  3090 3060 3041 3057 3082 3081 3056 2970 2952 3005 3002
362NAGASAKI1989102  2983 2976 3014 3066 3010 2938 2961 2948 2908 2883 2897
362NAGASAKI1989103  2908 2910 2908 2917 2967 2963 2922 2970 2979
362NAGASAKI1989111  2898 2876 2885 2920 2945 2941 2943 2949 2911 2890 2894
362NAGASAKI1989112  2923 2905 2892 2910 2971 2993 2929 2867 2852 2884 2922
362NAGASAKI1989113  2945 2949 2954 2987 3006 2958 2909 2878
362NAGASAKI1989121  2876 2902 2945 2953 2955 2972 2949 2860 2808 2818 2850
362NAGASAKI1989122  2866 2890 2862 2870 2881 2851 2827 2849 2904 2936 2992
362NAGASAKI1989123  3006 2970 2950 2895 2868 2923 2922 2854 2848
362NAGASAKI1990 11  2862 2830 2774 2754 2784 2749 2717 2769 2845 2814 2782
362NAGASAKI1990 12  2754 2734 2741 2777 2784 2786 2798 2735 2728 2758 2752
362NAGASAKI1990 13  2725 2673 2611 2603 2610 2713 2744 2725 2729
362NAGASAKI1990 21  2689 2682 2723 2726 2679 2685 2703 2707 2700 2753 2690
362NAGASAKI1990 22  2632 2680 2700 2675 2646 2662 2738 2760 2698 2736 2802
362NAGASAKI1990 23  2765 2739 2748 2720 2700 2758
362NAGASAKI1990 31  2790 2773 2792 2840 2826 2790 2715 2670 2644 2696 2794
362NAGASAKI1990 32  2733 2728 2766 2710 2692 2721 2690 2698 2720 2715 2718
362NAGASAKI1990 33  2783 2793 2766 2772 2834 2915 2909 2895 2907
362NAGASAKI1990 41  2890 2892 2920 2821 2762 2826 2899 2848 2836 2849 2897
362NAGASAKI1990 42  2959 2935 2929 2918 2883 2839 2824 2892 2934 2972 2984
362NAGASAKI1990 43  2873 2817 2829 2837 2835 2823 2790 2791
362NAGASAKI1990 51  2824 2879 2925 2899 2846 2860 2911 2891 2872 2867 2853
362NAGASAKI1990 52  2861 2874 2809 2748 2750 2826 2871 2849 2859 2860 2831
362NAGASAKI1990 53  2812 2816 2801 2780 2771 2781 2805 2850 2895
362NAGASAKI1990 61  2873 2852 2891 2924 2881 2836 2877 3006 2973 2911 2951
362NAGASAKI1990 62  3012 3019 3044 3045 2949 2907 2928 2951 2964 2973 2948
362NAGASAKI1990 63  2939 2982 3068 3092 3052 3022 2979 2976
362NAGASAKI1990 71  3038 3079 3022 2984 3012 3060 3065 3048 3032 3041 3084
362NAGASAKI1990 72  3058 3023 3010 3006 3041 3066 3062 3019 2989 2980 2980
362NAGASAKI1990 73  3007 3044 3043 3044 3040 3029 3036 3053 3058
362NAGASAKI1990 81  3067 3072 3069 3076 3103 3105 3085 3082 3094 3086 3053
362NAGASAKI1990 82  3059 3087 3078 3046 3058 3081 3107 3139 3192 3263 3281
362NAGASAKI1990 83  3198 3135 3109 3083 3056 3070 3104 3134 3154
362NAGASAKI1990 91  3143 3134 3087 3046 3053 3053 3040 3080 3112 3112 3155
362NAGASAKI1990 92  3179 3134 3096 3063 3067 3076 3051 2954 2914 2941 2965
362NAGASAKI1990 93  3015 3035 3028 3028 3046 3076 3096 3071
362NAGASAKI1990101  3040 3034 3019 3033 3044 3050 3069 2995 2926 2922 2972
362NAGASAKI1990102  3056 3085 3028 3007 3012 2970 2932 2923 2913 2906 2906
362NAGASAKI1990103  2903 2939 2962 2876 2801 2822 2855 2860 2868
362NAGASAKI1990111  2905 2949 3016 3009 2973 2972 2967 3026 3013 2865 2835
362NAGASAKI1990112  2855 2892 2912 2877 2854 2861 2873 2912 2853 2786 2787
362NAGASAKI1990113  2783 2820 2865 2870 2871 2890 2946 2938
362NAGASAKI1990121  2842 2734 2655 2662 2717 2730 2725 2763 2811 2775 2688
362NAGASAKI1990122  2686 2729 2724 2687 2686 2733 2728 2737 2767 2749 2687
362NAGASAKI1990123  2641 2685 2755 2675 2637 2656 2644 2733 2869
362NAGASAKI1991 11  2851 2763 2723 2703 2654 2629 2664 2644 2634 2682 2713
362NAGASAKI1991 12  2662 2631 2628 2639 2687 2662 2644 2686 2773 2804 2734
362NAGASAKI1991 13  2733 2766 2713 2668 2644 2625 2632 2677 2739
362NAGASAKI1991 21  2724 2693 2720 2701 2689 2716 2708 2675 2778 2821 2739
362NAGASAKI1991 22  2702 2759 2862 2858 2765 2738 2755 2730 2705 2666 2628
362NAGASAKI1991 23  2592 2599 2628 2649 2703 2702
362NAGASAKI1991 31  2673 2653 2666 2719 2733 2719 2761 2788 2711 2774 2772
362NAGASAKI1991 32  2729 2716 2666 2698 2724 2729 2745 2792 2804 2854 2907
362NAGASAKI1991 33  2830 2823 2824 2851 2839 2775 2787 2770 2734
362NAGASAKI1991 41  2722 2723 2755 2814 2868 2908 2908 2826 2822 2867 2842
362NAGASAKI1991 42  2846 2840 2805 2781 2790 2887 2871 2809 2774 2725 2686
362NAGASAKI1991 43  2672 2720 2754 2759 2781 2840 2826 2821
362NAGASAKI1991 51  2815 2728 2668 2661 2712 2778 2775 2769 2753 2750 2817
362NAGASAKI1991 52  2862 2835 2851 2898 2904 2855 2821 2832 2857 2872 2888
362NAGASAKI1991 53  2888 2884 2885 2890 2849 2826 2819 2842 2849
362NAGASAKI1991 61  2853 2874 2859 2821 2823 2832 2821 2827 2867 2899 2924
362NAGASAKI1991 62  2941 2929 2935 2977 2958 2962 2973 2981 2991 3024 3062
362NAGASAKI1991 63  3057 2998 2947 2925 2927 2961 2991 3011
362NAGASAKI1991 71  3021 2991 3004 3060 3032 3041 3057 3013 2993 2965 2974
362NAGASAKI1991 72  2986 2960 2960 2995 3025 3042 3025 2988 2985 2997 2995
362NAGASAKI1991 73  2975 2999 3061 3070 3076 3250 3347 3193 3118
362NAGASAKI1991 81  3080 3085 3103 3158 3174 3130 3103 3116 3132 3123 3102
362NAGASAKI1991 82  3085 3067 3071 3106 3142 3167 3195 3255 3332 3381 3500
362NAGASAKI1991 83  3424 3242 3204 3182 3180 3225 3253 3191 3108
362NAGASAKI1991 91  3066 3087 3092 3059 3063 3113 3154 3157 3111 3108 3118
362NAGASAKI1991 92  3098 3145 3099 3019 3027 3124 3206 3144 3062 2995 2984
362NAGASAKI1991 93  3025 3059 3062 3194 3305 3099 3051 3090
362NAGASAKI1991101  3066 3034 3049 3046 3027 3044 3056 3083 3138 3148 3139
362NAGASAKI1991102  3139 3137 3104 3060 3072 3055 3044 3050 2997 2949 2955
362NAGASAKI1991103  3003 3053 3061 3052 3019 3003 3030 3035 3019
362NAGASAKI1991111  2981 2970 2954 2884 2867 2917 2981 2982 2964 2907 2860
362NAGASAKI1991112  2851 2827 2791 2793 2829 2862 2873 2831 2800 2827 2865
362NAGASAKI1991113  2864 2784 2765 2809 2901 2922 2906 2902
362NAGASAKI1991121  2892 2895 2877 2852 2861 2882 2921 2853 2789 2836 2772
362NAGASAKI1991122  2711 2734 2767 2790 2847 2895 2859 2807 2788 2817 2843
362NAGASAKI1991123  2846 2855 2886 2909 2920 2806 2698 2690 2761
362NAGASAKI1992 11  2830 2798 2730 2718 2808 2834 2778 2807 2781 2727 2742
362NAGASAKI1992 12  2752 2753 2718 2745 2786 2744 2669 2635 2678 2727 2722
362NAGASAKI1992 13  2695 2700 2734 2749 2718 2727 2774 2829 2801
362NAGASAKI1992 21  2675 2714 2784 2760 2759 2744 2723 2700 2716 2713 2735
362NAGASAKI1992 22  2743 2703 2708 2754 2706 2715 2715 2699 2667 2624 2646
362NAGASAKI1992 23  2696 2653 2622 2641 2673 2704 2748
362NAGASAKI1992 31  2741 2731 2722 2801 2821 2727 2688 2722 2770 2779 2768
362NAGASAKI1992 32  2748 2762 2833 2852 2792 2786 2764 2751 2817 2750 2766
362NAGASAKI1992 33  2842 2837 2842 2837 2840 2886 2890 2862 2930
362NAGASAKI1992 41  2919 2853 2877 2893 2854 2843 2818 2840 2972 2992 2920
362NAGASAKI1992 42  2874 2847 2880 2899 2885 2929 2964 2911 2901 2984 2929
362NAGASAKI1992 43  2894 2893 2860 2884 2934 2940 2992 2962
362NAGASAKI1992 51  2904 2888 2879 2889 2899 2948 3046 3032 2911 2836 2830
362NAGASAKI1992 52  2866 2872 2865 2872 2857 2876 2878 2880 2885 2886 2911
362NAGASAKI1992 53  2924 2904 2896 2893 2874 2862 2884 2877 2860
362NAGASAKI1992 61  2848 2837 2869 2934 2963 2979 2968 2910 2885 2890 2879
362NAGASAKI1992 62  2872 2887 2921 2946 2954 2962 2908 2878 2884 2933 3026
362NAGASAKI1992 63  3028 2935 2920 2943 2960 2988 3035 3058
362NAGASAKI1992 71  3050 3043 3047 3061 3093 3101 3074 3042 3017 2997 2974
362NAGASAKI1992 72  2958 2970 3020 3027 3029 3044 3014 2949 2913 2914 2910
362NAGASAKI1992 73  2915 2927 2932 2935 2934 2940 2970 2970 2959
362NAGASAKI1992 81  2969 2984 2996 2991 2960 2991 3069 3048 2990 2942 2953
362NAGASAKI1992 82  3024 3094 3087 3052 3038 3088 3123 3113 3057 3007 2997
362NAGASAKI1992 83  2978 2945 2934 2952 2987 3004 3025 3056 3096
362NAGASAKI1992 91  3125 3154 3169 3144 3099 3064 3058 3078 3100 3087 3075
362NAGASAKI1992 92  3134 3183 3131 3088 3094 3119 3101 3052 3043 3070 3092
362NAGASAKI1992 93  3147 3260 3194 3060 3041 3141 3181 3143
362NAGASAKI1992101  3108 3094 3104 3097 3046 3046 3075 3091 3072 3110 3144
362NAGASAKI1992102  3133 3131 3165 3181 3190 3146 3077 3054 3025 3024 3073
362NAGASAKI1992103  3107 3065 2990 2951 2958 3006 3035 2997 2980
362NAGASAKI1992111  2951 2968 2993 3003 3006 3009 3023 3040 2992 2941 2930
362NAGASAKI1992112  2948 2958 2925 2892 2873 2895 2920 2974 2944 2903 2902
362NAGASAKI1992113  2881 2897 2875 2798 2805 2830 2856 2879
362NAGASAKI1992121  2853 2808 2758 2739 2781 2870 2906 2833 2858 2831 2763
362NAGASAKI1992122  2805 2761 2704 2719 2732 2710 2683 2733 2781 2740 2719
362NAGASAKI1992123  2707 2676 2672 2725 2829 2797 2726 2728 2743
362NAGASAKI1993 11  2780 2793 2767 2733 2745 2828 2797 2778 2834 2842 2803
362NAGASAKI1993 12  2782 2843 2895 2852 2776 2740 2727 2730 2709 2701 2739
362NAGASAKI1993 13  2773 2799 2793 2774 2710 2672 2713 2723 2680
362NAGASAKI1993 21  2603 2558 2593 2615 2671 2753 2683 2624 2617 2662 2685
362NAGASAKI1993 22  2657 2648 2627 2714 2818 2739 2682 2654 2785 2858 2757
362NAGASAKI1993 23  2686 2668 2695 2752 2808 2757
362NAGASAKI1993 31  2690 2688 2727 2750 2781 2832 2768 2726 2745 2761 2757
362NAGASAKI1993 32  2735 2734 2805 2830 2772 2765 2766 2763 2755 2772 2808
362NAGASAKI1993 33  2892 2915 2867 2860 2880 2829 2762 2841 2876
362NAGASAKI1993 41  2846 2860 2913 2898 2840 2838 2818 2777 2762 2805 2807
362NAGASAKI1993 42  2774 2757 2787 2866 2925 2909 2881 2848 2815 2875 2931
362NAGASAKI1993 43  2976 2937 2843 2856 2870 2920 2899 2829
362NAGASAKI1993 51  2854 2890 2842 2833 2853 2918 2937 2937 2951 2861 2827
362NAGASAKI1993 52  2849 2876 2826 2778 2796 2862 2862 2843 2845 2903 2913
362NAGASAKI1993 53  2879 2880 2856 2845 2883 2907 2922 2890 2833
362NAGASAKI1993 61  2918 2993 2935 2882 2843 2831 2852 2852 2812 2808 2848
362NAGASAKI1993 62  2913 2924 2909 2894 2863 2858 2891 2913 2879 2880 2965
362NAGASAKI1993 63  2922 2856 2876 2847 2819 2884 2938 2900
362NAGASAKI1993 71  2900 2927 2933 3019 3026 3027 3007 2969 2951 2982 3015
362NAGASAKI1993 72  3036 3072 3065 3008 3025 3049 3027 3007 2988 2962 2952
362NAGASAKI1993 73  2979 3012 3010 3027 3029 3027 3090 3053 3009
362NAGASAKI1993 81  3013 3032 3023 3004 3016 3050 3059 3091 3261 3279 3109
362NAGASAKI1993 82  3073 3101 3132 3133 3117 3074 3030 3031 3042 3081 3092
362NAGASAKI1993 83  3097 3094 3097 3110 3067 3025 3005 3015 3047
362NAGASAKI1993 91  3094 3140 3106 3066 3045 3054 3102 3119 3085 3046 3036
362NAGASAKI1993 92  3026 3027 3019 3023 3038 3066 3040 3017 3043 3083 3112
362NAGASAKI1993 93  3109 3086 3062 3087 3123 3129 3122 3094
362NAGASAKI1993101  3052 3048 3069 3069 3112 3166 3200 3193 3177 3141 3088
362NAGASAKI1993102  3095 3104 3087 3066 3060 3061 3061 3049 3036 3004 2964
362NAGASAKI1993103  2937 2913 2881 2848 2846 2922 2974 2918 2859
362NAGASAKI1993111  2825 2827 2838 2823 2827 2852 2841 2806 2830 2889 2945
362NAGASAKI1993112  2992 2979 2929 2907 2906 2896 2861 2867 2908 2829 2777
362NAGASAKI1993113  2737 2709 2745 2786 2727 2669 2724 2818
362NAGASAKI1993121  2844 2872 2838 2769 2730 2722 2731 2728 2804 2839 2776
362NAGASAKI1993122  2769 2758 2692 2694 2708 2681 2707 2781 2801 2731 2709
362NAGASAKI1993123  2745 2787 2834 2813 2745 2732 2754 2800 2753
362NAGASAKI1994 11  2757 2805 2812 2771 2769 2746 2749 2813 2863 2890 2905
362NAGASAKI1994 12  2926 2947 2908 2885 2948 2955 2850 2817 2857 2870 2844
362NAGASAKI1994 13  2773 2801 2871 2849 2844 2840 2762 2757 2843
362NAGASAKI1994 21  2805 2715 2701 2739 2752 2761 2803 2844 2726 2703 2807
362NAGASAKI1994 22  2730 2661 2707 2737 2716 2716 2755 2833 2883 2811 2754
362NAGASAKI1994 23  2693 2638 2606 2601 2639 2663
362NAGASAKI1994 31  2668 2691 2726 2760 2721 2724 2811 2791 2733 2680 2727
362NAGASAKI1994 32  2776 2741 2690 2682 2728 2756 2763 2763 2722 2713 2765
362NAGASAKI1994 33  2808 2757 2692 2647 2673 2723 2724 2731 2738
362NAGASAKI1994 41  2766 2771 2791 2794 2822 2906 2938 2868 2843 2866 2962
362NAGASAKI1994 42  2958 2853 2806 2787 2790 2847 2913 2909 2930 2941 2956
362NAGASAKI1994 43  2961 2961 2967 2946 2951 2957 2945 2918
362NAGASAKI1994 51  2888 2918 2979 2978 2933 2885 2877 2849 2829 2899 2915
362NAGASAKI1994 52  2823 2819 2926 2940 2864 2826 2792 2751 2752 2788 2824
362NAGASAKI1994 53  2852 2893 2961 2992 2931 2917 2919 2878 2887
362NAGASAKI1994 61  2919 2902 2872 2875 2894 2890 2886 2920 2922 2886 2912
362NAGASAKI1994 62  2942 2953 2941 2932 2919 2959 3050 2995 2883 2889 2939
362NAGASAKI1994 63  2953 2958 2969 2955 2927 2898 2891 2886
362NAGASAKI1994 71  2860 2830 2834 2867 2897 2895 2895 2922 2952 2955 2953
362NAGASAKI1994 72  2958 2948 2946 2977 3021 3046 3045 3027 3012 3018 3044
362NAGASAKI1994 73  3090 3140 3183 3170 3164 3161 3130 3113 3114
362NAGASAKI1994 81  3098 3057 3023 3002 2984 2993 3022 3052 3122 3210 3217
362NAGASAKI1994 82  3211 3259 3268 3187 3150 3169 3201 3203 3194 3176 3151
362NAGASAKI1994 83  3149 3166 3178 3156 3132 3128 3119 3105 3092
362NAGASAKI1994 91  3069 3057 3059 3063 3070 3062 3058 3079 3112 3129 3081
362NAGASAKI1994 92  3021 3001 3042 3106 3147 3183 3181 3106 3051 3044 3036
362NAGASAKI1994 93  3028 3026 3061 3081 3100 3155 3130 3095
362NAGASAKI1994101  3078 3057 3059 3041 2993 2957 2960 2988 3028 3084 3186
362NAGASAKI1994102  3123 2999 2955 2979 3021 2993 2980 2992 3001 2987 2933
362NAGASAKI1994103  2899 2926 2961 2975 3011 3039 3017 2956 2913
362NAGASAKI1994111  2927 2944 2912 2917 2956 2950 2893 2871 2881 2894 2864
362NAGASAKI1994112  2839 2831 2828 2840 2876 2951 2971 2932 2899 2850 2796
362NAGASAKI1994113  2791 2813 2851 2856 2839 2869 2861 2850
362NAGASAKI1994121  2875 2838 2792 2795 2779 2823 2864 2917 2907 2882 2900
362NAGASAKI1994122  2867 2783 2755 2704 2666 2667 2639 2667 2702 2708 2743
362NAGASAKI1994123  2769 2788 2815 2839 2809 2761 2747 2786 2765
362NAGASAKI1995 11  2746 2787 2872 2867 2801 2739 2752 2812 2799 2740 2755
362NAGASAKI1995 12  2767 2731 2681 2686 2714 2735 2767 2798 2787 2840 2885
362NAGASAKI1995 13  2793 2715 2715 2738 2737 2727 2718 2708 2700
362NAGASAKI1995 21  2693 2719 2764 2783 2764 2772 2782 2810 2789 2747 2787
362NAGASAKI1995 22  2856 2847 2819 2773 2730 2733 2777 2794 2782 2770 2766
362NAGASAKI1995 23  2775 2814 2832 2793 2812 2794
362NAGASAKI1995 31  2741 2772 2776 2701 2683 2688 2669 2687 2798 2768 2727
362NAGASAKI1995 32  2703 2651 2640 2746 2771 2687 2685 2693 2732 2773 2784
362NAGASAKI1995 33  2822 2828 2798 2770 2752 2761 2845 2873 2812
362NAGASAKI1995 41  2747 2698 2681 2699 2742 2778 2777 2797 2792 2764 2790
362NAGASAKI1995 42  2762 2805 2846 2821 2804 2840 2888 2826 2807 2903 2963
362NAGASAKI1995 43  2875 2819 2809 2770 2790 2843 2865 2904
362NAGASAKI1995 51  2924 2884 2853 2842 2848 2844 2847 2843 2873 2894 2846
362NAGASAKI1995 52  2825 2901 2977 2980 2905 2860 2854 2911 3039 3042 2926
362NAGASAKI1995 53  2861 2888 2937 2881 2836 2905 2910 2879 2865
362NAGASAKI1995 61  2852 2912 2968 2915 2880 2847 2853 2910 2953 2942 2923
362NAGASAKI1995 62  2948 2956 2929 2936 2938 2952 2953 2924 2907 2945 2979
362NAGASAKI1995 63  2983 3014 3046 2995 2968 2940 2926 2952
362NAGASAKI1995 71  2966 2999 2973 2928 2920 2899 2884 2899 2927 2943 2925
362NAGASAKI1995 72  2910 2934 2983 3030 3054 3040 3022 3020 3027 3039 3098
362NAGASAKI1995 73  3120 3018 2987 2969 2967 2986 2997 2980 2946
362NAGASAKI1995 81  2955 2965 2953 2955 2957 2959 2978 2977 2960 2938 2949
362NAGASAKI1995 82  2983 2979 2947 2942 2966 2989 2986 2982 2987 3010 3035
362NAGASAKI1995 83  3034 3010 3013 3042 3039 3004 2991 3015 2992
362NAGASAKI1995 91  2972 3009 3044 3023 2994 2968 2956 2957 2978 2969 2924
362NAGASAKI1995 92  2933 2960 2991 3035 3018 2964 3002 3031 3048 3074 3138
362NAGASAKI1995 93  3209 3169 3111 3069 3033 3033 3031 3051
362NAGASAKI1995101  3095 3070 3083 3064 3014 3005 3016 3021 3019 3007 3013
362NAGASAKI1995102  3023 3057 3082 3075 3025 2996 2993 2974 3017 3038 2996
362NAGASAKI1995103  3002 3010 2975 2950 2928 2938 2945 2952 2901
362NAGASAKI1995111  2801 2782 2776 2734 2734 2802 2820 2774 2807 2838 2808
362NAGASAKI1995112  2791 2820 2808 2777 2793 2791 2828 2869 2836 2821 2861
362NAGASAKI1995113  2862 2870 2897 2900 2868 2871 2922 2962
362NAGASAKI1995121  2934 2939 2937 2923 2879 2844 2834 2797 2794 2833 2878
362NAGASAKI1995122  2876 2895 2881 2831 2811 2781 2783 2791 2786 2746 2760
362NAGASAKI1995123  2794 2704 2641 2650 2695 2772 2776 2763 2799
362NAGASAKI1996 11  2795 2804 2742 2709 2738 2756 2770 2675 2652 2667 2642
362NAGASAKI1996 12  2621 2697 2766 2756 2710 2715 2750 2799 2780 2795 2834
362NAGASAKI1996 13  2786 2738 2745 2721 2723 2770 2736 2645 2642
362NAGASAKI1996 21  2615 2590 2621 2666 2617 2576 2626 2676 2641 2610 2668
362NAGASAKI1996 22  2757 2812 2817 2745 2689 2670 2617 2581 2576 2611 2631
362NAGASAKI1996 23  2612 2640 2680 2697 2636 2631 2689
362NAGASAKI1996 31  2653 2635 2644 2636 2630 2705 2758 2704 2661 2660 2655
362NAGASAKI1996 32  2647 2644 2749 2796 2829 2774 2672 2671 2733 2790 2719
362NAGASAKI1996 33  2684 2720 2721 2697 2680 2713 2820 2827 2772
362NAGASAKI1996 41  2742 2713 2671 2618 2635 2721 2738 2703 2690 2686 2661
362NAGASAKI1996 42  2647 2651 2710 2816 2861 2812 2760 2775 2735 2702 2693
362NAGASAKI1996 43  2700 2726 2742 2760 2777 2809 2890 2932
362NAGASAKI1996 51  2876 2817 2865 2949 2885 2860 2924 2909 2851 2823 2825
362NAGASAKI1996 52  2800 2793 2803 2805 2830 2882 2902 2908 2925 2948 2953
362NAGASAKI1996 53  2947 2926 2892 2890 2918 2963 2970 2944 2930
362NAGASAKI1996 61  2938 2970 3055 3059 2982 2952 2977 2966 2941 2953 2960
362NAGASAKI1996 62  2951 2939 2931 2914 2942 3043 3037 3036 3045 2973 2921
362NAGASAKI1996 63  2912 2962 2959 2920 2937 2961 2997 3005
362NAGASAKI1996 71  2963 2924 2923 2970 2981 2977 2963 2954 2998 3036 3044
362NAGASAKI1996 72  3025 3000 3000 3038 3069 3097 3095 3074 3067 3049 3052
362NAGASAKI1996 73  3063 3050 3032 3026 3028 3028 3057 3090 3072
362NAGASAKI1996 81  3051 3055 3064 3100 3143 3150 3128 3124 3140 3149 3168
362NAGASAKI1996 82  3200 3270 3254 3125 3076 3064 3052 3058 3066 3060 3067
362NAGASAKI1996 83  3074 3063 3052 3049 3081 3111 3091 3085 3106
362NAGASAKI1996 91  3077 3061 3068 3056 3044 3036 3028 3046 3053 3019 3023
362NAGASAKI1996 92  3047 3054 3044 3057 3097 3131 3183 3208 3195 3160 3091
362NAGASAKI1996 93  3056 3050 3057 3044 3044 3085 3122 3169
362NAGASAKI1996101  3172 3170 3170 3129 3111 3138 3095 3028 3002 3015 3017
362NAGASAKI1996102  3011 3083 3120 3045 2976 2983 2998 2953 2890 2883 2913
362NAGASAKI1996103  2949 2980 2964 2917 2946 2991 2997 3003 3057
362NAGASAKI1996111  3071 2957 2906 2966 2997 2971 3002 3034 3007 3001 3056
362NAGASAKI1996112  3043 2974 2913 2857 2889 2927 2889 2852 2905 2904 2882
362NAGASAKI1996113  2894 2901 2927 2984 2948 2931 2937 2863
362NAGASAKI1996121  2750 2719 2768 2920 2867 2779 2719 2723 2783 2792 2758
362NAGASAKI1996122  2772 2788 2762 2766 2822 2814 2739 2720 2748 2805 2800
362NAGASAKI1996123  2743 2765 2769 2768 2781 2791 2800 2790 2818
362NAGASAKI1997 11  2820 2753 2727 2768 2758 2679 2652 2639 2699 2748 2751
362NAGASAKI1997 12  2737 2744 2738 2755 2756 2755 2752 2742 2756 2678 2659
362NAGASAKI1997 13  2747 2762 2718 2737 2783 2744 2699 2722 2719
362NAGASAKI1997 21  2734 2766 2743 2754 2775 2766 2802 2841 2852 2837 2764
362NAGASAKI1997 22  2720 2711 2748 2810 2805 2782 2715 2702 2726 2661 2635
362NAGASAKI1997 23  2656 2715 2769 2727 2737 2814
362NAGASAKI1997 31  2770 2734 2712 2679 2712 2765 2736 2713 2745 2796 2763
362NAGASAKI1997 32  2783 2844 2848 2758 2671 2669 2727 2783 2809 2819 2819
362NAGASAKI1997 33  2737 2675 2703 2701 2702 2780 2778 2661 2654
362NAGASAKI1997 41  2698 2743 2729 2731 2730 2730 2735 2767 2743 2713 2737
362NAGASAKI1997 42  2762 2759 2776 2769 2724 2696 2682 2685 2727 2777 2772
362NAGASAKI1997 43  2725 2729 2745 2768 2832 2846 2868 2859
362NAGASAKI1997 51  2792 2780 2770 2733 2722 2742 2824 2824 2770 2783 2789
362NAGASAKI1997 52  2794 2831 2856 2861 2847 2830 2866 2907 2875 2841 2841
362NAGASAKI1997 53  2887 2918 2904 2890 2878 2895 2952 2960 2930
362NAGASAKI1997 61  2936 2939 2955 2984 3006 3001 3030 3123 3103 3043 2996
362NAGASAKI1997 62  2944 2930 2952 2973 2955 2944 2976 3037 3026 3018 3055
362NAGASAKI1997 63  3059 3041 3027 3019 3145 3150 3010 2994
362NAGASAKI1997 71  3032 3024 3013 3038 3079 3137 3125 3118 3117 3112 3146
362NAGASAKI1997 72  3128 3073 3056 3066 3095 3058 3019 3021 3027 3041 3070
362NAGASAKI1997 73  3098 3153 3226 3212 3167 3144 3118 3082 3045
362NAGASAKI1997 81  3030 3035 3061 3118 3128 3098 3114 3183 3168 3104 3080
362NAGASAKI1997 82  3075 3066 3067 3084 3146 3203 3179 3147 3145 3165 3170
362NAGASAKI1997 83  3154 3157 3146 3128 3133 3128 3110 3124 3143
362NAGASAKI1997 91  3145 3179 3173 3127 3138 3175 3164 3128 3099 3089 3085
362NAGASAKI1997 92  3078 3086 3109 3118 3130 3077 3037 3012 3012 3000 2988
362NAGASAKI1997 93  2976 2972 3009 3031 2998 2948 2937 2926
362NAGASAKI1997101  2934 2967 3020 3055 3030 2998 2948 2904 2926 2964 2923
362NAGASAKI1997102  2885 2898 2926 2913 2907 2899 2890 2899 2929 2958 2972
362NAGASAKI1997103  2951 2893 2830 2797 2771 2780 2792 2777 2734
362NAGASAKI1997111  2711 2739 2784 2811 2799 2789 2787 2773 2756 2771 2824
362NAGASAKI1997112  2908 2926 2916 2912 2931 2865 2772 2756 2796 2885 2860
362NAGASAKI1997113  2807 2888 3052 2952 2847 2940 2960 2907
362NAGASAKI1997121  2828 2713 2681 2697 2757 2903 2932 2852 2794 2789 2791
362NAGASAKI1997122  2770 2774 2796 2806 2875 2912 2845 2842 2846 2808 2809
362NAGASAKI1997123  2834 2841 2829 2845 2842 2871 2932 2896 2887
362NAGASAKI1998 11  2902 2861 2845 2771 2723 2684 2795 2834 2739 2794 2860
362NAGASAKI1998 12  2807 2820 2955 2952 2863 2931 2845 2746 2767 2731 2753
362NAGASAKI1998 13  2738 2656 2653 2645 2642 2620 2627 2646 2652
362NAGASAKI1998 21  2676 2715 2733 2724 2734 2783 2809 2749 2724 2682 2733
362NAGASAKI1998 22  2753 2797 2826 2795 2753 2701 2741 2889 2912 2805 2779
362NAGASAKI1998 23  2817 2867 2841 2808 2799 2763
362NAGASAKI1998 31  2746 2759 2799 2864 2885 2888 2878 2906 2915 2955 2967
362NAGASAKI1998 32  2916 2907 2871 2790 2764 2712 2769 2876 2818 2754 2680
362NAGASAKI1998 33  2702 2746 2746 2780 2780 2741 2720 2749 2833
362NAGASAKI1998 41  2852 2719 2674 2678 2741 2777 2800 2822 2786 2765 2787
362NAGASAKI1998 42  2858 2883 2843 2807 2808 2816 2783 2746 2736 2794 2860
362NAGASAKI1998 43  2915 2947 2905 2868 2856 2849 2855 2885
362NAGASAKI1998 51  2963 2993 2910 2860 2840 2847 2866 2867 2857 2896 2963
362NAGASAKI1998 52  2913 2876 2906 2965 2974 2911 2901 2873 2850 2851 2859
362NAGASAKI1998 53  2918 2992 2995 2954 2935 2989 3016 2965 2935
362NAGASAKI1998 61  2990 3037 2970 2941 2963 2967 2964 2992 3062 3093 3116
362NAGASAKI1998 62  3205 3250 3195 3138 3134 3138 3180 3157 3119 3133 3116
362NAGASAKI1998 63  3120 3135 3158 3150 3117 3109 3109 3114
362NAGASAKI1998 71  3119 3099 3075 3055 3047 3053 3090 3109 3109 3122 3137
362NAGASAKI1998 72  3114 3084 3105 3177 3207 3202 3241 3255 3220 3178 3157
362NAGASAKI1998 73  3158 3196 3264 3259 3196 3139 3092 3060 3063
362NAGASAKI1998 81  3078 3045 3015 3024 3047 3051 3038 3047 3056 3070 3065
362NAGASAKI1998 82  3065 3080 3056 3034 3038 3040 3028 3010 2998 2996 3002
362NAGASAKI1998 83  3046 3090 3099 3094 3081 3062 3049 3026 3002
362NAGASAKI1998 91  3017 3013 3009 3026 3039 3058 3065 3056 3043 3045 3070
362NAGASAKI1998 92  3079 3097 3144 3169 3086 3033 3070 3113 3159 3173 3101
362NAGASAKI1998 93  3066 3073 3076 3065 3055 3071 3167 3258
362NAGASAKI1998101  3166 3050 3009 3008 3035 3086 3081 3037 3025 3002 2990
362NAGASAKI1998102  3019 3071 3099 3093 3151 3176 3067 2969 2993 3039 3037
362NAGASAKI1998103  3039 3034 3055 3074 3044 3055 3047 3002 2978
362NAGASAKI1998111  2988 2969 2961 2982 3022 3067 3084 3121 3091 3011 2981
362NAGASAKI1998112  2991 2999 2970 3013 3070 2955 2866 2843 2838 2854 2849
362NAGASAKI1998113  2819 2808 2794 2845 2913 2904 2909 2937
362NAGASAKI1998121  2924 2884 2875 2874 2836 2858 2841 2774 2730 2719 2705
362NAGASAKI1998122  2711 2748 2783 2771 2764 2772 2792 2827 2835 2857 2882
362NAGASAKI1998123  2840 2804 2836 2832 2762 2733 2749 2736 2699
362NAGASAKI1999 11  2732 2760 2745 2731 2755 2772 2723 2670 2626 2618 2617
362NAGASAKI1999 12  2624 2651 2718 2712 2667 2678 2769 2795 2719 2710 2759
362NAGASAKI1999 13  2863 2897 2867 2835 2845 2794 2727 2713 2753
362NAGASAKI1999 21  2796 2750 2675 2651 2627 2648 2675 2690 2708 2747 2697
362NAGASAKI1999 22  2588 2559 2556 2592 2659 2733 2724 2673 2644 2642 2666
362NAGASAKI1999 23  2753 2779 2784 2820 2720 2733
362NAGASAKI1999 31  2765 2746 2764 2834 2827 2842 2853 2807 2789 2800 2777
362NAGASAKI1999 32  2802 2862 2961 2957 2874 2862 2920 2896 2871 2825 2780
362NAGASAKI1999 33  2861 2953 2998 3002 2878 2805 2830 2857 2872
362NAGASAKI1999 41  2934 2898 2854 2881 2944 2884 2785 2800 2949 2967 2930
362NAGASAKI1999 42  2949 2842 2753 2759 2804 2887 2954 2925 2856 2848 2915
362NAGASAKI1999 43  2935 2881 2842 2848 2854 2788 2726 2693
362NAGASAKI1999 51  2689 2740 2870 2902 2849 2807 2782 2768 2783 2796 2771
362NAGASAKI1999 52  2784 2803 2814 2852 2876 2912 2987 2909 2815 2811 2851
362NAGASAKI1999 53  2948 2986 2936 2938 2903 2864 2843 2852 2892
362NAGASAKI1999 61  2940 2991 3012 2987 2931 2935 2940 2912 2895 2933 2968
362NAGASAKI1999 62  2996 3030 3035 3012 3023 3028 3014 2995 2981 2994 3019
362NAGASAKI1999 63  3083 3085 3058 3091 3071 3123 3138 3059
362NAGASAKI1999 71  3102 3122 3053 3028 3014 3010 3023 3059 3087 3098 3098
362NAGASAKI1999 72  3123 3147 3137 3117 3081 3077 3087 3063 3036 3038 3069
362NAGASAKI1999 73  3080 3079 3108 3227 3260 3164 3130 3115 3129
362NAGASAKI1999 81  3161 3215 3224 3200 3245 3295 3300 3261 3241 3231 3229
362NAGASAKI1999 82  3213 3172 3135 3133 3170 3179 3121 3082 3083 3092 3111
362NAGASAKI1999 83  3110 3102 3130 3172 3168 3142 3138 3154 3140
362NAGASAKI1999 91  3097 3051 3031 3069 3138 3176 3173 3156 3189 3231 3210
362NAGASAKI1999 92  3176 3195 3215 3141 3112 3136 3146 3170 3200 3195 3200
362NAGASAKI1999 93  3294 3281 3173 3155 3173 3199 3220 3214
362NAGASAKI1999101  3211 3178 3099 3089 3115 3146 3152 3129 3128 3179 3224
362NAGASAKI1999102  3205 3194 3201 3184 3133 3118 3131 3166 3160 3134 3118
362NAGASAKI1999103  3116 3149 3183 3247 3260 3242 3193 3165 3269
362NAGASAKI1999111  3198 3078 3049 3061 3090 3110 3160 3154 3069 3060 3112
362NAGASAKI1999112  3085 3067 3118 3087 3006 3002 3013 3033 3042 3017 3014
362NAGASAKI1999113  3059 3101 3043 2945 2923 2885 2845 2822
362NAGASAKI1999121  2813 2775 2802 2867 2895 2807 2751 2792 2847 2869 2825
362NAGASAKI1999122  2826 2830 2797 2753 2771 2753 2715 2723 2714 2721 2729
362NAGASAKI1999123  2791 2833 2758 2702 2732 2789 2823 2816 2801
362NAGASAKI2000 11  2839 2868 2834 2844 2911 2869 2798 2830 2854 2800 2829
362NAGASAKI2000 12  2892 2855 2803 2828 2856 2886 2867 2765 2634 2632 2734
362NAGASAKI2000 13  2760 2734 2690 2653 2667 2675 2666 2602 2591
362NAGASAKI2000 21  2651 2698 2689 2684 2743 2786 2809 2754 2738 2756 2768
362NAGASAKI2000 22  2799 2847 2817 2740 2706 2686 2758 2873 2857 2795 2798
362NAGASAKI2000 23  2804 2799 2839 2812 2772 2771 2771
362NAGASAKI2000 31  2804 2851 2931 2975 2956 2904 2844 2775 2716 2748 2837
362NAGASAKI2000 32  2846 2804 2819 2942 2897 2814 2851 2861 2841 2844 2879
362NAGASAKI2000 33  2894 2780 2735 2767 2839 2808 2713 2751 2771
362NAGASAKI2000 41  2739 2749 2791 2843 2814 2769 2743 2728 2769 2732 2717
362NAGASAKI2000 42  2757 2759 2783 2766 2730 2710 2755 2826 2845 2863 2870
362NAGASAKI2000 43  2839 2816 2885 2912 2809 2742 2760 2823
362NAGASAKI2000 51  2842 2823 2813 2823 2831 2849 2851 2853 2889 2913 2908
362NAGASAKI2000 52  2899 2881 2848 2841 2872 2882 2891 2909 2888 2840 2830
362NAGASAKI2000 53  2835 2844 2852 2906 2933 2874 2853 2920 2938
362NAGASAKI2000 61  2866 2890 2960 2970 2957 2950 2982 3030 2950 2919 2945
362NAGASAKI2000 62  2994 3021 2996 2989 3009 3025 3015 2995 2992 2972 2963
362NAGASAKI2000 63  2960 2948 2914 2915 2974 2992 2967 2943
362NAGASAKI2000 71  2946 2973 3006 3032 3060 3102 3108 3068 3023 2992 3020
362NAGASAKI2000 72  3047 3038 3014 2978 2969 2995 3020 3016 3014 3037 3080
362NAGASAKI2000 73  3122 3140 3130 3112 3118 3158 3249 3310 3192
362NAGASAKI2000 81  3117 3099 3092 3082 3089 3107 3118 3113 3106 3096 3110
362NAGASAKI2000 82  3112 3083 3079 3104 3118 3118 3127 3162 3184 3119 3054
362NAGASAKI2000 83  3046 3082 3125 3135 3127 3136 3167 3201 3210
362NAGASAKI2000 91  3165 3123 3122 3143 3162 3130 3081 3073 3101 3161 3188
362NAGASAKI2000 92  3215 3243 3284 3364 3259 3138 3083 3067 3091 3136 3183
362NAGASAKI2000 93  3172 3153 3122 3080 3079 3097 3106 3075
362NAGASAKI2000101  3064 3073 3022 2973 2949 2931 2972 3055 2999 2973 2981
362NAGASAKI2000102  2985 2980 2973 2956 2992 2992 2987 3006 2967 2945 2963
362NAGASAKI2000103  2977 2992 2965 2920 2927 2997 3029 2984 3009
362NAGASAKI2000111  3077 3036 2972 2967 3002 3003 2964 2962 2971 2951 2929
362NAGASAKI2000112  2872 2851 2877 2889 2918 2860 2834 2942 2947 2862 2877
362NAGASAKI2000113  2895 2934 2947 2929 2885 2838 2836 2866
362NAGASAKI2000121  2874 2889 2888 2861 2826 2811 2817 2838 2893 2841 2735
362NAGASAKI2000122  2749 2781 2804 2808 2818 2857 2888 2887 2892 2860 2887
362NAGASAKI2000123  2880 2857 2765 2730 2768 2781 2822 2894 2909
362NAGASAKI2001 11  2922 2875 2812 2759 2735 2851 2942 2949 2988 2970 2933
362NAGASAKI2001 12  2922 2927 2841 2787 2764 2762 2775 2850 2902 2884 2862
362NAGASAKI2001 13  2825 2908 2987 2969 2872 2782 2769 2800 2855
362NAGASAKI2001 21  2812 2743 2738 2775 2837 2867 2806 2729 2724 2701 2709
362NAGASAKI2001 22  2783 2821 2781 2765 2682 2728 2793 2781 2823 2857 2851
362NAGASAKI2001 23  2893 2774 2661 2680 2794 2887
362NAGASAKI2001 31  2811 2774 2848 2796 2770 2780 2723 2665 2649 2681 2722
362NAGASAKI2001 32  2728 2756 2799 2805 2854 2887 2820 2822 2853 2864 2856
362NAGASAKI2001 33  2838 2884 2909 2890 2917 2915 2873 2826 2759
362NAGASAKI2001 41  2767 2822 2810 2783 2776 2796 2821 2868 2876 2891 2902
362NAGASAKI2001 42  2854 2818 2809 2780 2777 2808 2834 2808 2811 2807 2752
362NAGASAKI2001 43  2773 2798 2767 2740 2758 2805 2859 2874
362NAGASAKI2001 51  2865 2807 2766 2782 2803 2850 2913 2919 2845 2781 2759
362NAGASAKI2001 52  2767 2797 2838 2868 2873 2877 2899 2904 2930 3001 3048
362NAGASAKI2001 53  3054 2987 2939 2926 2920 2902 2908 2935 2904
362NAGASAKI2001 61  2870 2872 2901 2966 3012 2991 2948 2919 2938 2975 2996
362NAGASAKI2001 62  3033 3078 3041 2972 2935 2952 3024 3042 3013 3010 2977
362NAGASAKI2001 63  2961 2977 2991 2987 2970 2974 2976 2951
362NAGASAKI2001 71  2908 2896 2929 2986 2991 2951 2948 2953 2957 2990 3023
362NAGASAKI2001 72  3019 2987 2980 3011 3051 3062 3042 3036 3031 3013 3011
362NAGASAKI2001 73  3030 3043 3049 3063 3083 3092 3074 3064 3066
362NAGASAKI2001 81  3066 3072 3075 3096 3115 3139 3131 3097 3087 3084 3087
362NAGASAKI2001 82  3101 3109 3105 3097 3114 3149 3187 3239 3289 3314 3298
362NAGASAKI2001 83  3240 3178 3139 3132 3130 3117 3150 3185 3169
362NAGASAKI2001 91  3186 3197 3197 3221 3259 3256 3237 3233 3243 3242 3193
362NAGASAKI2001 92  3185 3231 3239 3196 3179 3181 3164 3144 3130 3075 3076
362NAGASAKI2001 93  3132 3184 3203 3215 3212 3170 3178 3241
362NAGASAKI2001101  3180 3103 3104 3103 3069 3088 3132 3191 3238 3181 3119
362NAGASAKI2001102  3128 3163 3161 3125 3132 3161 3113 3095 3107 3136 3138
362NAGASAKI2001103  3075 3035 3013 3018 3083 3053 2968 2954 2971
362NAGASAKI2001111  2986 2998 2952 2937 2929 2861 2874 2900 2897 2882 2873
362NAGASAKI2001112  2855 2863 2838 2805 2798 2810 2830 2826 2814 2800 2821
362NAGASAKI2001113  2872 2911 2872 2816 2793 2841 2919 2865
362NAGASAKI2001121  2842 2852 2904 2886 2857 2807 2766 2729 2732 2731 2751
362NAGASAKI2001122  2848 2774 2657 2627 2683 2732 2712 2678 2711 2743 2737
362NAGASAKI2001123  2730 2721 2687 2669 2676 2722 2766 2730 2768
362NAGASAKI2002 11  2735 2643 2658 2684 2641 2662 2674 2632 2682 2773 2770
362NAGASAKI2002 12  2769 2768 2787 2866 2873 2806 2771 2767 2794 2769 2721
362NAGASAKI2002 13  2693 2681 2747 2802 2739 2687 2669 2669 2665
362NAGASAKI2002 21  2696 2706 2701 2767 2816 2790 2772 2801 2781 2747 2722
362NAGASAKI2002 22  2716 2708 2688 2694 2770 2787 2685 2636 2677 2729 2734
362NAGASAKI2002 23  2731 2707 2719 2757 2776 2747
362NAGASAKI2002 31  2734 2739 2739 2789 2841 2766 2669 2630 2674 2725 2727
362NAGASAKI2002 32  2721 2772 2874 2819 2761 2748 2721 2723 2790 2833 2772
362NAGASAKI2002 33  2693 2675 2725 2795 2764 2805 2834 2799 2767
362NAGASAKI2002 41  2763 2813 2798 2756 2782 2838 2819 2793 2757 2744 2763
362NAGASAKI2002 42  2771 2769 2790 2839 2844 2783 2752 2778 2867 2880 2868
362NAGASAKI2002 43  2894 2857 2824 2828 2849 2879 2932 2978
362NAGASAKI2002 51  2958 2926 2915 2914 2916 2953 2973 2932 2958 2969 2941
362NAGASAKI2002 52  2947 2966 3044 3109 3077 3062 3078 3080 3058 3049 3075
362NAGASAKI2002 53  3061 3031 3022 3006 2985 2990 3012 3063 3075
362NAGASAKI2002 61  3050 3024 2992 2984 2983 2966 2959 2980 3023 3096 3080
362NAGASAKI2002 62  3042 3024 2973 2953 2988 3016 3000 3049 3078 3045 3016
362NAGASAKI2002 63  3058 3132 3080 3025 3031 3073 3113 3094
362NAGASAKI2002 71  3052 3041 3047 3072 3140 3137 3075 3086 3150 3156 3137
362NAGASAKI2002 72  3122 3132 3175 3186 3170 3155 3146 3112 3066 3080 3089
362NAGASAKI2002 73  3097 3145 3222 3263 3210 3167 3155 3134 3111
362NAGASAKI2002 81  3089 3083 3079 3078 3055 3062 3099 3129 3128 3073 3005
362NAGASAKI2002 82  3009 3040 3058 3056 3057 3060 3038 3019 3038 3089 3138
362NAGASAKI2002 83  3160 3138 3103 3090 3090 3133 3217 3419 3470
362NAGASAKI2002 91  3223 3124 3119 3151 3182 3181 3147 3163 3196 3201 3196
362NAGASAKI2002 92  3191 3182 3165 3198 3210 3122 3098 3102 3123 3146 3124
362NAGASAKI2002 93  3079 3030 3016 3038 3069 3053 3029 3047
362NAGASAKI2002101  3053 3032 3006 2996 3028 3053 3007 2968 2951 2985 3023
362NAGASAKI2002102  3029 3025 3025 2994 2966 2987 3062 3126 3136 3117 3089
362NAGASAKI2002103  3063 3021 3056 3070 3014 2963 2926 2936 2984
362NAGASAKI2002111  2948 2913 2872 2813 2802 2853 2944 2900 2850 2885 2922
362NAGASAKI2002112  2885 2873 2905 2894 2865 2836 2776 2790 2815 2834 2877
362NAGASAKI2002113  2924 2940 2871 2827 2812 2812 2850 2924
362NAGASAKI2002121  2910 2892 2973 2972 2902 2906 2938 2906 2818 2783 2770
362NAGASAKI2002122  2735 2715 2723 2810 2843 2812 2842 2876 2909 2904 2891
362NAGASAKI2002123  2883 2875 2803 2752 2761 2781 2765 2770 2769
362NAGASAKI2003 11  2711 2730 2757 2669 2594 2594 2612 2644 2693 2722 2712
362NAGASAKI2003 12  2721 2758 2689 2647 2679 2707 2742 2767 2734 2730 2815
362NAGASAKI2003 13  2751 2640 2705 2842 2810 2727 2665 2673 2722
362NAGASAKI2003 21  2751 2738 2747 2743 2690 2693 2785 2855 2859 2890 2858
362NAGASAKI2003 22  2786 2747 2781 2847 2819 2795 2812 2779 2701 2761 2821
362NAGASAKI2003 23  2794 2758 2757 2761 2745 2836
362NAGASAKI2003 31  2872 2898 2859 2739 2785 2877 2781 2675 2639 2606 2609
362NAGASAKI2003 32  2641 2674 2730 2762 2800 2773 2749 2748 2759 2749 2735
362NAGASAKI2003 33  2770 2789 2742 2741 2761 2749 2729 2740 2814
362NAGASAKI2003 41  2865 2859 2857 2824 2768 2768 2844 2800 2703 2704 2782
362NAGASAKI2003 42  2778 2758 2746 2708 2666 2681 2761 2812 2767 2722 2743
362NAGASAKI2003 43  2775 2821 2826 2729 2667 2685 2757 2710
362NAGASAKI2003 51  2689 2721 2733 2753 2786 2833 2871 2801 2770 2802 2798
362NAGASAKI2003 52  2809 2887 2975 2967 2947 2971 2990 2990 2981 2983 2984
362NAGASAKI2003 53  3008 3098 3163 3124 3057 3039 3108 3170 3079
362NAGASAKI2003 61  3017 2989 2995 2998 2991 3004 2983 2994 3050 3114 3165
362NAGASAKI2003 62  3163 3098 3075 3057 3022 2990 3079 3123 3007 2980 3009
362NAGASAKI2003 63  3053 3043 3001 3004 3054 3014 2969 2985
362NAGASAKI2003 71  2967 2932 2951 2956 2969 2962 2947 2945 2982 2989 2995
362NAGASAKI2003 72  3035 3087 3064 3040 3005 3019 3053 3021 3019 3004 2993
362NAGASAKI2003 73  2998 2990 3001 3029 3063 3103 3141 3118 3096
362NAGASAKI2003 81  3082 3059 3047 3050 3058 3076 3112 3125 3089 3062 3052
362NAGASAKI2003 82  3031 3039 3068 3083 3085 3071 3075 3085 3067 3058 3051
362NAGASAKI2003 83  3058 3095 3131 3142 3163 3147 3125 3135 3128
362NAGASAKI2003 91  3082 3045 3043 3064 3085 3091 3106 3122 3159 3167 3219
362NAGASAKI2003 92  3294 3154 3074 3065 3063 3079 3116 3152 3153 3082 3088
362NAGASAKI2003 93  3129 3138 3158 3212 3232 3202 3139 3132
362NAGASAKI2003101  3163 3144 3116 3112 3136 3150 3179 3206 3223 3239 3260
362NAGASAKI2003102  3258 3217 3158 3098 3092 3105 3078 3063 3075 3090 3063
362NAGASAKI2003103  3036 3058 3072 3040 3031 3001 2972 3013 3035
362NAGASAKI2003111  3032 3033 3016 3016 3049 3045 3041 3035 3032 3041 2989
362NAGASAKI2003112  2956 2928 2995 3050 2996 2990 3050 3110 3132 3008 2916
362NAGASAKI2003113  2946 3024 3034 3050 3085 3134 3148 3080
362NAGASAKI2003121  3031 3025 2994 2948 2991 2950 2864 2837 2821 2860 2870
362NAGASAKI2003122  2824 2803 2815 2824 2857 2851 2796 2704 2661 2691 2764
362NAGASAKI2003123  2815 2821 2821 2736 2671 2674 2717 2734 2729
362NAGASAKI2004 11  2764 2769 2721 2717 2740 2764 2726 2725 2760 2776 2801
362NAGASAKI2004 12  2817 2750 2726 2752 2809 2846 2854 2834 2848 2817 2771
362NAGASAKI2004 13  2784 2768 2705 2704 2735 2763 2773 2749 2770
362NAGASAKI2004 21  2840 2804 2723 2697 2657 2646 2650 2656 2648 2641 2659
362NAGASAKI2004 22  2676 2744 2713 2617 2623 2652 2653 2630 2622 2723 2730
362NAGASAKI2004 23  2651 2706 2750 2718 2724 2819 2833
362NAGASAKI2004 31  2765 2740 2780 2785 2770 2653 2597 2653 2726 2777 2758
362NAGASAKI2004 32  2750 2763 2783 2792 2813 2804 2752 2768 2782 2802 2800
362NAGASAKI2004 33  2802 2820 2838 2810 2812 2823 2859 2827 2772
362NAGASAKI2004 41  2828 2775 2734 2713 2734 2779 2804 2785 2767 2798 2822
362NAGASAKI2004 42  2839 2865 2874 2887 2884 2867 2939 2958 2870 2873 2906
362NAGASAKI2004 43  2848 2773 2793 2938 2876 2766 2767 2791
362NAGASAKI2004 51  2796 2852 2939 2940 2909 2857 2869 2956 3012 2961 2932
362NAGASAKI2004 52  2998 2994 2950 3005 3040 3016 3015 9999 9999 3084 3052
362NAGASAKI2004 53  3008 2984 2989 2995 3014 3070 3070 3062 3010
362NAGASAKI2004 61  2980 3010 3023 3056 3102 3119 3094 3033 2977 2948 2910
362NAGASAKI2004 62  2870 2879 2892 2893 2913 2952 3010 3092 3158 3084 3032
362NAGASAKI2004 63  3040 3091 3092 3057 3029 3040 3049 3027
362NAGASAKI2004 71  3033 3043 3094 3128 3060 3049 3071 3068 3057 3061 3077
362NAGASAKI2004 72  3089 3078 3064 3048 3059 3085 3084 3064 3053 3062 3089
362NAGASAKI2004 73  3121 3148 3162 3142 3127 3152 3169 3179 3211
362NAGASAKI2004 81  3225 3239 3263 3247 3200 3190 3212 3216 3225 3241 3240
362NAGASAKI2004 82  3218 3208 3204 3211 3218 3239 3371 3314 3193 3168 3162
362NAGASAKI2004 83  3164 3164 3168 3201 3217 3262 3327 3322 3257
362NAGASAKI2004 91  3160 3124 3130 3177 3230 3444 3447 3164 3087 3099 3148
362NAGASAKI2004 92  3145 3129 3139 3118 3073 3067 3074 3064 3084 3072 3062
362NAGASAKI2004 93  3058 3041 3055 3087 3134 3169 3083 3053
362NAGASAKI2004101  3057 3030 3041 3075 3060 3065 3114 3152 3110 3043 3043
362NAGASAKI2004102  3046 3002 2946 2961 2989 3003 3060 3126 3042 2984 2934
362NAGASAKI2004103  2932 2955 2982 3011 2996 3020 3062 3095 3114
362NAGASAKI2004111  3105 3053 2983 2945 2942 2927 2883 2877 2930 3017 3010
362NAGASAKI2004112  2928 2960 3019 2978 2916 2907 2932 2923 2873 2812 2808
362NAGASAKI2004113  2795 2792 2827 2812 2806 2824 2816 2789
362NAGASAKI2004121  2770 2773 2875 2969 2834 2783 2800 2815 2835 2812 2831
362NAGASAKI2004122  2865 2866 2889 2895 2865 2886 2909 2934 2901 2907 2955
362NAGASAKI2004123  2969 2967 2924 2883 2875 2884 2836 2831 2818
362NAGASAKI2005 11  2793 2839 2881 2825 2840 2850 2803 2785 2794 2788 2760
362NAGASAKI2005 12  2748 2773 2811 2797 2744 2738 2789 2771 2699 2697 2789
362NAGASAKI2005 13  2849 2879 2892 2845 2868 2909 2885 2847 2846
362NAGASAKI2005 21  2794 2735 2730 2757 2751 2755 2796 2799 2805 2753 2732
362NAGASAKI2005 22  2759 2767 2835 2937 2894 2835 2823 2755 2697 2713 2783
362NAGASAKI2005 23  2832 2826 2729 2653 2675 2677
362NAGASAKI2005 31  2641 2665 2692 2668 2645 2629 2628 2648 2704 2782 2738
362NAGASAKI2005 32  2658 2666 2695 2710 2761 2751 2649 2648 2670 2769 2825
362NAGASAKI2005 33  2767 2705 2674 2708 2822 2855 2817 2790 2737
362NAGASAKI2005 41  2746 2785 2723 2677 2692 2758 2780 2774 2824 2873 2855
362NAGASAKI2005 42  2820 2777 2744 2722 2701 2707 2712 2777 2815 2788 2745
362NAGASAKI2005 43  2731 2736 2765 2777 2781 2802 2821 2883
362NAGASAKI2005 51  2913 2867 2848 2869 2950 2959 2912 2947 2934 2902 2920
362NAGASAKI2005 52  2897 2862 2845 2826 2834 2898 2900 2843 2837 2881 2906
362NAGASAKI2005 53  2883 2853 2845 2851 2866 2842 2825 2855 2880
362NAGASAKI2005 61  2935 2962 2930 2897 2865 2856 2864 2877 2929 3015 3026
362NAGASAKI2005 62  2998 2987 2986 2967 2922 2900 2923 2950 2956 2961 2962
362NAGASAKI2005 63  2959 2947 2932 2943 2954 2942 2923 2931
362NAGASAKI2005 71  2964 2977 3000 3016 3017 2977 2945 2994 3031 3002 2992
362NAGASAKI2005 72  2961 2923 2873 2856 2893 2920 2930 2951 2960 2949 2956
362NAGASAKI2005 73  2994 3049 3089 3087 3084 3091 3092 3103 3114
362NAGASAKI2005 81  3118 3103 3088 3073 3074 3086 3075 3056 3051 3067 3065
362NAGASAKI2005 82  3053 3039 3047 3053 3058 3041 3022 3052 3104 3101 3073
362NAGASAKI2005 83  3090 3131 3129 3095 3085 3082 3097 3104 3068
362NAGASAKI2005 91  3030 3057 3130 3188 3239 3277 3190 3115 3109 3115 3100
362NAGASAKI2005 92  3104 3121 3075 3031 3010 2974 2964 3004 3051 3075 3061
362NAGASAKI2005 93  3049 3027 3006 2988 2984 3003 3032 3064
362NAGASAKI2005101  3077 3069 3054 3028 3020 3027 3030 2979 2961 2977 3005
362NAGASAKI2005102  3029 3055 3084 3071 3055 3034 3006 3008 3043 3031 2982
362NAGASAKI2005103  2961 2938 2931 2925 2924 2964 2965 2927 2913
362NAGASAKI2005111  2927 2949 2968 2994 3066 3054 2968 2942 2932 2973 2989
362NAGASAKI2005112  2929 2954 2981 2955 2942 2908 2860 2889 2920 2910 2899
362NAGASAKI2005113  2919 2931 2943 2967 2952 2959 2928 2911
362NAGASAKI2005121  2902 2873 2905 2877 2811 2799 2803 2796 2818 2869 2865
362NAGASAKI2005122  2822 2798 2794 2809 2789 2693 2673 2686 2732 2730 2732
362NAGASAKI2005123  2755 2751 2791 2737 2695 2712 2719 2725 2757
362NAGASAKI2006 11  2791 2789 2772 2781 2784 2751 2711 2734 2777 2788 2770
362NAGASAKI2006 12  2825 2887 2839 2810 2790 2755 2784 2830 2851 2858 2810
362NAGASAKI2006 13  2742 2715 2715 2762 2759 2751 2754 2773 2832
362NAGASAKI2006 21  2803 2755 2700 2680 2773 2874 2789 2667 2681 2782 2771
362NAGASAKI2006 22  2702 2773 2835 2849 2755 2672 2720 2770 2794 2806 2767
362NAGASAKI2006 23  2728 2740 2806 2735 2696 2753
362NAGASAKI2006 31  2750 2716 2680 2677 2720 2741 2736 2751 2790 2791 2791
362NAGASAKI2006 32  2739 2693 2670 2747 2756 2750 2787 2721 2711 2772 2834
362NAGASAKI2006 33  2808 2783 2788 2829 2877 2829 2789 2755 2756
362NAGASAKI2006 41  2869 2852 2814 2892 2844 2824 2831 2815 2869 2989 2973
362NAGASAKI2006 42  2906 2848 2832 2816 2770 2774 2841 2891 2857 2868 2908
362NAGASAKI2006 43  2864 2810 2816 2845 2827 2867 2910 2903
362NAGASAKI2006 51  2910 2854 2779 2760 2838 2942 2909 2876 2905 2908 2854
362NAGASAKI2006 52  2860 2853 2834 2830 2862 2902 2983 3016 2917 2863 2877
362NAGASAKI2006 53  2897 2892 2928 3014 3052 3007 2960 2900 2879
362NAGASAKI2006 61  2932 2973 2987 3010 3032 3017 3048 3144 3097 3038 2991
362NAGASAKI2006 62  2961 2973 3070 3054 2989 2991 2961 2922 2928 2959 3006
362NAGASAKI2006 63  2999 2972 2998 3001 2978 2957 2946 2964
362NAGASAKI2006 71  2987 2985 2995 3061 3058 3026 3013 3017 3051 3061 3035
362NAGASAKI2006 72  3058 3063 3036 3034 3064 3088 3114 3121 3126 3119 3117
362NAGASAKI2006 73  3105 3072 3015 2990 3021 3048 3056 3057 3040
362NAGASAKI2006 81  3026 3029 3043 3075 3096 3112 3137 3151 3144 3133 3133
362NAGASAKI2006 82  3143 3169 3223 3273 3307 3340 3307 3201 3133 3094 3073
362NAGASAKI2006 83  3083 3082 3086 3117 3160 3187 3194 3223 3245
362NAGASAKI2006 91  3199 3168 3168 3189 3223 3223 3183 3182 3147 3094 3082
362NAGASAKI2006 92  3091 3101 3100 3144 3240 3402 3252 3168 3174 3155 3145
362NAGASAKI2006 93  3158 3160 3174 3176 3156 3152 3145 3137
362NAGASAKI2006101  3150 3153 3166 3197 3194 3126 3071 3045 3046 3079 3096
362NAGASAKI2006102  3102 3112 3115 3086 3067 3072 3088 3100 3078 3065 3119
362NAGASAKI2006103  3081 2997 3002 3003 2991 2999 2995 3002 3023
362NAGASAKI2006111  3024 2996 2987 2988 3012 2983 2915 2923 2937 2971 2942
362NAGASAKI2006112  2906 2946 2917 2884 2885 2905 2964 2992 2976 2956 2973
362NAGASAKI2006113  2968 2967 3022 3097 3060 2956 2896 2911
362NAGASAKI2006121  2930 2853 2793 2794 2801 2862 2929 2945 2898 2856 2857
362NAGASAKI2006122  2868 2881 2874 2864 2870 2777 2723 2742 2795 2835 2837
362NAGASAKI2006123  2841 2861 2909 2956 2905 2781 2725 2733 2746
362NAGASAKI2007 11  2809 2848 2841 2865 2916 2875 2789 2747 2732 2703 2711
362NAGASAKI2007 12  2736 2742 2753 2802 2843 2819 2779 2793 2796 2789 2764
362NAGASAKI2007 13  2761 2746 2770 2759 2692 2677 2676 2669 2654
362NAGASAKI2007 21  2618 2593 2635 2650 2673 2675 2678 2733 2776 2757 2718
362NAGASAKI2007 22  2738 2833 2775 2695 2752 2812 2785 2761 2740 2753 2789
362NAGASAKI2007 23  2772 2777 2787 2777 2752 2749
362NAGASAKI2007 31  2778 2817 2883 2944 2845 2791 2821 2817 2861 2888 2829
362NAGASAKI2007 32  2852 2881 2910 2956 2932 2908 2919 2915 2913 2940 2939
362NAGASAKI2007 33  3026 3120 3034 2999 2996 2995 3012 2996 3025
362NAGASAKI2007 41  2975 2906 2849 2790 2773 2794 2837 2859 2841 2832 2808
362NAGASAKI2007 42  2823 2845 2844 2904 2894 2865 2871 2847 2873 2917 2941
362NAGASAKI2007 43  2911 2906 2859 2802 2780 2777 2797 2881
362NAGASAKI2007 51  2878 2814 2832 2880 2954 2995 2948 2909 2926 2893 2880
362NAGASAKI2007 52  2888 2863 2865 2897 2992 3003 2971 2908 2891 2890 2888
362NAGASAKI2007 53  2909 2980 2979 2933 2922 2935 2968 2979 2966
362NAGASAKI2007 61  2998 3033 3036 3017 3004 2985 2971 2958 2955 2962 2960
362NAGASAKI2007 62  3000 3069 3061 3021 2984 2956 2935 2915 2926 2971 2969
362NAGASAKI2007 63  2938 2951 2950 2935 2927 2938 2940 2938
362NAGASAKI2007 71  2965 2987 3024 3008 2959 3007 3002 2991 3014 3041 3023
362NAGASAKI2007 72  3016 3084 3082 3032 3018 3002 3024 3052 3055 3052 3050
362NAGASAKI2007 73  3025 3015 3009 3017 3024 3022 3022 3041 3078
362NAGASAKI2007 81  3128 3165 3116 3098 3103 3101 3103 3104 3118 3173 3233
362NAGASAKI2007 82  3271 3274 3226 3165 3148 3169 3171 3156 3159 3178 3175
362NAGASAKI2007 83  3130 3072 3039 3054 3086 3112 3139 3158 3156
362NAGASAKI2007 91  3186 3175 3155 3188 3215 3225 3190 3146 3114 3082 3098
362NAGASAKI2007 92  3104 3109 3138 3168 3172 3120 3103 3093 3065 3034 3012
362NAGASAKI2007 93  3015 3032 3034 3043 3061 3050 3035 3038
362NAGASAKI2007101  3028 2996 2977 2982 3019 3048 3078 3078 3039 2979 2934
362NAGASAKI2007102  2909 2927 2941 2944 2974 3001 3005 2956 2891 2878 2885
362NAGASAKI2007103  2872 2886 2959 3002 2996 2986 2951 2935 2951
362NAGASAKI2007111  2926 2911 2912 2922 2933 2982 3058 3083 3075 3050 3030
362NAGASAKI2007112  3020 3045 3042 3018 3043 3045 2969 2974 2934 2876 2885
362NAGASAKI2007113  2923 2923 2929 2970 3018 3027 2973 2914
362NAGASAKI2007121  2910 2949 2882 2831 2851 2906 2910 2873 2864 2910 2953
362NAGASAKI2007122  2984 2945 2886 2833 2806 2821 2840 2835 2810 2865 2896
362NAGASAKI2007123  2835 2841 2857 2856 2937 3012 2980 2899 2828
362NAGASAKI2008 11  2754 2737 2748 2775 2773 2781 2789 2778 2761 2765 2817
362NAGASAKI2008 12  2762 2728 2744 2745 2693 2695 2698 2736 2815 2835 2860
362NAGASAKI2008 13  2781 2687 2706 2729 2787 2858 2829 2766 2739
362NAGASAKI2008 21  2779 2848 2832 2790 2789 2793 2784 2764 2734 2766 2811
362NAGASAKI2008 22  2771 2738 2721 2687 2640 2595 2608 2646 2680 2718 2749
362NAGASAKI2008 23  2654 2614 2715 2704 2647 2732 2775
362NAGASAKI2008 31  2747 2770 2742 2688 2657 2662 2644 2668 2728 2741 2735
362NAGASAKI2008 32  2740 2773 2777 2774 2785 2804 2859 2799 2731 2797 2881
362NAGASAKI2008 33  2880 2833 2845 2857 2858 2773 2795 2824 2762
362NAGASAKI2008 41  2754 2778 2767 2764 2806 2905 2936 2957 3051 2988 2897
362NAGASAKI2008 42  2885 2913 2914 2917 2957 2906 2815 2810 2861 2898 2924
362NAGASAKI2008 43  2935 2904 2927 2902 2873 2860 2849 2890
362NAGASAKI2008 51  2931 2945 2955 2999 2970 2938 2967 2993 2978 2964 2978
362NAGASAKI2008 52  3004 2979 2960 2981 3008 3022 3059 3057 2999 2960 2929
362NAGASAKI2008 53  2952 2993 2966 2933 2954 3024 3014 2976 2946
362NAGASAKI2008 61  2962 2997 3033 3089 3077 3026 3013 3000 3008 3053 3079
362NAGASAKI2008 62  3035 2992 3006 3047 3038 3015 3034 3046 3067 3105 3083
362NAGASAKI2008 63  3041 3029 3010 2967 2967 3025 3011 2960
362NAGASAKI2008 71  2962 2991 2987 2983 2981 2963 2945 2952 2977 2997 3018
362NAGASAKI2008 72  3034 3022 3005 3024 3052 3045 2999 2980 2996 3024 3025
362NAGASAKI2008 73  3045 3073 3083 3076 3054 3059 3078 3078 3057
362NAGASAKI2008 81  3065 3112 3109 3092 3102 3132 3156 3168 3184 3202 3223
362NAGASAKI2008 82  3245 3240 3264 3279 3245 3180 3164 3149 3117 3119 3174
362NAGASAKI2008 83  3131 3065 3072 3111 3122 3097 3082 3109 3150
362NAGASAKI2008 91  3181 3170 3139 3119 3073 3025 2998 2976 2965 2973 3010
362NAGASAKI2008 92  3013 2975 2972 3023 3037 3047 3054 3045 3051 3055 3047
362NAGASAKI2008 93  3010 2998 3022 2982 2965 2991 3020 3056
362NAGASAKI2008101  3045 3020 3025 3037 3036 3008 2986 2976 2981 3019 3036
362NAGASAKI2008102  3050 3068 3052 3023 3038 3057 3074 3073 3064 3072 3118
362NAGASAKI2008103  3117 3026 2999 3004 2994 3012 3008 2972 2981
362NAGASAKI2008111  2997 2989 2952 2917 2926 2952 2950 2937 2912 2916 2981
362NAGASAKI2008112  3022 3024 3023 3066 3064 3002 2924 2858 2860 2852 2869
362NAGASAKI2008113  2933 2927 2877 2903 2933 2923 2864 2814
362NAGASAKI2008121  2851 2890 2907 2911 2834 2806 2860 2919 2934 2958 2975
362NAGASAKI2008122  2959 2946 2911 2903 2925 2926 2907 2916 2954 2900 2803
362NAGASAKI2008123  2812 2864 2809 2769 2807 2850 2831 2778 2747
362NAGASAKI2009 11  2715 2717 2750 2797 2807 2826 2849 2885 2877 2833 2796
362NAGASAKI2009 12  2712 2690 2669 2665 2692 2765 2803 2767 2755 2773 2773
362NAGASAKI2009 13  2688 2704 2718 2678 2684 2733 2814 2843 2718
362NAGASAKI2009 21  2668 2723 2754 2747 2734 2740 2739 2742 2767 2788 2814
362NAGASAKI2009 22  2893 2963 2894 2789 2707 2698 2745 2836 2754 2742 2841
362NAGASAKI2009 23  2844 2860 2831 2819 2822 2782
362NAGASAKI2009 31  2739 2771 2807 2812 2867 2777 2726 2756 2770 2751 2720
362NAGASAKI2009 32  2816 2832 2724 2737 2761 2775 2802 2817 2773 2868 2887
362NAGASAKI2009 33  2819 2788 2749 2742 2744 2761 2768 2801 2813
362NAGASAKI2009 41  2775 2767 2807 2844 2863 2848 2823 2807 2792 2803 2833
362NAGASAKI2009 42  2882 2966 2941 2884 2887 2880 2848 2896 2987 2914 2847
362NAGASAKI2009 43  2841 2915 2914 2871 2847 2801 2788 2795
362NAGASAKI2009 51  2811 2848 2882 2921 2935 2957 3001 2977 2936 2930 2939
362NAGASAKI2009 52  2955 2915 2863 2870 2938 2940 2914 2915 2958 3003 2971
362NAGASAKI2009 53  2973 2949 2930 2941 2958 2959 2994 3038 3017
362NAGASAKI2009 61  2973 2984 3041 3059 3062 3039 3014 2985 3018 3075 3048
362NAGASAKI2009 62  3031 3003 2979 2964 2957 2971 2997 3002 3021 3062 3087
362NAGASAKI2009 63  3055 3005 2970 2956 2988 3030 3036 3034
362NAGASAKI2009 71  3034 3014 3022 3009 2991 2979 2999 3019 3039 3012 2970
362NAGASAKI2009 72  2945 2931 2953 2960 2982 2978 2980 3000 3040 3090 3068
362NAGASAKI2009 73  3049 3081 3060 3057 3063 3084 3064 3036 3054
362NAGASAKI2009 81  3084 3087 3073 3091 3120 3113 3107 3136 3148 3125 3144
362NAGASAKI2009 82  3177 3126 3091 3080 3044 3052 3085 3116 3151 3183 3183
362NAGASAKI2009 83  3157 3115 3109 3127 3154 3176 3173 3166 3150
362NAGASAKI2009 91  3147 3161 3193 3241 3278 3313 3325 3286 3237 3215 3239
362NAGASAKI2009 92  3229 3165 3157 3141 3116 3120 3131 3145 3171 3177 3160
362NAGASAKI2009 93  3146 3149 3150 3150 3133 3093 3070 3072
362NAGASAKI2009101  3131 3161 3087 3057 3102 3162 3190 3157 3138 3073 3044
362NAGASAKI2009102  3069 3065 3040 3042 3093 3108 3074 3018 2937 2911 2929
362NAGASAKI2009103  2959 2972 2977 2993 2991 2957 2940 2959 3003
362NAGASAKI2009111  2960 2820 2788 2842 2939 2994 2993 3005 3047 3083 2978
362NAGASAKI2009112  3000 3069 3011 2936 2935 2931 2885 2852 2843 2860 2878
362NAGASAKI2009113  2945 3026 2987 2972 3001 3029 3045 3023
362NAGASAKI2009121  3024 3053 3037 3047 3005 2939 2922 2974 3040 3064 3008
362NAGASAKI2009122  2972 2970 2933 2930 2915 2898 2849 2842 2834 2804 2832
362NAGASAKI2009123  2855 2876 2862 2840 2849 2842 2890 2850 2758
362NAGASAKI2010 11  2776 2809 2799 2795 2717 2679 2693 2719 2726 2756 2805
362NAGASAKI2010 12  2785 2700 2675 2655 2627 2622 2637 2689 2755 2704 2660
362NAGASAKI2010 13  2673 2701 2663 2668 2788 2787 2754 2788 2835
362NAGASAKI2010 21  2825 2781 2748 2731 2719 2720 2788 2839 2872 2898 2857
362NAGASAKI2010 22  2805 2792 2832 2839 2811 2813 2787 2789 2806 2849 2892
362NAGASAKI2010 23  2885 2876 2931 2926 2875 2857
362NAGASAKI2010 31  2903 2871 2891 2938 2922 2899 2846 2839 2835 2745 2729
362NAGASAKI2010 32  2751 2711 2766 2787 2690 2721 2746 2805 2811 2741 2792
362NAGASAKI2010 33  2837 2824 2740 2662 2676 2693 2664 2709 2840
362NAGASAKI2010 41  2895 2810 2767 2819 2845 2824 2773 2791 2850 2897 2945
362NAGASAKI2010 42  2942 2835 2818 2867 2856 2811 2841 2947 2974 3000 2967
362NAGASAKI2010 43  2864 2816 2828 2919 2952 2942 2909 2900
362NAGASAKI2010 51  2888 2886 2896 2937 2967 2992 2969 2952 2984 3001 2961
362NAGASAKI2010 52  2938 2924 2913 2915 2910 2938 3016 2997 2925 2946 3059
362NAGASAKI2010 53  3108 3052 2999 2921 2884 2930 2964 2948 2939
362NAGASAKI2010 61  2946 2933 2938 2959 2987 2992 2997 2992 2990 2993 3005
362NAGASAKI2010 62  3057 3083 3089 3072 3035 3056 3057 3022 3018 2992 2992
362NAGASAKI2010 63  3003 3024 3056 3042 3032 3052 3056 3063
362NAGASAKI2010 71  3066 3089 3108 3106 3092 3052 3010 3010 3021 3057 3096
362NAGASAKI2010 72  3072 3088 3083 3056 3036 3025 3049 3088 3118 3131 3141
362NAGASAKI2010 73  3139 3138 3131 3132 3167 3256 3283 3254 3227
362NAGASAKI2010 81  3220 3221 3198 3152 3117 3125 3154 3176 3194 3265 3258
362NAGASAKI2010 82  3188 3162 3126 3109 3101 3092 3072 3058 3062 3077 3110
362NAGASAKI2010 83  3134 3137 3138 3159 3200 3231 3224 3211 3205
362NAGASAKI2010 91  3174 3146 3156 3177 3221 3322 3287 3203 3213 3247 3262
362NAGASAKI2010 92  3255 3228 3206 3203 3186 3162 3140 3142 3121 3115 3143
362NAGASAKI2010 93  3125 3133 3130 3152 3194 3158 3135 3125
362NAGASAKI2010101  3130 3167 3147 3119 3102 3102 3124 3192 3212 3173 3161
362NAGASAKI2010102  3152 3158 3143 3079 3032 3029 3065 3101 3141 3158 3151
362NAGASAKI2010103  3193 3253 3193 3064 3061 3092 3109 3113 3116
362NAGASAKI2010111  3113 3121 3082 3048 3054 3079 3131 3120 3045 3024 3051
362NAGASAKI2010112  3030 3012 2984 2980 2998 2985 3013 3052 3063 3101 3116
362NAGASAKI2010113  3090 3080 3058 3030 3001 2941 2964 3026
362NAGASAKI2010121  3066 3082 2977 2944 2967 2984 2981 2936 2885 2920 2880
362NAGASAKI2010122  2933 2998 2891 2850 2872 2865 2824 2839 2893 2927 2889
362NAGASAKI2010123  2821 2772 2810 2839 2863 2829 2822 2824 2762
362NAGASAKI2011 11  2724 2760 2797 2799 2799 2757 2754 2775 2748 2766 2763
362NAGASAKI2011 12  2713 2696 2696 2661 2641 2657 2647 2662 2709 2713 2696
362NAGASAKI2011 13  2705 2691 2662 2624 2628 2678 2650 2620 2634
362NAGASAKI2011 21  2663 2688 2730 2774 2780 2792 2836 2876 2832 2820 2779
362NAGASAKI2011 22  2711 2742 2730 2700 2769 2795 2739 2740 2727 2725 2737
362NAGASAKI2011 23  2778 2791 2756 2754 2807 2837
362NAGASAKI2011 31  2802 2733 2706 2703 2764 2829 2796 2723 2680 2704 2737
362NAGASAKI2011 32  2759 2782 2785 2709 2641 2623 2664 2762 2833 2802 2750
362NAGASAKI2011 33  2731 2726 2697 2695 2717 2723 2722 2723 2717
362NAGASAKI2011 41  2713 2749 2764 2735 2709 2704 2765 2770 2720 2748 2746
362NAGASAKI2011 42  2699 2690 2767 2805 2801 2852 2832 2764 2737 2775 2846
362NAGASAKI2011 43  2837 2819 2846 2907 2887 2817 2808 2855
362NAGASAKI2011 51  2823 2818 2841 2836 2850 2895 2888 2867 2886 2931 2970
362NAGASAKI2011 52  2953 2901 2841 2829 2876 2891 2880 2904 2956 2968 2952
362NAGASAKI2011 53  2967 2964 2981 3010 3016 3037 2969 2949 2987
362NAGASAKI2011 61  2966 2946 2953 2986 3003 3019 3031 2986 2980 3034 3037
362NAGASAKI2011 62  3030 3015 3021 3038 3032 3024 3045 3048 3019 2989 3010
362NAGASAKI2011 63  3036 3020 3025 3052 3010 2983 2980 3023
362NAGASAKI2011 71  3075 3098 3126 3119 3105 3113 3066 3031 3002 2988 3005
362NAGASAKI2011 72  3030 3050 3066 3070 3104 3179 3293 3271 3153 3113 3107
362NAGASAKI2011 73  3106 3105 3117 3121 3109 3125 3159 3173 3161
362NAGASAKI2011 81  3159 3168 3203 3234 3247 3269 3283 3252 3229 3225 3238
362NAGASAKI2011 82  3237 3222 3216 3201 3200 3203 3176 3144 3152 3168 3183
362NAGASAKI2011 83  3201 3168 3136 3126 3162 3193 3219 3259 3292
362NAGASAKI2011 91  3343 3348 3256 3220 3216 3211 3192 3164 3145 3147 3143
362NAGASAKI2011 92  3165 3204 3222 3247 3298 3315 3275 3267 3260 3207 3174
362NAGASAKI2011 93  3143 3127 3131 3161 3196 3244 3269 3227
362NAGASAKI2011101  3177 3145 3148 3193 3221 3186 3139 3113 3122 3144 3161
362NAGASAKI2011102  3182 3208 3208 3155 3103 3054 3026 3016 3054 3133 3116
362NAGASAKI2011103  3063 3045 3006 3002 2990 3000 3056 3065 3050
362NAGASAKI2011111  3041 3027 3032 3056 3068 3074 3067 3069 3091 3118 3117
362NAGASAKI2011112  3106 3085 3035 3000 2995 3053 3205 3138 2943 2909 2977
362NAGASAKI2011113  2960 2882 2858 2880 2928 2958 2971 2973
362NAGASAKI2011121  2996 3052 2973 2914 2923 2939 2964 2929 2878 2879 2897
362NAGASAKI2011122  2901 2915 2924 2878 2811 2803 2816 2827 2867 2897 2876
362NAGASAKI2011123  2880 2852 2770 2743 2763 2801 2828 2822 2845
362NAGASAKI2012 11  2831 2837 2837 2797 2807 2776 2770 2816 2837 2837 2794
362NAGASAKI2012 12  2797 2819 2854 2908 2913 2884 2887 2885 2879 2902 2877
362NAGASAKI2012 13  2827 2828 2827 2814 2823 2831 2837 2845 2877
362NAGASAKI2012 21  2822 2759 2757 2764 2822 2880 2786 2704 2697 2702 2699
362NAGASAKI2012 22  2747 2819 2842 2844 2819 2758 2726 2723 2770 2875 2979
362NAGASAKI2012 23  2950 2921 2909 2899 2912 2954 2986
362NAGASAKI2012 31  3017 3008 2967 3002 3032 2980 2956 2937 2928 2911 2849
362NAGASAKI2012 32  2828 2856 2871 2902 3000 3013 2961 2937 2900 2858 2930
362NAGASAKI2012 33  2957 2863 2788 2744 2749 2763 2813 2873 2823
362NAGASAKI2012 41  2797 2878 2828 2793 2795 2713 2660 2670 2696 2780 2818
362NAGASAKI2012 42  2792 2796 2794 2829 2856 2855 2853 2851 2889 2966 2919
362NAGASAKI2012 43  2879 2918 2967 2901 2867 2845 2897 2948
362NAGASAKI2012 51  2989 2999 2965 2951 2968 2970 2970 2965 2947 2914 2908
362NAGASAKI2012 52  2941 2989 3047 3043 3048 3040 2991 2989 2999 2991 3017
362NAGASAKI2012 53  3027 3023 3024 3027 3011 2982 2980 2997 2998
362NAGASAKI2012 61  2990 3009 3000 3011 3056 3046 3053 3088 3079 3064 3097
362NAGASAKI2012 62  3114 3071 3038 3090 3095 3058 3136 3163 3096 3072 3036
362NAGASAKI2012 63  3051 3113 3106 3053 3051 3067 3090 3128
362NAGASAKI2012 71  3119 3126 3118 3080 3083 3129 3116 3091 3102 3152 3190
362NAGASAKI2012 72  3181 3197 3187 3166 3148 3167 3196 3194 3163 3151 3151
362NAGASAKI2012 73  3146 3133 3144 3175 3188 3193 3210 3217 3236
362NAGASAKI2012 81  3277 3290 3286 3329 3371 3382 3363 3333 3320 3310 3297
362NAGASAKI2012 82  3310 3303 3269 3251 3220 3202 3196 3208 3222 9999 9999
362NAGASAKI2012 83  9999 3240 3234 3270 3378 3343 3246 3226 3182
362NAGASAKI2012 91  3166 3172 3166 3149 3134 3126 3133 3146 3146 3143 3157
362NAGASAKI2012 92  3165 3162 3154 3170 3360 3410 3236 3135 3100 3114 3146
362NAGASAKI2012 93  3165 3151 3127 3143 3202 3241 3256 3207
362NAGASAKI2012101  3174 3188 3220 3203 3187 3164 3156 3213 3270 3251 3211
362NAGASAKI2012102  3215 3252 3234 3205 3217 3193 3129 3071 3047 3061 3109
362NAGASAKI2012103  3063 3050 3053 3053 3065 3046 3078 3102 3073
362NAGASAKI2012111  3013 2986 3026 3077 3069 3028 3008 2998 2992 3074 3074
362NAGASAKI2012112  3054 3053 2978 2923 2993 2973 2930 2921 2918 2957 3000
362NAGASAKI2012113  2991 2948 3002 2954 2901 2938 2947 2935
362NAGASAKI2012121  2952 3020 3015 2967 2977 2938 2950 2890 2849 2841 2804
362NAGASAKI2012122  2773 2819 2930 2948 2941 2932 2868 2802 2823 2928 2870
362NAGASAKI2012123  2783 2779 2767 2753 2833 2877 2879 2842 2827
362NAGASAKI2013 11  2834 2729 2675 2744 2791 2830 2866 2860 2791 2744 2753
362NAGASAKI2013 12  2776 2841 2813 2794 2798 2742 2734 2722 2765 2849 2853
362NAGASAKI2013 13  2880 2878 2836 2804 2758 2730 2713 2689 2719
362NAGASAKI2013 21  2773 2741 2817 2841 2856 2847 2771 2744 2763 2774 2794
362NAGASAKI2013 22  2801 2783 2792 2752 2728 2815 2809 2732 2688 2706 2722
362NAGASAKI2013 23  2698 2696 2744 2828 2852 2898
362NAGASAKI2013 31  2854 2770 2783 2754 2719 2755 2816 2859 2878 2844 2838
362NAGASAKI2013 32  2904 2869 2798 2827 2865 2974 2971 2909 2867 2850 2875
362NAGASAKI2013 33  2898 2907 2840 2836 2893 2907 2893 2898 2888
362NAGASAKI2013 41  2930 2937 2885 2882 2996 3035 2912 2864 2835 2844 2872
362NAGASAKI2013 42  2871 2922 2982 3000 3040 3074 3059 3043 3021 2955 2941
362NAGASAKI2013 43  3017 3039 3005 2948 2909 2909 2954 3005
362NAGASAKI2013 51  2997 2994 2984 2947 2941 2960 2958 2957 3026 3105 3079
362NAGASAKI2013 52  3031 3015 3024 3027 3027 3040 3128 3184 3129 3080 3037
362NAGASAKI2013 53  3011 3000 2978 2991 3060 3073 3024 3005 3026
362NAGASAKI2013 61  3043 3043 3002 2974 3004 3038 3056 3101 3147 3149 3108
362NAGASAKI2013 62  3056 3020 3007 3002 3026 3070 3099 3073 3057 3062 3059
362NAGASAKI2013 63  3075 3083 3135 3140 3109 3095 3067 3077
362NAGASAKI2013 71  3089 3125 3155 3153 3126 3066 3010 2992 3019 3038 3045
362NAGASAKI2013 72  3054 3033 3020 3018 3020 3043 3047 3037 3043 3042 3047
362NAGASAKI2013 73  3095 3132 3131 3127 3118 3113 3130 3163 3179
362NAGASAKI2013 81  3150 3113 3138 3191 3183 3148 3145 3150 3134 3115 3109
362NAGASAKI2013 82  3106 3101 3094 3108 3156 3204 3240 3272 3269 3233 3225
362NAGASAKI2013 83  3227 3237 3269 3246 3183 3181 3227 3270 3228
362NAGASAKI2013 91  3176 3163 3129 3081 3053 3067 3078 3072 3081 3089 3088
362NAGASAKI2013 92  3088 3102 3140 3128 3062 3077 3088 3100 3109 3131 3128
362NAGASAKI2013 93  3152 3189 3155 3076 3063 3087 3103 3106
362NAGASAKI2013101  3140 3156 3133 3136 3133 3141 3215 3290 3207 3163 3118
362NAGASAKI2013102  3051 3070 3138 3129 3017 3011 3061 3112 3142 3119 3124
362NAGASAKI2013103  3170 3199 3164 3098 3067 3042 3025 3034 3052
362NAGASAKI2013111  3066 3083 3080 3008 2993 3037 3032 2985 3027 3009 2959
362NAGASAKI2013112  2938 2922 2924 2927 2954 2954 2932 2893 2836 2800 2789
362NAGASAKI2013113  2818 2921 2897 2864 2846 2801 2803 2805
362NAGASAKI2013121  2815 2840 2850 2835 2859 2851 2808 2863 2945 2918 2856
362NAGASAKI2013122  2844 2810 2761 2754 2795 2859 2882 2857 2839 2832 2843
362NAGASAKI2013123  2857 2856 2890 2891 2834 2808 2803 2826 2843
362NAGASAKI2014 11  2804 2796 2824 2806 2757 2734 2793 2818 2717 2685 2725
362NAGASAKI2014 12  2758 2765 2750 2741 2750 2752 2716 2738 2751 2704 2687
362NAGASAKI2014 13  2698 2769 2788 2715 2738 2773 2851 2866 2855
362NAGASAKI2014 21  2944 2999 2935 2824 2799 2847 2918 2900 2875 2855 2844
362NAGASAKI2014 22  2836 2863 2849 2786 2806 2864 2879 2862 2824 2801 2780
362NAGASAKI2014 23  2792 2797 2811 2876 2866 2877
362NAGASAKI2014 31  2910 2872 2867 2924 2898 2846 2827 2873 2856 2793 2815
362NAGASAKI2014 32  2956 2946 2860 2840 2834 2890 2914 2933 2895 2820 2776
362NAGASAKI2014 33  2767 2824 2893 2897 2850 2893 3012 2957 2903
362NAGASAKI2014 41  2927 2956 2991 2982 2934 2857 2850 2869 2884 2884 2893
362NAGASAKI2014 42  2918 2943 2918 2913 2941 2978 2973 2962 2975 2978 2945
362NAGASAKI2014 43  2903 2880 2880 2902 2970 3036 3043 3015
362NAGASAKI2014 51  2986 2963 2941 2946 2912 2881 2909 2931 2903 2902 2963
362NAGASAKI2014 52  2978 2994 3077 3050 2998 2992 2994 3033 3081 3036 2970
362NAGASAKI2014 53  2931 2958 3050 3089 3089 3085 3052 3011 2993
362NAGASAKI2014 61  3024 3076 3108 3109 3073 3038 3037 3018 2988 3011 3062
362NAGASAKI2014 62  3069 3033 3024 3034 3037 3073 3066 3025 3031 3073 3064
362NAGASAKI2014 63  3057 3079 3094 3109 3118 3084 3059 3032
362NAGASAKI2014 71  3003 3046 3089 3029 3014 3050 3053 3087 3243 3191 3071
362NAGASAKI2014 72  3083 3083 3036 3033 3022 3012 3014 3026 3040 3026 3031
362NAGASAKI2014 73  3036 3024 3000 2997 3021 3039 3047 3066 3132
362NAGASAKI2014 81  3237 3306 3285 3249 3230 3229 3237 3247 3227 3197 3208
362NAGASAKI2014 82  3212 3209 3217 3209 3178 3166 3160 3134 3111 3110 3113
362NAGASAKI2014 83  3116 3121 3127 3109 3100 3116 3139 3157 3177
362NAGASAKI2014 91  3181 3216 3237 3194 3184 3208 3238 3229 3219 3219 3215
362NAGASAKI2014 92  3211 3210 3198 3185 3143 3109 3086 3114 3152 3166 3173
362NAGASAKI2014 93  3202 3236 3168 3144 3141 3161 3171 3140
362NAGASAKI2014101  3142 3169 3149 3168 3141 3081 3117 3139 3157 3197 3275
362NAGASAKI2014102  3387 3314 3161 3111 3099 3077 3074 3107 3171 3211 3142
362NAGASAKI2014103  3101 3101 3120 3141 3081 3049 3059 3064 3099
362NAGASAKI2014111  3145 3109 3052 3058 3065 3037 3024 3043 3064 3083 3079
362NAGASAKI2014112  2998 2918 2882 2878 2925 2907 2857 2870 2895 2923 2956
362NAGASAKI2014113  2995 3073 3086 2993 2958 3002 3022 3062
362NAGASAKI2014121  2955 2911 2937 2912 2854 2841 2857 2816 2834 2923 2924
362NAGASAKI2014122  2896 2844 2814 2887 2868 2756 2696 2772 2812 2786 2771
362NAGASAKI2014123  2778 2809 2792 2786 2842 2927 2933 2922 2857
362NAGASAKI2015 11  2759 2748 2788 2823 2870 2865 2785 2756 2758 2777 2753
362NAGASAKI2015 12  2716 2779 2871 2878 2850 2787 2796 2781 2802 2848 2814
362NAGASAKI2015 13  2762 2736 2792 2834 2812 2810 2834 2773 2701
362NAGASAKI2015 21  2699 2707 2737 2751 2700 2717 2772 2715 2719 2791 2842
362NAGASAKI2015 22  2817 2759 2749 2811 2851 2809 2765 2745 2798 2886 2872
362NAGASAKI2015 23  2854 2865 2866 2816 2744 2795
362NAGASAKI2015 31  2802 2835 2844 2739 2728 2762 2768 2817 2776 2706 2735
362NAGASAKI2015 32  2763 2768 2755 2764 2778 2824 2883 2848 2834 2847 2806
362NAGASAKI2015 33  2745 2691 2679 2732 2814 2869 2863 2846 2873
362NAGASAKI2015 41  2885 2929 2918 2873 2850 2822 2789 2802 2839 2851 2853
362NAGASAKI2015 42  2906 2953 2965 2919 2876 2848 2893 2990 2948 2855 2815
362NAGASAKI2015 43  2806 2823 2803 2782 2805 2854 2891 2906
362NAGASAKI2015 51  2894 2918 2967 2940 2926 2928 2914 2913 2903 2869 2937
362NAGASAKI2015 52  2953 2919 2945 2972 2955 2964 3007 3013 2985 2936 2954
362NAGASAKI2015 53  3015 3043 3003 2981 3014 3036 3048 3079 3041
362NAGASAKI2015 61  3009 3064 3047 3016 3015 2945 2953 3013 2988 2979 2992
362NAGASAKI2015 62  2960 2950 2941 2960 2981 3015 3020 2982 2983 2980 2989
362NAGASAKI2015 63  2999 3026 3093 3088 3009 2986 3022 3113
362NAGASAKI2015 71  3075 3021 3000 2972 2973 2985 3002 2994 3002 3016 3074
362NAGASAKI2015 72  3167 3146 3125 3138 3111 3066 3079 3097 3094 3078 3057
362NAGASAKI2015 73  3059 3092 3129 3163 3134 3100 3080 3085 3119
362NAGASAKI2015 81  3129 3131 3146 3168 3188 3186 3184 3210 3231 3216 3231
362NAGASAKI2015 82  3268 3230 3198 3207 3250 3243 3211 3209 3237 3271 3246
362NAGASAKI2015 83  3229 3285 3287 3220 3189 3176 3166 3161 3177
362NAGASAKI2015 91  3158 3137 3140 3124 3192 3216 3147 3117 3076 3084 3133
362NAGASAKI2015 92  3131 3088 3076 3119 3180 3190 3168 3177 3193 3167 3144
362NAGASAKI2015 93  3213 3249 3225 3213 3212 3186 3130 3185
362NAGASAKI2015101  3226 3107 3020 2998 3036 3083 3106 3112 3109 3105 3062
362NAGASAKI2015102  3008 2977 2974 2979 2984 2979 2973 2989 2994 2994 3016
362NAGASAKI2015103  3039 3025 3007 3074 3094 3014 2991 2956 2952
362NAGASAKI2015111  2997 2959 2882 2889 2947 3003 3061 3070 2998 2954 2940
362NAGASAKI2015112  2953 3016 3009 2973 3007 3029 3000 2946 2932 2945 2961
362NAGASAKI2015113  2989 3024 3051 2988 2924 2923 2977 2992
362NAGASAKI2015121  3002 3033 2948 2878 2865 2877 2882 2858 2931 3063 3012
362NAGASAKI2015122  2957 2964 3025 3023 2951 2879 2859 2907 2978 2986 3012
362NAGASAKI2015123  3061 3042 3012 2985 2937 2877 2865 2898 2890
362NAGASAKI2016 11  2897 2953 2975 2942 2944 2956 2954 2942 2901 2884 2915
362NAGASAKI2016 12  2917 2901 2901 2913 2958 3037 2955 2821 2783 2795 2793
362NAGASAKI2016 13  2770 2725 2720 2729 2732 2826 2868 2816 2780
362NAGASAKI2016 21  2785 2789 2774 2797 2827 2825 2831 2830 2778 2748 2794
362NAGASAKI2016 22  2889 2949 2864 2814 2809 2777 2761 2777 2769 2710 2728
362NAGASAKI2016 23  2716 2686 2685 2747 2812 2816 2725
362NAGASAKI2016 31  2706 2736 2776 2801 2860 2901 2884 2882 2841 2784 2778
362NAGASAKI2016 32  2796 2830 2828 2827 2824 2884 2960 2915 2870 2881 2939
362NAGASAKI2016 33  2935 2899 2909 2919 2915 2907 2906 2913 2946
362NAGASAKI2016 41  2934 2912 2958 2948 2910 2982 2994 2946 2979 2977 2951
362NAGASAKI2016 42  3031 3099 3035 3005 3085 3016 2914 2882 2986 3064 3022
362NAGASAKI2016 43  3031 3035 3022 3071 3141 3070 2996 2964
362NAGASAKI2016 51  2933 2999 3054 2980 2977 3020 2975 2981 3025 3047 2984
362NAGASAKI2016 52  2951 2933 2951 3030 3020 2967 2951 2956 2968 2991 3020
362NAGASAKI2016 53  3054 3098 3100 3083 3061 3083 3103 3073 3066
362NAGASAKI2016 61  3071 3058 3089 3138 3111 3086 3095 3092 3071 3060 3079
362NAGASAKI2016 62  3142 3155 3120 3147 3158 3089 3078 3119 3154 3150 3147
362NAGASAKI2016 63  3142 3150 3077 3044 3059 3045 3007 2989
362NAGASAKI2016 71  3015 3038 3032 3018 2995 2998 3034 3107 3137 3129 3137
362NAGASAKI2016 72  3177 3194 3165 3149 3117 3067 3066 3057 3040 3053 3071
362NAGASAKI2016 73  3067 3063 3079 3110 3127 3129 3124 3126 3123
362NAGASAKI2016 81  3107 3108 3095 3087 3099 3129 3146 3156 3148 3140 3150
362NAGASAKI2016 82  3149 3141 3157 3192 3205 3203 3214 3234 3257 3237 3210
362NAGASAKI2016 83  3226 3254 3275 3278 3316 3315 3270 3264 3218
362NAGASAKI2016 91  3203 3235 3254 3270 3267 3267 3274 3238 3195 3174 3175
362NAGASAKI2016 92  3182 3170 3161 3184 3214 3249 3266 3229 3144 3137 3154
362NAGASAKI2016 93  3173 3176 3185 3203 3200 3199 3194 3197
362NAGASAKI2016101  3161 3182 3201 3244 3224 3135 3159 3188 3149 3131 3121
362NAGASAKI2016102  3105 3105 3122 3164 3224 3235 3210 3182 3166 3186 3241
362NAGASAKI2016103  3222 3224 3221 3142 3131 3129 3067 3050 3057
362NAGASAKI2016111  3045 3046 3062 3104 3117 3093 3109 3086 3074 3105 3075
362NAGASAKI2016112  3042 3084 3146 3101 3055 3059 3121 3118 3117 3144 3101
362NAGASAKI2016113  3042 2981 2990 3061 3053 2971 2951 2992
362NAGASAKI2016121  2957 2935 2992 3045 3028 2978 2987 3019 2984 2941 2951
362NAGASAKI2016122  3023 3050 2975 2875 2821 2787 2800 2874 2907 2973 2963
362NAGASAKI2016123  2855 2807 2865 2943 2873 2830 2795 2811 2814
362NAGASAKI2017 11  2840 2875 2893 2903 2892 2898 2943 2966 2915 2869 2859
362NAGASAKI2017 12  2914 2893 2828 2819 2805 2820 2892 2954 2882 2864 2845
362NAGASAKI2017 13  2807 2802 2838 2873 2863 2891 2922 2863 2858
362NAGASAKI2017 21  2821 2820 2840 2914 2919 2845 2876 2935 2897 2833 2787
362NAGASAKI2017 22  2770 2765 2744 2768 2854 2863 2822 2927 2891 2861 2968
362NAGASAKI2017 23  2902 2848 2856 2851 2837 2867
362NAGASAKI2017 31  2922 2874 2853 2889 2932 2920 2883 2879 2874 2843 2824
362NAGASAKI2017 32  2855 2901 2866 2845 2859 2850 2852 2892 2955 2921 2879
362NAGASAKI2017 33  2873 2888 2928 2896 2836 2840 2874 2919 2950
362NAGASAKI2017 41  2942 2913 2874 2873 2944 2995 2994 2979 2961 3023 2995
362NAGASAKI2017 42  2899 2865 2896 2897 2949 3038 2973 2878 2885 2896 2853
362NAGASAKI2017 43  2815 2815 2858 2924 2934 2933 2901 2861
362NAGASAKI2017 51  2820 2788 2812 2847 2848 2827 2807 2841 2883 2829 2819
362NAGASAKI2017 52  2901 2894 2845 2846 2877 2864 2816 2793 2799 2818 2862
362NAGASAKI2017 53  2898 2940 2948 2905 2866 2857 2867 2898 2970
362NAGASAKI2017 61  3008 2986 2965 2948 2934 2986 3021 2987 2972 2990 2986
362NAGASAKI2017 62  2963 2978 2998 3014 3030 3040 3020 3037 3117 3078 3049
362NAGASAKI2017 63  3097 3155 3153 3123 3102 3099 3119 3141
362NAGASAKI2017 71  3143 3135 3166 3165 3124 3128 3148 3165 3189 3193 3164
362NAGASAKI2017 72  3160 3178 3158 3124 3104 3098 3128 3148 3134 3111 3109
362NAGASAKI2017 73  3139 3153 3149 3143 3130 3129 3140 3156 3141
362NAGASAKI2017 81  3130 3144 3163 3185 3176 3221 3177 3145 3155 3126 3076
362NAGASAKI2017 82  3049 3086 3158 3172 3146 3124 3098 3091 3103 3094 3073
362NAGASAKI2017 83  3084 3112 3111 3100 3113 3117 3126 3146 3138
362NAGASAKI2017 91  3109 3094 3082 3103 3136 3166 3153 3117 3109 3144 3196
362NAGASAKI2017 92  3150 3103 3093 3139 3205 3202 3179 3175 3187 3200 3170
362NAGASAKI2017 93  3122 3133 3172 3217 3240 3165 3086 3079
362NAGASAKI2017101  3151 3193 3128 3108 3159 3200 3174 3149 3160 3177 3188
362NAGASAKI2017102  3186 3138 3102 3106 3138 3166 3196 3227 3263 3357 3334
362NAGASAKI2017103  3218 3164 3136 3162 3189 3162 3107 3085 3085
362NAGASAKI2017111  3085 3083 3010 2938 2955 2994 3024 2999 2991 3016 2964
362NAGASAKI2017112  2940 2951 2934 2883 2883 2939 2883 2824 2816 2854 2884
362NAGASAKI2017113  2845 2780 2769 2769 2783 2776 2793 2775
362NAGASAKI2017121  2735 2767 2805 2816 2801 2822 2830 2787 2819 2850 2774
362NAGASAKI2017122  2738 2738 2779 2809 2758 2721 2725 2723 2710 2717 2736
362NAGASAKI2017123  2823 2860 2802 2762 2742 2751 2759 2812 2801
362NAGASAKI2018 11  2765 2770 2771 2809 2836 2832 2905 2910 2828 2775 2709
362NAGASAKI2018 12  2678 2662 2696 2767 2878 2866 2822 2828 2832 2865 2870
362NAGASAKI2018 13  2777 2727 2735 2729 2772 2789 2746 2732 2759
362NAGASAKI2018 21  2772 2780 2762 2710 2703 2710 2722 2752 2782 2747 2688
362NAGASAKI2018 22  2671 2700 2752 2763 2743 2679 2702 2745 2775 2796 2813
362NAGASAKI2018 23  2790 2795 2793 2762 2800 2894
362NAGASAKI2018 31  2787 2756 2796 2843 2763 2695 2799 2793 2721 2724 2721
362NAGASAKI2018 32  2739 2736 2750 2780 2721 2726 2822 2888 2905 2899 2827
362NAGASAKI2018 33  2810 2791 2780 2815 2851 2854 2839 2852 2883
362NAGASAKI2018 41  2900 2889 2880 2883 2939 2912 2832 2830 2819 2860 2884
362NAGASAKI2018 42  2822 2845 2912 2852 2804 2796 2793 2787 2789 2809 2843
362NAGASAKI2018 43  2916 2944 2889 2869 2844 2850 2889 2908
362NAGASAKI2018 51  2952 2980 2915 2859 2869 2966 2993 2929 2855 2864 2938
362NAGASAKI2018 52  3012 3029 3014 3005 3023 3064 3058 3012 3005 3014 3069
362NAGASAKI2018 53  3098 3083 3118 3116 3097 3090 3073 3069 3049
362NAGASAKI2018 61  3025 3016 3004 3007 3020 3005 3009 3043 3081 3124 3097
362NAGASAKI2018 62  3035 3021 3037 3008 3002 3024 3043 3099 3085 3021 3022
362NAGASAKI2018 63  3022 2989 2981 3009 3054 3108 3098 3076
362NAGASAKI2018 71  3095 3211 3338 3212 3171 3171 3112 3053 3036 3052 3066
362NAGASAKI2018 72  3085 3097 3102 3081 3068 3076 3094 3138 3175 3182 3184
362NAGASAKI2018 73  3186 3179 3188 3200 3205 3219 3234 3237 3257
362NAGASAKI2018 81  3255 3217 3173 3155 3152 3170 3181 3188 3205 3227 3235
362NAGASAKI2018 82  3211 3207 3211 3198 3171 3153 3150 3150 3190 3261 3352
362NAGASAKI2018 83  3379 3272 3205 3190 3173 3154 3153 3156 3156
362NAGASAKI2018 91  3164 3193 3267 3259 3196 3199 3169 3134 3098 3060 3078
362NAGASAKI2018 92  3097 3115 3141 3137 3119 3100 3101 3143 3182 3155 3093
362NAGASAKI2018 93  3081 3091 3115 3130 3128 3140 3190 3132
362NAGASAKI2018101  3078 3061 3039 3074 3236 3213 3085 3066 3085 3053 2989
362NAGASAKI2018102  2988 3012 3022 3039 3064 3068 3029 2960 2948 2978 3010
362NAGASAKI2018103  3007 2992 3017 3046 3004 3015 3000 2935 2894
362NAGASAKI2018111  2859 2848 2884 2915 2903 2886 2923 2973 2937 2904 2954
362NAGASAKI2018112  3002 2975 2930 2916 2938 2941 2944 2916 2916 2954 2914
362NAGASAKI2018113  2886 2909 2918 2942 2978 2974 2929 2927
362NAGASAKI2018121  2942 2985 3053 3048 3049 3021 2924 2890 2915 2988 3029
362NAGASAKI2018122  2986 2951 2931 2985 3060 3040 2997 3003 3030 3072 3082
362NAGASAKI2018123  3052 3040 3050 3033 2972 2897 2858 2860 9999
362NAGASAKI2019 11  2871 2868 2887 2930 2936 2913 2917 2877 2853 2877 2888
362NAGASAKI2019 12  2888 2874 2894 2888 2880 2877 2873 2915 2888 2864 2867
362NAGASAKI2019 13  2874 2875 2860 2823 2863 2883 2870 2909 2878
362NAGASAKI2019 21  2808 2875 2921 2862 2914 2956 2930 2896 2848 2828 2773
362NAGASAKI2019 22  2772 2779 2799 2831 2823 2799 2854 2863 2779 2793 2810
362NAGASAKI2019 23  2802 2821 2820 2844 2890 2860
362NAGASAKI2019 31  2830 2871 2918 2861 2847 2863 2826 2837 2932 3022 3008
362NAGASAKI2019 32  2947 2854 2856 2890 2875 2866 2913 2949 3036 3036 2955
362NAGASAKI2019 33  2889 2885 2913 2912 2945 2982 3010 2955 2850
362NAGASAKI2019 41  2823 2838 2846 2924 2973 2965 2976 2955 3018 2980 2891
362NAGASAKI2019 42  2850 2862 2883 2852 2881 2928 2897 2876 2883 2889 2891
362NAGASAKI2019 43  2938 2961 2947 2882 2829 2862 2958 3001
362NAGASAKI2019 51  2971 2918 2896 2897 2917 2928 2926 2966 2981 2967 2965
362NAGASAKI2019 52  2939 2937 2968 2982 2992 3050 3090 3100 3080 3052 3038
362NAGASAKI2019 53  3010 2966 2924 2932 3004 2987 2939 2936 2958
362NAGASAKI2019 61  2973 2981 2982 2996 2984 3051 3057 3007 3007 2993 2972
362NAGASAKI2019 62  2958 3014 3103 3087 3019 3002 3050 3087 3063 3069 3075
362NAGASAKI2019 63  3041 2984 2985 3061 3119 3135 3168 3146
362NAGASAKI2019 71  3106 3102 3130 3149 3185 3167 3131 3138 3154 3169 3130
362NAGASAKI2019 72  3121 3165 3132 3075 3041 3058 3098 3159 3183 3133 3115
362NAGASAKI2019 73  3115 3105 3097 3106 3095 3079 3087 3102 3107
362NAGASAKI2019 81  3118 3133 3133 3132 3159 3149 3135 3141 3150 3166 3203
362NAGASAKI2019 82  3221 3261 3319 3308 3239 3186 3143 3120 3099 3094 3105
362NAGASAKI2019 83  3093 3055 3024 3035 3071 3087 3075 3026 2988
362NAGASAKI2019 91  2992 3034 3071 3090 3140 3219 3221 3191 3166 3127 3112
362NAGASAKI2019 92  3121 3134 3144 3152 3121 3098 3099 3126 3148 3274 3380
362NAGASAKI2019 93  3178 3076 3048 3034 3056 3101 3165 3199
362NAGASAKI2019101  3232 3303 3279 3212 3177 3152 3156 3114 3110 3154 3174
362NAGASAKI2019102  3114 3081 3045 3045 3087 3146 3203 3153 3152 3199 3192
362NAGASAKI2019103  3158 3142 3108 3106 3108 3128 3114 3061 3055
362NAGASAKI2019111  3078 3107 3077 3029 3036 3071 3072 3056 3051 3091 3049
362NAGASAKI2019112  3001 2985 2960 2988 2990 3012 2953 2851 2837 2866 2919
362NAGASAKI2019113  2975 2983 2947 2952 2960 2940 2919 2964
362NAGASAKI2019121  3034 2954 2892 2850 2804 2812 2834 2847 2859 2911 2902
362NAGASAKI2019122  2845 2861 2861 2879 2959 2997 2959 2897 2860 2917 2963
362NAGASAKI2019123  2954 2939 2998 2980 2878 2865 2924 2899 2831
362NAGASAKI2020 11  2865 2895 2914 2916 2913 2990 3051 2952 2921 2958 2997
362NAGASAKI2020 12  2968 2916 2881 2846 2858 2899 2892 2867 2821 2809 2882
362NAGASAKI2020 13  2872 2826 2855 2988 3076 3027 3022 3012 2963
362NAGASAKI2020 21  2929 2903 2875 2877 2839 2834 2856 2862 2861 2816 2837
362NAGASAKI2020 22  2911 2901 2913 2981 2962 2855 2807 2805 2793 2831 2788
362NAGASAKI2020 23  2749 2797 2839 2795 2779 2857 2905
362NAGASAKI2020 31  2903 2861 2872 2838 2795 2846 2901 2898 2998 2963 2840
362NAGASAKI2020 32  2821 2841 2862 2833 2776 2801 2849 2859 2844 2888 2884
362NAGASAKI2020 33  2828 2827 2834 2883 2898 2852 2831 2864 2929
362NAGASAKI2020 41  2892 2854 2884 2888 2859 2878 2898 2876 2853 2856 2939
362NAGASAKI2020 42  2968 2886 2880 2901 2895 2913 2910 2964 2919 2855 2835
362NAGASAKI2020 43  2830 2834 2847 2824 2799 2797 2795 2793
362NAGASAKI2020 51  2807 2867 2935 2913 2913 2918 2906 2941 3014 3013 3007
362NAGASAKI2020 52  2974 2898 2929 3013 3032 3042 3080 3049 2981 2966 2990
362NAGASAKI2020 53  3006 3011 3015 3020 3010 2988 2964 2980 3031
362NAGASAKI2020 61  3055 3098 3150 3137 3108 3102 3082 3060 3067 3106 3132
362NAGASAKI2020 62  3112 3083 3060 3067 3087 3120 3176 3123 3100 3136 3131
362NAGASAKI2020 63  3144 3170 3164 3132 3157 3123 3161 3169
362NAGASAKI2020 71  3077 3050 3095 3105 3142 3175 3160 3143 3168 3184 3128
362NAGASAKI2020 72  3121 3167 3150 3127 3123 3122 3120 3116 3107 3090 3085
362NAGASAKI2020 73  3144 3197 3166 3151 3141 3111 3075 3050 3048
362NAGASAKI2020 81  3055 3061 3056 3037 3035 3064 3088 3099 3122 3130 3061
362NAGASAKI2020 82  3044 3081 3098 3082 3081 3099 3135 3148 3141 3150 3176
362NAGASAKI2020 83  3212 3249 3259 3258 3244 3224 3211 3220 3234
362NAGASAKI2020 91  3318 3488 3317 3173 3200 3397 3344 3134 3132 3151 3152
362NAGASAKI2020 92  3120 3075 3078 3096 3116 3132 3088 3069 3081 3128 3179
362NAGASAKI2020 93  3190 3214 3206 3169 3148 3189 3216 3187
362NAGASAKI2020101  3150 3128 3154 3167 3119 3094 3126 3191 3257 3303 3319
362NAGASAKI2020102  3278 3228 3187 3154 3138 3142 3160 3163 3181 3261 3282
362NAGASAKI2020103  3224 3183 3179 3189 3175 3146 3124 3098 3123
362NAGASAKI2020111  3164 3155 3085 3042 3061 3092 3048 2975 2933 2897 2879
362NAGASAKI2020112  2885 2895 2931 2940 2946 2952 3004 3036 2958 2936 2900
362NAGASAKI2020113  2859 2880 2902 2923 2882 2849 2820 2795
362NAGASAKI2020121  2858 2893 2894 2888 2889 2927 2931 2932 2974 2981 2994
362NAGASAKI2020122  2999 2956 2879 2857 2841 2846 2860 2831 2815 2835 2881
362NAGASAKI2020123  2962 2958 2880 2909 2950 2964 2978 2862 2797
362NAGASAKI2021 11  2800 2802 2790 2816 2838 2839 2802 2801 2789 2776 2841
362NAGASAKI2021 12  2882 2885 2866 2898 2836 2800 2803 2766 2800 2869 2919
362NAGASAKI2021 13  2919 2858 2907 2940 2944 2903 2823 2807 2871
362NAGASAKI2021 21  2914 2835 2830 2865 2920 2927 2876 2820 2815 2844 2872
362NAGASAKI2021 22  2880 2911 3003 2996 2952 2861 2799 2830 2857 2892 2899
362NAGASAKI2021 23  2845 2856 2934 2960 2916 2934
362NAGASAKI2021 31  2998 2892 2856 2933 2934 2861 2850 2860 2868 2841 2895
362NAGASAKI2021 32  2927 2867 2870 2908 2923 2894 2889 2924 2976 2886 2804
362NAGASAKI2021 33  2811 2841 2825 2836 2925 2933 2913 2899 2896
362NAGASAKI2021 41  2891 2891 2942 2938 2901 2889 2898 2893 2836 2813 2838
362NAGASAKI2021 42  2936 2950 2917 2937 2955 2924 2892 2904 2905 2903 2933
362NAGASAKI2021 43  2950 2946 2934 2923 2924 2989 3057 3085
362NAGASAKI2021 51  3037 2922 2915 2992 2960 2950 2991 3002 2976 2960 2972
362NAGASAKI2021 52  2998 2991 2992 3020 3053 3015 2979 3000 3042 3012 2996
362NAGASAKI2021 53  3001 3002 2985 3029 3063 3066 3027 2984 2968
362NAGASAKI2021 61  2969 3008 3083 3077 3060 3016 2969 2973 2987 3012 3026
362NAGASAKI2021 62  3035 3071 3110 3159 3170 3157 3188 3193 3186 3177 3154
362NAGASAKI2021 63  3139 3146 3162 3190 3222 3228 3214 9999
