370MANILA        LAT=14 35.0N  LONG=120 58.0E
370MANILA  2006 61  2864 2879 2895 2899 2897 2899 2915 2925 2927 2915 2907
370MANILA  2006 62  2895 2893 2915 2925 2926 2917 2909 2909 2926 2912 2916
370MANILA  2006 63  2917 2900 2895 2914 2931 2940 2938 2927
370MANILA  2006 71  2931 2935 2937 2937 2942 2949 2958 2970 2960 2954 2990
370MANILA  2006 72  3110 3121 3002 2933 2954 2949 2923 2932 2945 2964 2997
370MANILA  2006 73  3043 3075 3035 2959 2961 2991 3009 3041 3065
370MANILA  2006 81  3027 3003 2987 2972 2976 3026 3076 3108 3110 3117 3129
370MANILA  2006 82  3120 3109 3113 3053 3017 3045 3054 3038 3032 3017 2994
370MANILA  2006 83  2992 2992 2956 2922 2915 2907 2881 2909 2928
370MANILA  2006 91  2920 2910 2899 2911 2955 2972 2942 2921 2937 2957 2926
370MANILA  2006 92  2904 2894 2902 9999 9999 2913 2905 2911 2936 2945 2948
370MANILA  2006 93  2971 2993 2978 2954 2988 3037 2988 2965
370MANILA  2006101  2968 2983 2992 2979 2973 2962 2937 2896 2880 2892 2899
370MANILA  2006102  2889 2868 2851 2840 2828 2825 2831 2843 2856 2846 2842
370MANILA  2006103  2839 2828 2831 2817 2796 2833 2938 2938 2888
370MANILA  2006111  2878 2884 2880 2875 2867 2858 2826 2793 2783 2812 2843
370MANILA  2006112  2828 2803 2778 2776 2781 2788 2790 2775 2780 2788 2778
370MANILA  2006113  2766 2783 2779 2771 2779 2780 2774 2776
370MANILA  2006121  2768 2785 2766 2726 2696 2718 2737 2747 2763 2735 2783
370MANILA  2006122  2813 2772 2753 2747 2745 2708 2689 2685 2688 2726 2756
370MANILA  2006123  2757 2754 2771 2778 2765 2746 2720 2698 2677
370MANILA  2007 11  2697 2738 2741 2761 2770 2758 2731 2698 2665 2661 2671
370MANILA  2007 12  2680 2678 2685 2670 2670 2687 2712 2718 2720 2728 2735
370MANILA  2007 13  2721 2720 2715 2703 2699 2678 2634 2631 2641
370MANILA  2007 21  2642 2636 2656 2683 2692 2691 2688 2667 2671 2689 2674
370MANILA  2007 22  2665 2677 2681 2674 2700 2724 2750 2771 2766 2754 2745
370MANILA  2007 23  2745 2744 2748 2733 2724 2737
370MANILA  2007 31  2740 2733 2754 2769 2780 2769 2765 2743 2723 2728 2734
370MANILA  2007 32  2716 2715 2727 2763 2798 2822 2823 2807 2793 2787 2763
370MANILA  2007 33  2747 2775 2807 2801 2796 2789 2786 2776 2782
370MANILA  2007 41  2795 2813 2820 2761 2715 2733 2780 2794 2782 2788 2805
370MANILA  2007 42  2816 2834 2849 2858 2857 2865 2877 2840 2800 2793 2805
370MANILA  2007 43  2833 2858 2845 2820 2826 2841 2832 2831
370MANILA  2007 51  2821 2826 2851 2860 2869 2883 2884 2865 2864 2869 2852
370MANILA  2007 52  2840 2836 2834 2847 2851 2862 2865 2853 2872 2882 2883
370MANILA  2007 53  2882 2890 2872 2845 2838 2838 2830 2822 2826
370MANILA  2007 61  2840 2830 2822 2817 2826 2835 2848 2845 2854 2876 2881
370MANILA  2007 62  2883 2893 2886 2877 2884 2880 2867 2877 2889 2878 2876
370MANILA  2007 63  2850 2835 2850 2848 2846 2844 2828 2831
370MANILA  2007 71  2842 2860 2877 2880 2858 2866 2873 2904 2953 2965 2980
370MANILA  2007 72  2992 2997 2961 2911 2880 2865 2869 2874 2866 2877 2896
370MANILA  2007 73  2889 2873 2866 2883 2893 2890 2898 2914 2933
370MANILA  2007 81  2956 2980 2998 3008 3005 3014 3086 3132 3095 3031 3029
370MANILA  2007 82  3044 3065 3059 3068 3085 3090 3058 2993 2950 2937 2934
370MANILA  2007 83  2929 2928 2928 2909 2906 2917 2914 2932 2959
370MANILA  2007 91  2951 2927 2926 2936 2928 2939 2950 2943 2938 2921 2913
370MANILA  2007 92  2923 2956 2986 2992 3002 2998 3005 3023 3017 3032 3037
370MANILA  2007 93  3014 2993 2969 2964 2967 3017 3085 3073
370MANILA  2007101  3089 3057 3029 3055 3075 3044 2963 2922 2921 2917 2913
370MANILA  2007102  2874 2864 2850 2837 2833 2834 2846 2850 2853 2856 2866
370MANILA  2007103  2876 2891 2931 2951 2946 2939 2914 2900 2880
370MANILA  2007111  2883 2910 2936 9999 9999 2915 2929 2927 2920 2928 2917
370MANILA  2007112  2878 2857 2851 2843 2878 2915 2906 2893 2860 2848 2874
370MANILA  2007113  2918 2958 3021 3061 3054 2964 2848 2797
370MANILA  2007121  2783 2781 2765 2781 2793 2780 2813 2812 2807 2790 2807
370MANILA  2007122  2836 2857 2836 2821 2784 2755 2772 2785 2783 2772 2788
370MANILA  2007123  2831 2862 2862 2831 2817 2855 2886 2855 2820
370MANILA  2008 11  2754 2719 2725 2740 2764 2756 2753 2770 2797 2801 2793
370MANILA  2008 12  2798 2826 2829 2805 2782 2754 2728 2728 2751 2774 2801
370MANILA  2008 13  2831 2813 2793 2785 2787 2787 2786 2786 2791
370MANILA  2008 21  2796 2807 2810 2806 2795 2800 2827 2815 2784 2785 2785
370MANILA  2008 22  2788 2767 2725 2736 2752 2725 2706 2735 2788 2796 2808
370MANILA  2008 23  2834 2842 2838 2806 2783 2766 2756
370MANILA  2008 31  2770 2804 2811 2790 2784 2793 2798 2805 2824 2843 2842
370MANILA  2008 32  2840 2823 2831 2832 2842 2852 2873 2889 2885 2883 2889
370MANILA  2008 33  2879 2864 2878 2897 2896 2869 2853 2878 2897
370MANILA  2008 41  2875 2868 2887 2897 2887 2885 2903 2916 2916 2929 2930
370MANILA  2008 42  2910 2910 2914 2925 2940 2933 2913 2911 2917 2925 2910
370MANILA  2008 43  2909 2912 2906 2891 2897 2935 2946 2959
370MANILA  2008 51  2981 2994 2979 2977 2995 2975 2956 2965 2990 3034 3041
370MANILA  2008 52  3006 3009 3054 3089 3158 3173 3051 2991 2974 2968 2941
370MANILA  2008 53  2941 2954 2967 2966 2971 2981 3007 3018 2992
370MANILA  2008 61  2979 2966 2954 2942 9999 9999 9999 9999 9999 9999 9999
370MANILA  2008 62  9999 9999 9999 9999 9999 9999 9999 9999 9999 9999 9999
370MANILA  2008 63  9999 9999 9999 9999 9999 9999 9999 9999
370MANILA  2008 71  9999 9999 9999 9999 9999 9999 9999 9999 9999 9999 9999
370MANILA  2008 72  9999 9999 9999 9999 9999 9999 9999 9999 9999 9999 9999
370MANILA  2008 73  9999 9999 9999 9999 9999 9999 9999 9999 9999
370MANILA  2008 81  9999 9999 9999 9999 9999 9999 3079 3085 3109 3087 3042
370MANILA  2008 82  3022 3025 3043 3062 3074 3064 3041 3078 3092 3041 3029
370MANILA  2008 83  3026 2999 2994 3014 3024 3022 3003 3001 3006
370MANILA  2008 91  3008 3011 3012 3004 2977 2956 2986 3031 3073 3085 3089
370MANILA  2008 92  3077 3059 3043 3039 3060 3069 3068 3051 3066 3140 3166
370MANILA  2008 93  3079 3059 3068 3083 3128 3122 3031 2994
370MANILA  2008101  3004 2982 2963 2963 2953 2958 2962 2960 2944 2944 2965
370MANILA  2008102  2967 2982 2980 2970 2966 2961 2956 2950 2946 2949 2949
370MANILA  2008103  2964 2954 2928 2925 2926 2921 2929 2903 2867
370MANILA  2008111  2881 2882 2862 2882 2898 2900 2919 2969 3010 3005 2972
370MANILA  2008112  2979 2975 2942 2935 2965 2997 2991 2945 2904 2874 2858
370MANILA  2008113  2901 2936 2938 2936 2946 2928 2916 2898
370MANILA  2008121  2909 2919 2931 2965 2972 2930 2886 2883 2893 2911 2928
370MANILA  2008122  2913 2919 2921 2912 2900 2858 2853 2864 2870 2882 2892
370MANILA  2008123  2890 2857 2820 2821 2836 2837 2862 2891 2883
370MANILA  2009 11  2820 2764 2770 2795 2824 2854 2862 2872 2872 2819 2788
370MANILA  2009 12  2769 2745 2727 2730 2748 2783 2789 2808 2829 2818 2833
370MANILA  2009 13  2859 2834 2790 2773 2786 2818 2836 2827 2817
370MANILA  2009 21  2781 2763 2767 2790 2812 2817 2799 2792 2809 2832 2842
370MANILA  2009 22  2840 2838 2842 2839 2839 2836 2817 2794 2771 2767 2787
370MANILA  2009 23  2815 2822 2835 2846 2847 2830
370MANILA  2009 31  2804 2788 2801 2820 2855 2874 2856 2843 2852 2855 2846
370MANILA  2009 32  2838 2845 2837 2816 2818 2825 2834 2837 2833 2851 2888
370MANILA  2009 33  2904 2899 2876 2863 2855 2863 2877 2873 2854
370MANILA  2009 41  2849 2837 2831 2844 2896 2930 2921 2908 2912 2924 2910
370MANILA  2009 42  2907 2916 2918 2924 2958 2967 2943 2927 2939 2955 2971
370MANILA  2009 43  2971 2949 2939 2950 2931 2906 2920 2921
370MANILA  2009 51  2915 2935 2970 2957 2936 2956 3041 3014 2940 2917 2912
370MANILA  2009 52  2912 2908 2911 2907 2898 2904 2921 2935 2962 2964 2946
370MANILA  2009 53  2939 2932 2932 2945 2958 2988 3026 3032 3027
370MANILA  2009 61  3045 3072 3088 3113 3113 3059 3038 3044 3024 3018 3044
370MANILA  2009 62  3044 3035 3056 3101 3119 3110 3126 3115 3085 3068 3064
370MANILA  2009 63  3051 3074 3077 3033 3006 3011 3006 2988
370MANILA  2009 71  2990 2999 3014 3011 2982 2962 2979 3019 3056 3079 3094
370MANILA  2009 72  3100 3083 3081 3071 3156 3177 3089 3030 3007 3042 3069
370MANILA  2009 73  3063 3083 3087 3078 3107 3155 3125 3095 3112
370MANILA  2009 81  3202 3199 3150 3164 3207 3248 3259 3223 3171 3127 3099
370MANILA  2009 82  3068 3027 2998 2977 2953 2958 2982 3022 3050 3059 3052
370MANILA  2009 83  3035 3018 3012 3011 3011 3017 3025 3039 3041
370MANILA  2009 91  3050 3085 3130 3124 3112 3138 3164 3185 3158 3106 3111
370MANILA  2009 92  3150 3123 3050 3041 3030 3024 3039 3056 3065 3082 3075
370MANILA  2009 93  3047 3058 3156 3268 3199 3185 3137 3080
370MANILA  2009101  3059 3153 3220 3134 3134 3227 3208 3171 3145 3072 2996
370MANILA  2009102  2979 2959 2958 2980 3003 3030 3020 3017 2999 2999 3020
370MANILA  2009103  3009 2968 2936 2914 2891 2868 2866 2942 2961
370MANILA  2009111  2949 2952 2867 2811 2832 2868 2886 2890 2910 2954 2968
370MANILA  2009112  2937 2907 2892 2870 2845 2836 2821 2795 2784 2823 2834
370MANILA  2009113  2862 2891 2884 2888 2904 2895 2883 2842
370MANILA  2009121  2823 2814 2810 2827 2820 2823 2820 2820 2836 2834 2833
370MANILA  2009122  2822 2815 2792 2792 2794 2799 2781 2754 2735 2734 2751
370MANILA  2009123  2777 2807 2834 2843 2832 2818 2804 2794 2775
370MANILA  2010 11  2768 2799 2807 2813 2819 2820 2807 2793 2788 2779 2790
370MANILA  2010 12  2768 2709 2677 2677 2695 2702 2712 2719 2726 2752 2749
370MANILA  2010 13  2749 2714 2695 2670 2654 2675 2702 2720 2727
370MANILA  2010 21  2764 2797 2781 2741 2721 2715 2714 2700 2696 2717 2733
370MANILA  2010 22  2738 2731 2736 2736 2749 2760 2739 2736 2743 2753 2768
370MANILA  2010 23  2779 2784 2791 2802 2805 2779
370MANILA  2010 31  2772 2776 2786 2771 2752 2765 2780 2783 2765 2732 2721
370MANILA  2010 32  2716 2722 2748 2768 2773 2778 2770 2759 2740 2747 2757
370MANILA  2010 33  2777 2803 2831 2806 2771 2773 2767 2758 2770
370MANILA  2010 41  2796 2828 2816 2803 2796 2797 2795 2777 2780 2790 2811
370MANILA  2010 42  2825 2807 2782 2800 2792 2759 2754 2791 2819 2835 2839
370MANILA  2010 43  2848 2856 2847 2836 2826 2832 2832 2834
370MANILA  2010 51  2842 2863 2879 2886 2861 2851 2877 2890 2896 2898 2881
370MANILA  2010 52  2878 2876 2894 2904 2894 2892 2908 2920 2917 2936 2964
370MANILA  2010 53  2971 2963 2958 2939 2920 2911 2931 2930 2937
370MANILA  2010 61  2951 2956 2953 2960 2965 2952 2936 2919 2914 2913 2903
370MANILA  2010 62  2921 2938 2932 2935 2942 2953 2955 2963 2982 2972 2952
370MANILA  2010 63  2954 2975 2968 2954 2964 2972 2967 2972
370MANILA  2010 71  2983 2964 2934 2950 2964 2969 2960 2954 2958 2949 2966
370MANILA  2010 72  2995 3027 3040 3037 3023 3015 3016 3031 3026 3009 3023
370MANILA  2010 73  3040 3052 3055 3036 3017 3018 3031 3032 3016
370MANILA  2010 81  3014 3021 3039 3050 3054 3085 3150 3144 3108 3065 3022
370MANILA  2010 82  3007 3014 3007 2991 3000 3014 3021 3025 3038 3050 3044
370MANILA  2010 83  3044 3025 3023 3061 3088 3077 3051 3077 3109
370MANILA  2010 91  3086 3054 3049 3038 3028 3037 3060 3074 3059 3044 3029
370MANILA  2010 92  3006 3006 3015 3008 3012 3032 3037 3053 3023 2983 2999
370MANILA  2010 93  3018 3017 3008 3000 3004 3017 3021 3028
370MANILA  2010101  3047 3061 3053 3053 3062 3055 3045 3038 3055 3058 3047
370MANILA  2010102  3049 3039 3038 3042 3038 3085 3194 3190 3138 3097 3060
370MANILA  2010103  3046 3056 3087 3115 3087 3046 3027 3019 3013
370MANILA  2010111  3027 3060 3042 3011 3030 3040 3049 3049 3026 3012 3017
370MANILA  2010112  3050 3036 2992 2984 2994 2977 2977 3000 2999 3000 3019
370MANILA  2010113  3039 3030 3014 3000 2979 2960 2978 3003
370MANILA  2010121  3007 2984 2963 2961 2958 2966 2979 2958 2953 2969 2980
370MANILA  2010122  2985 2982 2982 2993 2957 2903 2896 2888 2900 2947 2981
370MANILA  2010123  2986 2986 2967 2934 2920 2925 2906 2906 2914
370MANILA  2011 11  2906 2902 2897 2886 2900 2908 2912 2892 2883 2887 2890
370MANILA  2011 12  2905 2913 2935 2935 2889 2869 2859 2889 2955 2991 2973
370MANILA  2011 13  2927 2897 2871 2852 2837 2856 2860 2847 2811
370MANILA  2011 21  2788 2805 2861 2898 2899 2904 2913 2930 2949 2931 2901
370MANILA  2011 22  2847 2833 2845 2835 2829 2844 2877 2889 2888 2883 2873
370MANILA  2011 23  2852 2857 2862 2861 2839 2851
370MANILA  2011 31  2875 2864 2855 2863 2858 2868 2889 2864 2828 2832 2842
370MANILA  2011 32  2829 2837 2857 2879 2892 2885 2866 2873 2880 2886 2897
370MANILA  2011 33  2883 2857 2833 2837 2845 2830 2844 2856 2870
370MANILA  2011 41  2883 2913 2950 2940 2901 2858 2838 2845 2815 2821 2862
370MANILA  2011 42  2843 2819 2856 2888 2908 2924 2930 2895 2852 2843 2871
370MANILA  2011 43  2888 2872 2875 2886 2895 2904 2896 2873
370MANILA  2011 51  2878 2897 2915 2916 2912 2927 2949 3037 2995 2915 2912
370MANILA  2011 52  2915 2917 2901 2880 2902 2939 2930 2916 2947 2963 2959
370MANILA  2011 53  2958 2954 2955 3009 3045 2990 2940 2934 2951
370MANILA  2011 61  2937 2922 2925 2932 2941 2954 2954 2956 2983 2978 2958
370MANILA  2011 62  2951 2946 2956 2973 2971 2964 3007 3073 3060 3032 3055
370MANILA  2011 63  3162 3154 3058 3010 3001 2984 2968 2966
370MANILA  2011 71  2952 2949 2952 2949 2974 3043 3046 3026 3039 3048 3032
370MANILA  2011 72  3023 3021 3013 3008 3023 3055 3089 3091 3052 3026 3005
370MANILA  2011 73  2977 2977 3036 3061 3063 3076 3108 3087 3072
370MANILA  2011 81  3120 3122 3074 3071 3097 3111 3064 3028 3032 3009 2986
370MANILA  2011 82  2979 2958 2945 2938 2952 2960 2954 2949 2942 2957 3002
370MANILA  2011 83  3039 3050 3090 3143 3181 3152 3105 3092 3089
370MANILA  2011 91  3069 3068 3055 3032 3028 3035 3041 3056 3031 3017 3010
370MANILA  2011 92  2997 3029 3048 3027 3028 3046 3046 3050 3057 3043 3050
370MANILA  2011 93  3077 3075 3082 3324 3452 3207 3096 3125
370MANILA  2011101  3242 3175 3101 3061 2998 2981 2994 2998 2991 3012 3014
370MANILA  2011102  3001 3001 2979 2965 2952 2935 2945 2944 2927 2942 2958
370MANILA  2011103  2939 2948 2990 2986 2946 2916 2944 2965 2966
370MANILA  2011111  2954 2934 2936 2965 2979 3002 3007 2998 3000 3007 2963
370MANILA  2011112  2918 2906 2905 2914 2949 2962 2977 2962 2938 2922 2895
370MANILA  2011113  2894 2886 2882 2897 2910 2943 2953 2969
370MANILA  2011121  3012 3023 2971 2929 2923 2900 2906 2938 2959 2970 2977
370MANILA  2011122  2965 2937 2948 2963 2955 2934 2916 2927 2949 2941 2951
370MANILA  2011123  2956 2921 2855 2828 2813 2844 2898 2903 2891
370MANILA  2012 11  2883 2868 2849 2825 2840 2835 2825 2821 2849 2863 2877
370MANILA  2012 12  2866 2866 2894 2937 2938 2928 2912 2883 2870 2878 2904
370MANILA  2012 13  2902 2896 2893 2871 2872 2877 2893 2918 2907
370MANILA  2012 21  2895 2908 2864 2833 2838 2874 2904 2901 2879 2864 2861
370MANILA  2012 22  2869 2878 2887 2921 2953 2957 2945 2913 2911 2946 2963
370MANILA  2012 23  2966 2961 2982 2988 2964 2938 2916
370MANILA  2012 31  2904 2925 2924 2915 2940 2993 3015 3015 2992 2971 2945
370MANILA  2012 32  2916 2905 2925 2928 2943 2960 2968 3001 3012 2989 2943
370MANILA  2012 33  2952 2955 2931 2892 2875 2906 2932 2948 2964
370MANILA  2012 41  2973 2949 2934 2945 2966 2947 2935 2926 2924 2909 2916
370MANILA  2012 42  2941 2936 2939 2970 2989 2995 2988 2978 2968 2968 2955
370MANILA  2012 43  2943 2958 2967 2985 2997 2975 2981 3001
370MANILA  2012 51  3006 3031 3036 3017 3011 2992 2986 2986 2998 3002 2998
370MANILA  2012 52  3008 3022 3020 3024 3024 3018 3006 2998 3018 3028 3037
370MANILA  2012 53  3053 3056 3053 3037 3035 3027 3031 3052 3065
370MANILA  2012 61  3114 9999 9999 3094 3094 3106 3076 3036 3036 3024 3063
370MANILA  2012 62  3099 3099 3089 3097 9999 9999 9999 3106 3081 3058 3035
370MANILA  2012 63  3026 3037 3060 3049 3066 9999 9999 9999
370MANILA  2012 71  9999 9999 3069 3092 3073 3057 3044 3037 3036 3038 3028
370MANILA  2012 72  3026 3031 3017 3015 3045 3059 3047 3083 3149 3170 3186
370MANILA  2012 73  3205 3158 3095 3076 3107 3148 3234 3269 9999
370MANILA  2012 81  9999 9999 9999 9999 9999 9999 3187 3183 3173 3128 3108
370MANILA  2012 82  3127 3186 9999 9999 9999 9999 3121 3139 3151 3147 3172
370MANILA  2012 83  3196 3182 3158 3193 3207 3139 3087 3094 3116
370MANILA  2012 91  3119 3125 3142 3120 3076 3037 3024 3008 2998 3023 3075
370MANILA  2012 92  3119 3134 3171 3208 3183 3117 3062 3045 3043 3043 3051
370MANILA  2012 93  3105 9999 9999 3202 3208 9999 9999 9999
370MANILA  2012101  3063 3061 3116 3134 3093 3053 3055 3076 3103 3113 3091
370MANILA  2012102  3085 3091 3061 3054 3056 3036 2992 2954 2916 2911 2935
370MANILA  2012103  2931 2921 2934 2984 2974 2930 2931 2939 2935
370MANILA  2012111  2925 2904 2913 2937 2959 2957 2939 2932 2937 2953 2945
370MANILA  2012112  2918 2900 2921 2937 2927 2923 2945 2945 2928 2912 2922
370MANILA  2012113  2945 2936 2910 2907 2905 2886 2877 2890
370MANILA  2012121  2908 2910 2919 2915 2942 2983 2975 2960 2986 2979 2938
370MANILA  2012122  2895 2890 2892 2904 2915 2929 2934 2905 2872 2863 2875
370MANILA  2012123  2875 2871 2844 2830 2852 2901 2925 2935 2932
370MANILA  2013 11  2901 2865 2855 2880 2894 2888 2908 2893 2894 2908 2905
370MANILA  2013 12  2899 2889 2850 2824 2810 2795 2789 2773 2770 2790 2807
370MANILA  2013 13  2829 2852 2871 2880 2865 2818 2792 2791 2796
370MANILA  2013 21  2802 2781 2798 2809 2812 2848 2884 2892 2858 2861 2878
370MANILA  2013 22  2869 2869 2845 2835 2847 2865 2861 2869 2853 2864 2850
370MANILA  2013 23  2853 2874 2882 2875 2911 2946
370MANILA  2013 31  2934 2903 2882 2862 2823 2819 2820 2840 2885 2920 2949
370MANILA  2013 32  2945 2934 2929 2895 2876 2882 2888 2887 2897 2904 2905
370MANILA  2013 33  2927 2962 2962 2951 2941 2943 2950 2956 2956
370MANILA  2013 41  2935 2937 2948 2964 2997 3050 3051 3007 2977 2991 2996
370MANILA  2013 42  2969 2948 2965 2986 2995 3002 3014 3032 3029 3006 2976
370MANILA  2013 43  2953 2964 2984 2985 2997 2995 2982 2997
370MANILA  2013 51  3025 3040 3032 2991 2977 3004 3023 3012 2996 3008 3028
370MANILA  2013 52  3026 3027 3040 3041 3038 3036 3034 3035 3040 3041 3032
370MANILA  2013 53  3016 3019 3028 3018 3019 3013 3007 3009 3026
370MANILA  2013 61  3031 3050 3052 3033 3035 3038 3051 3087 3110 3108 3084
370MANILA  2013 62  3093 3103 3088 3061 3063 3077 3094 3110 3119 3096 3079
370MANILA  2013 63  3036 3023 3026 3037 3062 3059 3047 3043
370MANILA  2013 71  3042 3027 3015 3011 3003 2990 2988 2999 3028 3046 3054
370MANILA  2013 72  3086 3072 3041 3048 3075 3090 3091 3076 3077 3078 3064
370MANILA  2013 73  3075 3055 3033 3025 3035 3037 3044 3082 3127
370MANILA  2013 81  3123 3066 3026 3027 3021 3026 3027 3034 3032 3046 3154
370MANILA  2013 82  3211 3164 3107 3098 3164 3212 3213 3224 3307 3341 3249
370MANILA  2013 83  3177 3151 3151 3196 3205 3138 3086 3089 3086
370MANILA  2013 91  3061 3058 3075 3069 3041 3040 3062 3057 3057 3062 3082
370MANILA  2013 92  3097 3102 3122 3150 3147 3167 3187 3241 3317 3309 3226
370MANILA  2013 93  3171 3169 3157 3164 3158 3149 3174 3177
370MANILA  2013101  3174 3205 3204 3179 3157 3151 3135 3127 3102 3115 3230
370MANILA  2013102  3214 3152 3160 3145 3087 3060 3044 3030 3049 3052 3056
370MANILA  2013103  3076 3089 3072 3012 2966 2957 2975 3020 3065
370MANILA  2013111  3041 2990 2992 2985 2961 2965 2980 2957 2984 3016 2994
370MANILA  2013112  2983 2962 2953 2935 2915 2919 2903 2872 2863 2873 2914
370MANILA  2013113  2929 2936 2956 2959 2952 2922 2899 2893
370MANILA  2013121  2884 2893 2913 2916 2923 2949 2949 2960 2972 2955 2917
370MANILA  2013122  2887 2891 2891 2902 2914 2924 2914 2912 2911 2897 2895
370MANILA  2013123  2918 2942 2957 2924 2885 2889 2874 2849 2859
370MANILA  2014 11  2867 2887 2904 2905 2904 2897 2865 2862 2850 2811 2779
370MANILA  2014 12  2799 2840 2849 2790 2749 2761 2761 2759 2777 2820 2810
370MANILA  2014 13  2766 2766 2811 2830 2822 2815 2824 2812 2812
370MANILA  2014 21  2840 2866 2901 2894 2865 2838 2846 2853 2857 2848 2833
370MANILA  2014 22  2831 2832 2823 2818 2807 2805 2848 2873 2860 2826 2779
370MANILA  2014 23  2767 2781 2777 2783 2805 2829
370MANILA  2014 31  2849 2872 2860 2841 2832 2827 2805 2792 2808 2801 2781
370MANILA  2014 32  2798 2837 2832 2823 2815 2828 2838 2846 2868 2860 2825
370MANILA  2014 33  2807 2814 2825 2831 2843 2858 2889 2920 2932
370MANILA  2014 41  2942 2931 2914 2901 2884 2864 2853 2871 2887 2903 2906
370MANILA  2014 42  2903 2920 2932 2906 2891 2884 2890 2901 2907 2905 2893
370MANILA  2014 43  2896 2910 2920 2927 2935 2930 2922 2915
370MANILA  2014 51  2916 2903 2891 2894 2906 2886 2876 2893 2913 2918 2910
370MANILA  2014 52  2906 2919 2939 2947 2943 2939 2927 2921 2932 2946 2949
370MANILA  2014 53  2939 2924 2921 2921 2935 2939 2940 2939 2929
370MANILA  2014 61  2944 2953 2970 2974 2970 2962 2978 2995 2988 3001 3043
370MANILA  2014 62  3055 3017 3000 2994 2981 2964 2971 2986 2998 2994 2989
370MANILA  2014 63  2983 2999 3003 2988 2986 2986 2985 2979
370MANILA  2014 71  2961 2967 3006 3019 3023 3059 3073 3048 3029 3015 2998
370MANILA  2014 72  2988 2980 2990 3033 3071 3054 3029 3007 3040 3096 3096
370MANILA  2014 73  3040 2995 2991 3001 3016 3053 3085 3096 3126
370MANILA  2014 81  3111 3086 3084 3102 3076 3069 3083 3078 3056 3047 3069
370MANILA  2014 82  3072 3045 2994 2973 3001 3020 2979 2949 2939 2957 2972
370MANILA  2014 83  2994 3005 2992 2984 2974 2954 2929 2942 2968
370MANILA  2014 91  2975 2973 2979 2987 3014 3033 3026 3028 3064 3072 3056
370MANILA  2014 92  3047 3106 3192 3081 2995 2975 3040 3153 3084 3016 3016
370MANILA  2014 93  3010 2975 2956 2973 2962 2960 2980 2988
370MANILA  2014101  2971 2978 3004 3011 2986 2987 3018 3035 3060 3095 3074
370MANILA  2014102  3020 2984 2961 2944 2928 2924 2926 2924 2947 2954 2956
370MANILA  2014103  2957 2942 2925 2914 2909 2907 2912 2911 2920
370MANILA  2014111  2949 2986 2985 2940 2900 2888 2902 2904 2896 2897 2887
370MANILA  2014112  2869 2872 2873 2863 2888 2914 2908 2889 2872 2886 2917
370MANILA  2014113  2932 2929 2939 2934 2888 2884 2911 2924
370MANILA  2014121  2944 2933 2897 2882 2861 2843 2867 2859 2846 2898 2910
370MANILA  2014122  2910 2887 2842 2843 2863 2825 2808 2822 2871 2902 2880
370MANILA  2014123  2849 2838 2868 2871 2863 2859 2840 2798 2768
370MANILA  2015 11  2741 2744 2766 2785 2814 2832 2817 2777 2758 2745 2752
370MANILA  2015 12  2769 2775 2780 2790 2797 2794 2806 2821 2824 2829 2803
370MANILA  2015 13  2801 2794 2785 2794 2811 2826 2798 2751 2727
370MANILA  2015 21  2701 2696 2715 2764 2781 2778 2820 2837 2829 2819 2790
370MANILA  2015 22  2787 2788 2776 2766 2783 2813 2818 2803 2781 2776 2782
370MANILA  2015 23  2791 2822 2824 2810 2777 2773
370MANILA  2015 31  2790 2802 2810 2798 2783 2800 2798 2801 2798 2764 2746
370MANILA  2015 32  2753 2754 2758 2771 2786 2806 2829 2832 2840 2853 2835
370MANILA  2015 33  2806 2785 2762 2750 2754 2778 2802 2810 2817
370MANILA  2015 41  2830 2853 2873 2900 2873 2827 2824 2825 2812 2804 2824
370MANILA  2015 42  2833 2832 2828 2850 2854 2864 2898 2916 2915 2888 2859
370MANILA  2015 43  2828 2827 2828 2828 2832 2842 2870 2890
370MANILA  2015 51  2891 2879 2873 2870 2889 2880 2860 2867 2904 2922 2880
370MANILA  2015 52  2856 2846 2862 2880 2894 2910 2898 2897 2908 2902 2892
370MANILA  2015 53  2886 2890 2881 2856 2875 2901 2882 2868 2872
370MANILA  2015 61  2862 2863 2863 2867 2888 2899 2900 2907 2907 2909 2909
370MANILA  2015 62  2908 2900 2892 2896 2920 2947 2973 3000 3015 3008 3009
370MANILA  2015 63  2992 2971 2964 9999 9999 9999 9999 2950
370MANILA  2015 71  2971 2986 3025 3076 3094 3069 3080 3094 3116 3122 3104
370MANILA  2015 72  3081 3074 3066 3065 3088 3099 3078 3040 3001 2979 2949
370MANILA  2015 73  2960 2987 2989 2964 2953 2943 2946 2948 2948
370MANILA  2015 81  9999 9999 9999 9999 9999 9999 9999 9999 9999 9999 9999
370MANILA  2015 82  9999 9999 9999 9999 9999 9999 9999 9999 9999 9999 9999
370MANILA  2015 83  9999 9999 9999 9999 9999 9999 9999 9999 9999
370MANILA  2015 91  9999 9999 9999 9999 9999 9999 9999 9999 9999 9999 9999
370MANILA  2015 92  9999 9999 9999 9999 9999 9999 9999 9999 9999 9999 9999
370MANILA  2015 93  9999 9999 9999 9999 9999 9999 9999 9999
370MANILA  2015101  9999 3041 3000 2974 2950 2968 2992 2986 3007 3016 3002
370MANILA  2015102  2993 2972 2964 2975 3009 3121 3174 3079 3029 3021 3000
370MANILA  2015103  2961 2929 2914 2905 2913 2904 2896 2888 2880
370MANILA  2015111  2890 2897 2878 2877 2898 2912 2897 2882 2885 2902 2894
370MANILA  2015112  2873 2865 2866 2866 2875 2868 2864 2879 2884 2907 2914
370MANILA  2015113  2907 2910 2901 2895 2891 2869 2853 2875
370MANILA  2015121  2877 2870 2855 2858 2859 2860 2878 2861 2842 2853 2874
370MANILA  2015122  2884 2890 2918 2923 2914 2853 2810 2804 2803 2799 2812
370MANILA  2015123  2841 2868 2878 2848 2820 2793 2788 2789 2779
370MANILA  2016 11  2762 2753 2753 2764 2793 2812 2818 2827 2806 2780 2794
370MANILA  2016 12  2820 2838 2839 2847 2850 2866 2853 2823 2813 2812 2830
370MANILA  2016 13  2845 2787 2724 2724 2740 2787 2823 2841 2847
370MANILA  2016 21  2847 2836 2813 2803 2829 2819 2783 2768 2784 2809 2826
370MANILA  2016 22  2838 2868 2884 2863 2829 2804 2785 2785 2798 2795 2787
370MANILA  2016 23  2778 2791 2797 2784 2776 2781 2785
370MANILA  2016 31  2767 2755 2788 2840 2863 2866 2863 2849 2857 2858 2853
370MANILA  2016 32  2848 2841 2851 2860 2835 2813 2830 2853 2883 2892 2894
370MANILA  2016 33  2882 2873 2851 2812 2789 2782 2779 2779 2795
370MANILA  2016 41  2833 2851 2846 2851 2865 2859 2837 2841 2863 2880 2891
370MANILA  2016 42  2902 2899 2885 2871 2852 2844 2847 2844 2837 2833 2845
370MANILA  2016 43  2867 2880 2870 2876 2896 2906 2903 2891
370MANILA  2016 51  2879 2875 2886 2891 9999 9999 9999 9999 9999 9999 9999
370MANILA  2016 52  9999 9999 9999 9999 9999 9999 9999 9999 9999 9999 9999
370MANILA  2016 53  9999 9999 9999 3002 2983 2971 2985 2989 2976
370MANILA  2016 61  2992 3026 3025 3009 2998 2998 3009 3016 3005 3007 3000
370MANILA  2016 62  2990 3002 2998 2977 2991 2995 2982 2979 3003 3007 3000
370MANILA  2016 63  3006 3020 3010 3010 3003 3003 2979 2980
370MANILA  2016 71  2995 2997 2995 3019 3048 3080 3126 3108 3079 3071 3042
370MANILA  2016 72  3026 3021 3019 3026 3013 3003 3018 3020 3005 3015 3036
370MANILA  2016 73  3039 3035 3044 3042 3036 3045 3066 3112 3141
370MANILA  2016 81  3098 3091 3087 3085 3076 3098 3100 3114 3125 3115 3138
370MANILA  2016 82  3149 3150 3174 3186 3186 3175 3179 3187 3181 3168 3140
370MANILA  2016 83  3156 3184 3161 3154 3145 3134 3148 3136 3128
370MANILA  2016 91  3135 3148 3158 3159 3136 3119 3112 3095 3078 3072 3081
370MANILA  2016 92  3126 3155 3127 3138 3161 3164 3147 3145 3124 3085 3062
370MANILA  2016 93  3063 3104 3129 3174 3196 3152 3113 3129
370MANILA  2016101  3122 3115 3102 3113 3114 3098 3084 3084 3100 3094 3083
370MANILA  2016102  3089 3099 3125 3210 3207 3142 3149 3253 3217 3117 3105
370MANILA  2016103  3088 3075 3052 3024 3015 3012 3030 3024 2998
370MANILA  2016111  3004 3013 3004 2996 3008 3028 3015 3011 3019 3000 2989
370MANILA  2016112  2977 2983 9999 9999 3011 3001 2997 2993 3004 3003 9999
370MANILA  2016113  9999 9999 9999 9999 9999 9999 9999 9999
370MANILA  2016121  9999 9999 9999 9999 9999 2997 2999 3001 3020 3034 3035
370MANILA  2016122  3010 3010 3025 3015 2973 2926 2905 2919 2961 2967 2953
370MANILA  2016123  2962 2956 9999 9999 9999 3022 2967 2927 2913
370MANILA  2017 11  2883 2890 2907 2929 2918 9999 9999 9999 9999 9999 9999
370MANILA  2017 12  9999 9999 2987 2967 2911 2889 2885 9999 9999 9999 9999
370MANILA  2017 13  9999 9999 2897 2926 2912 2903 2907 2960 2978
370MANILA  2017 21  2953 2937 2925 2921 2933 2934 2937 2930 2926 2915 2894
370MANILA  2017 22  2878 2855 2804 2808 2854 2895 2883 2892 2919 2929 2933
370MANILA  2017 23  2918 2924 2927 2927 2929 9999
370MANILA  2017 31  9999 2898 2890 2893 2901 2933 2938 2925 2896 2894 2897
370MANILA  2017 32  2891 2905 2919 2907 2891 2870 2870 2885 2887 2907 2904
370MANILA  2017 33  2894 2900 2925 2922 2900 2892 2896 2909 2954
370MANILA  2017 41  2955 2926 2890 2882 2916 2921 2921 2940 2954 2973 2977
370MANILA  2017 42  2953 2909 2893 2897 2900 2934 2958 2942 2932 2968 2980
370MANILA  2017 43  2975 2957 2958 2992 3013 2999 2970 2964
370MANILA  2017 51  2984 2988 2988 2985 2968 2964 2980 2988 2987 2962 2943
370MANILA  2017 52  2971 2985 2980 3004 3021 3030 3019 3009 3024 3042 3047
370MANILA  2017 53  3041 3052 3040 3033 3028 3025 3019 3002 3024
370MANILA  2017 61  3048 3062 3073 3078 3067 3049 3033 3017 3002 3011 3029
370MANILA  2017 62  3018 3011 3007 3014 3051 3081 3072 3056 3067 3082 3067
370MANILA  2017 63  3069 3066 3053 3054 3055 3051 3052 3069
370MANILA  2017 71  3062 3055 3053 3054 3047 3037 3030 3026 3049 3071 3056
370MANILA  2017 72  3063 3095 3113 3110 3105 3090 3065 3064 3091 3112 3119
370MANILA  2017 73  3119 3142 3179 3196 3225 3256 3269 3230 3176
370MANILA  2017 81  3159 3167 3178 3173 3137 3116 3093 3076 3078 3089 3091
370MANILA  2017 82  3089 3094 3105 3110 3101 3085 3091 3109 3163 3228 3216
370MANILA  2017 83  3171 3156 3175 3150 3129 3135 3147 3188 3212
370MANILA  2017 91  2361 2313 2299 2312 2298 2281 2270 2278 2293 2307 2391
370MANILA  2017 92  2412 2384 2359 2325 2304 2289 2285 2298 2331 2357 2367
370MANILA  2017 93  2358 2332 2316 2285 2281 2296 2292 2277
370MANILA  2017101  2267 2265 2278 2302 2318 2303 2316 2315 2297 2322 2362
370MANILA  2017102  2422 2487 2442 2371 2345 2344 2350 2367 2389 2379 2352
370MANILA  2017103  2326 2294 2267 2270 2291 2297 2293 2292 2284
370MANILA  2017111  2256 2303 2336 2325 2280 2243 2221 2225 2247 2262 2263
370MANILA  2017112  2247 2255 2251 2236 2216 2216 2225 2225 2197 2182 2196
370MANILA  2017113  2213 2190 2154 2158 2195 2175 2202 2260
370MANILA  2017121  2269 2250 2230 2248 2232 2215 2204 2214 2230 2221 2219
370MANILA  2017122  2231 2209 2173 2177 2211 2181 2144 2149 2142 2087 2095
370MANILA  2017123  2156 2220 2236 2219 2188 2132 2108 2130 2131
370MANILA  2018 11  2107 2069 2079 2111 2153 2181 2184 2155 2134 2129 2094
370MANILA  2018 12  2036 2020 2036 2074 2116 2160 2180 2172 2168 2171 2173
370MANILA  2018 13  2164 2157 2147 2146 2127 2111 2145 2149 2148
370MANILA  2018 21  2137 2132 2129 2096 2061 2065 2093 2114 2118 2125 2111
370MANILA  2018 22  2077 2047 2037 2042 2060 2087 2095 2092 2114 2129 2136
370MANILA  2018 23  2110 2098 2097 2111 2120 2122
370MANILA  2018 31  2136 2161 2173 2144 2138 2154 2146 2112 2089 2073 2041
370MANILA  2018 32  2066 2085 2102 2118 2138 2157 2162 2174 2162 2143 2119
370MANILA  2018 33  2102 2090 2095 2122 2170 2188 2190 2197 2187
370MANILA  2018 41  2175 2157 2148 2148 2146 2156 2138 2122 2104 2108 2148
370MANILA  2018 42  2173 2162 2173 2212 2205 2178 2143 2130 2139 2158 2175
370MANILA  2018 43  2185 2202 2225 2208 2187 2185 2188 2194
370MANILA  2018 51  2171 2157 2175 2174 2151 2159 2194 2217 2210 2199 2199
370MANILA  2018 52  2210 2206 2217 2219 2215 2221 2227 2236 2234 2230 2218
370MANILA  2018 53  2219 2216 2215 2220 2216 2201 2202 2205 2211
370MANILA  2018 61  2230 2233 2246 2243 2241 2249 2265 2295 2321 2341 2331
370MANILA  2018 62  2301 2314 2346 2351 2338 2323 2306 2297 2285 2272 2265
370MANILA  2018 63  2258 2246 2245 2249 2240 2264 2302 2287
370MANILA  2018 71  2274 2283 2294 2300 2318 2332 2338 2342 2360 2390 2380
370MANILA  2018 72  2375 2395 2425 2443 2468 2469 2416 2399 2469 2497 2419
370MANILA  2018 73  2382 2378 2378 2372 2366 2377 2371 2359 2358
370MANILA  2018 81  2362 2364 2377 2398 2395 2404 2444 2453 2436 2484 2561
370MANILA  2018 82  2579 2559 2517 2457 2442 2449 2427 2403 2409 2436 2437
370MANILA  2018 83  2425 2416 2402 2385 2371 2334 2308 2295 2282
370MANILA  2018 91  2267 2297 2321 2339 2336 2311 2308 2318 2307 2291 2278
370MANILA  2018 92  2293 2330 2505 2473 2301 2264 2239 2214 2200 2202 2204
370MANILA  2018 93  2235 2285 2306 2288 2277 2261 2262 2263
370MANILA  2018101  2243 2232 2230 2252 2249 2225 2213 2207 2216 2226 2226
370MANILA  2018102  2221 2201 2164 2156 2177 2214 2214 2177 2167 2159 2161
370MANILA  2018103  2167 2175 2160 2164 2182 2211 2284 2302 2210
370MANILA  2018111  2157 2135 2148 2165 2163 2157 2141 2144 2159 2136 2123
370MANILA  2018112  2148 2163 2154 2123 2122 2139 2138 2132 2126 2116 2129
370MANILA  2018113  2142 2134 2115 2124 2128 2122 2114 2105
370MANILA  2018121  2104 2100 2104 2116 2136 2129 2096 2081 2082 2076 2081
370MANILA  2018122  2088 2088 2062 2036 2043 2083 2093 2083 2092 2114 2118
370MANILA  2018123  2127 2147 2130 2110 2141 2121 2042 2025 2037
370MANILA  2019 11  2058 2073 2060 2027 2045 2070 2068 2067 2037 2023 2021
370MANILA  2019 12  2039 2067 2072 2048 2043 2050 2043 2038 2059 2070 2047
370MANILA  2019 13  2023 2026 2036 2045 2033 2005 1998 2009 2016
370MANILA  2019 21  1997 2006 2014 2007 2018 2043 2060 2061 2054 2039 2007
370MANILA  2019 22  2002 2005 1999 1988 2017 2035 2039 2048 2048 2065 2077
370MANILA  2019 23  2087 2062 2030 2023 2053 2040
370MANILA  2019 31  2027 2046 2058 2056 2047 2058 2080 2096 2072 2082 2112
370MANILA  2019 32  2102 2076 2078 2088 2079 2067 2063 2077 2072 2100 2128
370MANILA  2019 33  2122 2102 2076 2058 2047 2056 2088 2082 2056
370MANILA  2019 41  2057 2073 2081 2089 2092 2084 2098 2116 2116 2116 2135
370MANILA  2019 42  2148 2126 2124 2129 2124 2151 2156 2153 2152 2160 2159
370MANILA  2019 43  2148 2142 2142 2142 2141 2120 2115 2158
370MANILA  2019 51  2192 2179 2164 2151 2164 2174 2184 2200 2187 2180 2190
370MANILA  2019 52  2178 2170 2171 2174 2182 2185 2185 2185 2181 2177 2170
370MANILA  2019 53  2160 2156 2153 2146 2155 2181 2177 2162 2176
370MANILA  2019 61  2185 2168 2168 2173 2181 2174 2170 2186 2196 2214 2234
370MANILA  2019 62  2215 2217 2221 2232 2210 2197 2200 2202 2187 2194 2215
370MANILA  2019 63  2227 2224 2216 2213 2228 2271 2285 2297
370MANILA  2019 71  2297 2268 2222 2192 2208 2230 2208 2202 2213 2218 2226
370MANILA  2019 72  2213 2203 2224 2250 2301 2360 2324 2281 2245 2213 2201
370MANILA  2019 73  2201 2207 2202 2209 2225 2234 2249 2267 2283
370MANILA  2019 81  2291 2327 2385 2388 2377 2396 2421 2438 2402 2343 2341
370MANILA  2019 82  2350 2332 2302 2292 2286 2284 2281 2287 2268 2272 2313
370MANILA  2019 83  2358 2325 2268 2273 2304 2310 2307 2315 2319
370MANILA  2019 91  2308 2334 2351 2317 2325 2361 2345 2321 2306 2271 2277
370MANILA  2019 92  2299 2294 2320 2380 2383 2402 2396 2347 2312 2272 2226
370MANILA  2019 93  2201 2194 2194 2192 2204 2247 2304 2312
370MANILA  2019101  2271 2220 2202 2202 2220 2203 2160 2144 2140 2145 2180
370MANILA  2019102  2207 2196 2177 2181 2177 2183 2201 2192 2184 2211 2230
370MANILA  2019103  2216 2215 2213 2216 2210 2195 2201 2207 2198
370MANILA  2019111  2210 2221 2207 2230 2290 2324 2346 2337 2314 2260 2224
370MANILA  2019112  2219 2222 2230 2247 2242 2238 2247 2243 2235 2196 2171
370MANILA  2019113  2167 2166 2152 2133 2120 2119 2100 2101
370MANILA  2019121  2120 2140 2097 2105 2120 2115 2118 2087 2039 2055 2094
370MANILA  2019122  2108 2106 2099 2085 2079 2068 2078 2083 2090 2083 2072
370MANILA  2019123  2083 2072 2056 2078 2097 2072 2043 2038 2060
370MANILA  2020 11  2048 2001 1987 2026 2058 2060 2050 2042 2051 2075 2099
370MANILA  2020 12  2117 2101 2060 2034 2031 2042 2035 2002 1981 1969 1981
370MANILA  2020 13  1991 2007 2043 2080 2089 2085 2069 2031 1992
370MANILA  2020 21  1987 1984 1977 2018 2059 2064 2045 2039 2032 2003 2000
370MANILA  2020 22  2028 2049 2059 2073 2086 2048 1993 1972 1948 1942 1941
370MANILA  2020 23  1951 1974 1995 2023 2058 2057 2043
370MANILA  2020 31  2060 2057 2036 2030 2027 2018 2047 2072 2099 2117 2085
370MANILA  2020 32  2057 2045 2057 2054 2021 1991 2003 2043 2065 2071 2070
370MANILA  2020 33  2065 2075 2077 2063 2079 2096 2088 2080 2081
370MANILA  2020 41  2077 2064 2070 2085 2103 2123 2139 2124 2117 2108 2110
370MANILA  2020 42  2119 2115 2102 2109 2119 2113 2122 2123 2119 2134 2145
370MANILA  2020 43  2133 2124 2104 2096 2107 2130 2126 2121
370MANILA  2020 51  2138 2161 2179 2184 2177 2179 2175 2149 2141 2151 2160
370MANILA  2020 52  2152 2151 2160 2171 2171 2190 2196 2202 2206 2204 2201
370MANILA  2020 53  2197 2173 2162 2155 2154 2160 2180 2176 2188
370MANILA  2020 61  2208 2220 2229 2229 2213 2212 2228 2225 2223 2237 2260
370MANILA  2020 62  2261 2219 2170 2195 2219 2230 2234 2219 2220 2228 2233
370MANILA  2020 63  2243 2232 2211 2211 2227 2245 2254 2247
370MANILA  2020 71  2237 2233 2217 2215 2227 2231 2219 2237 2267 2255 2259
370MANILA  2020 72  2278 2272 2254 2244 2231 2221 2230 2231 2244 2250 2251
370MANILA  2020 73  2257 2270 2280 2280 2282 2289 2309 2307 2315
370MANILA  2020 81  2308 2305 2302 2287 2264 2265 2285 2330 2360 2318 2258
370MANILA  2020 82  2242 2257 2262 2256 2261 2276 2297 2296 2294 2292 2283
370MANILA  2020 83  2279 2286 2291 2280 2275 2295 2328 2340 2325
370MANILA  2020 91  2316 2302 2266 2250 2269 2296 2272 2229 2230 2265 2279
370MANILA  2020 92  2263 2273 2279 2286 2301 2319 2311 2284 2284 2272 2270
370MANILA  2020 93  2264 2276 2295 2294 2270 2260 2282 2311
370MANILA  2020101  2312 2298 2302 2311 2300 2304 2293 2282 2291 2301 2317
370MANILA  2020102  2312 2322 2346 2335 2323 2329 2324 2332 2377 2384 2371
370MANILA  2020103  2366 2364 2340 2311 2355 2327 2284 2282 2301
370MANILA  2020111  2303 2275 2282 2284 2289 2272 2256 2265 2295 2310 2418
370MANILA  2020112  2358 2308 2292 2241 2222 2233 2252 2269 9999 9999 9999
370MANILA  2020113  9999 9999 9999 9999 9999 9999 9999 9999
370MANILA  2020121  9999 9999 9999 9999 9999 9999 9999 9999 9999 9999 9999
370MANILA  2020122  9999 9999 9999 9999 9999 9999 9999 9999 9999 9999 9999
370MANILA  2020123  9999 9999 9999 9999 9999 9999 9999 9999 9999
370MANILA  2021 11  9999 9999 9999 9999 9999 9999 9999 9999 9999 9999 9999
370MANILA  2021 12  9999 9999 9999 2183 2225 2221 2186 2178 2169 2172 2180
370MANILA  2021 13  2202 2188 2162 2138 2133 2121 2106 2085 2094
370MANILA  2021 21  2115 2141 2158 2160 2143 2130 2125 2136 2158 2163 2163
370MANILA  2021 22  2155 2144 2132 2135 2146 2141 2080 2055 2046 2086 2137
370MANILA  2021 23  2159 2181 2200 2223 2215 2181
370MANILA  2021 31  2176 2171 2141 2105 2105 2111 2130 2130 2134 2140 2141
370MANILA  2021 32  2155 2160 2191 2209 2206 2208 2214 2219 2219 2203 2159
370MANILA  2021 33  2140 2147 2169 2195 2207 2214 2240 2257 2258
370MANILA  2021 41  2226 2186 2183 2199 2185 2171 2173 2198 2202 2206 2195
370MANILA  2021 42  2198 2208 2223 2223 2215 2219 2238 2248 2259 2246 2240
370MANILA  2021 43  2228 2219 2225 2208 2180 2179 2206 2197
370MANILA  2021 51  2180 2175 2182 2189 2188 2185 2173 2175 2191 2204 2196
370MANILA  2021 52  2189 2188 2182 2175 2167 2161 2162 2163 2162 2198 2226
370MANILA  2021 53  2223 2196 2192 2180 2167 2180 2195 2192 2201
370MANILA  2021 61  2218 2220 2206 2214 2231 2225 2218 2213 2236 2259 2249
370MANILA  2021 62  2204 2206 2234 2241 2230 2244 2249 2268 2290 2292 2283
370MANILA  2021 63  2263 2252 2252 2255 2249 2240 2263 2286
