371LEGASPI       LAT=13 09.0N  LONG=123 45.0E
371LEGASPI 1984 11  1519 1556 1534 1518 1570 1594 1587 1589 1612 1633 1640
371LEGASPI 1984 12  1613 1602 1618 1617 1640 1662 1651 1654 1665 1662 1665
371LEGASPI 1984 13  1676 1667 1668 1650 1666 1665 1646 1647 1629
371LEGASPI 1984 21  1640 1662 1681 1694 1658 1662 1688 1725 1708 1673 1651
371LEGASPI 1984 22  1631 1635 1649 1662 1673 1671 1688 1722 1728 1751 1730
371LEGASPI 1984 23  1716 1705 1695 1682 1675 1677 1679
371LEGASPI 1984 31  1707 1708 1706 1697 1702 1728 1706 1715 1713 1692 1683
371LEGASPI 1984 32  1665 1667 1693 1700 1704 1716 1741 1737 1712 1698 1708
371LEGASPI 1984 33  1717 1729 1721 1719 1718 1721 1729 1715 1719
371LEGASPI 1984 41  1743 1742 1748 1743 1750 1753 1754 1764 1758 1764 1765
371LEGASPI 1984 42  1751 1744 1745 1754 1747 1722 1706 1710 1694 1688 1708
371LEGASPI 1984 43  1724 1722 1740 1757 1749 1752 1754 1759
371LEGASPI 1984 51  1770 1785 1776 1767 1755 1730 1737 1764 1780 1798 1794
371LEGASPI 1984 52  1796 1805 1828 1826 1797 1794 1816 1826 1820 1802 1797
371LEGASPI 1984 53  1810 1813 1799 1777 1766 1765 1763 1757 1745
371LEGASPI 1984 61  1738 1740 1748 1742 1736 1764 1787 1790 1778 1751 1745
371LEGASPI 1984 62  1757 1767 1774 1769 1768 1760 1744 1747 1753 1740 1734
371LEGASPI 1984 63  1752 1751 1746 1720 1728 1754 1764 1766
371LEGASPI 1984 71  1770 1772 1783 1782 1790 1782 1771 1753 1721 1736 1759
371LEGASPI 1984 72  1775 1777 1793 1802 1804 1821 1827 1826 1823 1819 1822
371LEGASPI 1984 73  1817 1815 1806 1804 1811 1812 1825 1840 1848
371LEGASPI 1984 81  1866 1878 1883 1868 1848 1846 1846 1842 1820 1807 1811
371LEGASPI 1984 82  1825 1830 1824 1805 1808 1820 1810 1797 1791 1786 1802
371LEGASPI 1984 83  1838 1858 1865 1852 1817 1805 1819 1822 1778
371LEGASPI 1984 91  1738 1772 1763 1738 1733 1723 1731 1745 1762 1759 1739
371LEGASPI 1984 92  1750 1761 1739 1730 1729 1737 1742 1748 1738 1731 1749
371LEGASPI 1984 93  1782 1809 1792 1773 1771 1766 1769 1778
371LEGASPI 1984101  1762 1747 1751 1753 1750 1753 1779 1792 1773 1769 1786
371LEGASPI 1984102  1798 1795 1771 1757 1765 1770 1768 1783 1786 1789 1816
371LEGASPI 1984103  1834 1806 1757 1734 1714 1707 1708 1727 1748
371LEGASPI 1984111  1723 1740 1774 1832 1815 1723 1735 1742 1726 1710 1677
371LEGASPI 1984112  1693 1721 1757 1772 1788 1789 1808 1823 1830 1844 1821
371LEGASPI 1984113  1766 1717 1717 1683 1701 1729 1703 1712
371LEGASPI 1984121  1734 1724 1715 1728 1726 1717 1751 1764 1758 1720 1701
371LEGASPI 1984122  1711 1724 1703 1711 1710 1695 1674 1663 1684 1693 1679
371LEGASPI 1984123  1658 1664 1687 1657 1620 1607 1618 1636 1623
371LEGASPI 1985 11  1600 1577 1569 1592 1621 1586 1589 1605 1599 1587 1602
371LEGASPI 1985 12  1599 1594 1608 1643 1642 1605 1561 1563 1578 1584 1595
371LEGASPI 1985 13  1582 1568 1613 1645 1610 1590 1613 1625 1603
371LEGASPI 1985 21  1641 1665 1679 1691 1657 1661 1685 1724 1707 1674 1642
371LEGASPI 1985 22  1672 1685 1681 1708 1691 1681 1684 1686 1694 1694 1711
371LEGASPI 1985 23  1690 1687 1692 1664 1666 1683
371LEGASPI 1985 31  1705 1704 1671 1661 1676 1711 1716 1719 1724 1721 1707
371LEGASPI 1985 32  1709 1722 1720 1723 1697 1700 1726 1730 1728 1723 1718
371LEGASPI 1985 33  1729 1735 1731 1741 1749 1743 1749 1726 1709
371LEGASPI 1985 41  1761 1802 1795 1772 1730 1759 1789 1764 1745 1739 1731
371LEGASPI 1985 42  1732 1730 1744 1735 1729 1758 1777 1767 1761 1755 1761
371LEGASPI 1985 43  1766 1762 1761 1762 1764 1776 1798 1803
371LEGASPI 1985 51  1791 1786 1786 1793 1771 1744 1734 1729 1743 1748 1751
371LEGASPI 1985 52  1754 1771 1768 1757 1758 1747 1764 1763 1760 1776 1773
371LEGASPI 1985 53  1757 1756 1768 1785 1793 1778 1759 1762 1765
371LEGASPI 1985 61  1777 1782 1792 1773 1754 1770 1784 1794 1768 1755 1787
371LEGASPI 1985 62  1808 1800 1790 1808 1825 1825 1794 1789 1833 1858 1855
371LEGASPI 1985 63  1814 1758 1716 1758 1800 1854 1875 1835
371LEGASPI 1985 71  1831 1837 1799 1832 1878 1815 1745 1724 1711 1724 1725
371LEGASPI 1985 72  1720 1713 1729 1717 1685 1697 1698 1699 1717 1720 1734
371LEGASPI 1985 73  1747 1781 1781 1767 1746 1727 1733 1739 1732
371LEGASPI 1985 81  1735 1750 1752 1756 1754 1764 1777 1763 1740 1745 1740
371LEGASPI 1985 82  1721 1716 1717 1732 1746 1746 1758 1773 1773 1755 1744
371LEGASPI 1985 83  1729 1710 1706 1712 1722 1727 1743 1744 1745
371LEGASPI 1985 91  1778 1796 1745 1716 1681 1648 1671 1679 1689 1699 1724
371LEGASPI 1985 92  1739 1742 1748 1787 1804 1753 1722 1723 1713 1704 1688
371LEGASPI 1985 93  1710 1739 1742 1726 1709 1720 1731 1737
371LEGASPI 1985101  1737 1760 1754 1725 1720 1715 1695 1689 1663 1699 1755
371LEGASPI 1985102  1741 1727 1765 1742 1755 1800 1728 1658 1678 1655 1649
371LEGASPI 1985103  1664 1659 1682 1644 1581 1605 1618 1638 1630
371LEGASPI 1985111  1618 1637 1643 1665 1693 1686 1681 1649 1649 1658 1660
371LEGASPI 1985112  1647 1643 1638 1631 1623 1629 1631 1653 1691 1692 1670
371LEGASPI 1985113  1650 1608 1610 1641 1661 1652 1652 1652
371LEGASPI 1985121  1647 1653 1662 1663 1695 1699 1669 1674 1682 1686 1667
371LEGASPI 1985122  1672 1665 1648 1676 1754 1772 1724 1707 1712 1777 1812
371LEGASPI 1985123  1789 1759 1736 1717 1701 1692 1680 1668 1679
371LEGASPI 1986 11  1680 1693 1699 1701 1734 1713 1674 1670 1632 1636 1645
371LEGASPI 1986 12  1618 1617 1625 1613 1620 1625 1616 1618 1617 1631 1639
371LEGASPI 1986 13  1620 1621 1638 1653 1642 1641 1652 1633 1633
371LEGASPI 1986 21  1615 1609 1618 1612 1596 1578 1572 1590 1614 1618 1620
371LEGASPI 1986 22  1616 1586 1568 1560 1558 1579 1595 1604 1586 1615 1653
371LEGASPI 1986 23  1655 1660 1651 1624 1610 1629
371LEGASPI 1986 31  1615 1599 1635 1617 1576 1572 1565 1584 1608 1612 1615
371LEGASPI 1986 32  1647 1671 1688 1694 1682 1697 1722 1715 1718 1712 1712
371LEGASPI 1986 33  1709 1711 1715 1721 1730 1724 1733 1741 1741
371LEGASPI 1986 41  1693 1689 1733 1735 1736 1764 1754 1743 1739 1706 1702
371LEGASPI 1986 42  1719 1714 1698 1679 1686 1703 1699 1712 1741 1761 1764
371LEGASPI 1986 43  1756 1748 1737 1745 1754 1745 1737 1752
371LEGASPI 1986 51  1764 1762 1767 1760 1751 1756 1743 1736 1738 1751 1759
371LEGASPI 1986 52  1750 1742 1741 1750 1758 1766 1753 1746 1765 1793 1796
371LEGASPI 1986 53  1775 1762 1767 1762 1747 1754 1774 1770 1769
371LEGASPI 1986 61  1773 1766 1766 1780 1779 1767 1773 1782 1791 1793 1790
371LEGASPI 1986 62  1780 1770 1785 1787 1774 1763 1751 1722 1718 1735 1724
371LEGASPI 1986 63  1712 1716 1716 1716 1744 1769 1777 1759
371LEGASPI 1986 71  1728 1730 1738 1717 1702 1721 1754 1771 1769 1719 1662
371LEGASPI 1986 72  1642 1718 1758 1739 1736 1703 1724 1746 1746 1757 1791
371LEGASPI 1986 73  1821 1801 1788 1785 1794 1784 1772 1782 1775
371LEGASPI 1986 81  1748 1715 1707 1714 1711 1721 1718 1712 1712 1712 1727
371LEGASPI 1986 82  1768 1794 1762 1724 1719 1718 1721 1677 1670 1679 1677
371LEGASPI 1986 83  1696 1710 1720 1740 1751 1709 1634 1626 1662
371LEGASPI 1986 91  1683 1677 1666 1648 1624 1640 1673 1690 1684 1679 1688
371LEGASPI 1986 92  1678 1665 1662 1685 1703 1706 1701 1694 1681 1671 1669
371LEGASPI 1986 93  1644 1613 1612 1650 1668 1666 1671 1674
371LEGASPI 1986101  1673 1668 1690 1711 1681 1670 1678 1657 1640 1682 1761
371LEGASPI 1986102  1665 1606 1646 1612 1618 1637 1689 1678 1608 1601 1612
371LEGASPI 1986103  1585 1578 1583 1576 1588 1618 1626 1640 1655
371LEGASPI 1986111  1684 1695 1681 1666 1672 1675 1669 1652 1638 1612 1613
371LEGASPI 1986112  1691 1704 1615 1612 1632 1599 1615 1656 1670 1672 1662
371LEGASPI 1986113  1655 1678 1647 1641 1636 1687 1696 1650
371LEGASPI 1986121  1623 1597 1584 1562 1561 1543 1558 1590 1593 1604 1621
371LEGASPI 1986122  1627 1589 1552 1556 1565 1556 1524 1502 1563 1626 1599
371LEGASPI 1986123  1547 1550 1559 1541 1533 1533 1560 1561 1587
371LEGASPI 1987 11  1551 1540 1571 1590 1578 1596 1611 1591 1609 1576 1568
371LEGASPI 1987 12  1542 1580 1600 1589 1595 1595 1597 1594 1620 1608 1605
371LEGASPI 1987 13  1595 1584 1608 1593 1565 1576 1584 1569 1586
371LEGASPI 1987 21  1594 1585 1572 1577 1558 1553 1546 1533 1531 1539 1529
371LEGASPI 1987 22  1522 1534 1551 1565 1581 1586 1555 1565 1579 1568 1560
371LEGASPI 1987 23  1533 1531 1515 1528 1523 1536
371LEGASPI 1987 31  1525 1508 1533 1521 1511 1514 1523 1513 1507 1502 1498
371LEGASPI 1987 32  1530 1543 1525 1530 1551 1565 1590 1590 1570 1554 1536
371LEGASPI 1987 33  1532 1547 1521 1515 1551 1570 1593 1640 1661
371LEGASPI 1987 41  1625 1618 1613 1584 1561 1548 1538 1530 1554 1592 1617
371LEGASPI 1987 42  1635 1615 1617 1645 1648 1620 1618 1632 1607 1596 1590
371LEGASPI 1987 43  1603 1628 1640 1626 1600 1550 1530 1551
371LEGASPI 1987 51  1564 1565 1550 1546 1554 1561 1568 1567 1557 1553 1542
371LEGASPI 1987 52  1550 1558 1562 1574 1578 1573 1561 1552 1568 1585 1593
371LEGASPI 1987 53  1601 1582 1560 1549 1550 1538 1519 1526 1543
371LEGASPI 1987 61  1561 1566 1563 1567 1568 1580 1582 1572 1561 1550 1540
371LEGASPI 1987 62  1557 1594 1597 1568 1545 1576 1624 1617 1634 1664 1691
371LEGASPI 1987 63  1697 1697 1686 1672 1684 1679 1703 1706
371LEGASPI 1987 71  1684 1680 1687 1699 1706 1715 1723 1711 1709 1743 1775
371LEGASPI 1987 72  1798 1793 1768 1743 1766 1770 1771 1751 1717 1704 1674
371LEGASPI 1987 73  1676 1687 1685 1643 1625 1625 1634 1636 1652
371LEGASPI 1987 81  1655 1657 1659 1662 1676 1679 1683 1682 1704 1714 1798
371LEGASPI 1987 82  1896 1750 1698 1718 1702 1708 1726 1729 1664 1646 1662
371LEGASPI 1987 83  1681 1729 1742 1740 1742 1749 1759 1757 1769
371LEGASPI 1987 91  1793 1790 1788 1772 1754 1751 1779 1799 1804 1777 1754
371LEGASPI 1987 92  1764 1735 1729 1738 1717 1715 1749 1768 1781 1780 1782
371LEGASPI 1987 93  1781 1779 1786 1787 1786 1777 1763 1753
371LEGASPI 1987101  1742 1747 1758 1754 1750 1765 1747 1728 1735 1711 1701
371LEGASPI 1987102  1711 1729 1734 1727 1747 1758 1766 1753 1744 1775 1829
371LEGASPI 1987103  1817 1739 1722 1693 1653 1685 1690 1665 1700
371LEGASPI 1987111  1744 1779 1783 1785 1806 1822 1844 1827 1811 1801 1804
371LEGASPI 1987112  1810 1809 1816 1807 1790 1784 1752 1735 1756 1781 1754
371LEGASPI 1987113  1763 1836 1921 1952 1943 1923 1895 1805
371LEGASPI 1987121  1758 1811 1781 1742 1678 1690 1722 1726 1725 1696 1719
371LEGASPI 1987122  1742 1715 1710 1750 1816 1733 1694 1723 1692 1680 1676
371LEGASPI 1987123  1689 1697 1666 1669 1682 1687 1687 1686 1681
371LEGASPI 1988 11  1682 1690 1676 1638 1653 1669 1644 1627 1608 1592 1611
371LEGASPI 1988 12  1613 1612 1615 1655 1681 1608 1634 1656 1637 1659 1678
371LEGASPI 1988 13  1681 1667 1654 1625 1622 1647 1636 1645 1647
371LEGASPI 1988 21  1632 1639 1652 1652 1646 1659 1676 1687 1698 1674 1669
371LEGASPI 1988 22  1673 1668 1652 1645 1636 1631 1651 1643 1629 1633 1608
371LEGASPI 1988 23  1606 1640 1625 1610 1618 1629 1642
371LEGASPI 1988 31  1656 1669 1685 1704 1711 1703 1696 1694 1693 1672 1645
371LEGASPI 1988 32  1653 1662 1661 1667 1688 1704 1735 1744 1746 1754 1738
371LEGASPI 1988 33  1724 1704 1695 1704 1714 1727 1749 1754 1747
371LEGASPI 1988 41  1759 1768 1791 1773 1739 1745 1746 1718 1709 1755 1759
371LEGASPI 1988 42  1743 1736 1755 1756 1759 1743 1737 1733 1718 1719 1719
371LEGASPI 1988 43  1734 1761 1757 1761 1758 1748 1763 1771
371LEGASPI 1988 51  1762 1748 1722 1718 1715 1708 1704 1720 1742 1761 1751
371LEGASPI 1988 52  1726 1733 1721 1702 1700 1701 1716 1729 1723 1718 1721
371LEGASPI 1988 53  1732 1727 1722 1746 1752 1768 1790 1777 1763
371LEGASPI 1988 61  1770 1748 1742 1772 1785 1750 1743 1752 1766 1777 1773
371LEGASPI 1988 62  1754 1759 1764 1776 1781 1757 1753 1771 1809 1830 1805
371LEGASPI 1988 63  1795 1794 1769 1782 1793 1741 1733 1758
371LEGASPI 1988 71  1749 1776 1781 1777 1779 1806 1806 1808 1793 1776 1759
371LEGASPI 1988 72  1762 1765 1768 1782 1808 1814 1775 1751 1705 1720 1773
371LEGASPI 1988 73  1776 1744 1747 1750 1781 1796 1812 1827 1847
371LEGASPI 1988 81  1835 1806 1826 1821 1785 1774 1784 1792 1784 1782 1801
371LEGASPI 1988 82  1801 1800 1809 1802 1783 1781 1783 1790 1787 1773 1780
371LEGASPI 1988 83  1795 1800 1794 1797 1830 1858 1863 1858 1845
371LEGASPI 1988 91  1843 1833 1802 1796 1796 1807 1821 1824 1834 1850 1861
371LEGASPI 1988 92  1871 1880 1861 1851 1848 1852 1841 1829 1825 1819 1815
371LEGASPI 1988 93  1797 1831 1889 1895 1892 1888 1872 1849
371LEGASPI 1988101  1857 1882 1880 1878 1871 1878 1888 1882 1851 1820 1826
371LEGASPI 1988102  1846 1849 1833 1828 1810 1810 1819 1845 1842 1811 1828
371LEGASPI 1988103  1964 1959 1763 1755 1719 1639 1693 1757 1830
371LEGASPI 1988111  1828 1849 1854 1833 1845 1922 1957 1799 1786 1764 1720
371LEGASPI 1988112  1722 1751 1780 1771 1779 1816 1856 1884 1905 1931 1904
371LEGASPI 1988113  1879 1872 1861 1865 1866 1833 1834 1842
371LEGASPI 1988121  1837 1835 1843 1843 1870 1857 1791 1783 1799 1847 1878
371LEGASPI 1988122  1878 1855 1851 1828 1820 1806 1781 1783 1758 1762 1797
371LEGASPI 1988123  1823 1804 1746 1770 1783 1757 1727 1696 1676
371LEGASPI 1989 11  1700 1699 1675 1679 1694 1683 1668 1675 1706 1722 1741
371LEGASPI 1989 12  1747 1744 1737 1759 1761 1770 1755 1719 1734 1769 1744
371LEGASPI 1989 13  1737 1776 1787 1806 1821 1807 1795 1846 1784
371LEGASPI 1989 21  1756 1789 1829 1797 1738 1745 1773 1762 1767 1744 1735
371LEGASPI 1989 22  1733 1758 1790 1747 1706 1751 1763 1777 1791 1791 1793
371LEGASPI 1989 23  1823 1822 1830 1823 1800 1786
371LEGASPI 1989 31  1812 1800 1770 1757 1782 1805 1799 1810 1843 1858 1820
371LEGASPI 1989 32  1785 1770 1764 1758 1748 1763 1784 1818 1846 1841 1864
371LEGASPI 1989 33  1871 1855 1848 1837 1842 1853 1877 1858 1831
371LEGASPI 1989 41  1841 1863 1899 1903 1891 1895 1895 1885 1884 1886 1895
371LEGASPI 1989 42  1895 1885 1889 1891 1893 1896 1888 1880 1879 1888 1887
371LEGASPI 1989 43  1880 1868 1873 1869 1874 1872 1868 1860
371LEGASPI 1989 51  1885 1930 1937 1913 1901 1894 1906 1923 1918 1902 1887
371LEGASPI 1989 52  1903 1909 1907 1935 2026 2002 1859 1855 1835 1820 1834
371LEGASPI 1989 53  1861 1871 1858 1860 1887 1936 1949 1909 1900
371LEGASPI 1989 61  1896 1905 1897 1880 1907 1946 1881 1853 1869 1841 1842
371LEGASPI 1989 62  1853 1896 1911 1901 1883 1861 1857 1869 1883 1911 1940
371LEGASPI 1989 63  1940 1911 1870 1862 1869 1864 1871 1886
371LEGASPI 1989 71  1890 1854 1854 1876 1887 1908 1927 1920 1891 1869 1868
371LEGASPI 1989 72  1871 1885 1881 1895 1915 1876 1827 1834 1860 1845 1850
371LEGASPI 1989 73  1860 1853 1870 1895 1913 1913 1904 1886 1911
371LEGASPI 1989 81  1929 1933 1914 1896 1901 1907 1899 1889 1872 1847 1851
371LEGASPI 1989 82  1861 1870 1875 1894 1896 1891 1887 1865 1876 1866 1836
371LEGASPI 1989 83  1842 1856 1841 1833 1847 1869 1890 1907 1883
371LEGASPI 1989 91  1872 1880 1864 1862 1854 1845 1827 1826 1832 1825 1812
371LEGASPI 1989 92  1789 1769 1782 1799 1789 1790 1785 1809 1814 1809 1792
371LEGASPI 1989 93  1782 1781 1796 1801 1814 1799 1778 1797
371LEGASPI 1989101  1822 1819 1815 1828 1833 1800 1787 1763 1768 1897 1778
371LEGASPI 1989102  1709 1784 1770 1796 1811 1855 1895 1904 1858 1818 1792
371LEGASPI 1989103  1771 1785 1812 1797 1781 1800 1792 1760 1778
371LEGASPI 1989111  1808 1796 1786 1797 1802 1779 1799 1806 1791 1806 1807
371LEGASPI 1989112  1794 1771 1759 1725 1749 1797 1847 1902 1923 1847 1742
371LEGASPI 1989113  1736 1642 1616 1612 1607 1618 1627 1632
371LEGASPI 1989121  1648 1658 1665 1674 1664 1653 1638 1651 1658 1642 1656
371LEGASPI 1989122  1675 1681 1691 1684 1698 1722 1685 1663 1663 1660 1672
371LEGASPI 1989123  1667 1666 1665 1670 1684 1699 1659 1663 1668
371LEGASPI 1990 11  1615 1618 1611 1610 1623 1604 1574 1585 1550 1523 1563
371LEGASPI 1990 12  1622 1638 1654 1642 1626 1626 1612 1607 1631 1620 1628
371LEGASPI 1990 13  1632 1639 1632 1650 1684 1670 1636 1623 1647
371LEGASPI 1990 21  1667 1670 1653 1650 1624 1626 1626 1640 1648 1639 1632
371LEGASPI 1990 22  1648 1653 1642 1646 1646 1656 1641 1632 1628 1645 1665
371LEGASPI 1990 23  1663 1659 1656 1693 1691 1678
371LEGASPI 1990 31  1674 1651 1636 1652 1654 1659 1665 1686 1686 1671 1674
371LEGASPI 1990 32  1654 1660 1628 1624 1619 1605 1610 1621 1614 1622 1632
371LEGASPI 1990 33  1621 1623 1630 1654 1657 1661 1688 1662 1651
371LEGASPI 1990 41  1654 1661 1663 1658 1680 1701 1684 1673 1681 1695 1701
371LEGASPI 1990 42  1684 1657 1678 1685 1692 1692 1699 1738 1773 1784 1774
371LEGASPI 1990 43  1758 1759 1755 1757 1748 1736 1736 1754
371LEGASPI 1990 51  1761 1765 1774 1782 1764 1751 1750 1738 1745 1744 1755
371LEGASPI 1990 52  1779 1786 1765 1759 1768 1773 1787 1790 1792 1791 1778
371LEGASPI 1990 53  1758 1727 1726 1743 1768 1792 1792 1807 1813
371LEGASPI 1990 61  1806 1791 1781 1769 1780 1782 1771 1802 1806 1796 1805
371LEGASPI 1990 62  1836 1863 1837 1775 1786 1822 1831 1872 1882 1877 1855
371LEGASPI 1990 63  1786 1727 1750 1779 1809 1768 1738 1732
371LEGASPI 1990 71  1765 1765 1746 1760 1780 1779 1775 1764 1740 1742 1742
371LEGASPI 1990 72  1777 1789 1762 1751 1761 1746 1752 1790 1793 1791 1793
371LEGASPI 1990 73  1802 1813 1825 1829 1818 1788 1780 1772 1761
371LEGASPI 1990 81  1770 1786 1802 1800 1793 1809 1822 1827 1823 1830 1845
371LEGASPI 1990 82  1851 1846 1835 1820 1813 1805 1788 1785 1770 1775 1785
371LEGASPI 1990 83  1774 1769 1836 1874 1842 1795 1763 1740 1745
371LEGASPI 1990 91  1762 1758 1758 1786 1823 1845 1810 1793 1786 1784 1809
371LEGASPI 1990 92  1806 1808 1833 1823 1803 1784 1770 1776 1788 1786 1775
371LEGASPI 1990 93  1783 1774 1750 1738 1743 1751 1770 1761
371LEGASPI 1990101  1761 1778 1772 1762 1790 1792 1775 1767 1782 1805 1795
371LEGASPI 1990102  1800 1778 1737 1719 1719 1714 1712 1746 1755 1743 1727
371LEGASPI 1990103  1706 1711 1718 1717 1721 1731 1741 1745 1727
371LEGASPI 1990111  1725 1752 1757 1760 1749 1754 1790 1779 1751 1758 1786
371LEGASPI 1990112  1904 1893 1733 1736 1694 1650 1672 1667 1681 1712 1718
371LEGASPI 1990113  1721 1772 1809 1847 1838 1808 1787 1783
371LEGASPI 1990121  1733 1720 1740 1754 1761 1728 1719 1691 1699 1717 1669
371LEGASPI 1990122  1651 1659 1646 1631 1633 1642 1644 1610 1624 1661 1641
371LEGASPI 1990123  1607 1625 1609 1579 1574 1591 1597 1608 1589
371LEGASPI 1991 11  1599 1635 1626 1596 1589 1604 1632 1641 1649 1636 1625
371LEGASPI 1991 12  1631 1634 1637 1652 1656 1650 1683 1679 1671 1691 1715
371LEGASPI 1991 13  1724 1704 1688 1677 1660 1682 1688 1691 1706
371LEGASPI 1991 21  1686 1662 1652 1650 1642 1624 1638 1640 1620 1639 1661
371LEGASPI 1991 22  1672 1679 1687 1696 1723 1749 1733 1714 1717 1697 1685
371LEGASPI 1991 23  1701 1702 1685 1659 1639 1654
371LEGASPI 1991 31  1662 1664 1673 1661 1662 1677 1679 1675 1656 1679 1676
371LEGASPI 1991 32  1709 1788 1757 1714 1711 1717 1693 1679 1670 1649 1681
371LEGASPI 1991 33  1697 1691 1687 1698 1712 1717 1719 1708 1714
371LEGASPI 1991 41  1736 1760 1734 1755 1757 1740 1728 1726 1726 1715 1713
371LEGASPI 1991 42  1731 1748 1769 1804 1803 1815 1822 1839 1847 1840 1827
371LEGASPI 1991 43  1770 1711 1711 1689 1673 1647 1667 1662
371LEGASPI 1991 51  1618 1637 1668 1714 1719 1708 1729 1733 1715 1701 9999
371LEGASPI 1991 52  9999 1814 1806 1761 1759 1778 1743 1656 1648 9999 9999
371LEGASPI 1991 53  1664 1699 1698 1681 1691 9999 9999 9999 9999
371LEGASPI 1991 61  9999 9999 1759 1807 1809 1789 1792 1769 1726 1761 1782
371LEGASPI 1991 62  1785 1790 1764 1721 1722 1787 1824 1783 1809 1812 1738
371LEGASPI 1991 63  1696 9999 9999 9999 9999 9999 9999 9999
371LEGASPI 1991 71  9999 9999 9999 9999 9999 9999 9999 9999 9999 9999 9999
371LEGASPI 1991 72  9999 9999 9999 9999 1831 1845 1801 1815 1825 1791 1803
371LEGASPI 1991 73  1796 1798 1814 9999 9999 9999 9999 9999 9999
371LEGASPI 1991 81  9999 9999 1891 1907 1863 1791 1785 1831 9999 9999 9999
371LEGASPI 1991 82  9999 9999 9999 9999 9999 9999 9999 9999 9999 9999 9999
371LEGASPI 1991 83  1796 1783 1814 1851 1860 1818 9999 9999 9999
371LEGASPI 1991 91  9999 9999 9999 1832 1849 1835 1851 1866 1837 1896 1931
371LEGASPI 1991 92  1897 1853 1835 1801 1789 9999 9999 9999 9999 9999 1810
371LEGASPI 1991 93  1817 1829 1822 1772 1750 1713 1712 1732
371LEGASPI 1991101  1733 1716 1735 1771 1849 1881 1872 1836 9999 9999 9999
371LEGASPI 1991102  9999 9999 1769 1758 1758 1783 1783 1815 1824 1811 1831
371LEGASPI 1991103  1821 1812 1868 1873 1817 1772 1741 1644 1589
371LEGASPI 1991111  9999 9999 1748 1758 1763 1715 1722 1742 1745 1751 1780
371LEGASPI 1991112  1813 1782 1765 1774 1702 1607 1623 1625 1580 1595 1644
371LEGASPI 1991113  1729 1738 1675 1713 1719 1699 1646 1565
371LEGASPI 1991121  1613 1655 1640 1628 1585 1591 1711 1800 1792 9999 9999
371LEGASPI 1991122  9999 9999 9999 1654 1621 1597 1558 1564 9999 9999 9999
371LEGASPI 1991123  9999 9999 9999 1680 1691 1660 1663 1672 1638
371LEGASPI 1992 11  1660 1666 1657 1652 1658 1666 1695 1712 1690 1705 1704
371LEGASPI 1992 12  1677 1679 1700 1648 1651 1676 1667 1661 1663 1668 1665
371LEGASPI 1992 13  1664 1645 1636 1629 1640 1673 1655 1678 1702
371LEGASPI 1992 21  1708 1719 1721 1721 1723 1733 1710 1702 1722 1710 1713
371LEGASPI 1992 22  1694 1678 1687 1661 1669 1688 1682 1704 1693 1686 1647
371LEGASPI 1992 23  1602 1611 1603 1637 1723 1720 1687
371LEGASPI 1992 31  1699 1696 1685 1668 1664 1668 1694 1700 1698 1687 1664
371LEGASPI 1992 32  1652 1658 1698 1727 1707 1707 1748 1764 1749 1723 1694
371LEGASPI 1992 33  1683 1686 1697 1675 1682 1681 1675 1707 1744
371LEGASPI 1992 41  1821 1820 1782 1771 1763 1752 1738 1716 1721 1731 1728
371LEGASPI 1992 42  1726 1728 1742 1738 1726 1722 1702 1671 1678 1726 1730
371LEGASPI 1992 43  1713 1725 1793 1824 1846 1851 1834 1816
371LEGASPI 1992 51  1784 1783 1788 1788 1778 1808 1828 1831 1827 1825 1845
371LEGASPI 1992 52  1850 1833 1813 1785 1782 1775 1774 1789 1781 1777 1803
371LEGASPI 1992 53  1822 1819 1824 1827 1818 1814 1824 1837 1853
371LEGASPI 1992 61  1820 1804 1814 1841 1867 1854 1849 1854 1843 1836 1846
371LEGASPI 1992 62  1845 1835 1809 1810 1843 1849 1834 1835 1856 1887 1905
371LEGASPI 1992 63  1899 1889 1876 1843 1813 1771 1779 1831
371LEGASPI 1992 71  1838 1851 1859 1867 1873 1876 1852 1832 1843 1836 1801
371LEGASPI 1992 72  1800 1819 1810 1809 1792 1776 1770 1785 1760 1743 1739
371LEGASPI 1992 73  1725 1745 1803 1810 1794 1787 1817 1837 9999
371LEGASPI 1992 81  9999 9999 1878 1845 1808 1817 1856 1856 1819 1795 1819
371LEGASPI 1992 82  1864 1892 1909 1918 1905 1896 1886 1894 1877 1854 1861
371LEGASPI 1992 83  1863 1858 1869 1887 1916 1926 1907 1894 1863
371LEGASPI 1992 91  1860 1876 1887 1885 1856 1852 1877 1887 1885 1877 1898
371LEGASPI 1992 92  1894 1873 1849 1844 1860 1876 1866 1856 1842 1835 1841
371LEGASPI 1992 93  1811 1833 1883 1897 1870 1855 1880 1880
371LEGASPI 1992101  1823 1794 1787 1784 1786 1787 1800 1832 1862 1866 1878
371LEGASPI 1992102  1867 1845 1842 1831 1838 1834 1806 1797 1836 1875 1899
371LEGASPI 1992103  1886 1876 1900 1840 1802 1784 1758 1735 1753
371LEGASPI 1992111  1840 1845 1809 1824 1843 1849 1876 1864 1836 1843 1872
371LEGASPI 1992112  1855 1853 1794 1760 1761 1776 1771 1734 1732 1743 1712
371LEGASPI 1992113  1705 1707 1716 1762 1782 1776 1771 1780
371LEGASPI 1992121  1771 1762 1736 1720 1696 1687 1678 1655 1604 1663 1689
371LEGASPI 1992122  1657 1664 1690 1691 1717 1733 1799 1849 1720 1635 1500
371LEGASPI 1992123  1577 1851 2024 1842 1766 1662 1590 1619 1621
371LEGASPI 1993 11  1649 1681 1672 1641 1620 1644 1679 1683 1690 1689 1672
371LEGASPI 1993 12  1654 1641 1655 1640 1634 1633 1643 1666 1670 1656 1667
371LEGASPI 1993 13  1670 1671 1670 1650 1644 1690 1675 1671 1680
371LEGASPI 1993 21  1648 1616 1577 1574 1588 1631 1646 1656 1641 1664 1691
371LEGASPI 1993 22  1685 1686 1663 1651 1640 1625 1633 1615 1615 1594 1595
371LEGASPI 1993 23  1614 1600 1579 1569 1568 1605
371LEGASPI 1993 31  1672 1665 1626 1645 1679 1659 1647 1668 1739 1713 1695
371LEGASPI 1993 32  1690 1678 1664 1693 1725 1706 1693 1677 1671 1682 1677
371LEGASPI 1993 33  1644 1626 1619 1604 1612 1615 1627 1622 1605
371LEGASPI 1993 41  1685 1769 1784 1784 1767 1764 1777 1773 1752 1755 1759
371LEGASPI 1993 42  1739 1696 1676 1703 1726 1723 1714 1708 1707 1712 1727
371LEGASPI 1993 43  1740 1736 1739 1760 1770 1745 1706 1697
371LEGASPI 1993 51  1712 1715 1714 1745 1790 1806 1826 1815 1790 1783 1786
371LEGASPI 1993 52  1783 1790 1790 1792 1797 1770 1751 1747 1750 1757 1755
371LEGASPI 1993 53  1754 1781 1783 1785 1787 1774 1787 1800 1799
371LEGASPI 1993 61  1805 1809 1806 1793 1779 1781 1781 1784 1770 1758 1773
371LEGASPI 1993 62  1767 1765 1771 1757 1754 1769 1781 1795 1781 1786 1808
371LEGASPI 1993 63  1826 1850 1856 1835 1793 1735 1732 1756
371LEGASPI 1993 71  1815 1830 1826 1828 1835 1843 1864 1852 1808 1820 1832
371LEGASPI 1993 72  1835 1840 1851 1851 1831 1817 1816 1811 1822 1812 1820
371LEGASPI 1993 73  1837 1841 1845 1828 1808 1789 1774 1765 1762
371LEGASPI 1993 81  1764 1773 1798 1803 1820 1821 1812 1798 1794 1788 1776
371LEGASPI 1993 82  1760 1740 1753 1763 1776 1796 1824 1812 1808 1802 1816
371LEGASPI 1993 83  1849 1840 1834 1824 1827 1834 1818 1816 1827
371LEGASPI 1993 91  1836 1838 1819 1841 1840 1820 1807 1798 1773 1770 1792
371LEGASPI 1993 92  1814 1812 1790 1788 1789 1788 1799 1808 1816 1816 1796
371LEGASPI 1993 93  1798 1827 1826 1817 1821 1843 1837 1823
371LEGASPI 1993101  1836 1845 1866 1874 1865 1791 1754 1743 1736 1768 1769
371LEGASPI 1993102  1769 1791 1788 1781 1791 1768 1769 1769 1764 1749 1758
371LEGASPI 1993103  1741 1704 1679 1679 1695 1704 1698 1726 1793
371LEGASPI 1993111  1831 1833 1781 1695 1682 1668 1696 1725 1720 1718 1703
371LEGASPI 1993112  1717 9999 9999 1782 1791 1786 1776 1788 1809 1766 1722
371LEGASPI 1993113  1736 1707 1660 1645 9999 9999 9999 9999
371LEGASPI 1993121  9999 9999 9999 9999 9999 9999 9999 9999 9999 9999 9999
371LEGASPI 1993122  9999 9999 9999 9999 9999 9999 9999 9999 9999 9999 9999
371LEGASPI 1993123  9999 9999 9999 9999 9999 9999 9999 9999 9999
371LEGASPI 1994 11  9999 9999 9999 9999 9999 9999 9999 9999 9999 9999 9999
371LEGASPI 1994 12  9999 9999 9999 9999 9999 9999 9999 9999 9999 9999 9999
371LEGASPI 1994 13  9999 9999 9999 9999 9999 9999 9999 9999 9999
371LEGASPI 1994 21  9999 9999 9999 9999 9999 9999 9999 9999 9999 9999 9999
371LEGASPI 1994 22  9999 9999 9999 9999 9999 9999 9999 9999 9999 9999 9999
371LEGASPI 1994 23  9999 9999 9999 9999 9999 9999
371LEGASPI 1994 31  9999 1771 1781 1805 1788 1750 1760 1757 1773 1782 1794
371LEGASPI 1994 32  1803 1832 1838 1811 1832 1825 1799 1801 1816 1817 1806
371LEGASPI 1994 33  1802 1800 1794 1800 1791 1746 1742 1764 1751
371LEGASPI 1994 41  1799 1827 1845 1842 1822 1798 1816 1817 1811 1808 1799
371LEGASPI 1994 42  1802 1809 1809 1790 1769 1789 1796 1787 1780 1783 1794
371LEGASPI 1994 43  1795 1802 1816 1826 1842 1844 1834 1838
371LEGASPI 1994 51  1850 1853 1843 1824 1804 1800 1814 1820 1810 1802 1804
371LEGASPI 1994 52  1819 1815 1816 1816 1815 1822 1824 1817 1823 1838 1847
371LEGASPI 1994 53  1845 1852 1896 1904 1911 1913 1925 1940 1953
371LEGASPI 1994 61  1901 1871 1854 1863 1891 1897 1864 1835 1846 1860 1850
371LEGASPI 1994 62  1852 1838 1854 1872 1869 1883 1892 1886 1880 1890 1909
371LEGASPI 1994 63  1861 1857 1888 1875 1875 1881 1888 1847
371LEGASPI 1994 71  1794 1778 1764 1765 1776 1779 1765 1775 1811 1755 1703
371LEGASPI 1994 72  1688 1686 1743 1775 1784 1830 1842 1763 1768 1743 1738
371LEGASPI 1994 73  1749 1762 1795 1802 1795 1787 1799 1777 1769
371LEGASPI 1994 81  1753 1725 1701 1679 1682 1709 1723 1693 1694 1724 1737
371LEGASPI 1994 82  1733 1714 1721 1739 1735 1765 1794 1764 1757 1761 1765
371LEGASPI 1994 83  1778 1786 1760 1722 1707 1717 1736 1773 1804
371LEGASPI 1994 91  1784 1768 1769 1777 1794 1798 1814 1870 1888 1817 1773
371LEGASPI 1994 92  1794 1790 1807 1823 1807 1801 1824 1820 1812 1804 1796
371LEGASPI 1994 93  1783 1775 1801 1811 1785 1774 1755 1733
371LEGASPI 1994101  1746 1773 1784 1797 1815 1843 1850 1814 1787 1776 1775
371LEGASPI 1994102  1769 1774 1768 1769 1752 1743 1752 1790 1829 1840 1831
371LEGASPI 1994103  1818 1813 1810 1794 1814 1800 1770 1735 1731
371LEGASPI 1994111  1742 1730 1738 1740 1739 1727 1723 1694 1663 1690 1696
371LEGASPI 1994112  1700 1706 1679 1684 1681 1675 1659 1640 1633 1626 1608
371LEGASPI 1994113  1607 1609 1626 1635 1625 1617 1608 1614
371LEGASPI 1994121  1625 1625 1641 1653 1657 1687 1696 1665 1646 1622 1631
371LEGASPI 1994122  1642 1658 1657 1626 1637 1684 1660 1642 1712 1893 1836
371LEGASPI 1994123  1666 1664 1648 1630 1617 1636 1634 1649 1677
371LEGASPI 1995 11  1703 1717 1722 1719 1728 1723 1730 1727 1687 1664 1663
371LEGASPI 1995 12  1664 1680 1679 1671 1684 1693 1689 1697 1711 1696 1682
371LEGASPI 1995 13  1679 1663 1643 1630 1624 1628 1651 1671 1675
371LEGASPI 1995 21  1702 1718 1709 1701 1674 1690 1686 1664 1658 1664 1659
371LEGASPI 1995 22  1665 1686 1680 1686 1700 1711 1715 1706 1697 1693 1685
371LEGASPI 1995 23  1675 1677 1694 1688 1667 1668
371LEGASPI 1995 31  1669 1659 1651 1650 1669 1681 1640 1622 1625 1617 1620
371LEGASPI 1995 32  1642 1644 1656 1645 1648 1629 1640 1668 1667 1658 1647
371LEGASPI 1995 33  1643 1648 1652 1653 1664 1682 1696 1666 1642
371LEGASPI 1995 41  1678 1682 1675 1677 1676 1676 1676 1664 1662 1650 1642
371LEGASPI 1995 42  1653 1702 1719 1713 1707 1699 1700 1696 1718 1731 1701
371LEGASPI 1995 43  1690 1693 1687 1705 1711 1725 1713 1713
371LEGASPI 1995 51  1722 1708 1694 1710 1734 1731 1728 1729 1742 1743 1748
371LEGASPI 1995 52  1730 1732 1733 1734 1722 1719 1722 1715 1743 1770 1771
371LEGASPI 1995 53  1763 1763 1761 1748 1733 1731 1736 1752 1747
371LEGASPI 1995 61  1754 1751 1718 1712 1732 1719 1725 1716 1713 1726 1751
371LEGASPI 1995 62  1749 1772 1801 1802 1809 1792 1776 1774 1766 1761 1755
371LEGASPI 1995 63  1749 1746 1728 1727 1726 1715 1682 1667
371LEGASPI 1995 71  1713 1750 1768 1783 1800 1794 1750 1737 1749 1741 1751
371LEGASPI 1995 72  1762 1788 1780 1793 1788 1797 1818 9999 9999 9999 9999
371LEGASPI 1995 73  1837 1818 1838 1866 1880 1874 1841 1796 1745
371LEGASPI 1995 81  1734 1768 1793 1772 1758 1756 1763 1772 1753 1732 1748
371LEGASPI 1995 82  1772 1784 1784 1796 1796 1804 1795 1782 1768 1770 1784
371LEGASPI 1995 83  1799 1781 1784 1809 1833 1844 1834 1834 1832
371LEGASPI 1995 91  1836 1840 1812 1797 1797 1778 1768 1789 1799 1837 1850
371LEGASPI 1995 92  1853 1843 1839 1820 1795 1786 1773 1755 1763 1777 1791
371LEGASPI 1995 93  1784 1801 1840 1844 1800 1848 1906 1795
371LEGASPI 1995101  1639 1658 1674 1657 1691 1796 1815 1771 1782 1792 1777
371LEGASPI 1995102  1776 1780 1795 1787 1780 1757 1774 1791 1805 1793 1789
371LEGASPI 1995103  1821 1819 1809 1804 1813 1850 1802 1792 1810
371LEGASPI 1995111  1835 1873 1717 9999 9999 1690 1683 1684 1718 1727 1708
371LEGASPI 1995112  1698 1674 1696 1685 1702 1718 1740 1733 1712 1713 1731
371LEGASPI 1995113  1728 1736 1768 1775 1776 1774 1789 1816
371LEGASPI 1995121  1794 1808 1851 1856 1819 1815 1817 1838 1879 1865 1793
371LEGASPI 1995122  1776 1786 1749 1747 1779 1758 1793 1828 1822 1847 1858
371LEGASPI 1995123  1825 1806 1824 1864 1908 1835 1778 1770 9999
371LEGASPI 1996 11  9999 9999 9999 9999 9999 9999 9999 9999 9999 9999 9999
371LEGASPI 1996 12  9999 9999 9999 9999 9999 9999 9999 9999 9999 9999 9999
371LEGASPI 1996 13  9999 9999 9999 9999 9999 9999 9999 9999 9999
371LEGASPI 1996 21  9999 9999 9999 9999 9999 9999 9999 9999 9999 9999 9999
371LEGASPI 1996 22  9999 9999 9999 9999 9999 9999 9999 9999 9999 9999 9999
371LEGASPI 1996 23  9999 9999 9999 9999 9999 9999 9999
371LEGASPI 1996 31  9999 9999 9999 9999 9999 9999 9999 9999 9999 9999 9999
371LEGASPI 1996 32  9999 9999 9999 9999 9999 9999 9999 9999 9999 9999 9999
371LEGASPI 1996 33  9999 9999 9999 9999 9999 9999 9999 9999 9999
371LEGASPI 1996 41  9999 9999 9999 9999 9999 9999 9999 9999 9999 9999 9999
371LEGASPI 1996 42  9999 9999 9999 9999 9999 9999 9999 9999 9999 9999 9999
371LEGASPI 1996 43  9999 9999 9999 9999 9999 9999 9999 9999
371LEGASPI 1996 51  9999 9999 9999 9999 9999 9999 9999 9999 9999 9999 9999
371LEGASPI 1996 52  9999 9999 9999 9999 9999 9999 9999 9999 9999 9999 9999
371LEGASPI 1996 53  9999 9999 9999 9999 9999 9999 9999 9999 9999
371LEGASPI 1996 61  9999 9999 9999 9999 9999 9999 9999 9999 9999 9999 9999
371LEGASPI 1996 62  9999 9999 9999 9999 9999 9999 9999 9999 9999 9999 9999
371LEGASPI 1996 63  9999 9999 9999 9999 9999 9999 9999 9999
371LEGASPI 1996 71  9999 9999 9999 9999 9999 9999 9999 9999 9999 9999 9999
371LEGASPI 1996 72  9999 9999 9999 9999 9999 9999 9999 9999 9999 9999 9999
371LEGASPI 1996 73  9999 9999 9999 9999 9999 9999 9999 9999 9999
371LEGASPI 1996 81  9999 9999 9999 9999 9999 9999 9999 9999 9999 9999 9999
371LEGASPI 1996 82  9999 9999 9999 9999 9999 9999 9999 9999 9999 9999 9999
371LEGASPI 1996 83  9999 9999 9999 9999 9999 9999 9999 9999 9999
371LEGASPI 1996 91  9999 9999 9999 9999 9999 9999 9999 9999 9999 9999 9999
371LEGASPI 1996 92  9999 9999 9999 9999 9999 9999 9999 9999 9999 9999 9999
371LEGASPI 1996 93  9999 9999 9999 9999 9999 9999 9999 9999
371LEGASPI 1996101  9999 9999 9999 9999 9999 9999 9999 9999 9999 9999 9999
371LEGASPI 1996102  9999 9999 9999 9999 9999 9999 9999 9999 9999 9999 9999
371LEGASPI 1996103  9999 9999 9999 9999 9999 9999 9999 9999 9999
371LEGASPI 1996111  9999 9999 9999 9999 9999 9999 9999 9999 9999 9999 9999
371LEGASPI 1996112  9999 9999 9999 9999 9999 9999 9999 9999 9999 9999 9999
371LEGASPI 1996113  9999 9999 9999 9999 9999 9999 9999 9999
371LEGASPI 1996121  9999 9999 9999 9999 9999 9999 9999 9999 9999 9999 9999
371LEGASPI 1996122  9999 9999 9999 9999 9999 9999 9999 9999 9999 9999 9999
371LEGASPI 1996123  9999 9999 9999 9999 9999 9999 9999 9999 9999
371LEGASPI 1997 11  1857 1861 1855 1855 1856 1798 1781 1792 1816 1812 1802
371LEGASPI 1997 12  1777 1768 1735 1715 1704 1696 1701 1692 1698 1691 1704
371LEGASPI 1997 13  1716 1715 1716 1704 1699 1705 1693 1675 1658
371LEGASPI 1997 21  1668 1677 1690 1711 1717 1736 1732 1715 1717 1724 1720
371LEGASPI 1997 22  1711 1715 1732 1717 1691 1735 1778 1818 1815 1802 1821
371LEGASPI 1997 23  1814 1820 1826 1815 1813 1802
371LEGASPI 1997 31  1786 1733 1711 1713 1724 1770 1752 1717 1727 1719 1713
371LEGASPI 1997 32  1726 1751 1742 1707 1713 1705 1702 1728 1735 1731 1725
371LEGASPI 1997 33  1709 1700 1711 1715 1731 1737 1719 1721 1742
371LEGASPI 1997 41  1775 1763 1747 1746 1746 1747 1736 1732 1715 1696 1722
371LEGASPI 1997 42  1749 1746 1733 1733 1741 1741 1740 1720 1727 1728 1723
371LEGASPI 1997 43  1726 1737 1732 1734 1742 1741 1757 1781
371LEGASPI 1997 51  1766 1745 1754 1771 1771 1768 1753 1753 1755 9999 9999
371LEGASPI 1997 52  9999 1767 1765 1756 1740 1736 1733 1738 1742 1727 1724
371LEGASPI 1997 53  1722 1734 1739 1746 1772 1792 1776 1756 1755
371LEGASPI 1997 61  1765 1756 1752 1747 1767 1777 1785 1796 1817 1817 1812
371LEGASPI 1997 62  1813 1831 1840 1839 1838 1835 1846 1830 1803 1789 1806
371LEGASPI 1997 63  1838 1857 1848 1839 1830 1833 1844 1831
371LEGASPI 1997 71  1833 1826 1798 1787 1791 1797 1814 1809 1809 1826 1814
371LEGASPI 1997 72  1809 1812 1792 1794 1821 1824 1819 1823 1831 1838 1846
371LEGASPI 1997 73  1834 1829 1823 1814 1802 1805 1803 1799 1791
371LEGASPI 1997 81  1801 1814 1818 1833 1851 1867 1856 1830 1852 1845 1831
371LEGASPI 1997 82  1831 1841 1846 1856 1876 1890 1865 1858 1840 1818 1821
371LEGASPI 1997 83  1778 1792 1820 1828 1844 1834 1815 1779 1749
371LEGASPI 1997 91  1762 1766 1780 1762 1755 1765 1781 1781 1778 1765 1752
371LEGASPI 1997 92  1759 1759 1767 1787 1783 1776 1788 1779 1776 1743 1724
371LEGASPI 1997 93  1730 1721 1697 1689 1697 1680 1666 1666
371LEGASPI 1997101  1694 1718 1705 1703 1708 1718 1697 1667 1659 1681 1680
371LEGASPI 1997102  1670 1652 1659 1675 1677 1689 1726 1729 1726 1688 1636
371LEGASPI 1997103  1579 1573 1579 1578 1594 1597 1628 1645 1642
371LEGASPI 1997111  1639 1634 1635 1634 1633 1625 1603 1613 1629 1623 1639
371LEGASPI 1997112  1673 1674 1665 1697 1676 1675 1710 1728 1741 1694 1641
371LEGASPI 1997113  1635 1639 1641 1628 1627 1632 1642 1664
371LEGASPI 1997121  1671 1705 1752 1761 1765 1769 1745 1742 1738 1759 1790
371LEGASPI 1997122  1756 1730 1751 1724 1710 1704 1670 1669 1695 1697 1689
371LEGASPI 1997123  1717 1726 1709 1693 1658 1643 1624 1621 1658
371LEGASPI 1998 11  1695 1712 1692 1649 1664 1672 1659 1651 1650 1636 1629
371LEGASPI 1998 12  1654 1666 1670 1677 1649 1633 1623 1609 1617 1616 1615
371LEGASPI 1998 13  1603 1616 1629 1637 1667 1629 1624 1605 1607
371LEGASPI 1998 21  1645 1610 1611 1636 1652 1629 1634 1649 1637 1621 1615
371LEGASPI 1998 22  1589 1584 1596 1597 1599 1586 1597 1614 1625 1630 1609
371LEGASPI 1998 23  1616 1641 1650 1645 1635 1658
371LEGASPI 1998 31  1673 1678 1677 1659 1656 1652 1658 1681 1680 1661 1656
371LEGASPI 1998 32  1652 1692 1717 1712 1689 1683 1710 1724 1725 1711 1669
371LEGASPI 1998 33  1679 1722 1744 1746 1735 1752 1756 1759 1770
371LEGASPI 1998 41  1779 1773 1787 1759 1749 1739 1734 1750 1742 1734 1736
371LEGASPI 1998 42  1742 1751 1753 1747 1735 1742 1759 1766 1749 1752 1759
371LEGASPI 1998 43  1764 1770 1780 1791 1780 1771 1775 1775
371LEGASPI 1998 51  1768 1745 1754 1765 1759 1763 1761 1758 1751 1742 1772
371LEGASPI 1998 52  1780 1771 1788 1805 1802 1770 1763 1770 1768 1772 1768
371LEGASPI 1998 53  1784 1787 1777 1758 1726 1704 1735 1761 1768
371LEGASPI 1998 61  1802 1825 1794 1771 1772 1773 1777 1787 1784 1770 1747
371LEGASPI 1998 62  1746 1761 1756 1757 1790 1806 1806 1806 1809 1813 1816
371LEGASPI 1998 63  1831 1834 1815 1813 1798 1787 1803 1814
371LEGASPI 1998 71  1811 1824 1841 1829 1822 1817 1826 1835 1837 1839 1839
371LEGASPI 1998 72  1840 1844 1853 1870 1870 1882 1898 1908 1913 1917 1922
371LEGASPI 1998 73  1932 1940 1932 1943 1951 1929 1909 1915 1917
371LEGASPI 1998 81  1910 1888 1862 1868 1852 1849 1856 1867 1873 1872 1865
371LEGASPI 1998 82  1873 1915 1913 1883 1855 1844 1847 1862 1866 1873 1886
371LEGASPI 1998 83  1901 1915 1928 1916 1901 1888 1900 1897 1901
371LEGASPI 1998 91  1929 1925 1918 1904 1890 1881 1906 1942 1948 1941 1960
371LEGASPI 1998 92  1957 1931 1905 1893 1894 1925 1932 1927 1932 1921 1907
371LEGASPI 1998 93  1930 1945 1961 1960 1952 1921 1922 1930
371LEGASPI 1998101  1926 1945 1953 1959 1956 1960 1954 1955 1968 1962 1953
371LEGASPI 1998102  1975 2011 1988 1960 1895 1868 1875 1854 1855 1838 1770
371LEGASPI 1998103  1751 1756 1738 1754 1763 1791 1838 1849 1865
371LEGASPI 1998111  1860 1873 1881 1886 1889 1885 1909 1924 1874 1849 1860
371LEGASPI 1998112  1890 1866 1835 1826 1815 1839 1825 1814 1827 1829 1867
371LEGASPI 1998113  1890 1846 1839 1845 1829 1851 1847 1852
371LEGASPI 1998121  1916 1954 1983 1994 1998 2016 1992 2001 2012 2030 1946
371LEGASPI 1998122  1836 1818 1773 1763 1740 1749 1738 1719 1750 1755 1753
371LEGASPI 1998123  1761 1778 1811 1863 1891 1850 1868 1908 1908
371LEGASPI 1999 11  1901 1877 1857 1867 1862 1853 1854 1862 1872 1859 1856
371LEGASPI 1999 12  1856 1844 1867 1861 1881 1892 1895 1871 1855 1867 1872
371LEGASPI 1999 13  1884 1862 1866 1886 1898 1890 1873 1878 1897
371LEGASPI 1999 21  1919 1909 1918 1926 1909 1914 1906 1866 1836 1811 1768
371LEGASPI 1999 22  1749 1774 1800 1827 1827 1841 1852 1852 1844 1844 1842
371LEGASPI 1999 23  1822 1832 1848 1848 1839 1855
371LEGASPI 1999 31  1893 1944 1956 1948 1952 1952 1928 1907 1893 1900 1911
371LEGASPI 1999 32  1890 1894 1896 1892 1898 1893 1906 1903 1911 1899 1879
371LEGASPI 1999 33  1897 1920 1921 1915 1910 1914 1949 1950 1923
371LEGASPI 1999 41  1889 1856 1842 1826 1843 1862 1853 1859 1860 1846 1842
371LEGASPI 1999 42  1858 1866 1855 1849 1863 1869 1870 1883 1873 1869 1899
371LEGASPI 1999 43  1903 1896 1899 1902 1902 1898 1904 1872
371LEGASPI 1999 51  1841 1838 1840 1843 1826 1801 1797 1806 1823 1844 1843
371LEGASPI 1999 52  1856 1879 1895 1917 1920 1919 1914 1888 1883 1894 1902
371LEGASPI 1999 53  1908 1924 1930 1911 1889 1895 1897 1888 1886
371LEGASPI 1999 61  1876 1868 1898 1926 1902 1854 1832 1824 1853 1895 1914
371LEGASPI 1999 62  1898 1895 1879 1879 1889 1890 1882 1862 1867 1867 1879
371LEGASPI 1999 63  1875 1854 1845 1825 1813 1828 1848 1863
371LEGASPI 1999 71  1876 1874 1868 1878 1891 1895 1901 1912 1917 1906 1900
371LEGASPI 1999 72  1923 1936 1942 1937 1930 1946 1951 1954 1954 1939 1954
371LEGASPI 1999 73  1940 1925 1921 1894 1896 1933 1946 1952 1938
371LEGASPI 1999 81  1912 1918 1931 9999 9999 1916 1902 1907 1917 1913 1925
371LEGASPI 1999 82  1929 1926 1930 1931 1945 1951 1955 1933 1899 1875 1836
371LEGASPI 1999 83  1796 1803 1824 1824 1825 1842 1870 1904 1927
371LEGASPI 1999 91  1970 1948 1911 1872 1858 1862 1873 1886 1906 1940 1936
371LEGASPI 1999 92  1917 1891 1859 1822 1801 1835 1877 1865 1858 1882 1917
371LEGASPI 1999 93  1927 1910 1912 1933 1942 1916 1905 1926
371LEGASPI 1999101  1926 1906 1921 1935 1912 1899 1892 1863 1874 1913 1906
371LEGASPI 1999102  1911 1944 1957 1965 1959 1947 1942 1933 1965 1981 1943
371LEGASPI 1999103  1940 1954 1956 1962 1963 1960 1945 1945 1922
371LEGASPI 1999111  9999 9999 9999 9999 9999 9999 9999 9999 9999 1935 1938
371LEGASPI 1999112  1899 1919 1908 1898 1904 1941 1957 1936 1916 1898 1872
371LEGASPI 1999113  1881 1876 1852 1849 1865 1862 1880 1881
371LEGASPI 1999121  1876 1883 1874 1875 1902 1895 1882 1866 1895 1926 1892
371LEGASPI 1999122  1875 1872 1860 1841 1838 1850 1886 1871 1881 1927 1921
371LEGASPI 1999123  1901 1903 1860 1809 1807 1802 1805 1780 1801
371LEGASPI 2000 11  1852 1865 1883 1873 1883 1879 1870 1872 1858 1862 1869
371LEGASPI 2000 12  1856 1855 1854 1844 1830 1837 1829 1808 1806 1826 1776
371LEGASPI 2000 13  1693 1673 1664 1698 1728 1721 1656 1594 1691
371LEGASPI 2000 21  1872 1906 1871 1839 1783 1781 1813 1822 1850 1855 1842
371LEGASPI 2000 22  1855 1848 1845 1850 1890 1903 1889 1876 1855 1853 1864
371LEGASPI 2000 23  1873 1866 1868 1865 1877 1863 1858
371LEGASPI 2000 31  1890 1913 1935 1915 1899 1877 1845 1860 1879 1882 1888
371LEGASPI 2000 32  1888 1888 1921 1927 1942 1961 1932 1907 1912 1887 1887
371LEGASPI 2000 33  1892 1873 1893 1922 9999 9999 1912 1966 1976
371LEGASPI 2000 41  1929 1896 1910 1954 1948 1935 1928 1926 1904 1881 1881
371LEGASPI 2000 42  1895 1911 1912 1882 1889 1896 1886 1882 1866 1859 1862
371LEGASPI 2000 43  1850 1850 1854 1851 1859 1859 1861 1902
371LEGASPI 2000 51  1955 1947 1925 1934 1923 1924 1909 1938 1950 1932 1919
371LEGASPI 2000 52  1894 1880 1863 1841 1861 1885 1907 1912 1900 1870 1860
371LEGASPI 2000 53  1879 1901 1912 1880 1885 1899 1890 1893 1894
371LEGASPI 2000 61  1888 1864 1877 1912 1901 1880 1886 1870 1848 1841 1842
371LEGASPI 2000 62  1864 1859 1848 1841 1832 1829 1822 1828 1833 1841 1883
371LEGASPI 2000 63  1874 1858 1851 1870 1872 1865 1890 1877
371LEGASPI 2000 71  1871 1897 1912 1879 1813 1815 1829 1814 1829 1801 1765
371LEGASPI 2000 72  1807 1960 2017 1947 1923 1945 1981 2024 2022 2016 2053
371LEGASPI 2000 73  2059 2024 2006 1963 1926 1939 1930 1933 1941
371LEGASPI 2000 81  1933 1943 1952 1957 1947 1934 1922 1920 1934 1935 1929
371LEGASPI 2000 82  1914 1904 1890 1895 1929 1942 1939 1930 1918 1911 1876
371LEGASPI 2000 83  1870 1911 1965 1972 1955 1948 1967 1967 1943
371LEGASPI 2000 91  1911 1910 1935 1931 1932 1928 1916 1914 1919 1952 1934
371LEGASPI 2000 92  1929 1931 1937 1908 1882 1889 1909 1925 1910 1899 1896
371LEGASPI 2000 93  1906 1915 1908 1901 1906 1907 1907 1897
371LEGASPI 2000101  1895 1897 1893 1889 1882 1882 1886 1901 1892 1881 1883
371LEGASPI 2000102  1914 1910 1929 1942 1919 1906 1923 1916 1889 1874 1879
371LEGASPI 2000103  1885 1874 1884 1916 1971 9999 9999 1859 1783
371LEGASPI 2000111  1806 1777 1749 1817 1822 1781 1812 1825 1864 1864 1868
371LEGASPI 2000112  1906 1931 1907 1903 1889 1849 1874 1874 1879 1870 1878
371LEGASPI 2000113  1885 1899 1878 1875 1868 1883 1932 2027
371LEGASPI 2000121  1989 1910 1933 1927 1927 1974 2012 1938 1929 1895 1874
371LEGASPI 2000122  1863 1855 1875 1900 1875 1871 1888 1877 1856 1875 1901
371LEGASPI 2000123  1909 9999 9999 9999 9999 9999 9999 1899 1924
371LEGASPI 2001 11  1904 1855 1853 1834 1832 9999 9999 1854 1871 1840 1813
371LEGASPI 2001 12  1818 1835 1878 1888 1879 1900 1915 1895 1863 1867 1849
371LEGASPI 2001 13  1817 1822 1822 1830 1846 1839 1880 1911 1881
371LEGASPI 2001 21  1850 1832 1808 1823 1826 1822 1824 1845 1881 1883 1906
371LEGASPI 2001 22  1884 1880 1894 1867 1854 1884 1914 1879 1864 1848 1802
371LEGASPI 2001 23  1783 1794 1839 1860 1883 1906
371LEGASPI 2001 31  1881 1881 9999 9999 1894 1846 1863 1858 1864 1879 1886
371LEGASPI 2001 32  1874 1870 1848 1867 1864 1862 1850 1849 1839 1822 1841
371LEGASPI 2001 33  1857 9999 9999 1882 1891 1892 1900 1889 9999
371LEGASPI 2001 41  9999 1919 1899 1911 1899 1909 1922 1922 1933 1928 1932
371LEGASPI 2001 42  1946 1928 1894 1893 1890 1893 1916 1919 1940 1938 1920
371LEGASPI 2001 43  1927 1922 1915 1899 1905 1920 1915 1921
371LEGASPI 2001 51  1920 1915 1907 9999 1884 1881 1906 1947 1912 1854 1830
371LEGASPI 2001 52  1852 1828 1812 1815 1839 1860 1872 1906 1919 1903 1898
371LEGASPI 2001 53  1888 1893 1917 1909 1905 1910 1923 1935 1941
371LEGASPI 2001 61  1935 1935 1937 1942 1934 1931 1926 1925 1916 1903 1890
371LEGASPI 2001 62  1897 1898 1909 1934 1967 1979 1955 1937 1935 1935 1901
371LEGASPI 2001 63  1872 1866 1879 1926 1950 1958 1947 1935
371LEGASPI 2001 71  1938 1960 2005 2015 1979 1884 1834 1871 1914 1907 1909
371LEGASPI 2001 72  1915 1900 1909 1895 1896 1931 1933 1923 9999 9999 9999
371LEGASPI 2001 73  1956 1946 1942 1951 1945 1939 1923 1906 1912
371LEGASPI 2001 81  1937 1964 1946 1907 1890 1930 1951 1938 1921 1928 1951
371LEGASPI 2001 82  1971 1970 1942 1916 1923 1932 1938 1921 1883 1887 1898
371LEGASPI 2001 83  1904 1938 1929 1917 1914 1877 1877 1889 1925
371LEGASPI 2001 91  1964 1973 1965 1973 1975 1963 1959 1925 1908 1922 1927
371LEGASPI 2001 92  1925 1926 1932 1925 1914 1926 1936 1932 1934 1925 1927
371LEGASPI 2001 93  1889 1871 1873 1844 1834 1826 9999 9999
371LEGASPI 2001101  1842 1844 1850 1870 1881 1884 1884 1891 1934 1911 1875
371LEGASPI 2001102  1879 1896 1900 1887 1867 1892 1921 1908 9999 9999 1891
371LEGASPI 2001103  1854 1830 1847 1868 1866 1844 1867 1879 1848
371LEGASPI 2001111  1813 1824 1821 1840 1880 1919 1908 1922 1927 1913 1862
371LEGASPI 2001112  1844 1880 1905 1887 1831 1885 1917 1917 1940 1943 1945
371LEGASPI 2001113  9999 9999 9999 1896 1858 1840 9999 9999
371LEGASPI 2001121  1706 1704 1693 1710 1767 1817 1784 1755 1720 1662 1702
371LEGASPI 2001122  1718 1701 1691 1712 1732 1759 1725 1675 1700 1719 1726
371LEGASPI 2001123  1707 1699 1728 1693 1685 1670 1668 1706 1705
371LEGASPI 2002 11  1726 1727 1731 1745 1766 1767 1738 1744 1745 1736 1755
371LEGASPI 2002 12  1773 1736 1726 1757 1743 1767 1790 1797 1799 1790 1807
371LEGASPI 2002 13  1832 1841 1804 1769 1762 9999 9999 9999 1791
371LEGASPI 2002 21  1805 1761 1754 1766 1784 1782 1761 1759 1777 1782 1805
371LEGASPI 2002 22  1833 1819 1789 1809 1800 1763 1776 1770 1775 1757 1757
371LEGASPI 2002 23  1728 1736 1766 1801 1819 1779
371LEGASPI 2002 31  1781 1792 1820 1848 1857 1864 1843 1822 1826 1824 1810
371LEGASPI 2002 32  1796 1799 1787 1791 1792 1800 1811 1797 1809 1836 1825
371LEGASPI 2002 33  1815 1824 1778 1793 1828 1828 1814 1853 1871
371LEGASPI 2002 41  1853 1854 1849 1799 1776 1779 1782 1779 1788 1778 1769
371LEGASPI 2002 42  1768 1758 1772 1781 1758 1745 1734 1728 1729 1757 1772
371LEGASPI 2002 43  1762 1759 1767 1766 1780 1788 1785 1788
371LEGASPI 2002 51  1789 1787 1794 1807 1812 1828 1853 1853 1851 1846 1854
371LEGASPI 2002 52  1857 1854 1843 1846 1840 1853 1867 1865 1880 1881 1867
371LEGASPI 2002 53  9999 9999 1866 1863 1869 1853 1846 1847 1849
371LEGASPI 2002 61  1863 1882 1889 1877 1882 1908 1896 1879 1867 1871 1907
371LEGASPI 2002 62  1900 1887 1879 1871 1875 1886 1874 1879 1884 1886 1873
371LEGASPI 2002 63  1862 1890 1895 1906 1928 1942 1951 2005
371LEGASPI 2002 71  2006 1962 1919 1922 1900 1884 1899 1906 1893 1881 1891
371LEGASPI 2002 72  1931 1955 1941 1948 1930 1932 1957 2005 1924 1905 1940
371LEGASPI 2002 73  1878 1878 1889 1896 1884 1857 1851 1887 1922
371LEGASPI 2002 81  1895 1886 1861 1838 1816 1819 1840 1863 1883 1869 1897
371LEGASPI 2002 82  1924 1924 1924 1911 1865 1822 1788 1798 1820 1860 1874
371LEGASPI 2002 83  1874 1872 1854 1848 1856 1920 1867 1820 9999
371LEGASPI 2002 91  9999 9999 9999 9999 9999 9999 1840 1855 1874 1849 1812
371LEGASPI 2002 92  1792 1800 1807 1834 1889 1895 1888 1888 1892 1862 1837
371LEGASPI 2002 93  1814 1813 1816 1826 1845 1837 1807 1796
371LEGASPI 2002101  1806 1807 1803 1814 1836 1856 1870 1855 1816 1838 1842
371LEGASPI 2002102  1799 1779 1777 1760 1753 1773 1809 1828 1845 1868 1857
371LEGASPI 2002103  1863 1852 1846 1829 1833 1822 1817 1810 1771
371LEGASPI 2002111  1707 1710 1713 1741 1768 1734 1710 1663 1676 1685 1722
371LEGASPI 2002112  1742 1698 1694 1693 1687 1704 1758 1759 1747 1727 1712
371LEGASPI 2002113  1700 1697 1661 1662 1682 1673 1674 1715
371LEGASPI 2002121  1764 1780 1779 1762 1740 1754 1777 1764 1748 1781 1789
371LEGASPI 2002122  1775 1781 1742 1747 1774 1758 1720 1751 1774 1744 1757
371LEGASPI 2002123  1790 1803 1810 1826 1810 1814 1810 1792 9999
371LEGASPI 2003 11  9999 9999 9999 9999 9999 9999 9999 9999 9999 9999 9999
371LEGASPI 2003 12  9999 9999 9999 9999 9999 9999 9999 9999 9999 9999 9999
371LEGASPI 2003 13  9999 9999 9999 9999 9999 9999 9999 9999 9999
371LEGASPI 2003 21  9999 9999 9999 9999 9999 9999 9999 9999 9999 9999 9999
371LEGASPI 2003 22  9999 9999 9999 9999 9999 9999 9999 9999 9999 9999 9999
371LEGASPI 2003 23  9999 9999 9999 9999 9999 9999
371LEGASPI 2003 31  9999 9999 9999 9999 9999 9999 9999 9999 9999 9999 9999
371LEGASPI 2003 32  9999 9999 9999 9999 9999 9999 9999 9999 9999 9999 9999
371LEGASPI 2003 33  9999 9999 9999 9999 9999 9999 9999 9999 9999
371LEGASPI 2003 41  9999 1837 1809 1816 1809 1803 1810 1815 1801 1779 1786
371LEGASPI 2003 42  1796 1825 1848 1849 1841 1843 1863 1884 1872 1882 1865
371LEGASPI 2003 43  1865 1865 1838 1827 1816 1811 1816 1816
371LEGASPI 2003 51  1818 1810 1799 1810 1821 1812 1811 1822 1845 1863 1872
371LEGASPI 2003 52  1891 1902 1904 1907 1902 1903 1904 1889 1872 1879 1895
371LEGASPI 2003 53  1919 1923 1925 1925 1902 1866 1853 1840 1814
371LEGASPI 2003 61  1806 1789 1769 1774 1824 1871 1854 1845 1847 1862 1875
371LEGASPI 2003 62  1846 1838 1894 1897 1839 1841 1812 1791 1822 1837 1818
371LEGASPI 2003 63  1778 1783 1791 1782 1791 1785 1799 1801
371LEGASPI 2003 71  1828 1841 1844 1863 1889 1902 1891 1898 1883 1863 1857
371LEGASPI 2003 72  1865 1885 1888 1892 1914 1949 1904 1883 1916 1915 1878
371LEGASPI 2003 73  1865 1837 1822 1829 1848 1874 1875 1886 1924
371LEGASPI 2003 81  1952 1952 1902 1913 1938 1932 1923 1931 1950 1949 1948
371LEGASPI 2003 82  1947 1966 1991 2004 1990 1983 1969 1956 1955 1940 1917
371LEGASPI 2003 83  1910 1903 1902 1919 1941 1926 1917 1930 1952
371LEGASPI 2003 91  1935 1887 1860 1846 1878 1885 1872 1879 1900 1919 1930
371LEGASPI 2003 92  1914 1887 1889 1903 1894 1891 1876 1855 1837 1829 1838
371LEGASPI 2003 93  1859 1875 1887 1894 1892 1895 1886 1880
371LEGASPI 2003101  1874 1854 9999 9999 9999 9999 9999 9999 9999 9999 1852
371LEGASPI 2003102  1861 1870 1862 1847 1862 1897 1916 1922 1916 1921 1934
371LEGASPI 2003103  1948 1953 9999 9999 9999 1868 1879 1928 1924
371LEGASPI 2003111  1886 1872 1844 1833 1837 1834 1829 1825 1833 1830 1816
371LEGASPI 2003112  1836 1913 1930 1821 1822 1813 1801 1827 1836 1810 1784
371LEGASPI 2003113  1795 1822 1833 1837 1834 1864 1886 1879
371LEGASPI 2003121  1852 1836 1830 1802 1780 1763 1758 1754 1745 1772 1774
371LEGASPI 2003122  1771 1758 1753 1810 1807 1768 1737 1722 1753 1752 1754
371LEGASPI 2003123  1731 1715 1723 1769 1818 1756 1746 1744 1710
371LEGASPI 2004 11  1767 1773 1753 1727 1720 1710 1693 1697 1701 1718 1742
371LEGASPI 2004 12  1760 1767 1759 1758 1763 1754 1749 1744 1765 1763 1777
371LEGASPI 2004 13  1793 1782 1823 1806 1808 1815 1770 1758 1765
371LEGASPI 2004 21  1754 1733 1724 1732 1764 1777 1800 1797 1794 1800 1807
371LEGASPI 2004 22  1822 1799 1747 1741 1732 1744 1767 1770 1785 1791 1805
371LEGASPI 2004 23  1830 1819 1810 1824 1815 1803 1794
371LEGASPI 2004 31  1779 1769 1801 1827 1842 1848 1844 1875 1882 1854 1803
371LEGASPI 2004 32  1786 1776 1782 1807 1832 1848 1883 1942 1961 1902 1902
371LEGASPI 2004 33  1893 1864 1861 1832 1818 1818 1807 1801 1818
371LEGASPI 2004 41  1827 1819 1837 1847 1861 1856 1859 1849 1822 1844 1874
371LEGASPI 2004 42  1895 1891 1887 1887 1891 1896 1881 1878 1856 1849 1866
371LEGASPI 2004 43  1869 1852 1846 1863 1880 1884 1886 1905
371LEGASPI 2004 51  1909 1908 1916 1918 1916 1895 1896 1889 1890 1892 1876
371LEGASPI 2004 52  1889 1889 1910 1935 1986 1879 1813 1925 1878 1875 1879
371LEGASPI 2004 53  1854 1813 1825 1847 1871 1871 1889 1900 1924
371LEGASPI 2004 61  1920 1901 1895 1904 1902 1899 1889 1886 1904 1896 1895
371LEGASPI 2004 62  1912 1922 1943 1951 1944 1956 1955 1911 1887 1893 1864
371LEGASPI 2004 63  1848 1885 1923 1944 1956 1989 2000 1970
371LEGASPI 2004 71  1908 1860 1840 1841 1878 1892 1934 1936 1926 1921 1911
371LEGASPI 2004 72  1908 1912 1915 1900 1885 1896 1919 1925 1933 1938 1932
371LEGASPI 2004 73  1943 1955 1956 1953 1945 1951 1966 1974 1972
371LEGASPI 2004 81  1981 1974 1968 1960 1939 1924 1917 1913 1901 1905 1887
371LEGASPI 2004 82  1845 1848 1879 1914 1910 1873 1853 1858 1887 1915 1909
371LEGASPI 2004 83  1889 1896 1903 1901 1890 1890 1898 1892 1925
371LEGASPI 2004 91  1953 1940 1927 1907 1877 1832 1784 1743 1759 1782 1799
371LEGASPI 2004 92  1782 1757 1783 1818 1805 1759 1772 1795 1777 1784 1803
371LEGASPI 2004 93  1813 1819 1822 1831 1850 1867 1851 1850
371LEGASPI 2004101  1849 1852 1850 1830 9999 9999 9999 9999 9999 9999 9999
371LEGASPI 2004102  9999 9999 9999 9999 1893 1914 1883 1842 1818 1806 1813
371LEGASPI 2004103  1834 1811 1777 1794 1833 1832 9999 9999 1773
371LEGASPI 2004111  1771 1767 1778 1765 1755 1768 1763 1768 1772 1762 1752
371LEGASPI 2004112  1714 1732 1778 1854 1869 1767 1794 1883 1832 1816 1807
371LEGASPI 2004113  1738 1726 1725 1715 1731 1777 1723 1744
371LEGASPI 2004121  1876 1839 1718 1727 1707 1704 1755 1751 1755 1727 1716
371LEGASPI 2004122  1721 1725 1760 1748 1755 1767 1798 1791 1763 1759 1744
371LEGASPI 2004123  1739 1729 1714 1718 1739 1727 1725 1735 1687
371LEGASPI 2005 11  1721 1737 1721 1733 1711 1670 1652 1661 1656 1648 1656
371LEGASPI 2005 12  1660 1670 1698 1710 1674 1680 1667 1619 1596 1590 1613
371LEGASPI 2005 13  1600 1624 1641 1650 1665 1652 1677 1685 1680
371LEGASPI 2005 21  1698 1687 1696 1665 1633 1640 1622 1645 1666 1663 1686
371LEGASPI 2005 22  1694 1687 1697 1684 1679 1683 1683 1690 1704 1720 1727
371LEGASPI 2005 23  1734 1715 1685 1667 1670 1685
371LEGASPI 2005 31  1694 1701 1676 1660 1662 1730 1729 1707 1718 1726 1757
371LEGASPI 2005 32  1763 1760 1767 1775 1788 1800 1744 1771 1775 1789 1784
371LEGASPI 2005 33  1749 1758 1769 1786 1788 1785 1804 1819 1791
371LEGASPI 2005 41  1797 1801 1796 1819 1835 1832 1842 1831 1802 1819 1819
371LEGASPI 2005 42  1787 1766 1781 1796 1801 1810 1816 1818 1798 1796 1805
371LEGASPI 2005 43  1804 1804 1816 1805 1776 1763 1764 1774
371LEGASPI 2005 51  1791 1820 1845 1852 1852 1851 1839 1830 1832 1811 1805
371LEGASPI 2005 52  1800 1805 1807 1803 1817 1833 1866 1886 1879 1874 1857
371LEGASPI 2005 53  1837 1838 1821 1809 1826 1851 1851 1843 1859
371LEGASPI 2005 61  1875 1895 1882 1885 1884 1887 1903 1878 1855 1860 1871
371LEGASPI 2005 62  1880 1882 1880 1882 1877 1867 1872 1888 1879 1864 1863
371LEGASPI 2005 63  1891 1897 1908 1918 1921 1914 1907 1907
371LEGASPI 2005 71  1934 1948 1959 1950 1901 1883 1880 1898 1907 1900 1925
371LEGASPI 2005 72  1911 1919 1932 1951 1964 1958 1938 1912 1901 1924 1946
371LEGASPI 2005 73  1943 1942 1970 1981 1964 1943 1952 1954 1948
371LEGASPI 2005 81  1976 2002 1988 1968 1958 1958 1968 1946 1934 1955 1968
371LEGASPI 2005 82  1927 1868 1864 1889 1928 1926 1882 1902 1928 1944 1942
371LEGASPI 2005 83  1946 1941 1956 1988 1965 1936 1944 1976 1966
371LEGASPI 2005 91  1941 1949 1973 1965 1956 1918 1905 1905 1915 1926 1886
371LEGASPI 2005 92  1881 1929 1940 1924 1857 1847 1830 1866 1869 1861 1846
371LEGASPI 2005 93  1778 1747 1785 1796 1786 1808 1838 1842
371LEGASPI 2005101  1835 1829 1833 1826 1828 1829 1816 1802 1794 1793 1834
371LEGASPI 2005102  1858 1875 1883 1885 1887 1868 1887 1882 1913 1890 1869
371LEGASPI 2005103  1888 1884 1901 1914 1890 1864 1897 1895 1884
371LEGASPI 2005111  1888 1894 1903 1885 1867 1852 1842 1879 1912 1901 1903
371LEGASPI 2005112  1936 1916 1924 1949 1966 1983 1993 1997 1985 1972 1914
371LEGASPI 2005113  1870 1848 1876 1872 1870 1845 1871 1856
371LEGASPI 2005121  1809 1819 1804 1785 1809 1824 1892 1920 1906 1886 1869
371LEGASPI 2005122  1867 1845 1851 1856 1874 1874 1910 1881 1870 1869 1850
371LEGASPI 2005123  1858 1837 1863 1833 1820 1833 1825 9999 9999
371LEGASPI 2006 11  1898 1888 1892 1912 1889 1871 1849 1868 1859 1836 1790
371LEGASPI 2006 12  1772 1757 1754 1771 1773 1785 1789 1772 1755 1758 1820
371LEGASPI 2006 13  1876 1854 1758 1754 1761 1753 1737 1710 1708
371LEGASPI 2006 21  1743 1770 1792 1817 1843 1841 1860 1851 1831 1820 1814
371LEGASPI 2006 22  1813 1863 1928 1936 1922 1910 1928 1941 1971 1962 1964
371LEGASPI 2006 23  1906 1859 1862 1862 1867 1895
371LEGASPI 2006 31  1897 1885 1883 1905 1887 1852 1850 1870 1892 1889 1891
371LEGASPI 2006 32  1914 1895 1873 1883 1902 1915 1894 1849 1884 1916 1943
371LEGASPI 2006 33  1950 1947 1958 1945 1959 1958 1951 1955 1961
371LEGASPI 2006 41  1956 1929 1927 1942 1951 1926 1924 1980 1958 1926 1941
371LEGASPI 2006 42  1967 1966 1968 1981 1999 2020 2005 1988 1962 1954 1975
371LEGASPI 2006 43  1979 1989 2014 2001 1994 2013 2008 2009
371LEGASPI 2006 51  1983 1990 1994 1991 2006 2023 2019 2025 2034 2042 2144
371LEGASPI 2006 52  2010 1812 1857 1846 1828 1817 1827 1834 1911 1933 1912
371LEGASPI 2006 53  1918 1922 1914 1900 1875 1885 1901 1885 1877
371LEGASPI 2006 61  1849 1832 1831 1811 1794 1791 1827 1893 1918 1917 1921
371LEGASPI 2006 62  1940 1950 1945 1969 1986 1978 1984 1986 1986 1969 1957
371LEGASPI 2006 63  1952 1957 1934 1911 1913 1914 1913 9999
371LEGASPI 2006 71  9999 9999 9999 9999 9999 9999 9999 9999 9999 9999 9999
371LEGASPI 2006 72  9999 9999 9999 9999 9999 9999 9999 9999 9999 9999 9999
371LEGASPI 2006 73  9999 9999 9999 9999 9999 9999 9999 9999 9999
371LEGASPI 2006 81  9999 9999 9999 9999 9999 9999 9999 9999 9999 9999 9999
371LEGASPI 2006 82  9999 9999 9999 9999 9999 9999 9999 9999 9999 9999 9999
371LEGASPI 2006 83  9999 9999 9999 9999 9999 9999 9999 9999 9999
371LEGASPI 2006 91  9999 9999 9999 9999 9999 9999 9999 9999 9999 9999 9999
371LEGASPI 2006 92  9999 9999 9999 9999 9999 9999 9999 9999 9999 9999 9999
371LEGASPI 2006 93  9999 9999 9999 9999 9999 9999 9999 9999
371LEGASPI 2006101  9999 9999 9999 9999 9999 9999 9999 9999 9999 9999 9999
371LEGASPI 2006102  9999 9999 9999 9999 9999 9999 9999 9999 9999 9999 9999
371LEGASPI 2006103  9999 9999 9999 9999 9999 9999 9999 9999 9999
371LEGASPI 2006111  9999 9999 9999 9999 9999 9999 9999 9999 9999 9999 9999
371LEGASPI 2006112  9999 9999 9999 9999 9999 9999 9999 9999 9999 9999 9999
371LEGASPI 2006113  9999 9999 9999 9999 9999 9999 9999 9999
371LEGASPI 2006121  9999 9999 9999 9999 9999 9999 9999 9999 9999 9999 9999
371LEGASPI 2006122  9999 9999 9999 9999 9999 9999 9999 9999 9999 9999 9999
371LEGASPI 2006123  9999 9999 9999 9999 9999 9999 9999 9999 9999
371LEGASPI 2007 11  9999 9999 9999 9999 9999 9999 9999 9999 9999 9999 9999
371LEGASPI 2007 12  9999 9999 9999 9999 9999 9999 9999 9999 9999 9999 9999
371LEGASPI 2007 13  9999 9999 9999 9999 9999 9999 9999 9999 9999
371LEGASPI 2007 21  9999 9999 9999 9999 9999 9999 9999 9999 9999 9999 9999
371LEGASPI 2007 22  9999 9999 9999 9999 9999 9999 9999 9999 9999 9999 9999
371LEGASPI 2007 23  9999 1847 1823 1830 1823 1811
371LEGASPI 2007 31  1823 1787 1780 1769 1747 1743 1758 1752 1714 1693 1674
371LEGASPI 2007 32  1670 1670 1682 1692 1685 1701 1707 1702 1711 1722 1698
371LEGASPI 2007 33  1675 1671 1675 1672 1650 1652 1659 1658 1663
371LEGASPI 2007 41  1652 1654 1676 1684 1679 1672 1666 1632 1620 1634 1638
371LEGASPI 2007 42  1638 1637 1655 1669 1662 1668 1663 1656 1655 1655 1654
371LEGASPI 2007 43  1651 1653 1647 1655 1661 1668 1647 1622
371LEGASPI 2007 51  1617 9999 9999 9999 9999 9999 9999 9999 1863 1867 1860
371LEGASPI 2007 52  1865 1880 1875 1869 1844 1835 1837 1831 1846 1850 1848
371LEGASPI 2007 53  1849 1847 1852 1846 1841 1855 1858 1853 1841
371LEGASPI 2007 61  1833 1830 1829 1828 1837 1825 1819 1816 1819 1835 1840
371LEGASPI 2007 62  1834 1831 1832 1832 1840 1846 1852 1868 1895 1899 1869
371LEGASPI 2007 63  1843 1835 1838 1841 1831 1824 1830 1827
371LEGASPI 2007 71  1816 1820 1844 1871 1891 1916 1928 1914 1909 1911 1892
371LEGASPI 2007 72  1870 1850 1827 1831 1839 1847 1870 1872 1886 1897 1909
371LEGASPI 2007 73  1904 1898 1904 1910 1912 1913 1904 1907 1931
371LEGASPI 2007 81  1953 1952 1935 1938 1944 1943 1949 1937 1905 1889 1881
371LEGASPI 2007 82  1883 1917 1947 1961 1947 1953 1931 1912 1888 1888 1880
371LEGASPI 2007 83  1894 1906 1915 1908 1893 1875 1862 1867 1885
371LEGASPI 2007 91  1881 1851 1842 1860 1862 1867 1859 1860 1871 1874 1891
371LEGASPI 2007 92  1899 1887 1875 1866 1859 1834 1821 1827 1817 1797 1784
371LEGASPI 2007 93  1778 1781 1804 1839 1871 1904 1904 1876
371LEGASPI 2007101  1838 1822 1819 1830 1846 1849 1852 1853 1853 1842 1772
371LEGASPI 2007102  1794 1841 1837 1845 1857 1868 1883 1856 1852 1858 1885
371LEGASPI 2007103  1900 1884 1866 1864 1898 1888 1846 1876 1883
371LEGASPI 2007111  1870 1891 1923 1911 1880 1860 1846 1818 1819 1847 1832
371LEGASPI 2007112  1841 1896 1897 1858 1858 1904 1925 1955 1898 1867 1906
371LEGASPI 2007113  1998 1997 1897 1872 1840 1782 1762 1786
371LEGASPI 2007121  1811 1783 1792 1820 1818 1802 1815 1819 1797 1763 1771
371LEGASPI 2007122  1791 1786 1775 1785 1804 1796 1793 1802 1798 1783 1767
371LEGASPI 2007123  1792 1809 1825 1819 1818 1855 1846 1811 1828
371LEGASPI 2008 11  1858 1849 1812 1795 1780 1757 1756 1770 1797 1808 1858
371LEGASPI 2008 12  1878 1847 1856 1868 1853 1857 1854 1848 1848 1812 1797
371LEGASPI 2008 13  1799 1813 1838 1837 1862 1830 1817 1838 1830
371LEGASPI 2008 21  1845 1844 1832 1841 1825 1843 1860 1847 1881 1906 1896
371LEGASPI 2008 22  1890 1872 1869 1880 1899 1889 1878 1902 1938 1938 1912
371LEGASPI 2008 23  1886 1894 1924 1897 1911 1921 1910
371LEGASPI 2008 31  1936 1901 1900 1967 1966 1944 1934 1941 1971 1987 1963
371LEGASPI 2008 32  1943 1935 1946 1956 1948 1961 1986 1960 1949 1972 1998
371LEGASPI 2008 33  1972 1941 1920 1925 1911 1860 1852 1864 1864
371LEGASPI 2008 41  1871 1893 1925 1938 1913 1906 1918 1889 1854 1862 1868
371LEGASPI 2008 42  1876 1909 1913 1907 1904 1893 1902 1908 1912 1913 1890
371LEGASPI 2008 43  1860 1863 1874 1891 1899 1896 1912 1916
371LEGASPI 2008 51  1928 1938 1928 1915 1900 1897 1912 1940 1950 1955 1954
371LEGASPI 2008 52  1944 1959 1937 1915 1890 1837 1826 1803 1805 1857 1888
371LEGASPI 2008 53  1877 1875 1882 1877 1869 1883 1904 1908 1885
371LEGASPI 2008 61  1883 1870 1882 1897 1903 1903 1889 1888 1889 1925 1953
371LEGASPI 2008 62  1939 1936 1942 1943 1919 1914 1927 1978 2057 2011 1941
371LEGASPI 2008 63  1925 1895 1905 1937 1986 2009 2015 1999
371LEGASPI 2008 71  1991 1992 1994 1998 1993 1989 1971 1956 1954 1967 1984
371LEGASPI 2008 72  1996 1998 1994 2008 2009 2003 1980 1977 1982 1997 1999
371LEGASPI 2008 73  1992 1999 2009 2017 1993 1971 1981 2008 2029
371LEGASPI 2008 81  2035 2054 2064 2060 2036 2019 1999 1985 1996 1999 1982
371LEGASPI 2008 82  1973 1982 1999 2003 1995 1997 2023 2020 2000 1983 1961
371LEGASPI 2008 83  1957 1978 1996 1983 1995 2009 1998 2012 2009
371LEGASPI 2008 91  2009 2010 2017 2010 1987 1966 1986 2001 1972 1950 1957
371LEGASPI 2008 92  1951 1951 1962 1967 1977 1975 1955 1962 2001 2017 2009
371LEGASPI 2008 93  1955 1920 1937 1959 1955 1921 1915 1924
371LEGASPI 2008101  1939 1910 1890 1890 1897 1894 1913 1932 1933 1931 1920
371LEGASPI 2008102  1941 1950 1938 1941 1948 1920 1892 1899 1899 1915 1898
371LEGASPI 2008103  1896 1874 1841 1844 1852 1835 1832 1825 1800
371LEGASPI 2008111  1830 1831 1811 1850 1887 1887 1865 1887 1878 1870 1903
371LEGASPI 2008112  1941 1975 1946 1912 1888 1904 1917 1918 1941 1938 1933
371LEGASPI 2008113  1932 1927 1907 1880 1884 1895 1903 1916
371LEGASPI 2008121  1903 1907 1928 1914 1951 2021 2036 1990 1949 1928 1913
371LEGASPI 2008122  1912 1889 1907 1958 1969 1947 1936 1935 1926 1896 1863
371LEGASPI 2008123  1865 1879 1863 1874 1855 1854 1856 1864 1865
371LEGASPI 2009 11  1906 1939 1923 1923 1920 1898 1880 1870 1859 1898 1898
371LEGASPI 2009 12  1876 1874 1865 1864 1872 1854 1804 1792 1804 1788 1789
371LEGASPI 2009 13  1808 1846 1882 1872 1847 1848 1838 1846 1851
371LEGASPI 2009 21  1822 1799 1797 1809 1815 1837 1852 1822 1825 1839 1881
371LEGASPI 2009 22  1891 1887 1877 1824 1815 1825 1844 1850 1824 1839 1863
371LEGASPI 2009 23  1885 1888 1857 1859 1856 1846
371LEGASPI 2009 31  1835 1824 9999 9999 9999 9999 9999 9999 1874 1888 1898
371LEGASPI 2009 32  1912 1899 1879 1902 1910 1914 1890 1851 1844 1851 1881
371LEGASPI 2009 33  1896 1900 1897 1911 1920 1921 1913 1914 1918
371LEGASPI 2009 41  1929 1943 1926 1914 1912 1913 1906 1903 1912 1910 1900
371LEGASPI 2009 42  1908 1914 1906 1899 1912 1907 1900 1932 1960 1935 1909
371LEGASPI 2009 43  1906 1893 1886 1905 1908 1918 1943 1954
371LEGASPI 2009 51  1985 1972 1905 1903 1907 1893 1914 1866 1856 1863 1868
371LEGASPI 2009 52  1889 1898 1902 1909 1901 1906 1907 1895 1905 1900 1880
371LEGASPI 2009 53  1883 1886 1896 1908 1934 1946 1960 1965 1957
371LEGASPI 2009 61  1938 1917 1901 1884 1885 1899 1903 1892 1864 1861 1878
371LEGASPI 2009 62  1882 1885 1922 1942 1926 1904 1911 1892 1879 1892 1919
371LEGASPI 2009 63  1989 1948 1897 1918 1920 1948 1960 1957
371LEGASPI 2009 71  1952 1951 1955 1950 1946 1949 1958 1970 1964 1959 1947
371LEGASPI 2009 72  1922 1905 1916 1915 1906 1891 1872 1852 1861 1899 1934
371LEGASPI 2009 73  1944 1974 1981 1975 1968 1946 1925 1931 1962
371LEGASPI 2009 81  1978 1927 1881 1882 1898 1919 1908 1909 1907 1894 1930
371LEGASPI 2009 82  1941 1937 1942 1946 1956 1956 1954 1952 1955 1962 1954
371LEGASPI 2009 83  1940 1923 1925 1916 1903 1904 1903 1911 1926
371LEGASPI 2009 91  1939 1949 1948 1953 1942 1942 1943 1937 1922 1909 1912
371LEGASPI 2009 92  1933 1926 1878 1872 1904 1941 1960 1963 1961 1947 1918
371LEGASPI 2009 93  1889 9999 9999 9999 9999 9999 9999 9999
371LEGASPI 2009101  9999 1774 1768 1737 1758 1832 1836 1836 1836 1761 1746
371LEGASPI 2009102  1806 1847 1878 1842 1854 1853 1830 1830 1830 1844 1861
371LEGASPI 2009103  1867 1883 1867 1858 1865 1830 1836 1874 1828
371LEGASPI 2009111  1805 1799 1791 1796 1827 1823 1800 1765 1780 1808 1804
371LEGASPI 2009112  1806 1785 1791 1803 1801 1804 1801 1783 9999 9999 9999
371LEGASPI 2009113  9999 9999 9999 1872 1853 1837 1837 1848
371LEGASPI 2009121  1874 1890 1895 1889 1883 1878 1856 1867 1862 1829 1813
371LEGASPI 2009122  1814 1810 1798 1780 1767 1777 1771 1803 1803 1797 1811
371LEGASPI 2009123  1781 1780 1769 1778 1801 1810 1807 1777 1783
371LEGASPI 2010 11  1809 1804 1801 1814 1810 1811 1811 1787 1806 1804 1789
371LEGASPI 2010 12  1790 1796 1814 1822 1822 1790 1765 1770 1745 1724 1713
371LEGASPI 2010 13  1751 1757 1750 1771 1771 1780 1815 1813 1808
371LEGASPI 2010 21  1836 1837 1820 1792 1778 1783 1782 1779 1790 1794 1781
371LEGASPI 2010 22  1781 1798 1811 1812 1822 1819 1811 1818 1813 1816 1819
371LEGASPI 2010 23  1802 1794 1786 1800 1812 1804
371LEGASPI 2010 31  1809 1821 1847 1839 1825 1810 1801 1808 1793 1783 1788
371LEGASPI 2010 32  1784 1771 1770 1758 1753 1790 1794 1818 1823 1826 1847
371LEGASPI 2010 33  1855 1864 1870 1881 1881 1903 1906 1861 1850
371LEGASPI 2010 41  1840 1836 1831 1842 1879 9999 9999 9999 1857 1887 1909
371LEGASPI 2010 42  1897 1886 1866 1873 1889 1887 1874 1876 1878 1889 1892
371LEGASPI 2010 43  1888 1898 1912 1925 1910 1892 1869 1874
371LEGASPI 2010 51  1887 1896 1911 1918 1910 1907 1903 1921 1936 1928 1908
371LEGASPI 2010 52  1896 1897 1915 1942 1943 1953 1963 1962 1952 1969 1996
371LEGASPI 2010 53  1983 1958 1946 1929 1919 1920 1921 1918 1932
371LEGASPI 2010 61  1961 1973 1959 1951 1953 1943 1936 1915 1914 1914 1884
371LEGASPI 2010 62  1899 1931 1936 1922 1916 9999 9999 9999 9999 9999 9999
371LEGASPI 2010 63  9999 9999 9999 9999 9999 9999 9999 9999
371LEGASPI 2010 71  9999 9999 9999 9999 9999 9999 9999 9999 9999 9999 9999
371LEGASPI 2010 72  9999 9999 9999 9999 9999 9999 9999 9999 9999 9999 9999
371LEGASPI 2010 73  9999 9999 9999 9999 9999 9999 9999 9999 9999
371LEGASPI 2010 81  9999 9999 9999 9999 9999 9999 9999 9999 9999 9999 9999
371LEGASPI 2010 82  9999 9999 9999 9999 9999 9999 9999 9999 9999 9999 9999
371LEGASPI 2010 83  9999 9999 9999 9999 9999 9999 9999 9999 9999
371LEGASPI 2010 91  9999 9999 9999 9999 9999 9999 9999 9999 9999 9999 9999
371LEGASPI 2010 92  9999 9999 9999 9999 9999 9999 9999 9999 9999 9999 9999
371LEGASPI 2010 93  9999 9999 9999 9999 9999 9999 9999 9999
371LEGASPI 2010101  9999 9999 9999 9999 9999 9999 9999 9999 9999 9999 9999
371LEGASPI 2010102  9999 9999 9999 9999 9999 9999 9999 9999 9999 9999 9999
371LEGASPI 2010103  9999 9999 9999 9999 9999 9999 9999 9999 9999
371LEGASPI 2010111  9999 9999 9999 9999 9999 9999 9999 9999 9999 9999 9999
371LEGASPI 2010112  9999 9999 9999 9999 9999 9999 9999 9999 9999 9999 9999
371LEGASPI 2010113  9999 9999 9999 9999 9999 9999 9999 9999
371LEGASPI 2010121  9999 9999 9999 9999 9999 9999 9999 9999 9999 9999 9999
371LEGASPI 2010122  9999 9999 9999 9999 9999 9999 9999 9999 9999 9999 9999
371LEGASPI 2010123  9999 9999 9999 9999 9999 9999 9999 9999 9999
371LEGASPI 2011 11  1911 1924 1920 1906 1918 1913 1946 1959 1928 1986 1971
371LEGASPI 2011 12  1940 1951 1929 1930 1970 1969 1978 1953 1934 1948 1955
371LEGASPI 2011 13  1946 1959 1992 1972 1960 1931 1898 1913 1946
371LEGASPI 2011 21  1955 1931 1942 1925 1906 1924 1909 1897 1906 1900 1901
371LEGASPI 2011 22  1910 1916 1912 1902 1881 1897 1901 1880 1880 1868 1863
371LEGASPI 2011 23  1864 1881 1884 1880 1885 1905
371LEGASPI 2011 31  1897 1870 1879 1888 1886 1853 1846 1835 1841 1902 1902
371LEGASPI 2011 32  1864 1870 1881 1892 1910 1917 1930 1936 1906 1893 1898
371LEGASPI 2011 33  1930 1917 1934 1933 1933 1926 1926 1942 1945
371LEGASPI 2011 41  1919 1900 1914 1894 1883 1869 1867 1888 1872 1871 1915
371LEGASPI 2011 42  1902 1877 1909 1930 1914 1912 1918 1910 1914 1922 1924
371LEGASPI 2011 43  1917 1914 1927 1920 1903 1883 1899 1905
371LEGASPI 2011 51  1898 1908 1915 1919 1921 1944 1986 1917 1845 1876 1828
371LEGASPI 2011 52  1838 1893 1887 1867 1901 1927 1915 1897 1912 1922 1930
371LEGASPI 2011 53  1937 1956 1988 1988 1976 1950 1889 1896 1915
371LEGASPI 2011 61  1915 1888 1903 1925 1944 1954 1967 1930 1933 1960 1947
371LEGASPI 2011 62  1937 1947 1956 1947 1928 1946 1954 1953 1953 1950 1961
371LEGASPI 2011 63  1959 1952 1910 1876 1910 1927 1913 1892
371LEGASPI 2011 71  1894 1898 1905 1904 1900 1875 1851 1843 1858 1860 1865
371LEGASPI 2011 72  1862 1870 1887 1906 1928 1942 1958 1962 1946 1965 1986
371LEGASPI 2011 73  1970 1952 1973 1934 1863 1891 1896 1904 1928
371LEGASPI 2011 81  1952 1951 1951 1973 1959 1938 1915 1902 1909 1921 1920
371LEGASPI 2011 82  1925 1921 1902 1905 1926 1942 1946 1923 1917 1921 1907
371LEGASPI 2011 83  1912 1939 1956 1934 1922 1915 1860 1839 1858
371LEGASPI 2011 91  1878 1890 1886 1889 1905 1928 1946 1936 1919 1899 1886
371LEGASPI 2011 92  1904 1920 1906 1886 1895 1888 1863 1854 1869 1893 1909
371LEGASPI 2011 93  1917 1922 1950 1939 1914 1886 1838 1852
371LEGASPI 2011101  1877 1873 1884 1858 1826 1868 1901 1877 1823 1803 1852
371LEGASPI 2011102  1872 1830 1791 1803 1805 1831 1850 1863 1865 1871 1868
371LEGASPI 2011103  1851 1848 1865 1869 1853 1862 1893 1900 1920
371LEGASPI 2011111  1911 1897 1907 1887 1853 1858 1863 1882 1865 1877 1892
371LEGASPI 2011112  1922 1929 9999 9999 9999 1914 1895 1873 1903 9999 9999
371LEGASPI 2011113  9999 1939 1928 1928 1922 1920 1897 1885
371LEGASPI 2011121  1915 1924 1880 1876 1882 1896 1865 1858 1875 1858 1842
371LEGASPI 2011122  1863 1864 1841 1849 1877 1907 1885 1904 1937 1894 1876
371LEGASPI 2011123  1889 1957 1987 1978 1915 1870 1893 1887 1875
371LEGASPI 2012 11  1858 1860 1858 1857 1906 1854 1863 1873 1893 1924 1901
371LEGASPI 2012 12  1897 1898 1894 1881 1864 1874 1866 1874 1897 1912 1941
371LEGASPI 2012 13  1936 1943 1949 1989 1952 1903 1884 1884 1912
371LEGASPI 2012 21  1934 1955 1940 1921 1909 1921 1924 1920 1940 1976 9999
371LEGASPI 2012 22  9999 9999 1956 1933 1957 1974 1978 2002 2000 2005 2011
371LEGASPI 2012 23  1971 1950 1981 2005 2023 2027 2014
371LEGASPI 2012 31  2012 2008 2013 1991 1985 2027 2029 2009 2000 2003 1999
371LEGASPI 2012 32  1981 1981 1995 1980 1973 1982 1987 1996 2003 2025 1995
371LEGASPI 2012 33  1979 1984 1964 2003 2034 2018 1990 1959 1941
371LEGASPI 2012 41  1951 1933 1925 1953 1973 1980 1975 1986 1998 1959 1950
371LEGASPI 2012 42  1973 1972 1968 1983 1983 1990 2001 2006 2000 1994 1996
371LEGASPI 2012 43  1996 1992 1988 1994 2014 2004 2017 2025
371LEGASPI 2012 51  2018 2014 2009 2015 2034 2038 2020 2008 2007 2001 2005
371LEGASPI 2012 52  2020 2013 1974 1944 1937 1939 1955 1981 2016 2019 2022
371LEGASPI 2012 53  2038 2036 2024 2002 2001 2010 2034 2054 2035
371LEGASPI 2012 61  1995 1965 1965 1945 1919 1923 1902 1907 1928 1930 1954
371LEGASPI 2012 62  1966 1954 1947 1959 1964 1950 1965 1947 1921 1921 1925
371LEGASPI 2012 63  1960 1982 1987 1978 1972 1964 1951 1933
371LEGASPI 2012 71  1924 1965 1955 1939 1953 1947 1960 1961 1966 1955 1924
371LEGASPI 2012 72  1909 1917 1917 1915 1905 1914 1936 1963 1957 1961 1956
371LEGASPI 2012 73  1919 1890 1891 1918 1958 1983 1963 1935 1924
371LEGASPI 2012 81  1911 1900 1932 1954 1941 1925 1930 1922 1919 1909 1898
371LEGASPI 2012 82  1912 1942 1965 1958 1932 1911 1886 1920 1970 1971 1976
371LEGASPI 2012 83  1955 1930 1913 1909 1902 1874 1872 1903 1952
371LEGASPI 2012 91  1954 1935 1946 1940 1933 1943 1968 1963 1939 1921 1917
371LEGASPI 2012 92  1916 1922 1942 1942 1926 1928 1949 1936 1931 1938 1933
371LEGASPI 2012 93  1959 1980 1991 2001 1985 1975 1967 1956
371LEGASPI 2012101  1942 1928 1938 1943 1931 1898 1896 1938 1992 2006 1984
371LEGASPI 2012102  1966 1978 1962 1949 1931 1908 1885 1903 1913 1909 1915
371LEGASPI 2012103  1932 1947 1891 1868 1865 1831 1849 1854 1859
371LEGASPI 2012111  1878 1869 1889 1912 1911 1897 1901 1914 1912 1919 1905
371LEGASPI 2012112  1904 1897 1920 1921 1903 1893 1904 1902 1916 1931 1927
371LEGASPI 2012113  1920 1920 1928 1908 1915 1908 1910 1940
371LEGASPI 2012121  1930 1937 1955 1985 1986 1967 1940 1927 1941 1941 1937
371LEGASPI 2012122  1953 1961 1927 1913 1928 1951 1964 1976 1970 1969 1963
371LEGASPI 2012123  1937 1958 1995 2005 1967 1935 1944 1926 1934
371LEGASPI 2013 11  1944 1938 1950 1941 1959 1963 1964 1933 1923 1962 2014
371LEGASPI 2013 12  1990 1931 1939 1926 1927 1920 1891 1879 1879 1884 1833
371LEGASPI 2013 13  1841 1881 1897 1904 1891 1911 1910 1897 1884
371LEGASPI 2013 21  1854 1867 1873 1862 1840 1869 1878 1884 1880 1912 1958
371LEGASPI 2013 22  1948 1921 1897 9999 9999 1939 1919 1938 1950 1972 1937
371LEGASPI 2013 23  1928 1950 1947 1944 1928 1933
371LEGASPI 2013 31  1921 1915 1928 1927 1924 1938 1935 1933 1936 1961 1974
371LEGASPI 2013 32  1950 1942 1959 1956 1961 1976 1960 1950 1961 1995 1994
371LEGASPI 2013 33  1985 2008 2006 9999 9999 9999 9999 9999 9999
371LEGASPI 2013 41  9999 9999 9999 9999 9999 9999 9999 9999 9999 9999 9999
371LEGASPI 2013 42  9999 9999 9999 9999 9999 9999 9999 9999 9999 9999 9999
371LEGASPI 2013 43  9999 9999 9999 9999 9999 9999 9999 9999
371LEGASPI 2013 51  9999 9999 1909 1898 1889 1893 1900 1884 1867 1878 1901
371LEGASPI 2013 52  1901 1922 1945 1966 1983 1965 1944 1941 1942 1935 1919
371LEGASPI 2013 53  1901 1905 1918 1924 1923 1914 1915 1907 1907
371LEGASPI 2013 61  1914 1913 1910 1896 1900 1911 1921 1923 1935 1947 1929
371LEGASPI 2013 62  1919 1913 1915 1897 1919 1941 1928 1915 1888 1877 1883
371LEGASPI 2013 63  1905 1911 1935 1966 1966 1989 2003 1920
371LEGASPI 2013 71  1906 1909 1884 1876 1870 1871 1847 1869 1893 1903 1902
371LEGASPI 2013 72  1891 1887 1897 1894 1864 1881 1876 1850 1873 1907 1924
371LEGASPI 2013 73  1909 1903 1909 1919 1940 1934 1914 1935 1944
371LEGASPI 2013 81  1903 1881 1889 1925 1940 1940 1963 1976 1971 1976 1990
371LEGASPI 2013 82  1961 1919 1894 1899 1914 1939 1956 1983 1995 1973 1957
371LEGASPI 2013 83  1960 1961 1984 1964 1944 1918 1885 1912 1943
371LEGASPI 2013 91  1951 1954 1964 1961 1973 1980 1991 1985 1959 1954 1955
371LEGASPI 2013 92  1952 1951 1940 1936 1966 1985 1993 2006 2007 2014 1975
371LEGASPI 2013 93  1968 1990 1952 1919 1925 1957 1971 1954
371LEGASPI 2013101  1929 1938 1962 1975 1988 1975 1955 1957 1945 1964 1986
371LEGASPI 2013102  1951 1908 1880 1858 1842 1879 1917 1914 1911 1886 1867
371LEGASPI 2013103  1864 9999 9999 9999 9999 9999 9999 9999 9999
371LEGASPI 2013111  9999 9999 9999 9999 9999 9999 9999 9999 9999 9999 9999
371LEGASPI 2013112  9999 9999 9999 9999 9999 9999 9999 9999 9999 9999 9999
371LEGASPI 2013113  9999 9999 9999 9999 9999 9999 9999 9999
371LEGASPI 2013121  9999 9999 9999 9999 9999 9999 9999 9999 9999 9999 9999
371LEGASPI 2013122  9999 9999 9999 9999 9999 9999 9999 9999 9999 9999 9999
371LEGASPI 2013123  9999 9999 9999 9999 9999 9999 9999 9999 9999
371LEGASPI 2014 11  9999 9999 9999 9999 9999 9999 9999 9999 9999 9999 9999
371LEGASPI 2014 12  9999 9999 9999 9999 9999 9999 9999 9999 9999 9999 9999
371LEGASPI 2014 13  9999 9999 9999 9999 9999 9999 9999 9999 9999
371LEGASPI 2014 21  9999 9999 9999 9999 9999 9999 9999 9999 9999 9999 9999
371LEGASPI 2014 22  9999 9999 9999 9999 9999 9999 9999 9999 9999 9999 9999
371LEGASPI 2014 23  9999 9999 9999 9999 9999 9999
371LEGASPI 2014 31  9999 9999 9999 9999 9999 9999 9999 9999 9999 9999 9999
371LEGASPI 2014 32  9999 9999 9999 9999 9999 9999 9999 9999 9999 9999 9999
371LEGASPI 2014 33  9999 9999 9999 9999 9999 9999 9999 9999 9999
371LEGASPI 2014 41  9999 9999 9999 9999 9999 9999 9999 9999 9999 9999 9999
371LEGASPI 2014 42  9999 9999 9999 9999 9999 9999 9999 9999 9999 9999 9999
371LEGASPI 2014 43  9999 9999 9999 9999 9999 9999 9999 9999
371LEGASPI 2014 51  9999 9999 9999 9999 9999 9999 9999 9999 9999 9999 9999
371LEGASPI 2014 52  9999 9999 9999 9999 9999 9999 9999 9999 9999 9999 9999
371LEGASPI 2014 53  1881 1874 1862 1856 1855 1832 1828 1832 1844
371LEGASPI 2014 61  1888 1879 1878 1888 1895 1892 1918 1950 1937 1920 1916
371LEGASPI 2014 62  1911 1897 1894 1895 1895 1894 1902 1899 1881 1882 1887
371LEGASPI 2014 63  1896 1909 1925 1932 1912 1901 1898 1890
371LEGASPI 2014 71  1898 1913 1925 1913 1899 1893 1887 1862 1839 1836 1839
371LEGASPI 2014 72  1848 1857 1915 1986 1860 1829 1871 1847 1898 1899 1883
371LEGASPI 2014 73  1849 1829 1828 1839 1855 1861 1896 1873 1876
371LEGASPI 2014 81  1857 1842 1850 1863 1850 1852 1848 1851 1856 1870 1899
371LEGASPI 2014 82  1911 1905 1874 1884 1901 1880 1850 1841 1844 1849 1860
371LEGASPI 2014 83  1861 1849 1842 1825 1838 1846 1817 1808 1834
371LEGASPI 2014 91  1830 1839 1860 1873 1865 1845 1818 1828 1844 1855 1846
371LEGASPI 2014 92  1845 1857 1821 1802 1770 1770 1794 1750 1773 1739 1690
371LEGASPI 2014 93  1721 1785 1801 1782 1778 1787 1811 1818
371LEGASPI 2014101  1815 1820 1830 1833 1824 1842 1880 1891 1892 1879 1829
371LEGASPI 2014102  1789 1765 1782 1792 1820 1828 1794 1789 1782 1779 1798
371LEGASPI 2014103  1820 1812 1818 1827 1825 1826 1843 1864 1876
371LEGASPI 2014111  1892 1897 1895 1862 1838 1843 1840 1831 1822 1827 1839
371LEGASPI 2014112  1850 1862 1842 1828 1849 1854 1831 1827 1831 1834 1822
371LEGASPI 2014113  1817 1814 1837 1837 1799 1826 1845 1834
371LEGASPI 2014121  1834 1846 1824 1798 1836 1987 2072 1856 1793 1793 1766
371LEGASPI 2014122  1769 1779 1777 1762 1772 1794 1800 1811 1793 1799 1825
371LEGASPI 2014123  1834 1809 1814 1813 1827 1841 1856 1847 1834
371LEGASPI 2015 11  1843 1823 1786 1773 1775 1758 1748 1757 1762 1771 1800
371LEGASPI 2015 12  1789 1764 1753 1763 1813 1919 1843 1741 1813 1766 1763
371LEGASPI 2015 13  1795 1788 1771 1770 1758 1797 1790 1755 1748
371LEGASPI 2015 21  1761 1735 1731 1724 1704 1709 1741 1752 1754 1759 1760
371LEGASPI 2015 22  1757 1754 1733 1710 1717 1739 1755 1782 1786 1775 1773
371LEGASPI 2015 23  1769 1771 1779 1770 1753 1761
371LEGASPI 2015 31  1778 1811 1802 1785 1789 1786 1792 1785 1748 1736 1741
371LEGASPI 2015 32  1741 1749 1745 1751 1763 1769 1789 1805 1825 1826 1824
371LEGASPI 2015 33  1808 1783 1803 1817 1799 1803 1818 1817 1825
371LEGASPI 2015 41  1823 1826 1840 1845 1817 1809 1810 1810 1836 1829 1835
371LEGASPI 2015 42  1828 1825 1835 1837 1826 1826 1824 1825 1831 1814 1818
371LEGASPI 2015 43  1822 1843 1860 1843 1838 1838 1832 1835
371LEGASPI 2015 51  1836 1841 1831 1826 1841 1843 1835 1844 1857 1848 1843
371LEGASPI 2015 52  1827 1801 1819 1827 1828 1822 1802 1812 1830 1822 1810
371LEGASPI 2015 53  1816 1835 1826 1810 1833 1858 1851 1836 1842
371LEGASPI 2015 61  1870 1861 1845 1846 1862 1870 1865 1871 1889 1890 1876
371LEGASPI 2015 62  1873 1874 1864 1854 1855 1872 1862 1848 1841 1834 1845
371LEGASPI 2015 63  1818 1825 1851 1858 1846 1825 1824 1831
371LEGASPI 2015 71  1829 1828 1846 1860 1848 1816 1822 1802 1813 1823 1795
371LEGASPI 2015 72  1786 1818 1828 1832 1824 1816 1824 1829 1825 1818 1816
371LEGASPI 2015 73  1821 1821 1822 1808 1817 1827 1826 1839 1859
371LEGASPI 2015 81  1865 1855 1847 1855 1881 1893 1863 1824 1813 1809 1820
371LEGASPI 2015 82  1821 1819 1828 1855 1870 1882 1896 1905 1890 1887 1869
371LEGASPI 2015 83  1826 1791 1772 1785 1826 1857 1868 1895 1895
371LEGASPI 2015 91  1881 1870 1855 1835 1840 1859 1864 1849 1828 1848 1872
371LEGASPI 2015 92  1875 1862 1845 1840 1851 1859 1874 1876 1888 1884 1859
371LEGASPI 2015 93  1863 1882 1906 1909 1910 1896 1859 1864
371LEGASPI 2015101  1854 1826 1800 1776 1784 1830 1830 1808 1812 1831 1835
371LEGASPI 2015102  1830 1844 1845 1869 1892 1883 1851 1837 1746 1702 1690
371LEGASPI 2015103  1657 1667 1670 1674 1717 1714 1721 1715 1716
371LEGASPI 2015111  1728 1731 1728 1715 1718 1727 1712 1692 1690 1718 1732
371LEGASPI 2015112  1720 1721 1718 1721 1720 1713 1714 1727 1759 1773 1757
371LEGASPI 2015113  1751 1763 1748 1724 1736 1754 1748 1734
371LEGASPI 2015121  1706 1679 1662 1698 1703 1679 1715 1715 1711 1696 1695
371LEGASPI 2015122  1703 1769 1924 1794 1693 1723 1742 1779 1740 1701 1690
371LEGASPI 2015123  1683 1672 1680 1688 1693 1704 1717 1752 1749
371LEGASPI 2016 11  1720 1703 1693 1675 1672 1661 1666 1681 1691 1714 1721
371LEGASPI 2016 12  1730 1733 1750 1783 1772 1767 1735 1724 1716 1707 1686
371LEGASPI 2016 13  1682 1690 1737 1768 1745 1737 1700 1686 1700
371LEGASPI 2016 21  1680 1678 1680 1695 1728 1729 1737 1771 1778 1752 1726
371LEGASPI 2016 22  1694 1699 1698 1703 1724 1726 1730 1730 1719 1719 1705
371LEGASPI 2016 23  1696 1700 1702 1738 1748 1697 1670
371LEGASPI 2016 31  1701 1725 1754 1746 1732 1739 1748 1754 1743 1737 1760
371LEGASPI 2016 32  1790 1785 1763 1751 1720 1728 1732 1711 1729 1728 1746
371LEGASPI 2016 33  1738 1728 1733 1738 1752 9999 9999 9999 9999
371LEGASPI 2016 41  9999 9999 9999 9999 9999 9999 9999 9999 9999 9999 9999
371LEGASPI 2016 42  9999 9999 9999 9999 9999 9999 9999 9999 9999 9999 9999
371LEGASPI 2016 43  9999 9999 9999 9999 9999 9999 9999 9999
371LEGASPI 2016 51  9999 9999 9999 9999 9999 9999 9999 9999 9999 9999 9999
371LEGASPI 2016 52  9999 9999 9999 9999 9999 9999 9999 9999 9999 9999 9999
371LEGASPI 2016 53  9999 9999 9999 9999 9999 9999 9999 9999 9999
371LEGASPI 2016 61  9999 9999 9999 9999 9999 9999 9999 9999 9999 9999 9999
371LEGASPI 2016 62  9999 9999 9999 9999 9999 9999 9999 9999 9999 9999 9999
371LEGASPI 2016 63  9999 9999 9999 9999 9999 9999 9999 9999
371LEGASPI 2016 71  9999 9999 9999 9999 9999 9999 9999 9999 9999 9999 9999
371LEGASPI 2016 72  9999 9999 9999 9999 9999 9999 9999 9999 9999 9999 9999
371LEGASPI 2016 73  9999 9999 9999 9999 9999 9999 9999 9999 9999
371LEGASPI 2016 81  9999 9999 9999 9999 9999 9999 9999 9999 9999 9999 9999
371LEGASPI 2016 82  9999 9999 9999 9999 9999 9999 9999 9999 9999 9999 9999
371LEGASPI 2016 83  9999 9999 9999 9999 9999 9999 9999 9999 9999
371LEGASPI 2016 91  9999 9999 9999 9999 9999 9999 9999 9999 9999 9999 9999
371LEGASPI 2016 92  9999 9999 9999 9999 9999 9999 9999 9999 9999 9999 9999
371LEGASPI 2016 93  9999 9999 9999 9999 9999 9999 9999 9999
371LEGASPI 2016101  9999 9999 9999 9999 9999 9999 9999 9999 9999 9999 9999
371LEGASPI 2016102  9999 9999 9999 9999 9999 9999 9999 9999 9999 9999 9999
371LEGASPI 2016103  9999 9999 9999 9999 9999 9999 9999 9999 9999
371LEGASPI 2016111  9999 9999 9999 9999 9999 9999 9999 9999 9999 9999 9999
371LEGASPI 2016112  9999 9999 9999 9999 9999 9999 9999 9999 9999 9999 9999
371LEGASPI 2016113  9999 9999 9999 9999 9999 9999 9999 9999
371LEGASPI 2016121  9999 9999 9999 9999 9999 9999 9999 9999 9999 9999 9999
371LEGASPI 2016122  9999 9999 9999 9999 9999 9999 9999 9999 9999 9999 9999
371LEGASPI 2016123  9999 9999 9999 9999 9999 9999 9999 9999 9999
371LEGASPI 2017 11  1794 1810 1807 1839 1818 1815 1812 1827 9999 9999 9999
371LEGASPI 2017 12  1848 9999 9999 1888 1878 1858 1813 1805 1808 9999 9999
371LEGASPI 2017 13  1783 1792 1793 1783 1807 1835 1826 1821 1833
371LEGASPI 2017 21  1828 1858 1850 1853 1864 1835 1834 1837 1829 1814 1796
371LEGASPI 2017 22  1804 1787 1769 1789 1802 1809 1788 1786 1780 1790 1798
371LEGASPI 2017 23  1791 1821 1837 1847 1853 1842
371LEGASPI 2017 31  1842 1835 1826 1822 1826 1818 1803 1809 1817 1823 1824
371LEGASPI 2017 32  1840 1833 1844 1859 1845 1847 1825 1797 1799 1802 1788
371LEGASPI 2017 33  1785 1796 1809 1820 1844 1844 1858 1855 1840
371LEGASPI 2017 41  1854 1883 1879 1864 1844 1826 1828 1835 1845 1845 1850
371LEGASPI 2017 42  1839 1835 1854 1861 1851 1848 1835 1820 1823 1846 1860
371LEGASPI 2017 43  1865 1873 1889 1913 1908 1890 1872 1871
371LEGASPI 2017 51  1876 1859 1839 1826 1822 1827 1834 1843 1828 1818 1812
371LEGASPI 2017 52  1823 1833 1826 1826 1837 1815 1816 1840 1871 1878 1881
371LEGASPI 2017 53  1892 1917 1905 1868 1881 1905 1898 1891 1892
371LEGASPI 2017 61  1864 1837 1832 1844 1866 1871 1876 1908 1916 1881 1870
371LEGASPI 2017 62  1870 1853 1832 1855 1911 1928 1925 1918 1920 1917 1906
371LEGASPI 2017 63  1918 1919 1925 1941 1951 1950 1938 1959
371LEGASPI 2017 71  1957 1932 1907 1882 1868 1865 1855 1857 1882 1896 1867
371LEGASPI 2017 72  1854 1875 1886 1876 1874 1872 1874 1880 1886 1872 1872
371LEGASPI 2017 73  1897 1919 1934 1964 1990 1965 1940 1941 1921
371LEGASPI 2017 81  1913 1952 1970 1929 1938 1938 1936 1929 1920 1933 1952
371LEGASPI 2017 82  1951 1947 1948 1950 1945 1949 1967 1988 2003 2005 1971
371LEGASPI 2017 83  1942 1938 1939 1943 1942 1953 1966 1956 1943
371LEGASPI 2017 91  2199 2170 2167 2201 2223 2236 2253 2273 2290 2305 2299
371LEGASPI 2017 92  2253 2235 2212 2196 2203 2220 2269 2273 2266 2262 2225
371LEGASPI 2017 93  2193 2223 2231 2199 2218 2233 2227 2226
371LEGASPI 2017101  2237 2243 2242 2249 2266 2280 2285 2251 2222 2248 2255
371LEGASPI 2017102  2266 2254 2171 2116 2115 2127 2181 2200 2172 2176 2183
371LEGASPI 2017103  2190 2170 2165 2177 2195 2170 2137 2168 2217
371LEGASPI 2017111  2198 2204 2181 2134 2119 2119 2139 2152 2155 2112 2141
371LEGASPI 2017112  2144 2136 2149 2154 2161 2128 2124 2134 2140 2157 2173
371LEGASPI 2017113  2183 2188 2151 2151 2168 2138 2163 2161
371LEGASPI 2017121  2140 2123 2105 2145 2167 2158 2144 2139 2144 2157 2196
371LEGASPI 2017122  2195 2186 2222 2237 2306 2241 2192 2208 2191 2188 2183
371LEGASPI 2017123  2166 2138 2118 2099 2117 2148 2146 2171 2186
371LEGASPI 2018 11  2238 2241 2193 2175 2167 2172 2155 2113 2091 2105 2122
371LEGASPI 2018 12  2167 2195 2174 2180 2163 2132 2128 2133 2120 2120 2124
371LEGASPI 2018 13  2125 2132 2140 2139 2139 2106 2104 2123 2109
371LEGASPI 2018 21  2115 2121 2123 2158 2157 2153 2140 2110 2105 2068 2055
371LEGASPI 2018 22  2112 2148 2127 2099 2083 2066 2089 2110 2125 2115 2130
371LEGASPI 2018 23  2147 2154 2137 2153 2167 2153
371LEGASPI 2018 31  2176 2163 2159 2167 2158 2168 2177 2170 2202 2207 2207
371LEGASPI 2018 32  2198 2162 2148 2139 2137 2154 2164 2176 2174 2165 2165
371LEGASPI 2018 33  2187 2208 2180 2188 2233 2250 2236 2227 2216
371LEGASPI 2018 41  2209 2193 2174 2174 2187 2194 2192 2204 2199 2209 2202
371LEGASPI 2018 42  2196 2198 2203 2217 2220 2215 2210 2206 2188 2204 2223
371LEGASPI 2018 43  2226 2219 2226 2226 2224 2231 2225 2220
371LEGASPI 2018 51  2202 2197 2211 2202 2184 2196 2217 2210 2204 2208 2218
371LEGASPI 2018 52  2240 2241 2233 2213 2203 2206 2209 2219 2212 2201 2196
371LEGASPI 2018 53  2206 2228 2242 2243 2238 2226 2233 2243 2242
371LEGASPI 2018 61  2236 2205 2198 2228 2233 2237 2254 2259 2241 2232 2217
371LEGASPI 2018 62  2213 2216 2221 2207 2198 2214 2232 2255 2243 2240 2245
371LEGASPI 2018 63  2242 2244 2243 2244 2240 2249 2255 2238
371LEGASPI 2018 71  2222 2217 2232 2246 2249 2245 2237 2238 2236 2234 2224
371LEGASPI 2018 72  2227 2254 2270 2265 2254 2241 2237 2249 2261 2252 2210
371LEGASPI 2018 73  2195 2218 2225 2215 2195 2200 2215 2223 2240
371LEGASPI 2018 81  2239 2231 2228 2232 2223 2217 2216 2206 2203 2224 2254
371LEGASPI 2018 82  2277 2284 2268 2254 2262 2274 2260 2233 2204 2206 2198
371LEGASPI 2018 83  2188 2175 2158 2164 2154 2135 2142 2147 2165
371LEGASPI 2018 91  2178 2180 2163 2151 2158 2156 2135 2130 2135 2138 2167
371LEGASPI 2018 92  2196 2239 2257 2182 2116 2085 2074 2118 2139 2126 2122
371LEGASPI 2018 93  2141 2169 2173 2158 2174 2183 2186 2173
371LEGASPI 2018101  2168 2188 2186 2172 2141 2134 2138 2143 2165 2161 2146
371LEGASPI 2018102  2131 2125 2114 2106 2102 2108 2103 2092 2117 2136 2141
371LEGASPI 2018103  2132 2126 2127 2146 2174 2232 2287 2246 2194
371LEGASPI 2018111  2144 2087 2103 2136 2160 2141 2121 2131 2134 2129 2124
371LEGASPI 2018112  2135 2141 2152 2138 2129 2124 2118 2125 2165 2150 2099
371LEGASPI 2018113  2097 2085 2089 2086 2093 2073 2076 2105
371LEGASPI 2018121  2110 2102 2089 2076 2085 2079 2053 2048 2061 2079 2082
371LEGASPI 2018122  2082 2080 2074 2092 2082 2068 2071 2067 2073 2077 2069
371LEGASPI 2018123  2094 2109 2121 2128 2177 2269 2266 2182 2163
371LEGASPI 2019 11  2144 2100 2087 2067 2021 2031 2064 2067 2084 2093 2077
371LEGASPI 2019 12  2107 2124 2132 2120 2099 2106 2129 2128 2142 2154 2136
371LEGASPI 2019 13  2148 2154 2129 2095 2079 2058 2073 2063 2032
371LEGASPI 2019 21  2027 2052 2043 2050 2045 2049 2065 2063 2070 2069 2052
371LEGASPI 2019 22  2055 2047 2039 2025 2031 2037 2042 2036 2037 2048 2047
371LEGASPI 2019 23  2056 2051 2042 2063 2087 2065
371LEGASPI 2019 31  2049 2064 2082 2081 2059 2053 2077 2089 2085 2106 2112
371LEGASPI 2019 32  2108 2088 2090 2098 2099 2098 2111 2109 2086 2092 2091
371LEGASPI 2019 33  2078 2076 2071 2075 2067 2066 2092 2073 2054
371LEGASPI 2019 41  2078 2089 2100 2107 2092 2066 2087 2122 2124 2103 2113
371LEGASPI 2019 42  2119 2123 2137 2136 2137 2151 2155 2157 2159 2156 2156
371LEGASPI 2019 43  2160 2154 2145 2134 2137 2123 2130 2169
371LEGASPI 2019 51  2181 2164 2143 2148 2168 2180 2176 2187 2188 2180 2177
371LEGASPI 2019 52  2173 2168 2168 2176 2185 2193 2187 2187 2181 2191 2207
371LEGASPI 2019 53  2217 2221 2207 2184 2185 2192 2189 2175 2182
371LEGASPI 2019 61  2189 2169 2147 2151 2152 2157 2163 2174 2191 2203 2203
371LEGASPI 2019 62  2196 2200 2194 2193 2176 2175 2195 2200 2191 2192 2199
371LEGASPI 2019 63  2192 2184 2186 2199 2208 2211 2207 2195
371LEGASPI 2019 71  2155 2147 2141 2129 2168 2188 2162 2147 2169 2178 2197
371LEGASPI 2019 72  2194 2193 2206 2225 2213 2176 2165 2142 2116 2121 2152
371LEGASPI 2019 73  2152 2131 2121 2133 2147 2119 2086 2123 2142
371LEGASPI 2019 81  2141 2167 2196 2223 2217 2217 2237 2184 2136 2106 2107
371LEGASPI 2019 82  2147 2160 2132 2156 2168 2185 2202 2216 2202 2191 2213
371LEGASPI 2019 83  2208 2191 2177 2195 2198 2166 2146 2149 2169
371LEGASPI 2019 91  2206 2196 2179 2180 2168 2178 2169 2160 2155 2167 2204
371LEGASPI 2019 92  2246 2230 2204 2181 2174 2166 2151 2150 2162 2117 2100
371LEGASPI 2019 93  2096 2110 2098 2089 2098 2102 2118 2113
371LEGASPI 2019101  2099 2098 2116 2130 2132 2141 2151 2145 2140 2151 2149
371LEGASPI 2019102  2147 2125 2090 2095 2111 2128 2137 2119 2110 2125 2137
371LEGASPI 2019103  2127 2121 2123 2146 2165 2147 2135 2129 2127
371LEGASPI 2019111  2151 2170 2154 2127 2127 2138 2142 2131 2109 2113 2142
371LEGASPI 2019112  2165 2191 2211 2214 2227 2212 2167 2155 2148 2143 2146
371LEGASPI 2019113  2131 2105 2079 2057 2058 2087 2102 2092
371LEGASPI 2019121  2147 2398 2200 2035 2132 2053 2056 2072 2081 2065 2035
371LEGASPI 2019122  2027 2011 2036 2049 2046 2058 2067 2066 2093 2090 2069
371LEGASPI 2019123  2069 2106 2072 2000 2009 2021 2028 2021 2008
371LEGASPI 2020 11  2025 2057 2065 2078 2090 2082 2043 2013 2028 2067 2089
371LEGASPI 2020 12  2095 2090 2092 2087 2049 2047 2044 2028 2008 1989 1984
371LEGASPI 2020 13  1988 2021 2037 2054 2085 2081 2081 2096 2087
371LEGASPI 2020 21  2087 2074 2058 2079 2116 2124 2080 2074 2113 2085 2080
371LEGASPI 2020 22  2083 2078 2078 2085 2083 2053 2067 2116 2129 2090 2042
371LEGASPI 2020 23  2044 2050 2048 2057 2063 2055 2045
371LEGASPI 2020 31  2059 2058 2063 2074 2080 9999 2113 2124 2111 2083 2077
371LEGASPI 2020 32  2076 2065 2066 2067 2070 2066 2060 2067 2082 2107 2108
371LEGASPI 2020 33  2096 2104 2123 2133 2136 2126 2130 2129 2132
371LEGASPI 2020 41  2127 2098 2111 2123 2130 2140 2148 2143 2126 2126 2122
371LEGASPI 2020 42  2122 2133 2126 2130 2128 2111 2110 2118 2119 2130 2138
371LEGASPI 2020 43  2151 2156 2147 2139 2134 2144 2133 2129
371LEGASPI 2020 51  2136 2151 2160 2159 2164 2156 2161 2164 2176 2186 2196
371LEGASPI 2020 52  2187 2185 2253 2209 2154 2177 2166 2168 2173 2190 2162
371LEGASPI 2020 53  2132 2123 2126 2144 2145 2145 2167 2173 2192
371LEGASPI 2020 61  2210 2217 2221 2217 2203 2192 2194 2199 2212 2214 2190
371LEGASPI 2020 62  2193 2178 2134 2143 2206 2251 2236 2197 2209 2226 2233
371LEGASPI 2020 63  2241 2235 2237 2245 2257 2237 2231 2238
371LEGASPI 2020 71  2248 2249 2237 2236 2254 2258 2251 2274 2296 2291 2280
371LEGASPI 2020 72  2281 2278 2280 2268 2250 2252 2267 2265 2278 2278 2275
371LEGASPI 2020 73  2283 2291 2303 2308 2313 2300 2290 9999 9999
371LEGASPI 2020 81  9999 2224 2247 2257 2264 2273 2262 2246 9999 9999 2204
371LEGASPI 2020 82  2201 2215 2247 9999 9999 9999 2278 2285 2266 2258 9999
371LEGASPI 2020 83  9999 9999 9999 9999 2256 2266 2276 2275 2274
371LEGASPI 2020 91  2282 2268 2252 2266 2289 2296 2274 2240 2250 2268 2264
371LEGASPI 2020 92  2239 2251 2280 2285 2252 2230 2222 2235 2250 2267 2275
371LEGASPI 2020 93  2257 2250 2253 2245 2220 2204 2206 2239
371LEGASPI 2020101  2252 2249 2262 2279 2286 2280 2249 2230 2239 2246 2226
371LEGASPI 2020102  2233 2262 2261 2227 2240 2254 2265 2288 2265 2235 2221
371LEGASPI 2020103  2203 2229 2274 2227 2210 2208 2182 2227 2330
371LEGASPI 2020111  2314 2242 2255 2230 2233 2259 2287 2250 2273 2317 2240
371LEGASPI 2020112  2162 2251 2226 2168 2176 2212 2232 2198 2189 2206 2199
371LEGASPI 2020113  2196 2234 2268 2279 2244 2234 2220 2236
371LEGASPI 2020121  2258 2226 2215 2198 2194 2202 2192 2179 2181 2138 2139
371LEGASPI 2020122  2152 2149 2149 2163 2165 2193 2234 2224 2184 2177 2184
371LEGASPI 2020123  2182 2146 2134 2151 2138 2149 2151 2166 2225
371LEGASPI 2021 11  2257 2290 2274 2243 9999 9999 9999 9999 9999 9999 9999
371LEGASPI 2021 12  9999 9999 9999 9999 9999 9999 9999 9999 9999 9999 9999
371LEGASPI 2021 13  9999 9999 9999 9999 9999 9999 9999 9999 9999
371LEGASPI 2021 21  9999 9999 9999 9999 9999 9999 9999 9999 9999 9999 9999
371LEGASPI 2021 22  9999 9999 9999 9999 9999 9999 9999 9999 9999 9999 9999
371LEGASPI 2021 23  9999 9999 9999 9999 9999 9999
371LEGASPI 2021 31  9999 9999 9999 9999 9999 9999 9999 9999 9999 9999 9999
371LEGASPI 2021 32  9999 9999 9999 9999 9999 9999 9999 9999 9999 9999 9999
371LEGASPI 2021 33  9999 9999 9999 9999 9999 9999 9999 9999 9999
371LEGASPI 2021 41  9999 9999 9999 9999 9999 9999 9999 9999 9999 9999 9999
371LEGASPI 2021 42  9999 9999 9999 9999 9999 9999 9999 9999 9999 9999 9999
371LEGASPI 2021 43  9999 9999 9999 9999 9999 2201 2200 2188
371LEGASPI 2021 51  2172 2174 2181 2182 2188 2196 2181 2181 2177 2171 2166
371LEGASPI 2021 52  2176 2178 2175 2181 2192 2205 2210 2216 2217 2239 2270
371LEGASPI 2021 53  2261 2235 2227 2217 2203 2213 2217 2230 2224
371LEGASPI 2021 61  2272 2247 2225 2265 2278 2289 2293 2304 2310 2320 2307
371LEGASPI 2021 62  2287 2271 2292 2308 2308 2321 2332 2340 2349 2337 2301
371LEGASPI 2021 63  2277 2280 2288 2296 2291 2281 2288 2301
