372DAVAO         LAT=07 05.0N  LONG=125 38.0E
372DAVAO   1998 11  2625 2630 2634 2635 2631 2638 2652 2652 2642 2632 2647
372DAVAO   1998 12  2635 2637 2667 2697 2686 2675 2680 2670 2653 2656 2671
372DAVAO   1998 13  2667 2659 2655 2659 2685 2680 2664 2658 2644
372DAVAO   1998 21  2630 2632 2652 2686 2674 2654 2650 2666 2655 2648 2663
372DAVAO   1998 22  2651 2650 2655 2672 2683 2688 2682 2686 2690 2667 2648
372DAVAO   1998 23  2647 2681 2697 2695 2686 9999
372DAVAO   1998 31  9999 9999 9999 9999 9999 9999 9999 9999 9999 9999 9999
372DAVAO   1998 32  9999 9999 9999 9999 9999 9999 9999 9999 9999 9999 9999
372DAVAO   1998 33  9999 9999 9999 9999 9999 9999 9999 9999 9999
372DAVAO   1998 41  2753 2734 2740 2734 2728 2732 2759 2792 2797 2798 2797
372DAVAO   1998 42  2809 2807 2809 2809 2807 2807 2808 2816 2817 2829 2844
372DAVAO   1998 43  2847 2853 2864 2877 2876 2861 2850 2859
372DAVAO   1998 51  2859 2853 2870 2890 2883 2886 2880 2852 2842 2842 2849
372DAVAO   1998 52  2847 2832 2841 2876 2893 2871 2876 2890 2896 2906 2925
372DAVAO   1998 53  2927 2904 2884 2860 2840 2857 2873 2867 2874
372DAVAO   1998 61  2895 2937 2939 2903 2889 2883 2881 2877 2881 2874 2870
372DAVAO   1998 62  2882 2887 2894 2893 2914 2923 2910 2892 2903 2908 2905
372DAVAO   1998 63  2906 2900 2903 2916 2892 2884 2897 2921
372DAVAO   1998 71  2932 2917 2907 2920 2916 2911 2928 2930 2918 2890 2951
372DAVAO   1998 72  2960 2967 2968 3002 2987 2981 2974 2958 2960 2947 2942
372DAVAO   1998 73  2960 2963 2964 2976 2993 2992 2982 2981 2986
372DAVAO   1998 81  9999 9999 9999 9999 9999 9999 9999 9999 9999 9999 9999
372DAVAO   1998 82  9999 9999 9999 9999 9999 9999 9999 9999 9999 9999 9999
372DAVAO   1998 83  9999 9999 9999 9999 9999 9999 9999 9999 9999
372DAVAO   1998 91  9999 2993 2990 2998 3008 2989 2991 3017 3023 3005 3010
372DAVAO   1998 92  3005 2987 2971 2976 2995 3023 3018 3014 3020 3023 3025
372DAVAO   1998 93  3047 3063 3058 3063 3062 3066 3056 9999
372DAVAO   1998101  9999 9999 9999 9999 9999 9999 9999 9999 9999 9999 9999
372DAVAO   1998102  9999 9999 9999 9999 9999 9999 9999 9999 9999 9999 9999
372DAVAO   1998103  9999 9999 9999 9999 9999 9999 9999 9999 9999
372DAVAO   1998111  9999 9999 9999 9999 9999 9999 9999 3015 3010 2989 2976
372DAVAO   1998112  2993 2992 3001 2995 3007 3034 2995 2984 3010 2995 2989
372DAVAO   1998113  2971 2962 2956 2955 2962 2996 3033 3048
372DAVAO   1998121  3068 9999 9999 9999 9999 9999 9999 2975 2987 3030 3018
372DAVAO   1998122  2960 2931 2962 2962 2935 2928 2904 2891 2933 2963 2897
372DAVAO   1998123  2880 2888 2900 2937 2937 2929 2935 2929 9999
372DAVAO   1999 11  9999 9999 9999 9999 9999 9999 9999 9999 9999 9999 9999
372DAVAO   1999 12  9999 9999 9999 9999 9999 9999 9999 9999 9999 9999 9999
372DAVAO   1999 13  9999 9999 9999 9999 9999 9999 9999 9999 9999
372DAVAO   1999 21  9999 9999 9999 9999 9999 9999 9999 9999 9999 9999 9999
372DAVAO   1999 22  9999 9999 9999 9999 9999 9999 9999 9999 9999 9999 9999
372DAVAO   1999 23  9999 9999 9999 9999 9999 9999
372DAVAO   1999 31  9999 9999 9999 9999 9999 9999 9999 9999 9999 9999 9999
372DAVAO   1999 32  9999 9999 9999 9999 9999 9999 9999 9999 9999 9999 9999
372DAVAO   1999 33  9999 9999 9999 9999 9999 9999 9999 9999 9999
372DAVAO   1999 41  9999 9999 9999 9999 9999 9999 9999 9999 9999 9999 9999
372DAVAO   1999 42  9999 9999 9999 9999 9999 9999 9999 9999 9999 9999 9999
372DAVAO   1999 43  9999 9999 9999 9999 9999 9999 9999 9999
372DAVAO   1999 51  9999 9999 9999 9999 9999 9999 9999 9999 9999 9999 9999
372DAVAO   1999 52  9999 9999 9999 9999 9999 9999 9999 9999 9999 9999 9999
372DAVAO   1999 53  9999 9999 9999 9999 9999 9999 9999 9999 9999
372DAVAO   1999 61  9999 9999 9999 9999 9999 9999 9999 9999 9999 9999 9999
372DAVAO   1999 62  9999 9999 9999 9999 9999 9999 9999 9999 9999 9999 9999
372DAVAO   1999 63  9999 9999 9999 9999 9999 9999 9999 9999
372DAVAO   1999 71  9999 9999 9999 9999 9999 9999 9999 9999 9999 9999 9999
372DAVAO   1999 72  9999 9999 9999 9999 9999 9999 9999 9999 9999 9999 9999
372DAVAO   1999 73  9999 9999 9999 9999 9999 9999 9999 9999 9999
372DAVAO   1999 81  9999 9999 9999 9999 9999 9999 9999 9999 9999 9999 9999
372DAVAO   1999 82  9999 9999 9999 9999 9999 9999 9999 9999 9999 9999 9999
372DAVAO   1999 83  9999 9999 9999 9999 9999 9999 9999 9999 9999
372DAVAO   1999 91  9999 9999 9999 9999 9999 9999 9999 9999 9999 9999 9999
372DAVAO   1999 92  9999 9999 9999 9999 9999 9999 9999 9999 9999 9999 9999
372DAVAO   1999 93  9999 9999 9999 9999 9999 9999 9999 9999
372DAVAO   1999101  9999 9999 9999 9999 9999 9999 9999 9999 9999 9999 9999
372DAVAO   1999102  9999 9999 9999 9999 9999 9999 9999 9999 9999 9999 9999
372DAVAO   1999103  9999 9999 9999 9999 9999 9999 9999 9999 9999
372DAVAO   1999111  9999 9999 9999 9999 9999 9999 9999 9999 9999 9999 9999
372DAVAO   1999112  9999 9999 9999 9999 9999 9999 9999 9999 9999 9999 9999
372DAVAO   1999113  9999 9999 9999 9999 9999 9999 9999 9999
372DAVAO   1999121  9999 9999 9999 9999 9999 9999 9999 9999 9999 9999 9999
372DAVAO   1999122  9999 9999 9999 9999 9999 9999 9999 9999 9999 9999 9999
372DAVAO   1999123  9999 9999 9999 9999 9999 9999 9999 9999 9999
372DAVAO   2000 11  9999 9999 9999 9999 9999 9999 9999 9999 9999 9999 9999
372DAVAO   2000 12  9999 9999 9999 9999 9999 9999 9999 9999 9999 9999 9999
372DAVAO   2000 13  9999 9999 9999 9999 9999 9999 9999 9999 9999
372DAVAO   2000 21  9999 9999 9999 9999 9999 9999 9999 9999 9999 9999 9999
372DAVAO   2000 22  9999 9999 9999 9999 9999 9999 9999 9999 9999 9999 9999
372DAVAO   2000 23  9999 9999 9999 9999 9999 9999 9999
372DAVAO   2000 31  9999 9999 9999 9999 9999 9999 9999 9999 9999 9999 9999
372DAVAO   2000 32  9999 9999 9999 9999 9999 9999 9999 9999 9999 9999 9999
372DAVAO   2000 33  9999 9999 9999 9999 9999 9999 9999 9999 9999
372DAVAO   2000 41  9999 9999 9999 9999 9999 9999 9999 9999 9999 9999 9999
372DAVAO   2000 42  9999 9999 9999 9999 9999 9999 9999 9999 9999 9999 9999
372DAVAO   2000 43  9999 9999 9999 9999 9999 9999 9999 9999
372DAVAO   2000 51  9999 9999 9999 9999 9999 9999 9999 9999 9999 9999 9999
372DAVAO   2000 52  9999 9999 9999 9999 9999 9999 9999 9999 9999 9999 9999
372DAVAO   2000 53  9999 9999 9999 3089 3087 3104 3111 3092 3091
372DAVAO   2000 61  3071 3074 3078 3056 3053 3058 3083 3089 3083 3077 3073
372DAVAO   2000 62  3068 3062 3042 3017 3008 2994 3000 3010 3012 3016 3019
372DAVAO   2000 63  3030 3059 3083 3090 3089 3083 3062 3050
372DAVAO   2000 71  3050 3047 3061 3076 3090 3089 3104 3118 3127 3094 3061
372DAVAO   2000 72  3073 3077 3076 3072 3040 3036 3062 3064 3082 3088 3092
372DAVAO   2000 73  3102 3124 3108 3078 3057 3054 3071 3055 3061
372DAVAO   2000 81  3066 3081 3093 3109 3110 3110 3099 3075 3077 3066 3035
372DAVAO   2000 82  3022 3024 3027 3034 3054 3059 3057 3056 3071 3078 3047
372DAVAO   2000 83  3022 3040 3046 3035 3043 3074 3084 3087 3077
372DAVAO   2000 91  3046 3040 3040 3037 3041 3049 3061 3053 3049 3077 3088
372DAVAO   2000 92  3088 3103 3104 3088 3095 3116 3130 3115 3101 3088 3095
372DAVAO   2000 93  3089 3103 3103 3095 3110 3127 3127 3115
372DAVAO   2000101  3115 3112 3107 3093 3089 3074 3081 3095 3085 3086 3102
372DAVAO   2000102  3114 3137 3124 3100 3086 3064 3064 3073 3077 3077 3075
372DAVAO   2000103  3065 3068 3065 3044 3021 3008 3024 3032 3014
372DAVAO   2000111  3015 3013 2986 2963 2986 3001 3027 3046 3010 3001 3022
372DAVAO   2000112  3015 3021 3023 2996 2985 2982 2992 3001 3002 3007 3020
372DAVAO   2000113  3014 2989 2976 2973 2986 2989 2987 3014
372DAVAO   2000121  2995 2995 3019 3024 3033 3042 3027 3002 2988 2966 2928
372DAVAO   2000122  2938 2941 2963 2953 2947 2965 2978 2979 2994 2971 2924
372DAVAO   2000123  2901 2894 2925 2929 2936 2947 2958 2964 2960
372DAVAO   2001 11  2961 2948 2968 2973 2976 2988 2947 2945 2944 2925 2933
372DAVAO   2001 12  2947 2962 2967 2945 2950 2961 2971 2974 2949 2952 2922
372DAVAO   2001 13  2912 2922 2931 2933 2930 2956 2981 3006 3014
372DAVAO   2001 21  3022 3027 3012 3009 2995 2997 3004 3024 3041 3022 3030
372DAVAO   2001 22  3022 3037 3025 3008 2997 9999 9999 9999 9999 9999 9999
372DAVAO   2001 23  9999 9999 9999 9999 9999 9999
372DAVAO   2001 31  9999 9999 9999 9999 9999 9999 9999 9999 9999 9999 9999
372DAVAO   2001 32  9999 9999 9999 9999 9999 9999 9999 9999 9999 9999 2957
372DAVAO   2001 33  2950 2987 3001 2999 3003 3025 3032 3007 2999
372DAVAO   2001 41  3005 2999 3018 3024 3005 3026 3049 3066 3078 3049 3046
372DAVAO   2001 42  3049 3041 3044 3047 3049 3054 3071 3066 3089 9999 9999
372DAVAO   2001 43  9999 9999 9999 9999 9999 9999 9999 9999
372DAVAO   2001 51  9999 9999 9999 9999 9999 9999 9999 9999 9999 9999 9999
372DAVAO   2001 52  9999 9999 9999 2944 2954 2968 2954 2967 2971 2915 2910
372DAVAO   2001 53  2947 2966 2953 2928 2889 2912 2934 2962 2983
372DAVAO   2001 61  2967 2932 2899 2888 2861 2842 2843 2832 2820 2830 2857
372DAVAO   2001 62  2906 2946 2976 2984 2978 2974 2965 2934 2914 2897 2868
372DAVAO   2001 63  2848 2894 2916 2922 2939 2931 2938 2942
372DAVAO   2001 71  2930 2924 2923 2942 2934 2879 2887 2888 2860 2880 2910
372DAVAO   2001 72  2945 2961 2938 2949 2968 2950 2930 2905 2903 2896 2889
372DAVAO   2001 73  2924 2945 2945 2962 2993 2992 2977 2958 9999
372DAVAO   2001 81  9999 9999 9999 9999 9999 9999 9999 9999 9999 9999 9999
372DAVAO   2001 82  9999 9999 9999 9999 9999 9999 9999 9999 9999 9999 9999
372DAVAO   2001 83  9999 9999 9999 9999 9999 9999 9999 9999 9999
372DAVAO   2001 91  9999 9999 2821 2843 2854 2839 2863 2885 2900 2902 2894
372DAVAO   2001 92  2900 2911 2912 2914 2924 2937 2944 2947 2945 2940 2925
372DAVAO   2001 93  2890 2897 2907 2902 2904 2913 2907 2891
372DAVAO   2001101  2889 2911 2899 2879 2884 2903 2920 2912 2900 2885 2881
372DAVAO   2001102  2905 2949 2919 2927 2937 2931 2923 2908 2904 2896 2891
372DAVAO   2001103  2890 2890 2870 2859 2865 2853 2855 2848 2809
372DAVAO   2001111  2814 2828 2831 2830 2837 2858 2868 2842 2814 2814 2815
372DAVAO   2001112  2824 2837 2827 2791 2793 2799 2803 2803 2799 2791 2826
372DAVAO   2001113  2872 2864 2832 2824 2819 2822 2825 2828
372DAVAO   2001121  2812 2790 9999 9999 9999 9999 9999 9999 9999 9999 9999
372DAVAO   2001122  9999 9999 9999 9999 9999 9999 9999 9999 9999 9999 9999
372DAVAO   2001123  9999 9999 9999 9999 9999 9999 9999 9999 9999
372DAVAO   2002 11  9999 9999 9999 9999 9999 9999 9999 9999 9999 9999 9999
372DAVAO   2002 12  9999 9999 9999 9999 9999 9999 9999 9999 9999 9999 9999
372DAVAO   2002 13  9999 9999 9999 9999 9999 9999 9999 9999 9999
372DAVAO   2002 21  9999 9999 9999 9999 9999 9999 9999 9999 9999 9999 9999
372DAVAO   2002 22  9999 9999 9999 9999 9999 9999 9999 9999 9999 9999 9999
372DAVAO   2002 23  9999 9999 9999 9999 9999 9999
372DAVAO   2002 31  9999 9999 9999 9999 9999 9999 9999 9999 9999 9999 9999
372DAVAO   2002 32  9999 9999 9999 9999 9999 9999 9999 9999 9999 9999 9999
372DAVAO   2002 33  9999 9999 9999 9999 9999 9999 9999 9999 9999
372DAVAO   2002 41  9999 9999 9999 9999 9999 9999 9999 9999 9999 9999 9999
372DAVAO   2002 42  9999 9999 9999 9999 9999 9999 9999 9999 9999 9999 9999
372DAVAO   2002 43  9999 9999 9999 9999 9999 9999 9999 9999
372DAVAO   2002 51  9999 9999 9999 9999 9999 9999 9999 9999 9999 9999 9999
372DAVAO   2002 52  9999 9999 9999 9999 9999 9999 9999 9999 9999 9999 9999
372DAVAO   2002 53  9999 9999 9999 9999 9999 9999 9999 9999 9999
372DAVAO   2002 61  9999 9999 9999 9999 9999 9999 9999 9999 9999 9999 9999
372DAVAO   2002 62  9999 9999 9999 9999 9999 9999 9999 9999 9999 9999 9999
372DAVAO   2002 63  9999 9999 9999 9999 9999 9999 9999 9999
372DAVAO   2002 71  9999 9999 9999 9999 9999 9999 9999 9999 9999 9999 9999
372DAVAO   2002 72  9999 9999 9999 9999 9999 9999 9999 9999 9999 9999 9999
372DAVAO   2002 73  9999 9999 9999 9999 9999 9999 9999 9999 9999
372DAVAO   2002 81  9999 9999 9999 9999 9999 9999 9999 9999 9999 9999 9999
372DAVAO   2002 82  9999 9999 9999 9999 9999 9999 9999 9999 9999 9999 9999
372DAVAO   2002 83  9999 9999 9999 9999 9999 9999 9999 9999 9999
372DAVAO   2002 91  9999 9999 9999 9999 9999 9999 9999 9999 9999 9999 9999
372DAVAO   2002 92  9999 9999 9999 9999 9999 9999 9999 9999 9999 9999 9999
372DAVAO   2002 93  9999 9999 9999 9999 9999 9999 9999 9999
372DAVAO   2002101  9999 9999 9999 9999 9999 9999 9999 9999 9999 9999 9999
372DAVAO   2002102  9999 9999 9999 9999 9999 9999 9999 9999 9999 9999 9999
372DAVAO   2002103  9999 9999 9999 9999 9999 9999 9999 9999 9999
372DAVAO   2002111  9999 9999 9999 9999 9999 9999 9999 9999 9999 9999 9999
372DAVAO   2002112  9999 9999 9999 9999 9999 9999 9999 9999 9999 9999 9999
372DAVAO   2002113  9999 9999 9999 9999 9999 9999 9999 9999
372DAVAO   2002121  9999 9999 9999 9999 9999 9999 9999 9999 9999 9999 9999
372DAVAO   2002122  9999 9999 9999 9999 9999 9999 9999 9999 9999 9999 9999
372DAVAO   2002123  9999 9999 9999 9999 9999 9999 9999 9999 9999
372DAVAO   2003 11  9999 9999 9999 9999 9999 9999 9999 9999 9999 9999 9999
372DAVAO   2003 12  9999 9999 9999 9999 9999 9999 9999 9999 9999 9999 9999
372DAVAO   2003 13  9999 9999 9999 9999 9999 9999 9999 9999 9999
372DAVAO   2003 21  9999 9999 9999 9999 9999 9999 9999 9999 9999 9999 9999
372DAVAO   2003 22  9999 9999 9999 9999 9999 9999 9999 9999 9999 9999 9999
372DAVAO   2003 23  9999 9999 9999 9999 9999 9999
372DAVAO   2003 31  9999 9999 9999 9999 9999 9999 9999 9999 9999 9999 9999
372DAVAO   2003 32  9999 9999 9999 9999 9999 9999 9999 9999 9999 9999 9999
372DAVAO   2003 33  9999 9999 9999 9999 9999 9999 9999 9999 9999
372DAVAO   2003 41  9999 9999 9999 9999 9999 9999 9999 9999 9999 9999 9999
372DAVAO   2003 42  9999 9999 9999 9999 9999 9999 9999 9999 9999 9999 9999
372DAVAO   2003 43  9999 9999 9999 9999 9999 9999 9999 9999
372DAVAO   2003 51  9999 9999 9999 9999 9999 9999 9999 9999 9999 9999 9999
372DAVAO   2003 52  9999 9999 9999 9999 9999 9999 9999 9999 9999 9999 9999
372DAVAO   2003 53  9999 9999 9999 9999 9999 9999 9999 9999 9999
372DAVAO   2003 61  9999 9999 9999 9999 9999 9999 9999 9999 9999 9999 9999
372DAVAO   2003 62  9999 9999 9999 9999 9999 9999 9999 9999 9999 9999 9999
372DAVAO   2003 63  9999 9999 9999 9999 9999 9999 9999 9999
372DAVAO   2003 71  9999 9999 9999 9999 9999 9999 9999 9999 9999 9999 9999
372DAVAO   2003 72  9999 9999 9999 9999 9999 9999 9999 9999 9999 9999 9999
372DAVAO   2003 73  9999 9999 9999 9999 9999 9999 9999 9999 9999
372DAVAO   2003 81  9999 9999 9999 9999 9999 9999 9999 9999 9999 9999 9999
372DAVAO   2003 82  9999 9999 9999 9999 9999 9999 9999 9999 9999 9999 9999
372DAVAO   2003 83  9999 9999 9999 9999 9999 9999 9999 9999 9999
372DAVAO   2003 91  9999 9999 9999 9999 9999 9999 9999 9999 9999 9999 9999
372DAVAO   2003 92  9999 9999 9999 9999 9999 9999 9999 9999 9999 9999 9999
372DAVAO   2003 93  9999 9999 9999 9999 9999 9999 9999 9999
372DAVAO   2003101  9999 9999 9999 9999 9999 9999 9999 9999 9999 9999 9999
372DAVAO   2003102  9999 9999 9999 9999 9999 9999 9999 9999 9999 9999 9999
372DAVAO   2003103  9999 9999 9999 9999 9999 9999 9999 9999 9999
372DAVAO   2003111  9999 9999 9999 9999 9999 9999 9999 9999 9999 9999 9999
372DAVAO   2003112  9999 9999 9999 9999 9999 9999 9999 9999 9999 9999 9999
372DAVAO   2003113  9999 9999 9999 9999 9999 9999 9999 9999
372DAVAO   2003121  9999 9999 9999 9999 9999 9999 9999 9999 9999 9999 9999
372DAVAO   2003122  9999 9999 9999 9999 9999 9999 9999 9999 9999 9999 9999
372DAVAO   2003123  9999 9999 9999 9999 9999 9999 9999 9999 9999
372DAVAO   2004 11  2998 2997 2958 2933 2936 2941 2938 2934 2925 2950 2971
372DAVAO   2004 12  2966 2979 2990 2989 2992 2979 2976 2969 2980 2985 2981
372DAVAO   2004 13  2998 3018 3021 3003 3012 3030 3018 3017 3006
372DAVAO   2004 21  2988 2975 2979 2987 2995 3003 3018 3019 3050 3044 3035
372DAVAO   2004 22  3029 3020 3016 3012 3004 2983 2985 3013 3027 3004 3012
372DAVAO   2004 23  3030 3034 3033 3021 3041 3041 3038
372DAVAO   2004 31  3011 2968 3012 3024 3018 3036 3042 3053 3066 3056 3010
372DAVAO   2004 32  3020 3034 3015 3001 3022 3023 9999 9999 9999 9999 9999
372DAVAO   2004 33  9999 9999 9999 9999 9999 9999 9999 9999 9999
372DAVAO   2004 41  9999 9999 9999 9999 9999 9999 9999 9999 9999 9999 9999
372DAVAO   2004 42  9999 9999 9999 9999 9999 9999 9999 9999 9999 9999 9999
372DAVAO   2004 43  9999 9999 3065 3066 3068 3051 3047 3084
372DAVAO   2004 51  3109 3106 3097 3097 3117 3095 3079 3080 3073 3078 3065
372DAVAO   2004 52  3060 3083 3093 3109 3125 3114 3101 3067 3039 3042 3071
372DAVAO   2004 53  3077 3051 3078 3113 3095 3101 3095 3128 3106
372DAVAO   2004 61  3086 3075 3062 3043 3036 3055 3056 3093 3097 3078 3098
372DAVAO   2004 62  3079 3073 3053 3058 3062 3036 3052 3055 3072 3067 3057
372DAVAO   2004 63  3060 3057 3078 3087 3078 3095 3069 3060
372DAVAO   2004 71  3082 3086 3078 3063 3051 3065 3084 3098 3089 3095 3096
372DAVAO   2004 72  3087 3076 3079 3071 3059 3063 3072 3078 3070 3088 3098
372DAVAO   2004 73  3097 3094 3091 3099 3097 3082 3088 3065 3038
372DAVAO   2004 81  3044 3051 3057 3056 3085 3077 3047 3028 3044 3029 3011
372DAVAO   2004 82  3018 3011 2999 3007 3034 3044 3043 3035 3051 3040 3032
372DAVAO   2004 83  3039 3061 3057 3041 3030 3036 3052 3037 3043
372DAVAO   2004 91  3048 3066 3052 3050 3062 3048 3022 2996 3002 3020 3035
372DAVAO   2004 92  3046 3042 3054 3069 3064 3061 3048 3041 3025 3014 3014
372DAVAO   2004 93  3023 3033 3044 3061 3073 3108 3108 3082
372DAVAO   2004101  3067 3058 3046 3035 3017 3003 3023 3053 3050 3043 3047
372DAVAO   2004102  3069 3079 3070 3070 3060 3048 3038 3040 3049 3055 3047
372DAVAO   2004103  3063 3069 3048 3055 3066 3062 3046 3016 2990
372DAVAO   2004111  3002 3009 2999 3001 2997 3013 3021 3018 3029 3013 3010
372DAVAO   2004112  9999 9999 9999 9999 9999 9999 9999 9999 9999 9999 9999
372DAVAO   2004113  9999 9999 9999 9999 9999 9999 9999 9999
372DAVAO   2004121  9999 9999 9999 9999 9999 9999 9999 9999 2960 2945 2947
372DAVAO   2004122  2938 2903 2896 2928 2958 2971 2972 2984 2975 2966 2967
372DAVAO   2004123  2961 2953 2923 2906 2918 2909 2907 2915 2927
372DAVAO   2005 11  2917 2937 2946 2941 2940 2929 2892 2871 2882 2887 2905
372DAVAO   2005 12  2900 2905 2918 2954 2958 2982 2983 2933 2915 2899 2899
372DAVAO   2005 13  2896 2863 2858 2891 2917 2898 2904 2922 2944
372DAVAO   2005 21  2981 2954 2931 2925 2914 2910 2905 2917 2911 2926 2918
372DAVAO   2005 22  2926 2957 2949 2937 2926 2897 2897 2914 2916 2926 2937
372DAVAO   2005 23  2948 2950 2970 2978 2976 2983
372DAVAO   2005 31  2986 2991 2988 2985 2965 2966 2975 2984 2990 3000 3025
372DAVAO   2005 32  3031 3016 3017 3016 9999 9999 3020 3013 3009 3001 2997
372DAVAO   2005 33  3030 3054 3047 3051 3049 3058 3063 3050 3018
372DAVAO   2005 41  3000 3006 3026 3068 3067 3053 3074 3094 3109 3088 3052
372DAVAO   2005 42  3042 3024 3040 3046 3034 3046 3066 3068 3072 3072 3074
372DAVAO   2005 43  3074 3056 3060 3050 3030 3019 3002 3003
372DAVAO   2005 51  3038 3044 3048 3046 3042 3058 3072 3055 3026 3022 3021
372DAVAO   2005 52  3020 3031 3046 3056 3069 3080 3103 3121 3128 3127 3121
372DAVAO   2005 53  3108 3082 3060 3052 3075 3089 3102 3121 3148
372DAVAO   2005 61  3171 3180 3139 3110 3102 3104 3104 3083 3074 3089 3105
372DAVAO   2005 62  3113 3116 3106 3121 3135 3127 3104 3077 3067 3059 3056
372DAVAO   2005 63  3050 3061 3074 3087 3094 3115 3126 3131
372DAVAO   2005 71  3105 3066 3048 3041 3038 3053 3059 3045 3052 3065 3082
372DAVAO   2005 72  3093 3102 3105 3097 3095 3078 3065 3067 3055 3045 3034
372DAVAO   2005 73  3040 3077 3118 3138 3123 3106 3109 3111 3092
372DAVAO   2005 81  3075 3083 3092 3099 3118 3140 9999 9999 3121 3148 3146
372DAVAO   2005 82  3128 3108 3084 3077 3089 3107 3103 3111 3147 3175 3166
372DAVAO   2005 83  3162 3154 3140 3135 3124 3109 3101 3102 3108
372DAVAO   2005 91  3101 3120 3151 3167 3170 3159 3139 3124 3104 3081 3075
372DAVAO   2005 92  3100 3111 3089 3082 3094 3119 3114 3100 3117 3099 3053
372DAVAO   2005 93  3040 3046 3056 3037 3008 9999 9999 9999
372DAVAO   2005101  9999 9999 9999 9999 9999 3105 3095 3079 3074 3078 3074
372DAVAO   2005102  3084 3122 3138 3132 3144 3144 3127 3094 3085 3073 3086
372DAVAO   2005103  3101 3095 3094 3100 3100 3123 3135 3114 3107
372DAVAO   2005111  3098 3082 3082 3065 3053 3047 3053 3060 3060 3091 3113
372DAVAO   2005112  3120 3113 3081 3063 3049 3048 3051 3068 3078 3081 3089
372DAVAO   2005113  3081 3076 3098 3111 3119 3084 3046 3042
372DAVAO   2005121  3038 3012 3008 3006 3032 3073 3065 3086 3102 3103 3103
372DAVAO   2005122  3046 3015 3016 3010 3005 3004 3008 3027 3029 3028 3057
372DAVAO   2005123  3094 3083 3084 3081 3080 3071 3025 2952 2942
372DAVAO   2006 11  2961 2962 2954 2978 2990 2991 2981 2995 2981 2943 2940
372DAVAO   2006 12  2943 2935 2932 9999 9999 9999 9999 9999 9999 9999 9999
372DAVAO   2006 13  9999 9999 9999 9999 9999 9999 9999 9999 9999
372DAVAO   2006 21  9999 9999 9999 9999 9999 9999 9999 9999 9999 9999 9999
372DAVAO   2006 22  9999 9999 9999 9999 9999 9999 9999 9999 9999 9999 9999
372DAVAO   2006 23  9999 9999 9999 9999 9999 9999
372DAVAO   2006 31  9999 9999 9999 9999 9999 9999 9999 9999 9999 9999 9999
372DAVAO   2006 32  9999 9999 9999 9999 9999 9999 9999 9999 9999 9999 9999
372DAVAO   2006 33  9999 9999 9999 9999 9999 9999 3171 3179 3169
372DAVAO   2006 41  3165 3122 3123 3126 3104 3097 3091 3139 3163 3115 3109
372DAVAO   2006 42  3114 3149 3144 3111 3091 3101 3117 3089 3080 3102 3101
372DAVAO   2006 43  3125 3143 3153 3152 3134 3110 3108 3092
372DAVAO   2006 51  3078 3086 3096 3116 3125 3131 3136 3161 3171 3162 3142
372DAVAO   2006 52  3128 3090 3060 3071 3089 3073 3083 3101 3140 3147 3129
372DAVAO   2006 53  3148 3170 3161 3104 3065 3042 3061 3079 3089
372DAVAO   2006 61  3096 3105 3123 3147 3148 3141 3132 3122 3116 3114 3096
372DAVAO   2006 62  3080 3077 3076 3089 3102 3109 3115 3107 3124 3104 3075
372DAVAO   2006 63  3059 3044 3052 3056 3053 3063 9999 9999
372DAVAO   2006 71  9999 9999 9999 9999 9999 9999 9999 9999 9999 9999 9999
372DAVAO   2006 72  9999 9999 9999 9999 9999 9999 9999 9999 9999 9999 9999
372DAVAO   2006 73  9999 9999 9999 9999 9999 9999 9999 9999 9999
372DAVAO   2006 81  9999 9999 9999 9999 9999 9999 9999 9999 9999 9999 9999
372DAVAO   2006 82  9999 9999 9999 9999 9999 9999 9999 9999 9999 9999 9999
372DAVAO   2006 83  9999 9999 9999 9999 9999 9999 9999 9999 9999
372DAVAO   2006 91  9999 9999 9999 9999 9999 9999 9999 9999 9999 9999 9999
372DAVAO   2006 92  9999 9999 9999 9999 9999 9999 9999 9999 9999 9999 9999
372DAVAO   2006 93  9999 9999 9999 9999 9999 9999 9999 9999
372DAVAO   2006101  9999 9999 3024 3040 3071 3094 3096 3078 3059 3030 3001
372DAVAO   2006102  2976 2976 2996 2997 3004 3013 3002 3016 3020 3016 3022
372DAVAO   2006103  3027 3015 3018 3009 2978 2970 2988 3004 3004
372DAVAO   2006111  3006 3001 2997 2988 2979 2971 2973 2963 2942 2941 2957
372DAVAO   2006112  2970 2988 2988 2970 2975 2974 2953 2923 2920 2923 2924
372DAVAO   2006113  2906 2912 2906 2902 2931 2946 2953 2969
372DAVAO   2006121  2955 2946 2938 2926 2906 2904 2899 2887 2918 2945 2939
372DAVAO   2006122  2941 2951 2950 2947 2937 2912 2917 2918 2916 2928 2931
372DAVAO   2006123  2938 2935 2938 2945 2978 2991 2962 2939 9999
372DAVAO   2007 11  9999 9999 9999 9999 9999 9999 9999 9999 9999 9999 9999
372DAVAO   2007 12  9999 9999 9999 9999 9999 9999 9999 9999 9999 9999 9999
372DAVAO   2007 13  9999 9999 9999 9999 9999 9999 9999 9999 9999
372DAVAO   2007 21  9999 9999 9999 9999 9999 9999 9999 9999 9999 9999 9999
372DAVAO   2007 22  9999 9999 9999 9999 9999 9999 9999 9999 9999 9999 9999
372DAVAO   2007 23  9999 2804 2798 2773 2754 2783
372DAVAO   2007 31  2810 2821 2848 2862 2852 2836 2857 2847 2825 2816 2810
372DAVAO   2007 32  2815 2821 2813 2830 2846 2856 2887 2882 2894 2916 2898
372DAVAO   2007 33  2865 2835 2837 2841 2839 2842 2839 2848 2869
372DAVAO   2007 41  2883 2906 2913 2889 2875 2883 2906 2899 2882 2884 2888
372DAVAO   2007 42  2883 2895 2944 2954 2958 2952 2930 2901 2864 2872 2875
372DAVAO   2007 43  2887 2905 2896 2891 2896 2921 2915 2913
372DAVAO   2007 51  2876 2853 2866 2867 2880 2880 2886 2869 2878 2902 2922
372DAVAO   2007 52  2931 2938 2923 2897 2878 2862 2860 2849 2852 2855 2875
372DAVAO   2007 53  2909 2926 2925 2915 2906 2900 2899 2871 2856
372DAVAO   2007 61  2861 2854 2844 2852 2878 2885 2887 2905 2935 2945 2927
372DAVAO   2007 62  2913 2902 2892 2886 2892 2918 2920 2917 2938 2948 2950
372DAVAO   2007 63  2927 2903 2895 2882 2876 2878 2878 2858
372DAVAO   2007 71  2836 2834 2863 2890 2906 2920 2929 2943 2929 2915 2882
372DAVAO   2007 72  2843 2855 2854 2838 2855 2880 2900 2918 2913 2923 2938
372DAVAO   2007 73  2915 2895 2884 2873 2889 2912 2920 2933 2958
372DAVAO   2007 81  2967 2957 2956 2972 2963 2952 2939 2910 2901 2904 2912
372DAVAO   2007 82  2922 2952 2973 2967 2956 2974 2972 2956 2930 2915 2924
372DAVAO   2007 83  2928 2933 2941 2936 2931 2947 2953 2961 2976
372DAVAO   2007 91  2960 2925 2912 2912 2906 2906 2912 2925 2944 2951 2973
372DAVAO   2007 92  2969 2962 2963 2975 2963 2938 2947 2956 2944 2933 2938
372DAVAO   2007 93  2975 3010 3000 2999 3004 2992 2973 2954
372DAVAO   2007101  2942 2920 2905 2918 2940 2950 2944 2940 2961 2960 2945
372DAVAO   2007102  2923 2917 2912 2899 2905 2926 2928 2923 2946 2982 3020
372DAVAO   2007103  3037 3028 3012 2991 2984 2962 2942 2953 2981
372DAVAO   2007111  3004 3016 3032 9999 9999 3038 3043 3031 3008 2992 2983
372DAVAO   2007112  2971 2987 2984 2966 2970 2982 3017 3036 3006 2988 2999
372DAVAO   2007113  2994 2955 2943 2976 2990 2954 2892 2877
372DAVAO   2007121  2876 2901 2938 2960 2935 2898 2876 2874 2906 2898 2884
372DAVAO   2007122  2884 2887 2884 2906 2908 2927 2949 2947 2930 2898 2874
372DAVAO   2007123  2882 2915 2926 2930 2930 2945 2969 2984 2998
372DAVAO   2008 11  2965 2941 2922 2922 2914 2885 2869 2878 2891 2905 2944
372DAVAO   2008 12  2933 2926 2918 2924 2933 2952 2950 2926 2907 2889 2875
372DAVAO   2008 13  2880 2865 2874 2873 2891 2926 2941 2939 2907
372DAVAO   2008 21  2905 2908 2909 2903 2908 2932 2947 2965 2990 3001 3001
372DAVAO   2008 22  3043 3049 3015 3010 2989 2950 2946 2991 3011 3002 3000
372DAVAO   2008 23  2985 2983 3011 2980 2947 2963 2982
372DAVAO   2008 31  2995 2973 2976 3012 3003 2992 3005 3028 3044 3041 3019
372DAVAO   2008 32  3016 3036 3045 3029 3024 3025 3057 3050 3062 3088 3087
372DAVAO   2008 33  3069 3043 3044 3069 3056 3018 3023 3048 3050
372DAVAO   2008 41  3051 3068 3071 3098 3090 3055 3044 3023 3020 3027 3029
372DAVAO   2008 42  3037 3065 3078 3078 3096 3088 3075 3066 3041 3023 2999
372DAVAO   2008 43  2969 2967 2984 2968 2980 2998 3028 3060
372DAVAO   2008 51  3076 3079 3065 3054 3049 3026 3009 3006 3011 3015 3021
372DAVAO   2008 52  3025 3036 3053 3059 3039 3036 3028 3000 2982 2988 2987
372DAVAO   2008 53  2999 3024 3041 3025 3016 3031 3055 3076 3056
372DAVAO   2008 61  3036 3020 3000 3003 3008 3009 3013 3018 3029 3040 3055
372DAVAO   2008 62  3059 3046 3042 3024 3007 2989 2996 3009 2996 2981 2984
372DAVAO   2008 63  3003 3004 3005 3019 3023 3001 2985 2988
372DAVAO   2008 71  2984 2975 2986 2987 2998 3022 3038 3039 3019 3006 3001
372DAVAO   2008 72  3005 3016 3016 3019 3030 3036 3025 3030 3035 3054 3065
372DAVAO   2008 73  3083 3083 3078 3062 3032 3007 3005 3030 3039
372DAVAO   2008 81  3038 3072 3093 3093 3100 3083 3050 3026 3006 3000 2989
372DAVAO   2008 82  2985 2988 2989 3005 3013 3029 3044 3046 3049 3062 3070
372DAVAO   2008 83  3066 3053 3032 3029 3055 3072 3071 3078 3088
372DAVAO   2008 91  3097 3113 3125 3108 3076 3055 3050 3054 3050 3037 3046
372DAVAO   2008 92  3068 3072 3072 3090 3089 3078 3061 3040 3022 2999 2995
372DAVAO   2008 93  3000 3010 3039 3058 3054 3054 3037 3022
372DAVAO   2008101  3025 2997 2971 2987 3012 3013 3016 3035 3047 3057 3069
372DAVAO   2008102  3077 3075 3058 3039 3049 3026 2996 2994 2996 3015 3019
372DAVAO   2008103  3041 3036 3029 3008 2997 2970 2952 2956 2950
372DAVAO   2008111  2942 2929 2926 2959 2988 2984 3005 3015 3018 3015 3036
372DAVAO   2008112  3034 3026 2991 2987 3000 3011 2996 2976 2995 3023 3048
372DAVAO   2008113  3043 3020 2992 2966 2953 2961 2963 2966
372DAVAO   2008121  2979 2980 3000 3025 3025 3026 3046 3042 3035 3016 3009
372DAVAO   2008122  2968 2933 2952 2995 3021 3000 3009 3034 3040 3006 2960
372DAVAO   2008123  2943 2934 2916 2906 2925 2930 2933 2950 2963
372DAVAO   2009 11  2949 2956 2962 2974 3003 3006 2968 2919 2888 2901 2925
372DAVAO   2009 12  2917 2927 2935 2928 2942 2961 2964 2964 2931 2914 2926
372DAVAO   2009 13  2931 2931 2940 2942 2932 2949 2953 2972 2948
372DAVAO   2009 21  2935 2945 2957 2954 2955 2961 2934 2919 2916 2937 2961
372DAVAO   2009 22  2969 2973 2966 2938 2944 2926 2917 2918 2893 2884 2918
372DAVAO   2009 23  2967 2961 2970 2983 2976 2972
372DAVAO   2009 31  2947 2927 2950 2959 2963 2947 2936 2940 2956 2966 2987
372DAVAO   2009 32  3005 2981 2966 2975 2983 2983 2959 2946 2946 2976 2981
372DAVAO   2009 33  2992 3010 3022 3046 3038 2995 2999 3000 2998
372DAVAO   2009 41  2993 2979 2981 2996 3013 3025 3028 3029 3026 3014 3007
372DAVAO   2009 42  3007 2994 2985 2985 3022 3044 3039 3057 3072 3055 3036
372DAVAO   2009 43  3031 3019 3009 2980 2971 2983 2987 3000
372DAVAO   2009 51  3016 9999 9999 9999 3025 3027 3038 3003 2962 2956 2965
372DAVAO   2009 52  2966 2960 2968 2985 3000 3002 3007 3016 3023 3013 2995
372DAVAO   2009 53  2976 2967 2969 2972 2995 3014 3036 3061 3063
372DAVAO   2009 61  3049 3050 3038 3003 2979 2989 2967 2958 2956 2960 2989
372DAVAO   2009 62  3009 3015 3033 3047 3053 3050 3051 3027 2992 2983 3001
372DAVAO   2009 63  3002 2987 2988 3001 3003 3011 3000 3002
372DAVAO   2009 71  9999 9999 9999 9999 9999 9999 9999 9999 9999 9999 9999
372DAVAO   2009 72  9999 9999 2990 2998 3010 2976 9999 9999 9999 9999 9999
372DAVAO   2009 73  9999 9999 9999 9999 9999 9999 9999 9999 9999
372DAVAO   2009 81  9999 9999 9999 9999 2976 3001 2986 2989 3000 2982 2963
372DAVAO   2009 82  2943 2953 2942 2941 2931 2928 2947 2969 3002 9999 9999
372DAVAO   2009 83  9999 9999 9999 9999 9999 9999 9999 9999 9999
372DAVAO   2009 91  9999 9999 9999 9999 9999 9999 9999 9999 9999 9999 9999
372DAVAO   2009 92  9999 9999 9999 9999 9999 9999 9999 9999 9999 9999 9999
372DAVAO   2009 93  9999 9999 2938 2950 2975 2986 3007 3003
372DAVAO   2009101  3003 2987 2972 2958 2977 2975 2936 2901 2869 2851 2883
372DAVAO   2009102  2925 2943 2948 2937 2943 2950 2915 2896 2874 2867 2873
372DAVAO   2009103  2896 2903 2902 2913 2925 2919 2913 2930 2923
372DAVAO   2009111  2896 2872 2847 2830 2859 2864 2856 2867 2875 2886 2900
372DAVAO   2009112  2908 2903 2874 2844 2830 2809 2796 2786 2798 2816 2843
372DAVAO   2009113  2893 2921 2874 9999 9999 9999 9999 9999
372DAVAO   2009121  9999 2821 2786 2799 2808 2829 2832 2869 2867 2851 2819
372DAVAO   2009122  2792 2779 2759 2741 9999 9999 9999 9999 9999 9999 9999
372DAVAO   2009123  9999 9999 9999 9999 9999 9999 9999 9999 9999
372DAVAO   2010 11  9999 9999 9999 9999 9999 9999 2813 2800 9999 9999 9999
372DAVAO   2010 12  9999 9999 9999 9999 9999 9999 9999 9999 9999 9999 9999
372DAVAO   2010 13  9999 9999 9999 9999 9999 9999 9999 9999 9999
372DAVAO   2010 21  9999 9999 9999 9999 9999 9999 2738 2717 9999 9999 9999
372DAVAO   2010 22  9999 9999 9999 9999 9999 9999 9999 9999 9999 9999 9999
372DAVAO   2010 23  9999 9999 9999 9999 9999 9999
372DAVAO   2010 31  9999 9999 9999 2833 2807 2790 2779 2775 2774 2767 2784
372DAVAO   2010 32  2788 2791 2800 2819 2830 2827 2807 2802 2807 2805 2817
372DAVAO   2010 33  2812 2803 2817 2838 2852 2876 2894 2899 2891
372DAVAO   2010 41  2862 2845 2807 2805 2806 2806 2810 2804 2821 2847 2870
372DAVAO   2010 42  2860 2856 2839 2840 2843 2799 2793 2820 2848 2869 2858
372DAVAO   2010 43  2865 2896 2911 2913 2884 2850 2848 2844
372DAVAO   2010 51  2843 2864 2871 2883 2900 2890 2900 2913 2930 2931 2916
372DAVAO   2010 52  2926 2925 2933 2946 2936 2936 2954 2963 2986 3028 3056
372DAVAO   2010 53  3059 3023 3023 2987 2955 2959 2953 2963 2980
372DAVAO   2010 61  2996 3003 3004 3034 3048 3036 3013 2994 2988 2969 2948
372DAVAO   2010 62  2963 2986 2988 2994 3009 3038 3066 3080 3087 3059 3025
372DAVAO   2010 63  3030 3056 3038 3015 3040 3068 3073 3080
372DAVAO   2010 71  3094 3099 3088 3077 3084 3071 3030 3031 3015 2996 3027
372DAVAO   2010 72  3067 3094 3094 3088 3084 3062 3065 3051 3031 3036 3038
372DAVAO   2010 73  3034 3031 3051 3048 3030 3043 3058 3062 3053
372DAVAO   2010 81  3064 3090 3099 3083 3064 3047 3060 3067 3077 3073 3056
372DAVAO   2010 82  3074 3079 3075 3066 3074 3087 3095 3083 3074 3084 3100
372DAVAO   2010 83  3118 3106 3097 3103 3095 3070 3044 3057 3061
372DAVAO   2010 91  3027 3004 3017 3046 3049 3053 3061 3073 3088 3097 3099
372DAVAO   2010 92  3077 3050 3035 3027 3033 3042 3053 3078 3081 3074 3089
372DAVAO   2010 93  3094 3100 3101 3091 3091 3099 3100 3090
372DAVAO   2010101  3096 3110 3132 3136 3134 3130 3110 3083 3070 3065 3060
372DAVAO   2010102  3052 3041 3041 3059 3069 3094 3106 3083 3079 3093 3073
372DAVAO   2010103  3036 3021 3024 3016 3020 3066 3079 3065 3067
372DAVAO   2010111  3088 3126 3120 3096 3082 3063 3059 3042 3010 2999 3004
372DAVAO   2010112  3026 3052 3045 3034 3038 3038 3054 3059 3047 3044 3029
372DAVAO   2010113  3019 3023 3026 3040 3035 3042 3093 3116
372DAVAO   2010121  3116 3090 3055 3045 3026 3012 2993 2988 2998 3002 2999
372DAVAO   2010122  3017 3024 3011 3013 3012 3004 3030 3012 3002 2992 2997
372DAVAO   2010123  3009 3000 2999 3006 3024 3031 3016 3007 2996
372DAVAO   2011 11  3006 2991 2961 2954 2985 2992 3002 3009 3025 3045 3055
372DAVAO   2011 12  3045 3014 3007 2988 2981 2994 3000 3004 2974 2994 3009
372DAVAO   2011 13  2977 2968 2992 3025 3025 2995 2949 2947 2960
372DAVAO   2011 21  2973 2963 3007 3042 3008 2987 2979 2972 3000 2991 2981
372DAVAO   2011 22  2967 2968 2966 2980 2974 2969 2982 2988 3000 2993 2964
372DAVAO   2011 23  2958 2986 2987 2966 2968 2992
372DAVAO   2011 31  2942 2923 2954 2968 2979 2963 2961 2939 2949 2964 2972
372DAVAO   2011 32  2960 2971 2991 2986 2975 2997 3020 3020 3011 3015 3024
372DAVAO   2011 33  2999 2979 2965 2976 2998 3001 3006 3010 3033
372DAVAO   2011 41  3038 3044 3057 3059 3028 2992 2998 2993 2964 2963 2985
372DAVAO   2011 42  2971 2954 2990 2997 2994 2999 2995 2977 2952 2949 2943
372DAVAO   2011 43  2947 2965 2969 2960 2959 2999 3026 3017
372DAVAO   2011 51  2989 2973 2983 2978 2962 2977 2972 2969 2969 2988 2982
372DAVAO   2011 52  2997 3036 3017 2999 3009 3021 2993 2970 2985 3000 2998
372DAVAO   2011 53  3009 3019 3025 3023 3035 3021 2997 2987 2996
372DAVAO   2011 61  2970 2962 2971 2996 3005 3005 3008 3009 3011 3019 2998
372DAVAO   2011 62  9999 9999 2967 2924 2918 2936 2942 2943 2953 2959 2979
372DAVAO   2011 63  3001 2967 2934 2914 2923 2921 2900 2904
372DAVAO   2011 71  2905 2911 2920 2929 2921 2947 2969 2954 2935 2926 2913
372DAVAO   2011 72  2909 2915 2900 2909 2927 2952 2980 2981 2961 2963 2956
372DAVAO   2011 73  2939 2943 2952 2951 2920 2918 2931 2930 2942
372DAVAO   2011 81  2959 2954 2976 2990 2966 2922 2906 2901 2897 2906 2917
372DAVAO   2011 82  2943 2936 2936 2939 2959 2971 2973 2951 2948 2943 2935
372DAVAO   2011 83  2933 2931 2938 2938 2951 2956 2975 2992 2976
372DAVAO   2011 91  2962 2953 2953 2954 2942 2945 2975 2976 2976 2984 2994
372DAVAO   2011 92  3017 3037 3017 2973 2966 2966 2939 2934 2946 2964 2977
372DAVAO   2011 93  2990 3001 3015 3039 3050 3023 3014 3023
372DAVAO   2011101  3022 3006 2967 2980 3021 3053 3050 3015 3005 3035 3066
372DAVAO   2011102  3059 3016 2962 2936 2968 2992 3000 3011 3011 3057 3077
372DAVAO   2011103  3077 3071 3079 3066 3045 3039 3049 3058 3061
372DAVAO   2011111  3061 3042 3035 3052 3040 3029 3023 3001 2987 2999 2984
372DAVAO   2011112  2985 3012 3017 3008 2999 3013 3043 3044 3026 3024 3006
372DAVAO   2011113  2985 2973 2960 2960 2968 2957 2948 2977
372DAVAO   2011121  3012 3028 3026 3020 3026 3019 3001 2995 2971 2944 2937
372DAVAO   2011122  2959 2961 2970 3000 3014 2998 2992 3025 3055 3026 2999
372DAVAO   2011123  2989 2969 2948 2960 2954 2969 2976 2969 2948
372DAVAO   2012 11  2927 2974 2960 2961 2967 2949 2931 2908 2906 2941 2948
372DAVAO   2012 12  2927 2945 2972 2964 2968 2984 2974 2960 2940 2970 2995
372DAVAO   2012 13  2992 2991 3000 2996 2978 2991 2998 2990 2981
372DAVAO   2012 21  2978 2973 2959 2971 2991 2997 2970 2989 2999 3004 3034
372DAVAO   2012 22  3046 3025 3023 3019 3015 3002 2993 2986 2990 3025 3035
372DAVAO   2012 23  3020 3005 3027 3035 3041 3059 3061
372DAVAO   2012 31  3058 3064 3066 3065 3077 3103 3119 3100 3095 3101 3071
372DAVAO   2012 32  3065 3073 3065 3072 3091 3112 3096 3107 3119 3107 3080
372DAVAO   2012 33  3059 3020 3006 3016 3024 3030 3037 3041 3035
372DAVAO   2012 41  3015 2998 3005 3031 3052 3026 2997 2984 2985 2976 2967
372DAVAO   2012 42  2974 2971 2971 2988 2999 3016 3034 3036 3023 3002 2987
372DAVAO   2012 43  2990 2995 2990 2994 3028 3021 3029 3060
372DAVAO   2012 51  3081 3095 3097 3087 3075 3035 3023 3026 3025 3031 3032
372DAVAO   2012 52  3051 3068 3059 3047 3053 3047 3032 3036 3046 3041 3039
372DAVAO   2012 53  3046 3020 3017 3018 3042 3060 3080 3096 3082
372DAVAO   2012 61  3057 3059 3057 3028 3013 3015 3001 3013 3042 3052 3063
372DAVAO   2012 62  3034 3009 3003 3014 2996 2986 3006 2998 2983 2986 2976
372DAVAO   2012 63  2991 3001 3011 3019 3024 3030 3039 3016
372DAVAO   2012 71  2992 2998 3008 3009 3022 3031 3045 3057 3057 3051 3036
372DAVAO   2012 72  3030 3010 2997 2975 2958 2984 2994 3008 3006 3004 3018
372DAVAO   2012 73  3018 3021 3012 2998 2985 2963 2965 2959 2949
372DAVAO   2012 81  2960 2975 2977 2977 2991 3014 3000 2974 2947 2932 2933
372DAVAO   2012 82  2952 2965 2987 3004 3007 3027 3031 3061 3071 3063 3053
372DAVAO   2012 83  3068 3052 3024 3024 3030 3016 3028 3056 3063
372DAVAO   2012 91  3036 3013 3031 3033 2999 2977 3003 3029 3018 3010 3039
372DAVAO   2012 92  3051 3053 3063 3068 3066 3054 3041 3024 3015 3011 3013
372DAVAO   2012 93  3016 3013 3008 3034 3039 3015 2998 2952
372DAVAO   2012101  2904 2896 2936 2972 2971 2966 2968 2984 3006 3003 3002
372DAVAO   2012102  3017 3042 3028 3008 3000 2991 2968 2961 2955 2961 2989
372DAVAO   2012103  3014 3029 2982 2960 2946 2913 2930 2936 2911
372DAVAO   2012111  2905 2905 2928 2951 2972 2975 2981 2990 2991 2992 2984
372DAVAO   2012112  2970 2951 2931 2907 2890 2902 2924 2948 2958 2956 2953
372DAVAO   2012113  2959 2930 2917 2894 2880 2874 2873 2892
372DAVAO   2012121  2915 2934 2965 2966 2947 2954 2960 2929 2943 2976 2945
372DAVAO   2012122  2923 2928 2917 2927 2955 2965 2979 2983 2988 2995 2993
372DAVAO   2012123  2987 2968 2969 2977 2964 2957 2975 2981 2981
372DAVAO   2013 11  2978 2994 2991 3010 3007 2998 2948 2935 2966 2958 2958
372DAVAO   2013 12  2964 2957 2948 2959 2955 2957 2964 2963 2966 2943 2903
372DAVAO   2013 13  2924 2992 2976 2948 2955 2955 2937 2940 2949
372DAVAO   2013 21  2935 2934 2950 2930 2919 2923 2934 2944 2945 2957 2975
372DAVAO   2013 22  2988 3005 3013 3017 3012 3009 3044 3060 2973 2942 2946
372DAVAO   2013 23  2927 2917 2951 2951 2945 2975
372DAVAO   2013 31  2990 2977 2964 2956 2922 2946 2964 2970 2980 2981 2971
372DAVAO   2013 32  2954 2953 2962 2952 2948 2956 2953 2936 2954 2984 2974
372DAVAO   2013 33  2962 2983 2980 2973 2979 2986 2985 2988 2985
372DAVAO   2013 41  2989 3000 2999 3017 3037 3079 3106 3083 3051 3070 3071
372DAVAO   2013 42  3034 3022 3011 3016 3031 3041 3055 3065 3065 3069 3083
372DAVAO   2013 43  3066 3065 3070 3067 3072 3058 3033 3048
372DAVAO   2013 51  3078 3102 3094 3064 3080 3104 3107 3072 3042 3045 3061
372DAVAO   2013 52  3057 3058 3075 3084 3095 3085 3073 3088 3102 3110 3098
372DAVAO   2013 53  3092 3089 3086 3084 3096 3092 3096 3119 3130
372DAVAO   2013 61  3123 3130 3129 3103 3104 3099 3092 3095 3100 3105 3091
372DAVAO   2013 62  3107 3107 3100 3096 3098 3108 3086 3073 3066 3051 3057
372DAVAO   2013 63  3054 3035 3018 3036 3057 3071 3068 3060
372DAVAO   2013 71  3048 3032 3022 3015 3004 3003 2997 2997 3026 3046 3041
372DAVAO   2013 72  3061 3068 3087 3102 3103 3093 3081 3063 3072 3084 3079
372DAVAO   2013 73  3081 3078 3095 3119 3129 3098 3072 3073 3068
372DAVAO   2013 81  3049 3029 3034 3050 3027 3012 3037 3083 3116 3133 3135
372DAVAO   2013 82  3102 3094 3099 3094 3096 3073 3055 3074 3098 3099 3095
372DAVAO   2013 83  3083 3066 3043 3035 3042 3050 3041 3040 3044
372DAVAO   2013 91  3059 3078 3104 3120 3115 3117 3123 3102 3086 3076 3080
372DAVAO   2013 92  3076 3077 3069 3085 3110 3120 3135 3126 3106 3116 3111
372DAVAO   2013 93  3104 3108 3084 3078 3098 3114 3129 3126
372DAVAO   2013101  3106 3093 3109 3121 3102 3068 3051 3075 3073 3055 3061
372DAVAO   2013102  3061 3076 3087 3063 3056 3062 3061 3059 3063 3036 3015
372DAVAO   2013103  3009 3012 3005 2989 3002 3015 3022 3023 3026
372DAVAO   2013111  3005 2981 2989 2978 2974 2963 2993 2992 2947 2925 2977
372DAVAO   2013112  2985 2971 2965 2949 2944 2914 2914 2880 2896 2911 2931
372DAVAO   2013113  2930 2935 2941 2947 2962 2945 2945 2947
372DAVAO   2013121  2931 2934 2932 2940 2962 2938 2935 2981 2995 2984 2969
372DAVAO   2013122  2950 2940 2929 2932 2937 2925 2898 2898 2925 2941 2944
372DAVAO   2013123  2955 2965 2970 2954 2950 2965 2961 2936 2921
372DAVAO   2014 11  2913 2904 2909 2910 2922 2938 2952 2953 2937 2945 2943
372DAVAO   2014 12  2951 2949 2952 2949 2910 2929 2950 2936 2965 2998 2954
372DAVAO   2014 13  2907 2935 2946 2911 2880 2886 2909 2902 2907
372DAVAO   2014 21  2931 2920 2931 2931 2923 2954 2940 2923 2886 2876 2875
372DAVAO   2014 22  2876 2870 2863 2878 2887 2878 2902 2923 2916 2896 2874
372DAVAO   2014 23  2860 2851 2850 2874 2865 2864
372DAVAO   2014 31  2892 2934 2943 2916 2901 2880 2872 2873 2881 2867 2868
372DAVAO   2014 32  2906 2896 2880 2898 2901 2901 2891 2907 2957 2961 2930
372DAVAO   2014 33  2916 2918 2923 2925 2945 2935 2927 2956 2965
372DAVAO   2014 41  2953 2940 2924 2905 2898 2883 2877 2907 2935 2950 2956
372DAVAO   2014 42  2944 2944 2949 2947 2929 2904 2921 2922 2927 2937 2908
372DAVAO   2014 43  2912 2934 2950 2959 2947 2931 2924 2905
372DAVAO   2014 51  2894 2875 2868 2891 2902 2883 2879 2889 2898 2910 2923
372DAVAO   2014 52  2912 2902 2909 2910 2914 2915 2912 2918 2930 2961 2984
372DAVAO   2014 53  2986 2983 2987 2986 2997 2990 2975 2956 2951
372DAVAO   2014 61  2965 2975 2985 2981 2997 3000 3010 3018 2997 2994 2993
372DAVAO   2014 62  2951 2923 2934 2952 2956 2950 2943 2958 2968 2955 2943
372DAVAO   2014 63  2937 2945 2946 2941 2930 2934 2941 2944
372DAVAO   2014 71  2947 2958 2977 2984 3002 3015 3008 2980 2962 2952 2957
372DAVAO   2014 72  2966 2963 2987 2990 2975 2958 2967 2972 2968 2963 2952
372DAVAO   2014 73  2935 2949 2946 2938 2941 2941 2964 2960 2988
372DAVAO   2014 81  2985 2972 2960 2934 2925 2920 2930 2929 2914 2926 2957
372DAVAO   2014 82  2967 2970 2954 2966 2969 2958 2944 2926 2920 2930 2931
372DAVAO   2014 83  2935 2947 2956 2974 2986 2975 2964 2946 2946
372DAVAO   2014 91  2941 2929 2943 2941 2936 2937 2944 2963 2974 2990 2991
372DAVAO   2014 92  2969 2942 2920 2932 2935 2936 2921 2918 2925 2942 2957
372DAVAO   2014 93  2961 2937 2907 2923 2928 2961 2952 2943
372DAVAO   2014101  2926 2923 2944 2973 2990 3000 3003 2982 2960 2964 2958
372DAVAO   2014102  2937 2918 2910 2915 2925 2943 2951 2942 2938 2914 2915
372DAVAO   2014103  2930 2903 2889 2895 2887 2894 2921 2932 2947
372DAVAO   2014111  2986 2986 2971 2947 2925 2889 2892 2881 2882 2880 2877
372DAVAO   2014112  2883 2911 2930 2912 2907 2898 2878 2873 2873 2864 2866
372DAVAO   2014113  2873 2882 2906 2902 2879 2892 2892 2877
372DAVAO   2014121  2881 2919 2899 2876 2870 2897 2920 2898 2877 2877 2903
372DAVAO   2014122  2884 2894 2886 2878 2856 2867 2862 2856 2846 2850 2876
372DAVAO   2014123  2888 2881 2869 2881 2911 2927 2915 2883 2830
372DAVAO   2015 11  2839 2844 2826 2832 2825 2821 2827 2828 2861 2873 2872
372DAVAO   2015 12  2859 2861 2857 2843 2864 2892 2900 2866 2862 2862 2874
372DAVAO   2015 13  2915 2928 2912 2902 2911 2935 2910 2838 2809
372DAVAO   2015 21  2831 2828 2828 2841 2845 2847 2867 2886 2874 2882 2912
372DAVAO   2015 22  2897 2876 2852 2834 2818 2819 2844 2867 2878 2859 2875
372DAVAO   2015 23  2887 2880 2866 2841 2816 2825
372DAVAO   2015 31  2849 2859 2867 2855 2843 2881 2898 2884 2854 2822 2828
372DAVAO   2015 32  2845 2825 2817 2835 2841 2864 2880 2882 2902 2914 2907
372DAVAO   2015 33  2881 2856 2851 2848 2834 2837 2866 2876 2886
372DAVAO   2015 41  2892 2894 2909 2925 2907 2888 2902 2890 2879 2878 2879
372DAVAO   2015 42  2874 2902 2928 2934 2931 2940 2942 2944 2927 2900 2876
372DAVAO   2015 43  2865 2885 2913 2908 2907 2933 2947 2951
372DAVAO   2015 51  2946 2941 2935 2922 2914 2914 2899 2884 2893 2892 2898
372DAVAO   2015 52  2906 2898 2902 2890 2880 2881 2868 2853 2844 2822 2840
372DAVAO   2015 53  2858 2870 2870 2862 2871 2885 2857 2864 2872
372DAVAO   2015 61  2866 2855 2836 2836 2862 2861 2872 2894 2908 2912 2907
372DAVAO   2015 62  2905 2889 2872 2859 2846 2846 2844 2837 2850 2859 2863
372DAVAO   2015 63  2866 2860 2863 2876 2849 2836 2833 2817
372DAVAO   2015 71  2798 2773 2783 2825 2845 2835 2847 2861 2856 2830 2809
372DAVAO   2015 72  2830 2851 2825 2793 2783 2811 2835 2830 2836 2827 2805
372DAVAO   2015 73  2812 2826 2829 2838 2842 2836 2838 2844 2852
372DAVAO   2015 81  2856 2844 2853 2860 2881 2905 2892 2869 2842 2830 2829
372DAVAO   2015 82  2825 2842 2865 2855 2853 2871 2884 2892 2882 2885 2908
372DAVAO   2015 83  2894 2871 2873 2869 2876 2886 2898 2909 2915
372DAVAO   2015 91  2913 2895 2893 2877 2868 2879 2886 2881 2869 2888 2908
372DAVAO   2015 92  2919 2909 2905 2902 2913 2911 2922 2931 2942 2930 2909
372DAVAO   2015 93  2897 2902 2917 2906 2933 2939 2933 2916
372DAVAO   2015101  2893 2873 2847 2845 2868 2864 2851 2834 2863 2890 2874
372DAVAO   2015102  2867 2875 2872 2886 2877 2886 2887 2855 2850 2851 2862
372DAVAO   2015103  2860 2817 2803 2824 2839 2857 2857 2832 2821
372DAVAO   2015111  2843 2833 2794 2782 2800 2814 2801 2779 2778 2789 2785
372DAVAO   2015112  2785 2774 2767 2771 2784 2791 2790 2797 2826 2849 2843
372DAVAO   2015113  2839 2846 2849 2810 2807 2815 2806 2810
372DAVAO   2015121  2805 2801 2792 2788 2800 2783 2778 2768 2771 2755 2748
372DAVAO   2015122  2760 2811 2834 2810 2793 2791 2805 2802 2787 2771 2762
372DAVAO   2015123  2747 2734 2732 2739 2745 2720 2720 2754 2768
372DAVAO   2016 11  2749 2736 2737 2717 2716 2729 2737 2737 2743 2748 2744
372DAVAO   2016 12  2738 2769 2790 2793 2797 2804 2806 2801 2782 2764 2750
372DAVAO   2016 13  2720 2723 2749 2793 2786 2793 2799 2807 2762
372DAVAO   2016 21  2749 2760 2773 2794 2819 2802 2773 2766 2791 2804 2834
372DAVAO   2016 22  2851 2841 2833 2820 2814 2805 2765 2743 2777 2769 2765
372DAVAO   2016 23  2766 2774 2793 2809 2828 2814 2786
372DAVAO   2016 31  2779 2776 2751 2749 2774 2795 2829 2826 2844 2848 2836
372DAVAO   2016 32  2868 2889 2857 2842 2833 2808 2767 2772 9999 9999 9999
372DAVAO   2016 33  2849 2826 2819 2822 2813 2795 2788 2792 2797
372DAVAO   2016 41  2783 2796 2806 2808 2852 9999 9999 9999 2851 2861 2870
372DAVAO   2016 42  2889 2891 2856 2833 9999 9999 9999 9999 9999 9999 2811
372DAVAO   2016 43  2826 2821 2790 9999 9999 9999 9999 2800
372DAVAO   2016 51  2798 9999 9999 9999 9999 9999 9999 9999 9999 9999 2831
372DAVAO   2016 52  2851 9999 9999 9999 9999 9999 9999 9999 9999 9999 9999
372DAVAO   2016 53  9999 9999 9999 9999 9999 9999 9999 9999 9999
372DAVAO   2016 61  9999 9999 9999 9999 9999 9999 9999 9999 9999 9999 9999
372DAVAO   2016 62  9999 9999 9999 9999 9999 9999 9999 9999 9999 9999 9999
372DAVAO   2016 63  9999 9999 9999 9999 9999 9999 9999 9999
372DAVAO   2016 71  9999 9999 9999 9999 9999 9999 9999 9999 9999 9999 9999
372DAVAO   2016 72  9999 9999 9999 9999 9999 9999 9999 9999 9999 9999 9999
372DAVAO   2016 73  9999 9999 9999 9999 9999 9999 9999 9999 9999
372DAVAO   2016 81  9999 9999 9999 9999 9999 9999 9999 9999 9999 9999 9999
372DAVAO   2016 82  9999 9999 9999 9999 9999 9999 9999 9999 9999 9999 9999
372DAVAO   2016 83  9999 9999 9999 9999 9999 9999 9999 9999 9999
372DAVAO   2016 91  9999 9999 9999 9999 9999 9999 9999 9999 9999 9999 9999
372DAVAO   2016 92  9999 9999 9999 9999 9999 9999 9999 9999 9999 9999 9999
372DAVAO   2016 93  9999 9999 9999 9999 9999 9999 9999 9999
372DAVAO   2016101  9999 9999 9999 9999 9999 9999 9999 9999 9999 9999 9999
372DAVAO   2016102  9999 9999 9999 9999 9999 9999 9999 9999 9999 9999 9999
372DAVAO   2016103  9999 9999 9999 9999 9999 9999 9999 9999 9999
372DAVAO   2016111  9999 9999 9999 9999 9999 9999 9999 9999 9999 9999 9999
372DAVAO   2016112  9999 9999 9999 9999 9999 9999 9999 9999 9999 9999 9999
372DAVAO   2016113  9999 9999 9999 9999 9999 9999 9999 9999
372DAVAO   2016121  9999 9999 9999 9999 9999 9999 9999 9999 9999 9999 9999
372DAVAO   2016122  9999 9999 9999 9999 9999 9999 9999 9999 9999 9999 9999
372DAVAO   2016123  9999 9999 9999 9999 9999 9999 9999 9999 9999
372DAVAO   2017 11  2900 2893 2922 2936 2914 2881 2893 2938 2945 2922 2908
372DAVAO   2017 12  2902 2919 2926 2925 2910 2905 2913 2923 2916 2893 2881
372DAVAO   2017 13  2836 2872 2914 2918 2917 2932 2911 2897 2923
372DAVAO   2017 21  2921 2917 2925 2960 2988 2989 2955 2967 2938 2904 2917
372DAVAO   2017 22  2912 2874 2843 2880 2923 2896 2895 2921 2889 2876 2912
372DAVAO   2017 23  2912 2897 2896 2924 2936 2939
372DAVAO   2017 31  2958 2943 2925 2920 2941 2935 2893 2907 2927 2896 2909
372DAVAO   2017 32  2950 2969 2962 2960 2963 2953 2953 2939 2935 2925 2899
372DAVAO   2017 33  2891 2907 2934 2946 2942 2973 2995 2979 2980
372DAVAO   2017 41  2990 2982 2964 2948 2952 2988 3006 3009 2976 2977 3011
372DAVAO   2017 42  2999 2980 2979 2979 2957 2945 2965 2951 2936 2915 2947
372DAVAO   2017 43  2968 2974 3005 3044 3024 3012 3004 2974
372DAVAO   2017 51  2974 2969 2986 2982 2972 2983 3018 3024 3017 3002 2994
372DAVAO   2017 52  2989 2972 2956 2966 2978 2999 2990 3010 3049 3079 3076
372DAVAO   2017 53  3064 3062 3055 3043 3030 3023 3011 3023 3026
372DAVAO   2017 61  3043 3047 3042 3081 3056 3047 3058 3059 3048 3006 3002
372DAVAO   2017 62  9999 9999 9999 3008 3018 3054 3055 3024 3039 3017 3001
372DAVAO   2017 63  3009 3016 3026 3025 3032 3023 3041 3065
372DAVAO   2017 71  3080 3060 3038 3030 3003 2995 3000 2997 3021 3041 3034
372DAVAO   2017 72  3045 3082 3098 3095 3103 3099 3082 3060 3041 3034 3041
372DAVAO   2017 73  3054 3068 3063 3067 3082 3086 3079 3087 3068
372DAVAO   2017 81  3039 3030 3016 3008 3005 3018 3011 2996 3002 3012 3025
372DAVAO   2017 82  3011 3017 3036 3021 3009 3020 3017 3011 3022 3039 3043
372DAVAO   2017 83  3037 3058 3097 3109 3094 3068 3068 3085 3056
372DAVAO   2017 91  3039 3040 3048 3046 3040 3057 3077 3112 3122 3104 3105
372DAVAO   2017 92  3106 3079 3065 3057 3060 3064 3077 3087 3113 3125 3097
372DAVAO   2017 93  3070 3062 3063 3046 3038 3065 3066 3096
372DAVAO   2017101  3107 3097 3107 3145 3164 3152 3148 3142 3117 3125 3149
372DAVAO   2017102  3152 3140 3109 3086 3083 3085 3069 3054 3051 3074 3087
372DAVAO   2017103  3072 3040 3036 3062 3062 3048 3051 3081 3114
372DAVAO   2017111  3112 3096 3096 3101 3064 3041 3006 3000 3030 3030 2998
372DAVAO   2017112  2982 3005 3013 3011 3007 3016 2987 2965 2971 2979 2985
372DAVAO   2017113  2996 2994 2982 2991 3003 2990 3024 3040
372DAVAO   2017121  3019 3003 2992 3003 3017 3025 2997 3002 3022 3032 3035
372DAVAO   2017122  3046 3056 3042 3029 3046 3048 2997 2989 2992 2995 3024
372DAVAO   2017123  3034 2967 2957 2985 2956 2931 2923 2930 2952
372DAVAO   2018 11  2977 2943 2942 2932 2942 2948 2959 2939 2914 2932 2968
372DAVAO   2018 12  2965 2942 2939 2970 2973 2973 2964 2955 2969 2969 2975
372DAVAO   2018 13  2976 2980 2993 3001 2999 2973 2960 2958 2947
372DAVAO   2018 21  2957 2965 2983 2977 2989 2993 2991 3013 3012 2981 2963
372DAVAO   2018 22  2972 2989 2960 2925 2926 2929 2937 2930 2953 2973 2990
372DAVAO   2018 23  2987 2957 2932 2932 2956 2982
372DAVAO   2018 31  2970 2979 2982 2986 2972 2962 2969 2988 2977 2970 2967
372DAVAO   2018 32  2983 2974 2965 2983 3005 3006 3006 3014 3019 3014 3019
372DAVAO   2018 33  3022 3015 2987 3011 3064 3097 3071 3050 3052
372DAVAO   2018 41  3061 3060 3037 3012 3014 3005 2999 3015 2994 2990 3008
372DAVAO   2018 42  3021 3022 3007 3008 3004 3003 2986 2963 2962 2966 2997
372DAVAO   2018 43  2996 3008 3022 3035 3022 3001 3014 3031
372DAVAO   2018 51  3010 3000 2993 2987 2980 2982 3003 3017 3015 3022 3038
372DAVAO   2018 52  3046 3039 3051 3042 3034 3032 3022 3031 3034 3034 3039
372DAVAO   2018 53  3060 3059 3064 3055 3044 3042 3032 3028 3027
372DAVAO   2018 61  3037 3022 2991 3038 3059 3043 3041 3051 3072 3052 3034
372DAVAO   2018 62  3042 3048 3053 3036 3008 3024 3057 3057 3053 3055 3057
372DAVAO   2018 63  3058 3033 3030 3020 3025 3028 3037 3037
372DAVAO   2018 71  3008 3010 3035 3055 3044 3046 3048 3062 3070 3061 3076
372DAVAO   2018 72  3069 3064 3088 3065 3059 3068 3082 3088 3083 3077 3051
372DAVAO   2018 73  3038 3040 3027 3017 3000 3018 3034 3029 3036
372DAVAO   2018 81  3040 3032 3027 3052 3040 3036 3036 3017 3020 3030 3050
372DAVAO   2018 82  3047 3045 3051 3055 3059 3061 3022 3003 3003 3021 3023
372DAVAO   2018 83  2998 2977 2977 2969 2965 2974 2983 2992 2986
372DAVAO   2018 91  2964 2965 2962 2952 2965 2965 2951 2942 2944 2958 2967
372DAVAO   2018 92  2972 2966 2964 2958 2954 2945 2934 2932 2898 2874 2915
372DAVAO   2018 93  2955 2968 2957 2934 2935 2937 2961 2972
372DAVAO   2018101  2952 2950 2931 2924 2938 2948 2948 2934 2933 2935 2926
372DAVAO   2018102  2921 2913 2895 2881 2882 2903 2915 2900 2921 2940 2937
372DAVAO   2018103  2912 2910 2920 2930 2948 2949 2959 2947 2929
372DAVAO   2018111  2932 2930 2936 2945 2934 2920 2899 2897 2919 2892 2874
372DAVAO   2018112  2890 2912 2918 2897 2885 2894 2903 2916 2961 2969 2906
372DAVAO   2018113  2879 2880 2885 2898 2894 2873 2867 2909
372DAVAO   2018121  2915 2887 2881 2889 2917 2893 2858 2849 2858 2860 2849
372DAVAO   2018122  2854 2869 2891 2894 2863 2882 2879 2877 2887 2866 2871
372DAVAO   2018123  2901 2911 2881 2868 2914 2969 2960 2945 2913
372DAVAO   2019 11  2886 2868 2882 2847 2774 2780 2803 2836 2851 2808 2782
372DAVAO   2019 12  2821 2864 2896 2889 2875 2870 2867 2880 2887 2899 2902
372DAVAO   2019 13  2912 2908 2877 2872 2871 2883 2857 2835 2846
372DAVAO   2019 21  2818 2839 2851 2817 2826 2824 2840 2850 2837 2859 2850
372DAVAO   2019 22  2834 2831 2834 2821 2819 2824 2816 2801 2796 2806 2820
372DAVAO   2019 23  2836 2852 2836 2856 2881 2845
372DAVAO   2019 31  2842 2859 2880 2855 2832 2827 2848 2873 2868 2886 2901
372DAVAO   2019 32  2883 2860 2877 2883 2875 2888 2905 2896 2897 2918 2913
372DAVAO   2019 33  2916 2915 2886 2880 2867 2879 2916 2903 2869
372DAVAO   2019 41  2871 2905 2904 2917 2929 2901 2918 2936 2922 2919 2907
372DAVAO   2019 42  2900 2910 2893 2891 2898 2928 2952 2956 2947 2940 2949
372DAVAO   2019 43  2942 2918 2910 2930 2928 2920 2926 2948
372DAVAO   2019 51  2953 2941 2946 2939 2955 2954 2942 2964 2930 2925 2931
372DAVAO   2019 52  2917 2930 2934 2936 2952 2945 2925 2909 2912 2923 2920
372DAVAO   2019 53  2912 9999 9999 9999 9999 9999 9999 9999 9999
372DAVAO   2019 61  9999 9999 9999 9999 9999 9999 9999 9999 9999 9999 9999
372DAVAO   2019 62  9999 9999 9999 9999 9999 9999 9999 9999 9999 9999 9999
372DAVAO   2019 63  9999 9999 9999 9999 9999 9999 9999 9999
372DAVAO   2019 71  9999 9999 9999 9999 9999 9999 9999 9999 9999 9999 9999
372DAVAO   2019 72  9999 9999 9999 9999 9999 9999 9999 9999 9999 9999 9999
372DAVAO   2019 73  9999 9999 9999 9999 9999 9999 9999 9999 9999
372DAVAO   2019 81  9999 9999 9999 9999 9999 9999 9999 9999 9999 9999 9999
372DAVAO   2019 82  9999 9999 9999 9999 9999 9999 9999 9999 9999 9999 9999
372DAVAO   2019 83  9999 9999 9999 9999 9999 9999 9999 9999 9999
372DAVAO   2019 91  9999 9999 9999 9999 9999 9999 9999 9999 9999 9999 9999
372DAVAO   2019 92  9999 9999 9999 9999 9999 9999 9999 9999 9999 9999 9999
372DAVAO   2019 93  9999 9999 9999 9999 9999 9999 9999 9999
372DAVAO   2019101  9999 9999 9999 9999 9999 9999 9999 9999 9999 9999 9999
372DAVAO   2019102  9999 9999 9999 9999 9999 9999 9999 9999 9999 9999 9999
372DAVAO   2019103  3007 2994 2990 3008 3026 3000 2983 2961 2957
372DAVAO   2019111  2963 2975 2942 2931 2950 2969 2974 2961 2957 2964 2974
372DAVAO   2019112  2969 2975 2973 2971 2981 2976 2970 2975 2980 2979 2983
372DAVAO   2019113  3007 3007 2996 2944 2912 2913 2911 2930
372DAVAO   2019121  2953 2963 2925 2897 2900 2901 2913 2938 2926 2872 2867
372DAVAO   2019122  2874 2869 2879 2860 2873 2877 2872 2877 2893 2900 2871
372DAVAO   2019123  2874 2892 2890 2858 2839 2841 2848 2851 2864
372DAVAO   2020 11  2890 2880 2870 2856 2884 2904 2876 2829 2840 2873 2877
372DAVAO   2020 12  2879 2901 2897 2886 2888 2878 2871 2879 2849 2806 2813
372DAVAO   2020 13  2839 2854 2849 2865 2874 2861 2863 2891 2893
372DAVAO   2020 21  2876 2859 2841 2878 2916 2916 2885 2885 2882 2858 2870
372DAVAO   2020 22  2880 2888 2912 2915 2886 2842 2838 2858 2849 2843 2841
372DAVAO   2020 23  2858 2871 2873 2876 2895 2904 2904
372DAVAO   2020 31  2904 2888 2885 2892 2895 2905 2922 2938 2947 2938 2922
372DAVAO   2020 32  2910 2900 2896 2895 2899 2882 2887 2897 2923 2935 2931
372DAVAO   2020 33  2902 2917 2950 2960 2971 2966 2957 2953 2951
372DAVAO   2020 41  2929 2920 2942 2955 2955 2967 2997 2995 2981 2958 2956
372DAVAO   2020 42  2947 2957 2949 2932 2940 2933 2945 2956 2962 2957 2969
372DAVAO   2020 43  2985 2985 2968 2957 2963 2982 2976 2963
372DAVAO   2020 51  2982 3014 3019 3008 3020 3016 3006 2985 2985 2996 3004
372DAVAO   2020 52  2991 2992 3031 3049 3040 3034 3031 3037 3035 3019 2997
372DAVAO   2020 53  2988 2970 2978 2978 2975 2978 2986 3017 3048
372DAVAO   2020 61  3060 3043 3047 3056 3030 3022 3028 3033 3032 3028 3033
372DAVAO   2020 62  3043 3038 3005 3011 3024 3028 3009 2997 3007 3004 2998
372DAVAO   2020 63  2996 2989 3000 3015 3029 3021 3024 3032
372DAVAO   2020 71  3036 3038 3013 2993 3010 3002 3011 3046 3058 3061 3075
372DAVAO   2020 72  3077 3066 3059 3045 3043 3037 3033 3037 3038 3044 3056
372DAVAO   2020 73  3062 3068 3068 3087 3103 3104 3090 3062 3040
372DAVAO   2020 81  3024 3024 3043 3061 3044 3038 3058 3074 3053 3037 3014
372DAVAO   2020 82  3010 3004 3006 3016 3026 3046 3062 3053 3044 3037 3055
372DAVAO   2020 83  3071 3076 3087 3075 3049 3057 3066 3067 3059
372DAVAO   2020 91  3078 3074 3069 3088 3107 3107 3082 3064 3057 3071 3061
372DAVAO   2020 92  3051 3057 3072 3094 3086 3076 3073 3091 3095 3086 3079
372DAVAO   2020 93  3058 3069 3086 3078 3059 3062 3062 3073
372DAVAO   2020101  3099 3088 3086 3111 3110 3088 3072 3059 3074 3088 3085
372DAVAO   2020102  3102 3136 3137 3117 3113 3139 3161 3150 3113 3057 3065
372DAVAO   2020103  3109 3122 3141 3117 3093 3081 3088 3141 3144
372DAVAO   2020111  3076 3010 3045 3079 3073 3079 3062 3059 3094 3113 3104
372DAVAO   2020112  3077 3073 3065 3049 3042 3034 2999 3007 3044 3049 3042
372DAVAO   2020113  3033 3058 3089 3110 3075 3045 3045 3045
372DAVAO   2020121  3055 3053 3044 3044 3037 3044 3055 3067 3070 3041 3026
372DAVAO   2020122  3026 3017 3009 3013 2992 3004 3031 3031 3013 3021 3026
372DAVAO   2020123  3024 3024 3017 3026 3013 2978 2996 3011 3004
372DAVAO   2021 11  2990 2999 3020 3031 3058 3059 3031 3035 3042 3043 3052
372DAVAO   2021 12  3042 3044 3042 3061 3073 3075 3084 3087 3032 3021 3034
372DAVAO   2021 13  3034 3008 2985 2994 3005 3023 3027 3042 3064
372DAVAO   2021 21  3066 3076 9999 9999 9999 9999 9999 9999 9999 9999 9999
372DAVAO   2021 22  9999 9999 9999 9999 9999 9999 9999 9999 9999 9999 9999
372DAVAO   2021 23  9999 9999 9999 9999 9999 9999
372DAVAO   2021 31  9999 9999 9999 9999 9999 9999 3034 3044 3043 3042 3060
372DAVAO   2021 32  3070 3061 3058 3050 3043 3057 3069 3068 3076 3043 3031
372DAVAO   2021 33  3049 3052 3059 3067 3089 3133 3126 3111 3123
372DAVAO   2021 41  3097 3068 3057 3065 3055 3065 3099 3110 3110 3122 3103
372DAVAO   2021 42  3098 3107 3089 3091 3077 3065 3061 3061 3097 3110 3137
372DAVAO   2021 43  3118 3078 3105 3087 3062 3046 3047 3039
372DAVAO   2021 51  3017 3011 3013 3015 3039 3048 3024 3014 3006 2996 3003
372DAVAO   2021 52  3004 2996 2979 2973 2968 2959 2967 2975 2986 3006 3024
372DAVAO   2021 53  3031 3023 2996 2981 2985 2989 2991 3001 3009
372DAVAO   2021 61  3024 3037 3039 3071 3100 3104 3075 3070 3070 3070 3065
372DAVAO   2021 62  3043 3041 3059 3083 3090 3094 3092 3105 3130 3108 3078
372DAVAO   2021 63  3058 3051 3050 3064 3073 3074 3086 3115
