395MANZANIL      LAT=19 03.0N  LONG=104 20.0W
395MANZANIL1992111  9999 9999 9999 9999 9999 9999 9999 9999 9999 9999 9999
395MANZANIL1992112  9999 9999 9999 9999 9999 9999 9999 9999 9999 9999 9999
395MANZANIL1992113  9999 9999 9999 9999 9999 9999 9999 9999
395MANZANIL1992121  3938 3944 3945 3941 3963 3978 3968 3948 3977 4011 4022
395MANZANIL1992122  4016 4049 4090 4120 4129 4128 4121 4116 4087 4060 4044
395MANZANIL1992123  4040 4047 4052 4027 4017 4002 4011 4024 4056
395MANZANIL1993 11  4070 4074 4082 4070 4059 4044 4047 4047 4055 4060 4028
395MANZANIL1993 12  4030 4018 3984 3972 3949 3930 3921 3905 3910 3937 3970
395MANZANIL1993 13  3985 3984 3978 3970 3977 3981 4001 4017 3972
395MANZANIL1993 21  3937 3966 4019 3995 3969 3975 4017 4057 4027 3994 4005
395MANZANIL1993 22  4005 3962 3939 3917 3915 3917 3915 3941 3974 3987 3989
395MANZANIL1993 23  4002 4005 3997 3998 3988 4005
395MANZANIL1993 31  4043 4097 4098 4070 4065 4056 4029 3995 3973 3975 3988
395MANZANIL1993 32  4005 3986 3949 3928 3935 3952 3938 3873 3859 3895 3920
395MANZANIL1993 33  3895 3847 3843 3849 3868 3891 3887 3864 3861
395MANZANIL1993 41  3874 3886 3889 3884 3890 3907 3918 3919 3913 3897 3899
395MANZANIL1993 42  3904 3906 3923 3933 3928 3951 3963 3958 3964 3954 3943
395MANZANIL1993 43  3955 3950 3945 3938 3937 3949 3952 3983
395MANZANIL1993 51  3978 3953 3976 3999 3980 3962 3976 4004 3998 3965 3957
395MANZANIL1993 52  3958 3965 3950 3944 3952 3959 3980 3999 3992 3981 3994
395MANZANIL1993 53  4009 4026 4048 4052 4041 4025 4003 3993 3989
395MANZANIL1993 61  3982 3990 4001 4020 4030 4034 4040 4070 4074 4058 4067
395MANZANIL1993 62  4091 4087 4078 4060 4036 4042 4037 4029 4042 4098 4178
395MANZANIL1993 63  4194 4192 4181 4183 4200 4201 4188 4182
395MANZANIL1993 71  4196 4171 4128 4166 4195 4216 4317 4393 4358 4283 4203
395MANZANIL1993 72  4174 4164 4162 4127 4102 4085 4063 4060 4079 4078 4055
395MANZANIL1993 73  4031 4023 4033 4056 4030 4001 3987 3984 3977
395MANZANIL1993 81  3982 3985 3994 4017 4052 4065 4070 4071 9999 9999 9999
395MANZANIL1993 82  9999 9999 9999 9999 9999 9999 9999 9999 9999 9999 9999
395MANZANIL1993 83  9999 9999 9999 9999 9999 9999 9999 9999 9999
395MANZANIL1993 91  9999 9999 9999 9999 9999 9999 9999 9999 9999 4054 4112
395MANZANIL1993 92  4230 4243 4159 4121 4069 4057 4094 4086 4074 4088 4043
395MANZANIL1993 93  4000 4008 3999 3990 3973 3963 3993 4001
395MANZANIL1993101  4015 4029 4025 4036 4026 3996 4000 4002 4002 4039 4059
395MANZANIL1993102  4069 4079 4092 4100 4088 4092 4107 4090 4073 4087 4096
395MANZANIL1993103  4078 4068 4063 4076 4074 4045 4053 4067 4033
395MANZANIL1993111  4026 4045 4050 4086 4085 4073 4095 4108 4060 4039 4025
395MANZANIL1993112  4029 4032 4017 4002 3988 3969 3968 3976 3993 4001 3982
395MANZANIL1993113  4004 4032 4044 4014 3985 3964 3964 3969
395MANZANIL1993121  3990 4002 3992 4008 4034 4067 4083 4071 4076 4064 4040
395MANZANIL1993122  4028 4020 4017 4050 4078 4037 4021 4039 4037 4025 3995
395MANZANIL1993123  3975 3952 3946 3937 3941 3949 3964 3996 3983
395MANZANIL1994 11  3961 3996 3999 3953 3927 3919 3920 3934 3954 3981 3979
395MANZANIL1994 12  4007 4026 3972 3939 3984 4005 3973 3957 3945 3956 3987
395MANZANIL1994 13  3973 3928 3942 3995 4011 3983 3931 3911 3906
395MANZANIL1994 21  3900 3884 3844 3849 3867 3874 3870 3873 3906 3927 3937
395MANZANIL1994 22  3932 3926 3924 3932 3925 3918 3939 3915 3863 3842 3871
395MANZANIL1994 23  3902 3874 3900 3920 3901 3898
395MANZANIL1994 31  3898 3892 3869 3849 3883 3894 3899 3907 3927 3930 3907
395MANZANIL1994 32  3881 3859 3850 3857 3838 3845 3847 3827 3810 3822 3821
395MANZANIL1994 33  3817 3823 3823 3839 3845 3814 3775 3760 3767
395MANZANIL1994 41  3767 3761 3775 3798 3810 3820 3811 3825 3846 3853 3880
395MANZANIL1994 42  3894 3893 3913 3937 3932 3909 3906 3922 3925 3910 3922
395MANZANIL1994 43  3939 3951 3946 3931 3895 3875 3873 3900
395MANZANIL1994 51  3898 3886 3887 3901 3904 3910 3921 3920 3929 3937 3953
395MANZANIL1994 52  3942 3929 3934 3907 9999 9999 9999 9999 9999 9999 9999
395MANZANIL1994 53  9999 9999 9999 3891 3916 3930 3946 3970 3980
395MANZANIL1994 61  4004 4000 3957 3944 3966 4019 4059 4068 4083 4095 4091
395MANZANIL1994 62  4083 4077 4091 4115 4141 4144 4123 4090 4045 4039 4055
395MANZANIL1994 63  4063 4048 4046 4075 4103 4102 4100 4091
395MANZANIL1994 71  4088 4082 4093 4107 4073 4050 4118 4133 4113 4088 4084
395MANZANIL1994 72  4095 4105 4094 4085 4089 4081 4066 4065 4039 4006 4013
395MANZANIL1994 73  4023 4037 4055 4066 4068 4060 4047 4039 4034
395MANZANIL1994 81  4038 4039 4015 4031 4094 4133 4115 4088 4058 4059 4104
395MANZANIL1994 82  4105 4081 4078 4104 4119 4098 4069 4047 4043 4029 4022
395MANZANIL1994 83  4002 3984 3993 4023 4042 4022 3997 3997 4004
395MANZANIL1994 91  4016 4044 4108 4137 4148 4150 4142 4131 4115 4098 4085
395MANZANIL1994 92  4092 4104 4091 4085 4094 4086 4104 4120 4117 4108 4100
395MANZANIL1994 93  4084 4054 4035 4033 4050 4057 4064 4068
395MANZANIL1994101  4098 4124 4123 4099 4109 4154 4134 4115 4112 4115 4126
395MANZANIL1994102  4152 4203 4195 4099 4036 4039 4072 4080 4108 4114 4104
395MANZANIL1994103  4067 4039 4020 4005 3989 4033 4057 4062 4078
395MANZANIL1994111  4088 4080 4072 4073 4076 4058 4037 4049 4037 4026 4024
395MANZANIL1994112  4023 4042 4083 4092 4093 4124 4147 4129 4098 4064 4034
395MANZANIL1994113  4023 4012 4001 4020 4075 4083 4074 4069
395MANZANIL1994121  4083 4056 4034 4027 4055 4078 4082 4115 4100 4066 4043
395MANZANIL1994122  4033 4047 4068 4112 4119 4116 4144 4130 4066 4030 4054
395MANZANIL1994123  4121 4139 4104 4088 4088 4101 4113 4126 4103
395MANZANIL1995 11  4070 4072 4071 4078 4090 4112 4119 4088 4083 4068 4053
395MANZANIL1995 12  4046 4059 4067 4057 4034 4038 4059 4069 4047 4028 4034
395MANZANIL1995 13  4014 3963 3934 3903 3914 3945 3961 3956 3971
395MANZANIL1995 21  3975 3975 3963 3941 3949 3952 3944 3951 3931 3916 3952
395MANZANIL1995 22  4000 4023 4009 4009 4047 4068 4054 4056 4069 4076 4052
395MANZANIL1995 23  4018 3991 3979 3960 3954 4006
395MANZANIL1995 31  4046 4020 3974 3970 3985 3968 3919 3913 3915 3926 3891
395MANZANIL1995 32  3847 3844 3833 3802 3816 3822 3826 3825 3783 3764 3766
395MANZANIL1995 33  3783 3799 3798 3812 3814 3833 3867 3881 3866
395MANZANIL1995 41  3844 3837 3839 3866 3884 3883 3857 3874 3889 3882 3878
395MANZANIL1995 42  3842 3824 3848 3872 3862 3847 3834 3812 3809 3822 3841
395MANZANIL1995 43  3865 3885 3881 3885 3890 3889 3886 3870
395MANZANIL1995 51  3864 3849 3814 3811 3816 3826 3824 3833 3858 3879 3886
395MANZANIL1995 52  3887 3888 3882 3886 3888 3897 3925 3962 3969 3975 3994
395MANZANIL1995 53  4034 4060 4037 4014 4002 4004 4011 4003 3998
395MANZANIL1995 61  4010 4021 4041 4022 3999 3990 3971 3951 3935 3938 3953
395MANZANIL1995 62  3972 3993 4011 4036 4065 4103 4113 4095 4084 4079 4059
395MANZANIL1995 63  4044 4019 4019 4064 4099 4139 4155 4148
395MANZANIL1995 71  4125 4127 4117 4107 4094 4092 4101 4091 4068 4035 4039
395MANZANIL1995 72  4063 4066 4054 4053 4089 4100 4079 4041 4050 4038 4046
395MANZANIL1995 73  4043 4030 4050 4066 4072 4051 4052 4079 4132
395MANZANIL1995 81  4168 4190 4194 4179 4158 4162 4174 4265 4319 4248 4199
395MANZANIL1995 82  4158 4085 4039 4040 4028 4015 4023 4012 3984 3971 4066
395MANZANIL1995 83  4116 4119 4092 4108 4124 4115 4102 4081 4061
395MANZANIL1995 91  4073 4138 4137 4075 4032 4052 4062 4053 4054 4060 4048
395MANZANIL1995 92  4044 4117 4165 4139 4105 4095 4139 4142 4109 4075 4073
395MANZANIL1995 93  4116 4172 4163 4137 4096 4074 4084 4087
395MANZANIL1995101  4083 4073 4022 3980 3962 3957 3956 3934 4014 4085 4069
395MANZANIL1995102  4051 4019 3991 3966 3965 3965 3976 3991 3988 4006 4036
395MANZANIL1995103  4045 4023 4006 3997 4005 3999 3984 3961 3948
395MANZANIL1995111  3947 3952 3983 3994 3965 3957 3980 3977 3983 3976 3961
395MANZANIL1995112  3974 3972 3968 3983 4009 4024 4032 4040 4034 4011 3991
395MANZANIL1995113  4004 4027 4029 4019 4025 4024 4016 4019
395MANZANIL1995121  3997 4001 4026 4008 4008 4031 4033 4011 3982 3956 3965
395MANZANIL1995122  3969 3940 3952 3976 3981 3994 3996 3963 3920 3904 3924
395MANZANIL1995123  3932 3936 3923 3929 3950 3939 3904 3902 3933
395MANZANIL1996 11  3937 3919 3891 3869 3871 3906 3925 3906 3912 3928 3932
395MANZANIL1996 12  3942 3931 3916 3938 3973 3968 3932 3949 4006 4010 3991
395MANZANIL1996 13  3995 3985 3959 3968 3996 3988 3969 3948 3952
395MANZANIL1996 21  3951 3925 3906 3897 3910 3941 3948 3963 3976 3948 3926
395MANZANIL1996 22  3937 3949 3920 3925 3979 3998 3988 3997 3990 3974 3945
395MANZANIL1996 23  3903 3875 3878 3885 3871 3846 3847
395MANZANIL1996 31  3878 3889 3867 3851 3857 3871 3858 3816 3775 3775 3801
395MANZANIL1996 32  3827 3810 3776 3808 3857 3900 3922 3906 3894 3902 3919
395MANZANIL1996 33  3912 3873 3856 3831 3831 3863 3862 3848 3839
395MANZANIL1996 41  3820 3813 3809 3821 3837 3849 3843 3817 3809 3809 3811
395MANZANIL1996 42  3799 3812 3830 3828 3822 3824 3821 3819 3833 3832 3818
395MANZANIL1996 43  3810 9999 9999 9999 9999 9999 9999 9999
395MANZANIL1996 51  9999 9999 9999 9999 9999 9999 9999 9999 9999 9999 9999
395MANZANIL1996 52  9999 9999 9999 9999 9999 9999 9999 9999 9999 9999 9999
395MANZANIL1996 53  9999 9999 9999 9999 9999 9999 9999 9999 9999
395MANZANIL1996 61  9999 9999 9999 9999 9999 9999 9999 9999 9999 9999 9999
395MANZANIL1996 62  9999 9999 9999 9999 9999 9999 9999 9999 9999 9999 9999
395MANZANIL1996 63  9999 9999 9999 9999 9999 9999 9999 9999
395MANZANIL1996 71  9999 9999 9999 9999 9999 9999 9999 9999 9999 9999 9999
395MANZANIL1996 72  9999 9999 9999 9999 9999 9999 9999 9999 9999 9999 9999
395MANZANIL1996 73  9999 9999 9999 9999 9999 9999 9999 9999 9999
395MANZANIL1996 81  9999 9999 9999 9999 9999 9999 9999 9999 9999 9999 9999
395MANZANIL1996 82  9999 9999 9999 9999 9999 9999 9999 9999 9999 9999 9999
395MANZANIL1996 83  9999 9999 9999 9999 9999 9999 9999 9999 9999
395MANZANIL1996 91  9999 9999 9999 9999 9999 9999 9999 9999 9999 9999 9999
395MANZANIL1996 92  9999 9999 9999 9999 9999 9999 9999 9999 9999 9999 9999
395MANZANIL1996 93  9999 9999 9999 9999 9999 9999 9999 9999
395MANZANIL1996101  9999 9999 9999 9999 9999 9999 9999 9999 9999 9999 9999
395MANZANIL1996102  9999 9999 9999 9999 9999 9999 9999 9999 9999 9999 9999
395MANZANIL1996103  9999 9999 9999 9999 9999 9999 9999 9999 9999
395MANZANIL1996111  9999 9999 9999 9999 9999 9999 9999 9999 9999 9999 9999
395MANZANIL1996112  9999 9999 9999 9999 9999 9999 9999 9999 9999 9999 9999
395MANZANIL1996113  9999 9999 9999 9999 9999 9999 9999 9999
395MANZANIL1996121  9999 9999 9999 9999 9999 9999 9999 9999 9999 9999 9999
395MANZANIL1996122  9999 9999 9999 9999 9999 9999 9999 9999 9999 9999 9999
395MANZANIL1996123  9999 9999 9999 9999 9999 9999 9999 9999 9999
395MANZANIL1997 11  9999 9999 9999 9999 9999 9999 9999 9999 9999 9999 9999
395MANZANIL1997 12  9999 9999 9999 9999 9999 9999 9999 9999 9999 9999 9999
395MANZANIL1997 13  9999 9999 9999 9999 9999 9999 9999 9999 9999
395MANZANIL1997 21  9999 9999 9999 9999 9999 9999 9999 9999 9999 9999 9999
395MANZANIL1997 22  9999 9999 9999 9999 9999 9999 9999 9999 9999 9999 9999
395MANZANIL1997 23  9999 9999 9999 9999 9999 9999
395MANZANIL1997 31  9999 9999 9999 9999 9999 9999 9999 9999 9999 9999 9999
395MANZANIL1997 32  9999 9999 9999 9999 9999 9999 9999 9999 9999 9999 9999
395MANZANIL1997 33  9999 9999 9999 9999 9999 9999 9999 9999 9999
395MANZANIL1997 41  9999 9999 9999 9999 9999 9999 9999 9999 9999 9999 9999
395MANZANIL1997 42  9999 9999 9999 9999 9999 9999 9999 9999 9999 9999 9999
395MANZANIL1997 43  9999 9999 9999 9999 9999 9999 9999 9999
395MANZANIL1997 51  9999 9999 9999 9999 9999 9999 9999 9999 9999 9999 9999
395MANZANIL1997 52  9999 9999 4089 4147 4177 4188 4179 4146 4123 4116 4105
395MANZANIL1997 53  4094 4068 4067 4047 4033 4060 4104 4110 4091
395MANZANIL1997 61  4097 4096 4083 4083 4102 4134 4129 4112 4090 4059 4045
395MANZANIL1997 62  4107 4218 4244 4193 4189 4235 4249 4254 4261 4254 4234
395MANZANIL1997 63  4258 4310 4321 4298 4292 4272 4273 4302
395MANZANIL1997 71  4316 4293 4276 4276 4292 4305 4302 4257 4229 4218 4196
395MANZANIL1997 72  4213 4231 4219 4209 4216 4227 4228 4205 4181 4186 4239
395MANZANIL1997 73  4331 4374 4357 4330 4302 4262 4257 4259 4272
395MANZANIL1997 81  4282 4273 4328 4329 4271 4232 4230 4259 4214 4203 4229
395MANZANIL1997 82  4218 4199 4192 4199 4174 4149 4145 4125 4111 4086 4089
395MANZANIL1997 83  4135 4155 4166 4163 4146 4110 4088 4080 4077
395MANZANIL1997 91  4073 4101 4144 4173 4164 4157 4164 4175 4177 4175 4194
395MANZANIL1997 92  4215 4192 4176 4194 4209 4213 4296 4457 4539 4519 4406
395MANZANIL1997 93  4315 4252 4213 4195 4229 4302 4325 4297
395MANZANIL1997101  4269 4271 4243 4216 4246 4257 4218 4192 4170 4168 4248
395MANZANIL1997102  4343 4311 4282 4294 4237 4155 4115 4105 4106 4139 4191
395MANZANIL1997103  4214 4224 4238 4219 4221 4244 4268 4295 4322
395MANZANIL1997111  4304 4278 4267 4232 4221 4257 4293 4324 4361 4380 4389
395MANZANIL1997112  4368 4312 4270 9999 9999 9999 9999 9999 9999 9999 9999
395MANZANIL1997113  9999 9999 9999 9999 9999 9999 9999 9999
395MANZANIL1997121  9999 9999 9999 9999 9999 9999 9999 9999 9999 9999 9999
395MANZANIL1997122  9999 9999 9999 9999 9999 9999 9999 9999 9999 9999 9999
395MANZANIL1997123  9999 9999 9999 9999 9999 9999 9999 9999 9999
395MANZANIL1998 11  9999 9999 9999 9999 9999 9999 9999 9999 9999 9999 9999
395MANZANIL1998 12  9999 9999 9999 9999 9999 9999 9999 9999 9999 9999 9999
395MANZANIL1998 13  9999 9999 9999 9999 9999 9999 9999 9999 9999
395MANZANIL1998 21  9999 9999 9999 9999 9999 9999 9999 9999 9999 9999 9999
395MANZANIL1998 22  9999 9999 9999 9999 9999 9999 9999 9999 9999 9999 9999
395MANZANIL1998 23  9999 9999 9999 9999 9999 4014
395MANZANIL1998 31  4032 4048 4047 4045 4037 4031 4025 4000 3976 3957 3951
395MANZANIL1998 32  3967 3960 3942 3931 3944 3992 4026 4026 4004 4000 4011
395MANZANIL1998 33  4008 4011 4008 3987 3975 3956 3915 3903 3912
395MANZANIL1998 41  3900 3881 3877 3923 3956 3934 3892 3893 3900 3870 3841
395MANZANIL1998 42  3829 3824 3819 3808 3827 3866 3912 3943 3946 3940 3937
395MANZANIL1998 43  9999 9999 9999 9999 9999 9999 9999 9999
395MANZANIL1998 51  9999 9999 9999 9999 9999 9999 9999 9999 9999 9999 9999
395MANZANIL1998 52  9999 9999 9999 9999 9999 9999 9999 9999 9999 4007 4031
395MANZANIL1998 53  4042 4047 4024 4004 3997 3984 4000 4035 4032
395MANZANIL1998 61  3996 3981 3985 3982 3985 3987 3990 3982 9999 9999 9999
395MANZANIL1998 62  9999 9999 9999 9999 9999 9999 9999 9999 9999 9999 9999
395MANZANIL1998 63  9999 9999 9999 9999 9999 9999 9999 9999
395MANZANIL1998 71  9999 9999 9999 9999 9999 9999 9999 9999 9999 9999 9999
395MANZANIL1998 72  9999 9999 9999 9999 9999 9999 9999 9999 9999 9999 9999
395MANZANIL1998 73  9999 9999 9999 9999 9999 9999 9999 9999 9999
395MANZANIL1998 81  9999 9999 9999 9999 9999 9999 9999 9999 9999 9999 9999
395MANZANIL1998 82  9999 9999 9999 9999 9999 9999 9999 9999 9999 9999 9999
395MANZANIL1998 83  9999 9999 9999 9999 9999 9999 9999 9999 9999
395MANZANIL1998 91  9999 9999 9999 9999 9999 9999 9999 9999 9999 9999 9999
395MANZANIL1998 92  9999 9999 9999 9999 9999 9999 9999 9999 9999 9999 9999
395MANZANIL1998 93  9999 9999 9999 9999 9999 9999 9999 9999
395MANZANIL1998101  9999 9999 9999 9999 9999 9999 9999 9999 9999 9999 9999
395MANZANIL1998102  9999 9999 9999 9999 9999 9999 9999 9999 9999 9999 9999
395MANZANIL1998103  9999 9999 9999 9999 9999 9999 9999 9999 9999
395MANZANIL1998111  9999 9999 9999 9999 9999 9999 9999 9999 9999 9999 9999
395MANZANIL1998112  9999 9999 9999 9999 9999 9999 9999 9999 9999 9999 9999
395MANZANIL1998113  9999 9999 9999 9999 9999 9999 9999 9999
395MANZANIL1998121  9999 9999 9999 9999 9999 9999 9999 9999 9999 9999 9999
395MANZANIL1998122  9999 9999 9999 9999 9999 9999 9999 9999 9999 9999 9999
395MANZANIL1998123  9999 9999 9999 9999 9999 9999 9999 9999 9999
395MANZANIL1999 11  9999 9999 9999 9999 9999 9999 9999 9999 9999 9999 9999
395MANZANIL1999 12  9999 9999 9999 3828 3812 3804 3811 3841 3838 3839 3876
395MANZANIL1999 13  3904 3903 3863 3858 3879 3908 3908 3903 3905
395MANZANIL1999 21  3921 3928 3911 3899 3881 3888 3902 3887 3879 3875 3883
395MANZANIL1999 22  3878 3849 3839 3822 3835 3871 3874 3860 3860 3868 3854
395MANZANIL1999 23  3828 3805 3784 3807 3832 3830
395MANZANIL1999 31  3817 3822 3821 3817 3815 3829 3842 3851 3862 3858 3851
395MANZANIL1999 32  3842 3841 3816 3789 3774 3765 3776 3783 3780 3802 3826
395MANZANIL1999 33  3837 3867 3865 3825 3825 3844 3838 3816 3797
395MANZANIL1999 41  3804 3813 3814 3798 3779 3770 3761 3756 3778 3798 3778
395MANZANIL1999 42  3761 3783 3828 3842 3838 3839 3833 3831 3854 3879 3869
395MANZANIL1999 43  3853 3832 3836 3851 3875 3868 3864 3859
395MANZANIL1999 51  3848 3844 3845 3838 3823 3818 3826 3832 3822 3825 3850
395MANZANIL1999 52  3854 3840 3853 3858 3861 3865 3881 3899 3909 3908 3902
395MANZANIL1999 53  3900 3901 3895 3901 3895 3882 3878 3887 3899
395MANZANIL1999 61  3926 3946 3933 3921 3935 3925 3927 3940 3961 4003 4029
395MANZANIL1999 62  4042 4050 4018 3996 3998 4036 4065 4096 4199 4236 4180
395MANZANIL1999 63  4135 4130 4091 4085 4119 4147 4131 4110
395MANZANIL1999 71  4102 4084 4048 4032 4043 4062 4091 4090 4051 4045 4072
395MANZANIL1999 72  4074 4048 4057 4054 4042 4017 3996 3981 3965 3951 3947
395MANZANIL1999 73  3959 3965 3962 3961 3985 4014 3993 4005 4050
395MANZANIL1999 81  4025 4015 4028 4034 4023 3994 4004 4039 4074 4085 4070
395MANZANIL1999 82  4056 4053 4080 4088 4060 4060 4076 4097 4102 4169 4226
395MANZANIL1999 83  4177 4108 4068 4043 4061 4061 4045 4034 4033
395MANZANIL1999 91  4014 4013 4030 4042 4038 4027 3998 4005 3979 3939 3927
395MANZANIL1999 92  3905 3924 3952 3945 3947 4031 4096 4051 3954 3878 3838
395MANZANIL1999 93  3860 3946 3992 4020 4042 4044 3986 3987
395MANZANIL1999101  4020 3990 3968 3966 3965 3948 3960 4030 4055 4008 3996
395MANZANIL1999102  3981 3945 3921 3899 3881 3869 3852 3821 3821 3837 3850
395MANZANIL1999103  3852 3836 3818 3816 3820 3822 3822 3818 3823
395MANZANIL1999111  3842 3880 3882 3867 3857 3851 3862 3869 3889 3908 3910
395MANZANIL1999112  3890 3870 3874 3901 3916 3882 3871 3900 3921 3931 3907
395MANZANIL1999113  3864 3838 3852 3859 3851 3854 3844 3822
395MANZANIL1999121  3809 3815 3828 3838 3830 3819 3817 3823 3822 3825 3824
395MANZANIL1999122  3827 3817 3798 3798 3782 3784 3784 3781 3795 3796 3770
395MANZANIL1999123  3750 3743 3745 3760 3784 3809 3804 3816 3843
395MANZANIL2000 11  3847 3827 3828 3835 3827 3836 3843 3858 3885 3882 3873
395MANZANIL2000 12  3869 3879 3870 3847 3872 3897 3928 3934 3907 3895 3908
395MANZANIL2000 13  3885 3848 3843 3835 3814 3810 3804 3785 3786
395MANZANIL2000 21  3793 3800 3809 3802 3804 3822 3834 3840 3844 3855 3845
395MANZANIL2000 22  3816 3811 3794 3773 3783 3823 3830 3817 3814 3817 3828
395MANZANIL2000 23  3854 3848 3821 3816 3792 3776 3781
395MANZANIL2000 31  3749 3758 3814 3836 3814 3790 3770 3789 3788 3778 3786
395MANZANIL2000 32  3774 3783 3799 3782 3773 3778 3780 3793 3796 3797 3803
395MANZANIL2000 33  3804 3811 3794 3783 3795 3797 3780 3777 3782
395MANZANIL2000 41  3792 3773 3773 3770 3774 3787 3800 3786 3770 3758 3741
395MANZANIL2000 42  3729 3725 3748 3747 3735 3760 3798 3797 3803 3800 3785
395MANZANIL2000 43  3786 3785 3776 3771 3794 3815 3818 3824
395MANZANIL2000 51  3846 3852 3859 3857 3854 3832 3826 3827 3833 3840 3825
395MANZANIL2000 52  3821 3835 3848 3857 3880 3888 3876 3887 3910 3916 3900
395MANZANIL2000 53  3917 3946 4010 4052 4046 4039 4031 4009 4021
395MANZANIL2000 61  4055 4069 4078 4094 4092 4053 4014 3999 3985 3972 4003
395MANZANIL2000 62  4076 4137 4162 4139 4123 4069 3989 3953 3936 3990 4193
395MANZANIL2000 63  4249 4191 4135 4087 4051 4030 4022 4020
395MANZANIL2000 71  4006 3999 4020 4043 4030 3999 3999 4019 4027 4042 4043
395MANZANIL2000 72  4047 4035 4012 4016 4035 4021 3992 3998 4034 4056 4049
395MANZANIL2000 73  4043 4049 4029 4022 4022 4027 4019 4011 4017
395MANZANIL2000 81  4011 4016 4041 4035 4038 4061 4049 4028 4004 3996 3979
395MANZANIL2000 82  3970 4011 4075 4081 4042 4039 4040 4009 3984 3980 3981
395MANZANIL2000 83  3972 3974 3989 4001 4007 3997 4002 4024 4030
395MANZANIL2000 91  4038 4067 4088 4086 4082 4121 4193 4216 4170 4099 4065
395MANZANIL2000 92  4069 4091 4109 4131 4110 4068 4053 4098 4135 4142 4126
395MANZANIL2000 93  4085 4050 4023 3991 9999 9999 9999 9999
395MANZANIL2000101  9999 9999 9999 9999 9999 9999 9999 9999 9999 9999 9999
395MANZANIL2000102  9999 9999 9999 9999 9999 9999 9999 9999 9999 9999 9999
395MANZANIL2000103  9999 9999 9999 9999 9999 9999 9999 9999 9999
395MANZANIL2000111  9999 9999 9999 9999 9999 9999 9999 9999 9999 9999 9999
395MANZANIL2000112  9999 9999 9999 9999 9999 9999 9999 9999 9999 9999 9999
395MANZANIL2000113  9999 9999 9999 9999 9999 9999 9999 9999
395MANZANIL2000121  9999 9999 9999 9999 9999 9999 9999 3919 3907 3908 3912
395MANZANIL2000122  3914 3919 3929 3962 3986 3977 3970 3978 3965 3937 3919
395MANZANIL2000123  3918 3926 3925 3943 3958 3922 3893 3909 3940
395MANZANIL2001 11  3936 3938 3921 3930 3927 3946 3960 3932 3884 3860 3880
395MANZANIL2001 12  3885 3884 3873 3879 3900 3900 3869 3821 3770 3739 3726
395MANZANIL2001 13  3720 3704 3687 3690 3717 3728 3762 3797 3777
395MANZANIL2001 21  3782 3793 3794 3778 3779 3804 3843 3854 3849 3884 3887
395MANZANIL2001 22  3883 3886 3916 3940 3933 3915 3901 3893 3867 3853 3875
395MANZANIL2001 23  3867 3860 3856 3856 3858 3849
395MANZANIL2001 31  3856 3852 3840 3812 3775 3755 3760 3768 3777 3778 3763
395MANZANIL2001 32  3768 3779 3800 3825 3810 3804 3801 3798 3776 3752 3752
395MANZANIL2001 33  3756 3745 3728 3732 3750 3770 3783 3784 3769
395MANZANIL2001 41  3753 9999 9999 9999 9999 9999 9999 9999 9999 9999 3780
395MANZANIL2001 42  3780 3791 3782 3783 3774 3763 3749 3767 3770 3760 3744
395MANZANIL2001 43  3756 3759 3754 3772 3782 3800 3820 3834
395MANZANIL2001 51  3846 3859 3863 3861 3896 3910 3894 3884 3883 3877 3862
395MANZANIL2001 52  3846 3824 3813 3825 3832 3834 3815 3814 3841 3875 3879
395MANZANIL2001 53  3849 3845 3849 3862 3870 3893 3921 3993 4025
395MANZANIL2001 61  4017 4009 3989 3930 3896 3862 3840 3829 3814 3808 3812
395MANZANIL2001 62  3825 3851 3883 3903 3915 3899 3890 3888 3873 3874 3898
395MANZANIL2001 63  3924 3939 3945 3964 3963 3966 3976 3989
395MANZANIL2001 71  3990 3991 4006 3998 3998 3981 3952 3950 3967 3982 3975
395MANZANIL2001 72  3973 3990 4000 4029 4048 4065 4080 4072 4035 4035 4040
395MANZANIL2001 73  4089 4128 4122 4109 4081 4026 4026 4026 4007
395MANZANIL2001 81  3985 4009 4011 3983 3966 3971 4009 4032 4024 4008 4026
395MANZANIL2001 82  4025 4007 4008 4015 3984 3959 3974 4015 4031 4010 4003
395MANZANIL2001 83  3987 3983 4002 4008 4018 4037 4015 4009 4021
395MANZANIL2001 91  4039 4063 4088 4114 4117 4112 4101 4115 4113 4100 4133
395MANZANIL2001 92  4227 4205 4149 4110 4069 4043 4028 4030 4044 4056 4026
395MANZANIL2001 93  3978 3983 4153 4292 4226 4132 4041 3963
395MANZANIL2001101  3924 3910 3914 3978 4001 3974 3970 3992 3999 3981 3941
395MANZANIL2001102  3935 3955 3982 4012 4033 4024 4024 4025 4028 4004 3969
395MANZANIL2001103  3990 4005 3990 3976 3992 4004 3998 4004 3978
395MANZANIL2001111  3955 3963 3952 3943 3962 3929 3879 3886 3876 3872 3871
395MANZANIL2001112  3857 3860 3881 3875 3843 3838 3855 3866 3864 3855 3835
395MANZANIL2001113  3831 3827 3839 3842 3859 3861 3842 3836
395MANZANIL2001121  3828 3808 3793 3795 3795 3788 3823 3891 3928 3953 3963
395MANZANIL2001122  3933 3929 3933 3899 3900 3930 3938 3919 3893 3910 3944
395MANZANIL2001123  3962 3973 3990 3982 3975 3987 3955 3917 3909
395MANZANIL2002 11  3903 3896 3871 3844 3812 3810 3834 3849 3828 3827 3846
395MANZANIL2002 12  3844 3822 3793 3810 3856 3886 3897 3901 3910 3911 3898
395MANZANIL2002 13  3895 3902 3880 3861 3866 3887 3913 3925 3933
395MANZANIL2002 21  3965 3976 3952 3933 3958 3974 3970 3968 3992 3976 3956
395MANZANIL2002 22  3957 3947 3929 3956 3978 3974 4002 3992 3948 3914 3886
395MANZANIL2002 23  3862 3842 3859 3895 3914 3908
395MANZANIL2002 31  3917 3944 3946 3891 3827 3825 3855 3873 3845 3800 3812
395MANZANIL2002 32  3866 3888 3877 3874 3874 3878 3877 3884 3881 3863 3856
395MANZANIL2002 33  3851 3844 3840 3828 3806 3807 3815 3828 3857
395MANZANIL2002 41  3857 3827 3818 3813 3819 3818 3822 3839 3817 3809 3826
395MANZANIL2002 42  3834 3818 3805 3795 3799 3811 3835 3857 3853 3856 3844
395MANZANIL2002 43  3841 3859 3870 3875 3875 3857 3845 3843
395MANZANIL2002 51  3826 3817 3817 3819 3818 3823 3843 3847 3853 3862 3864
395MANZANIL2002 52  3849 3846 3857 3850 3819 3819 3826 3827 3834 3856 3881
395MANZANIL2002 53  3889 3877 3866 3868 3874 3875 3858 3846 3848
395MANZANIL2002 61  3824 3804 3821 3842 3861 3878 3903 3911 3955 4041 4052
395MANZANIL2002 62  3999 3941 3893 3872 3886 3909 3914 3920 3927 3924 3917
395MANZANIL2002 63  3929 3965 3993 3979 3971 3968 3947 3972
395MANZANIL2002 71  3999 4015 4035 4031 4019 4007 4005 3993 3981 3966 3989
395MANZANIL2002 72  4023 4029 4023 4035 4068 4066 4055 4056 4087 4107 4082
395MANZANIL2002 73  4054 4018 4021 4041 4036 4033 4051 4031 4012
395MANZANIL2002 81  4011 4013 3986 3960 3970 3999 4006 3993 3996 4009 4003
395MANZANIL2002 82  3975 3954 3980 4015 4012 3979 3976 3987 3978 3980 4007
395MANZANIL2002 83  4033 4046 4039 4057 4090 9999 9999 9999 4205
395MANZANIL2002 91  4219 4179 4142 4120 4185 4293 4313 4274 4243 4211 4157
395MANZANIL2002 92  4117 4118 4128 4147 4223 4201 4131 4088 4042 4013 4003
395MANZANIL2002 93  3997 4013 4011 3961 3973 3997 3978 3956
395MANZANIL2002101  3948 3947 3960 3966 3945 3923 3957 3988 4005 3988 3943
395MANZANIL2002102  3925 3915 3908 3964 4009 4017 4031 4056 4078 4099 4129
395MANZANIL2002103  4166 4214 4226 4186 4156 4130 4110 4106 4104
395MANZANIL2002111  4100 4087 4093 4086 4109 4161 4157 4122 4042 3998 3994
395MANZANIL2002112  3993 3981 3995 4010 4010 3986 3983 3978 4009 4033 4013
395MANZANIL2002113  3961 4019 4072 4099 4126 4159 4165 4137
395MANZANIL2002121  4140 4145 4123 4127 4133 4121 4101 4113 4138 4140 4131
395MANZANIL2002122  4135 4154 4133 4093 4061 4053 4050 4028 4035 4049 4029
395MANZANIL2002123  4011 4006 4009 3966 3960 3986 3985 3943 3924
395MANZANIL2003 11  3968 4002 3982 3981 4015 4015 3997 3965 3945 3973 4007
395MANZANIL2003 12  3994 3962 3954 3964 3955 3923 3920 3938 3949 3975 4009
395MANZANIL2003 13  3980 3963 3969 3961 3962 3965 3971 4004 4026
395MANZANIL2003 21  3979 3935 3919 3953 3977 3961 3956 3950 3938 3935 3903
395MANZANIL2003 22  3880 3867 3865 3845 3818 3795 3753 3758 3781 3781 3756
395MANZANIL2003 23  3709 3677 3690 3710 3699 3676
395MANZANIL2003 31  3674 3703 3731 3748 3753 3741 3729 3714 3722 3731 3723
395MANZANIL2003 32  3718 3710 3721 3747 3757 3764 3758 3731 3704 3700 3691
395MANZANIL2003 33  3678 3684 3692 3714 3723 3733 3741 3746 3740
395MANZANIL2003 41  3750 3791 3810 3840 3831 3844 3899 3888 3879 3891 3913
395MANZANIL2003 42  3925 3908 3898 3894 3875 3866 3857 3835 3824 3803 3781
395MANZANIL2003 43  3770 3757 3760 3731 3707 3710 3719 3727
395MANZANIL2003 51  3714 3710 3716 3741 3758 3756 3752 3762 3776 3783 3790
395MANZANIL2003 52  3800 3815 3838 3849 3846 3842 3844 3829 3827 3834 3847
395MANZANIL2003 53  3834 3845 3859 3849 3837 3824 3822 3824 3823
395MANZANIL2003 61  3807 3812 3848 3884 3910 3921 3925 3903 3894 3905 3932
395MANZANIL2003 62  3961 3979 3977 3979 3978 3983 4034 4080 9999 9999 9999
395MANZANIL2003 63  9999 9999 9999 9999 9999 9999 9999 9999
395MANZANIL2003 71  9999 9999 9999 9999 3999 3978 3953 3921 3920 3950 3984
395MANZANIL2003 72  3962 3942 3957 3978 3966 3930 3945 3994 4016 4023 4033
395MANZANIL2003 73  4041 4024 4011 3999 3993 3999 4010 4034 4038
395MANZANIL2003 81  4045 4049 4054 4064 4053 4056 4059 4062 4058 4045 4044
395MANZANIL2003 82  4019 3998 3989 3990 4012 4020 3974 3962 4010 4038 4023
395MANZANIL2003 83  3993 3982 3995 3981 3962 3967 3964 3975 3981
395MANZANIL2003 91  3979 4009 4009 3967 3933 3917 3933 3951 3952 3960 3955
395MANZANIL2003 92  3966 4028 4049 4005 3968 3966 4023 4132 4176 4173 4127
395MANZANIL2003 93  4093 4110 4128 4122 4111 4089 4081 4054
395MANZANIL2003101  4057 4089 4093 4063 4108 4241 4212 4105 4049 3998 3929
395MANZANIL2003102  3896 3908 3924 3898 9999 9999 9999 9999 9999 9999 9999
395MANZANIL2003103  9999 9999 9999 9999 9999 9999 9999 9999 9999
395MANZANIL2003111  9999 9999 9999 9999 9999 9999 9999 9999 9999 9999 9999
395MANZANIL2003112  9999 9999 9999 9999 9999 9999 9999 9999 9999 9999 9999
395MANZANIL2003113  9999 9999 9999 9999 9999 9999 9999 9999
395MANZANIL2003121  9999 9999 9999 9999 9999 9999 9999 9999 9999 9999 9999
395MANZANIL2003122  9999 9999 9999 9999 9999 9999 9999 9999 9999 9999 9999
395MANZANIL2003123  9999 9999 9999 9999 9999 9999 9999 9999 9999
395MANZANIL2004 11  9999 9999 9999 9999 9999 9999 9999 9999 9999 9999 9999
395MANZANIL2004 12  9999 9999 9999 9999 9999 9999 9999 9999 9999 9999 9999
395MANZANIL2004 13  9999 9999 9999 9999 9999 9999 9999 9999 9999
395MANZANIL2004 21  9999 9999 9999 9999 3790 3775 3758 3753 3742 3728 3716
395MANZANIL2004 22  3713 3691 3685 3727 3743 3717 3694 3716 3743 3756 3784
395MANZANIL2004 23  3794 3801 3840 3848 3825 3810 3831
395MANZANIL2004 31  3854 3852 3822 3830 3852 3868 3874 3896 3910 3879 3842
395MANZANIL2004 32  3844 3845 3828 3813 3814 3820 3825 3832 3835 3854 3847
395MANZANIL2004 33  3825 3816 3809 3823 3804 3785 3794 3794 3788
395MANZANIL2004 41  3781 3787 3791 3772 3758 3740 3720 3707 3693 3682 3678
395MANZANIL2004 42  3683 3682 3682 3689 3693 3702 3731 3736 3730 3747 3763
395MANZANIL2004 43  3774 3769 3768 3784 3791 3777 3765 3790
395MANZANIL2004 51  3827 3816 3782 3764 3773 3770 3767 3769 3786 3803 3804
395MANZANIL2004 52  3812 3800 3784 3787 3796 3779 3765 3754 3764 3787 3825
395MANZANIL2004 53  3849 3835 3827 3829 3839 3837 3852 3883 3925
395MANZANIL2004 61  3962 3971 4007 4043 4063 4081 4115 4131 4098 4056 4022
395MANZANIL2004 62  4031 4052 4052 4054 4048 4024 3996 3953 3921 3900 3886
395MANZANIL2004 63  3852 3832 3866 3883 3881 3900 3916 3905
395MANZANIL2004 71  3897 3885 3871 3871 3870 3865 3885 3912 3929 3947 3959
395MANZANIL2004 72  4017 4065 4057 4025 3994 3949 3916 3955 3996 4006 4004
395MANZANIL2004 73  4007 3974 3926 3921 3910 3917 3933 3959 3960
395MANZANIL2004 81  3930 3931 3942 3940 3928 3928 3939 3959 3962 3954 3935
395MANZANIL2004 82  3917 3894 3878 3880 3899 3925 3955 3997 4014 4017 4037
395MANZANIL2004 83  4035 4025 4006 4015 4098 4153 4164 4132 4106
395MANZANIL2004 91  4118 4105 4086 4050 4022 4001 4007 4029 4026 4006 3996
395MANZANIL2004 92  3977 3955 3979 3995 3978 3938 3878 3841 3823 3832 3855
395MANZANIL2004 93  3867 3892 3946 3965 3954 3931 3923 3923
395MANZANIL2004101  3917 3914 3920 3924 3921 3915 3946 3981 4000 4013 4049
395MANZANIL2004102  4064 4073 4107 4167 4162 4150 4145 4143 4153 4145 4118
395MANZANIL2004103  4102 4077 4040 3998 3987 3976 3963 3951 3922
395MANZANIL2004111  3891 3869 3858 3851 3847 3844 3856 3852 3833 3832 3824
395MANZANIL2004112  3847 3895 3902 3886 3868 3870 3871 3871 3858 3836 3822
395MANZANIL2004113  3825 3836 3835 3840 3871 3875 3879 3891
395MANZANIL2004121  3889 3926 3951 3946 3944 3925 3916 3944 3927 3931 3944
395MANZANIL2004122  3928 3903 3908 3908 3910 3906 3952 3979 3962 4010 4043
395MANZANIL2004123  4015 3973 3931 3917 3906 3888 3848 3863 3917
395MANZANIL2005 11  3924 3937 3963 3947 3929 3932 3943 3912 3911 3930 3916
395MANZANIL2005 12  3898 3897 3876 3867 3898 3906 3906 3893 3864 3862 3879
395MANZANIL2005 13  3877 3847 3855 3867 3890 3922 3945 3961 3983
395MANZANIL2005 21  3982 3944 3888 3867 3860 3861 3863 3878 3922 3941 3918
395MANZANIL2005 22  3880 3871 3864 3854 3853 3854 3865 3837 3790 3764 3769
395MANZANIL2005 23  3771 3797 3817 3803 3788 3776
395MANZANIL2005 31  3766 3743 3735 3728 3701 3680 3658 3645 3652 3665 3662
395MANZANIL2005 32  3633 3635 3677 3676 3641 3619 3629 3648 3671 3697 3720
395MANZANIL2005 33  3717 3720 3730 3747 3765 3752 3744 3752 3762
395MANZANIL2005 41  3757 3750 3762 3803 3844 3868 3852 3858 3912 3926 3874
395MANZANIL2005 42  3834 3825 3856 3876 3852 3836 3851 3862 3864 3857 3853
395MANZANIL2005 43  3852 3852 3859 3842 3818 3805 3816 3833
395MANZANIL2005 51  3817 3810 3800 3780 3768 3769 3772 3779 3804 3822 3823
395MANZANIL2005 52  3818 3825 3839 3865 3872 3866 3850 3838 3826 3806 3814
395MANZANIL2005 53  3819 3818 3828 3844 3835 3847 3869 3877 3888
395MANZANIL2005 61  3888 3878 3877 3855 3835 3806 3788 3794 3815 3842 3851
395MANZANIL2005 62  3849 3838 3822 3808 3794 3790 3790 3795 3805 3823 3831
395MANZANIL2005 63  3876 3937 3957 3962 3984 3993 4045 4122
395MANZANIL2005 71  4120 4073 4015 3966 3942 3967 3997 3966 3948 3942 3919
395MANZANIL2005 72  3902 3898 3898 3904 3908 3918 3976 4103 4110 4039 4000
395MANZANIL2005 73  4008 4010 4017 4047 4066 4047 4021 4011 4004
395MANZANIL2005 81  3968 3923 3923 3942 3952 3982 4000 3999 9999 9999 9999
395MANZANIL2005 82  3962 3963 3944 3973 4041 4061 4072 4080 4082 4133 4234
395MANZANIL2005 83  4222 4152 4119 4087 4047 4069 4039 3962 3944
395MANZANIL2005 91  3963 3942 3932 3946 3966 3980 3981 3959 3929 3910 3907
395MANZANIL2005 92  3907 3913 3931 3934 3938 3953 3973 3981 4011 4038 4041
395MANZANIL2005 93  4024 4016 3976 3929 3889 3866 3913 3905
395MANZANIL2005101  3886 3861 3851 3855 3833 3773 3720 3719 3711 3712 3732
395MANZANIL2005102  3754 3765 3757 3754 3774 3779 3780 3781 3793 3793 3779
395MANZANIL2005103  3765 3735 3703 3713 3712 3689 3688 3721 3744
395MANZANIL2005111  3745 3729 3718 3714 3715 3732 3726 3706 3720 3736 3772
395MANZANIL2005112  3806 3804 3808 3816 3814 3798 3785 3773 3769 3783 3772
395MANZANIL2005113  3755 3746 3756 3788 3804 3836 3836 3848
395MANZANIL2005121  3861 3863 3854 3852 3838 3838 3852 3843 3827 3840 3841
395MANZANIL2005122  3800 3775 3767 3772 3759 3720 3705 3734 3750 3766 3766
395MANZANIL2005123  3773 3808 3809 3801 3818 3819 3843 3853 3833
395MANZANIL2006 11  3819 3813 3814 3810 3802 3812 3823 3815 3822 3834 3852
395MANZANIL2006 12  3845 3858 3889 3848 3806 3786 3775 3808 3818 3819 3855
395MANZANIL2006 13  3880 3847 3839 3844 3833 3810 3818 3835 3837
395MANZANIL2006 21  3836 3837 3808 3771 3738 3737 3735 3713 3686 3649 3636
395MANZANIL2006 22  3630 3630 3652 3679 3713 3723 3710 3711 3724 3741 3738
395MANZANIL2006 23  3716 3701 3711 3720 3729 3746
395MANZANIL2006 31  3748 3745 3777 3796 3779 3751 3736 3758 3760 3757 3749
395MANZANIL2006 32  3737 3752 3750 3715 3704 3719 3728 3727 3734 3742 3740
395MANZANIL2006 33  3744 3744 3739 3757 3771 3790 3812 3808 3789
395MANZANIL2006 41  3783 3790 3773 3748 3736 3746 3757 3761 3773 3774 3778
395MANZANIL2006 42  3778 3789 3788 3762 3750 3754 3769 3778 3768 3767 3773
395MANZANIL2006 43  3766 3761 3772 3769 3757 3762 3775 3780
395MANZANIL2006 51  3782 3779 3778 3776 3770 3777 3790 3781 3786 3782 3770
395MANZANIL2006 52  3759 3765 3763 3757 3764 3777 3779 3797 3833 3876 3905
395MANZANIL2006 53  3904 3903 3916 3900 3884 3905 3946 3985 4003
395MANZANIL2006 61  3992 3983 3986 4013 4038 4009 3970 3934 3901 3899 3901
395MANZANIL2006 62  3903 3940 3970 3952 3932 3924 3920 3939 3940 3933 3930
395MANZANIL2006 63  3943 3936 3917 3904 3887 3872 3885 3922
395MANZANIL2006 71  3959 3971 3951 3956 3985 3989 3976 3976 3998 3992 3967
395MANZANIL2006 72  3979 4044 4070 4075 4065 4051 4013 3989 3984 3972 3994
395MANZANIL2006 73  4091 4139 4115 4086 4067 4054 4055 4045 4012
395MANZANIL2006 81  3968 3969 3997 4012 4008 4019 4004 3989 3973 3964 3985
395MANZANIL2006 82  3983 3966 3966 3968 3958 3947 3940 3953 3947 3932 3973
395MANZANIL2006 83  4036 4067 4062 4053 4052 4049 4059 4044 4099
395MANZANIL2006 91  4200 4163 4095 4053 4039 4046 4063 4087 4084 4063 4040
395MANZANIL2006 92  3996 3985 4031 4086 4066 4043 4040 3990 3949 3980 4009
395MANZANIL2006 93  4010 4008 3997 3993 4010 4018 4006 3990
395MANZANIL2006101  3978 3964 3952 3957 3967 3968 3979 4009 4029 4011 3999
395MANZANIL2006102  3994 3997 4040 4109 4145 4127 4103 4076 4008 3981 3984
395MANZANIL2006103  3964 3946 3911 3912 3959 3968 3963 3980 3998
395MANZANIL2006111  3983 3992 3985 4013 4022 3976 3956 3957 3996 4015 4020
395MANZANIL2006112  3996 3963 3955 3993 4016 3997 4002 4064 4054 3985 3922
395MANZANIL2006113  3914 3934 3937 3938 3991 4014 3993 3965
395MANZANIL2006121  3935 3932 3946 3937 3913 3911 3907 3915 3929 3912 3951
395MANZANIL2006122  4006 3985 3986 4016 3995 3944 3923 3935 3952 3930 3915
395MANZANIL2006123  3926 3915 3913 3914 3910 3896 3888 3890 3876
395MANZANIL2007 11  3847 3876 3883 3832 3803 3822 3866 3889 3908 3911 3904
395MANZANIL2007 12  3907 3941 3976 4005 4013 3993 3956 3956 3983 4005 4008
395MANZANIL2007 13  4032 4006 3960 3927 3892 3878 3863 3868 3870
395MANZANIL2007 21  3861 3870 3854 3826 3831 3844 3814 3788 3782 3812 3838
395MANZANIL2007 22  3833 3802 3781 3763 3742 3746 3770 3783 3783 3758 3744
395MANZANIL2007 23  3767 3759 3742 3743 3736 3698
395MANZANIL2007 31  3693 3725 3744 3741 3725 3706 3692 3713 3731 3734 3707
395MANZANIL2007 32  3706 3715 3733 3722 3727 3760 3789 3801 3801 3813 3806
395MANZANIL2007 33  3789 3784 3787 3789 3805 3829 3838 3827 3812
395MANZANIL2007 41  3798 3781 3769 3763 3766 3751 3729 3708 3687 3675 3678
395MANZANIL2007 42  3665 3663 3692 3707 3694 3701 3725 3730 3700 3661 3636
395MANZANIL2007 43  3634 3648 3679 3681 3675 3688 3706 3723
395MANZANIL2007 51  3740 3738 3732 3744 3747 3745 3741 3747 3750 3765 3782
395MANZANIL2007 52  3792 3788 3794 3801 3797 3785 3780 3784 3810 3834 3826
395MANZANIL2007 53  3812 3811 9999 9999 3778 3774 3761 3769 3790
395MANZANIL2007 61  3795 3803 3781 3757 3743 3729 3728 3723 3722 3752 3780
395MANZANIL2007 62  3804 3822 3811 3774 3738 3735 3750 3760 3770 3780 3791
395MANZANIL2007 63  3806 3798 3781 3784 3806 3816 3791 3773
395MANZANIL2007 71  3794 3834 3849 3864 3871 3877 3879 3874 3886 3902 3892
395MANZANIL2007 72  3878 3884 3915 3914 3917 3943 3955 3962 3963 3931 3910
395MANZANIL2007 73  3953 4001 3996 3962 3911 3884 3908 3924 3912
395MANZANIL2007 81  3903 3911 3895 3879 3878 3869 3841 3841 3845 3852 3864
395MANZANIL2007 82  3843 3833 3858 3882 3884 3895 3939 3927 3910 3888 3878
395MANZANIL2007 83  3861 3851 3886 3906 3931 3979 4046 4040 4010
395MANZANIL2007 91  3998 4055 4111 4091 4038 3979 3963 3986 4009 4029 4042
395MANZANIL2007 92  4025 4004 3988 3962 3953 3958 3932 3929 3951 3924 3874
395MANZANIL2007 93  3849 3834 3847 3833 3836 3872 3889 3890
395MANZANIL2007101  3876 3865 3847 3814 3812 3837 3868 3869 3854 3864 3860
395MANZANIL2007102  3845 3853 3885 3911 3921 3924 3936 3976 3977 3911 3851
395MANZANIL2007103  3812 3801 3812 3786 3754 3759 3775 3755 3717
395MANZANIL2007111  3714 3732 3717 3696 3732 3779 3767 3759 3742 3725 3733
395MANZANIL2007112  3738 3738 3760 3786 3817 3831 3827 3814 3818 3804 3769
395MANZANIL2007113  3764 3766 3760 3761 3750 3763 3773 3746
395MANZANIL2007121  3724 3729 3733 3748 3760 3747 3725 3722 3755 3772 3763
395MANZANIL2007122  3772 3783 3771 3767 3767 3746 3732 3723 3726 3748 3753
395MANZANIL2007123  3741 3746 3771 3769 3757 3738 3736 3746 3740
395MANZANIL2008 11  3719 3714 3706 3705 3734 3765 3784 3758 3791 3834 3829
395MANZANIL2008 12  3815 3814 3835 3866 3881 3853 3808 3769 3739 3729 3733
395MANZANIL2008 13  3758 3780 3799 3823 3821 3826 3823 3797 3782
395MANZANIL2008 21  3773 3792 3815 3801 3794 3777 3769 3783 3772 3747 3742
395MANZANIL2008 22  3739 3725 3693 3685 3694 3679 3652 3618 3619 3639 3628
395MANZANIL2008 23  3616 3623 3621 3623 3621 3617 3638
395MANZANIL2008 31  3648 3632 3641 3641 3637 3659 3675 3689 3680 3685 3711
395MANZANIL2008 32  3719 3703 3684 3683 3689 3708 3690 3692 3720 3751 3780
395MANZANIL2008 33  3798 3788 3764 3766 3805 3825 3773 3720 3733
395MANZANIL2008 41  3784 3797 3809 3848 3875 3865 3851 3817 3775 3757 3745
395MANZANIL2008 42  3738 3713 3704 3711 3710 3690 3685 3679 3668 3683 3694
395MANZANIL2008 43  3700 3699 3709 3736 3749 3759 3754 3756
395MANZANIL2008 51  3783 3793 3796 3795 3782 3787 3808 3832 3840 3835 3834
395MANZANIL2008 52  3838 3847 3869 3864 3850 3849 3859 3860 3849 3854 3856
395MANZANIL2008 53  3841 3833 3815 3813 3821 3844 3861 3858 3852
395MANZANIL2008 61  3852 3871 3872 3856 3876 3907 3935 3950 3977 3980 4011
395MANZANIL2008 62  4053 4053 4047 4046 4021 3979 3977 3980 3958 3945 3961
395MANZANIL2008 63  3992 3990 3966 3976 3999 4017 4012 4014
395MANZANIL2008 71  4079 4184 4172 4151 4161 4171 4148 4232 4254 4201 4222
395MANZANIL2008 72  4249 4235 4240 4190 4146 4117 4116 4107 4098 4070 4059
395MANZANIL2008 73  4074 4087 4082 4075 4070 4039 4013 3985 3979
395MANZANIL2008 81  4017 4027 4045 4065 4057 4060 4062 4038 4028 4050 4080
395MANZANIL2008 82  4091 4122 4137 4117 4107 4093 4075 4083 4107 4118 4135
395MANZANIL2008 83  4186 4194 4152 4111 4079 4044 4031 4042 4061
395MANZANIL2008 91  4122 4167 4156 4127 4097 4076 4101 4064 4000 3939 3872
395MANZANIL2008 92  3852 3869 3852 3842 3851 3879 3883 3870 3885 3901 3897
395MANZANIL2008 93  3919 3947 3966 3958 3947 3956 3997 4006
395MANZANIL2008101  3990 3959 3920 3926 3963 3982 4058 4103 4090 4054 3985
395MANZANIL2008102  3935 3976 4054 4063 3983 3943 3952 3954 3907 3868 3859
395MANZANIL2008103  3865 3872 3897 3893 3867 3837 3804 3794 3801
395MANZANIL2008111  3808 3816 3799 3817 3851 3850 3858 3883 3911 3901 3893
395MANZANIL2008112  3891 3871 3848 3812 3772 3751 3751 3761 3787 3784 3772
395MANZANIL2008113  3810 3849 3829 3823 3852 3878 3921 3915
395MANZANIL2008121  3845 3795 3825 3848 3826 3806 3792 3801 3844 3845 3813
395MANZANIL2008122  3811 3815 3804 3777 3774 3774 3754 3754 3779 3786 3768
395MANZANIL2008123  3755 3778 3785 3775 3775 3775 3775 3777 3786
395MANZANIL2009 11  3782 3768 3775 3774 3776 3804 3803 3768 3758 3770 3782
395MANZANIL2009 12  3795 3785 3791 3800 3787 3771 3745 3718 3715 3754 3790
395MANZANIL2009 13  3814 3857 3883 3857 3812 3799 3825 3803 3749
395MANZANIL2009 21  3736 3751 3746 3732 3719 3723 3759 3774 3773 3756 3741
395MANZANIL2009 22  3765 3792 3766 3718 3687 3704 3735 3758 3761 3748 3727
395MANZANIL2009 23  3709 3731 3737 3740 3776 3811
395MANZANIL2009 31  3786 3760 3773 3769 3744 3728 3709 3726 3752 3763 3762
395MANZANIL2009 32  3742 3769 3780 3758 3740 3731 3734 3739 3742 3734 3736
395MANZANIL2009 33  3761 3769 3766 3768 3769 3757 3742 3736 3716
395MANZANIL2009 41  3688 3691 3708 3706 3699 3698 3683 3675 3680 3677 3664
395MANZANIL2009 42  3654 3654 3665 3671 3691 3720 3720 3727 3739 3749 3746
395MANZANIL2009 43  3748 3766 3767 3764 3773 3775 3763 3766
395MANZANIL2009 51  3769 3791 3816 3817 3809 3811 3814 3825 3819 3814 3809
395MANZANIL2009 52  3789 3768 3768 3787 3811 3825 3828 3841 3850 3857 3849
395MANZANIL2009 53  3834 3819 3819 3851 3873 3866 3863 3870 3883
395MANZANIL2009 61  3892 3892 3883 3870 3861 3884 3921 3934 3942 3943 3930
395MANZANIL2009 62  3918 3898 3878 3882 3911 3935 3947 3950 3955 3950 3943
395MANZANIL2009 63  4042 4120 4068 4060 4013 3970 4002 4034
395MANZANIL2009 71  4029 4011 4001 4039 4103 4117 4098 4063 4022 3982 3981
395MANZANIL2009 72  4008 4019 4024 4023 4032 4034 4022 4021 4012 3976 3965
395MANZANIL2009 73  3981 3986 3998 4017 4015 4038 4054 4032 4003
395MANZANIL2009 81  3987 3998 4006 4002 3988 3997 4012 3998 4008 4007 3978
395MANZANIL2009 82  3958 3942 3942 3949 3952 3954 3990 4019 4020 4020 4052
395MANZANIL2009 83  4087 4089 4058 4022 4005 3995 3984 4025 4119
395MANZANIL2009 91  4117 4068 4058 4039 4023 4005 3989 3985 3978 3955 3941
395MANZANIL2009 92  3959 3975 3971 3955 3952 3938 3967 3992 3960 3957 3992
395MANZANIL2009 93  4003 4003 4017 4016 4038 4101 4177 4176
395MANZANIL2009101  4139 4116 4104 4114 4111 4103 4078 4044 4070 4112 4135
395MANZANIL2009102  4107 4073 4046 4008 3999 4004 4041 4078 4067 4024 4011
395MANZANIL2009103  3996 3932 3905 3954 3962 3934 3924 3960 4010
395MANZANIL2009111  3991 3973 3981 3954 3911 3907 3936 3959 3943 3934 3949
395MANZANIL2009112  3956 3957 3944 3924 3935 3969 3968 3960 3937 3923 3927
395MANZANIL2009113  3942 3969 3986 3981 3993 4020 4029 4023
395MANZANIL2009121  4007 4005 3999 4015 4046 4031 4024 4011 3994 3954 3909
395MANZANIL2009122  3913 3938 3940 3907 3896 3900 3899 3887 3865 3884 3918
395MANZANIL2009123  3945 3973 3971 3948 3972 3990 3978 3967 3983
395MANZANIL2010 11  3986 3977 3987 3990 3984 3963 3924 3933 3995 3995 3991
395MANZANIL2010 12  4031 4041 4020 4043 4067 4075 4059 4064 4057 4012 3960
395MANZANIL2010 13  3945 3969 3959 3922 3908 3903 3920 3930 3921
395MANZANIL2010 21  3931 3974 4002 3997 3964 3976 4019 4036 4017 3973 3942
395MANZANIL2010 22  3907 3888 3888 3894 3887 3898 3908 3883 3871 3872 3861
395MANZANIL2010 23  3833 3824 3835 3844 3829 3785
395MANZANIL2010 31  3796 3803 3784 3773 3749 3742 3727 3725 3755 3759 3729
395MANZANIL2010 32  3736 3732 3726 3724 3751 3757 3729 3730 3770 3784 3776
395MANZANIL2010 33  3772 3803 3829 3812 3813 3911 3991 3970 3975
395MANZANIL2010 41  3988 3966 3905 3852 3882 3898 3888 3893 3886 3857 3839
395MANZANIL2010 42  3844 3822 3797 3781 3793 3806 3790 3745 3721 3742 3758
395MANZANIL2010 43  3751 3743 3726 3731 3720 3710 3701 3705
395MANZANIL2010 51  3693 3677 3657 3654 3671 3690 3694 3704 3723 3768 3812
395MANZANIL2010 52  3825 3836 3833 3821 3814 3804 3800 3833 3875 3887 3899
395MANZANIL2010 53  3915 3925 3912 3886 3853 3814 3797 3781 3750
395MANZANIL2010 61  3751 3798 3828 3814 3788 3797 3799 3788 3772 3767 3789
395MANZANIL2010 62  3781 3776 3803 3822 3840 3868 3919 3947 3934 3917 3905
395MANZANIL2010 63  3935 3938 3893 3862 3877 3911 3912 3870
395MANZANIL2010 71  3842 3835 3836 3852 3865 3874 3853 3818 3798 3791 3802
395MANZANIL2010 72  3821 3832 3848 3905 3953 3944 3935 3946 3936 3912 3931
395MANZANIL2010 73  3956 3948 3952 3946 3948 3937 3939 3959 3986
395MANZANIL2010 81  3995 3965 3932 3945 3941 3914 3921 3940 3963 3987 3994
395MANZANIL2010 82  4012 4026 4018 4002 3987 3964 3952 3953 3988 3986 3978
395MANZANIL2010 83  3978 3997 4046 4160 4137 4075 4006 3939 3939
395MANZANIL2010 91  3998 4018 3986 3929 3891 3851 3811 3831 3843 3842 3849
395MANZANIL2010 92  3846 3844 3837 3822 3810 3820 3844 3881 3929 3945 3933
395MANZANIL2010 93  3905 3890 3923 3959 3945 3931 3935 3898
395MANZANIL2010101  3829 3809 3844 3837 3799 3770 3749 3736 3735 3747 3746
395MANZANIL2010102  3743 3743 3737 3755 3757 3750 3784 3815 3804 3788 3794
395MANZANIL2010103  3788 3779 3783 3792 3779 3767 3785 3792 3797
395MANZANIL2010111  3802 3818 3835 3810 3767 3745 3745 3759 3757 3748 3767
395MANZANIL2010112  3778 3784 3784 3785 3794 3775 3764 3778 3786 3774 3769
395MANZANIL2010113  3780 3784 3786 3764 3735 3726 3729 3760
395MANZANIL2010121  3771 3777 3760 3740 3732 3708 3680 3679 3686 3721 3728
395MANZANIL2010122  3711 3745 3761 3745 3744 3729 3753 3762 3742 3753 3761
395MANZANIL2010123  3751 3747 3764 3796 3807 3812 3810 3798 3756
395MANZANIL2011 11  3719 3730 3733 3752 3739 3708 3714 3744 3762 3749 3736
395MANZANIL2011 12  3736 3757 3768 3782 3788 3759 3736 3720 3727 3743 3741
395MANZANIL2011 13  3716 3698 3702 3728 9999 9999 3715 3699 3686
395MANZANIL2011 21  3722 3744 3727 3728 3734 3710 3695 3688 3708 3742 3733
395MANZANIL2011 22  3703 3684 3705 3718 3717 3727 3720 3728 3769 3782 3766
395MANZANIL2011 23  3732 3702 3712 3743 3739 3712
395MANZANIL2011 31  3707 3706 3704 3718 3735 3721 3713 3711 3685 3683 3680
395MANZANIL2011 32  3672 3683 3703 3726 3732 3739 3772 3788 3777 3749 3754
395MANZANIL2011 33  3782 3789 3792 3807 3819 3818 3801 3781 3779
395MANZANIL2011 41  3778 3780 3785 3771 3755 3750 3779 3789 3783 3765 3769
395MANZANIL2011 42  3781 3783 3801 3830 3819 3802 3823 3834 3818 3810 3824
395MANZANIL2011 43  3837 3837 3846 3867 3851 3843 3855 3876
395MANZANIL2011 51  3876 3885 3894 3896 3901 3909 3931 3944 3943 3970 3995
395MANZANIL2011 52  3972 3962 3995 4000 3976 3959 3939 3900 3868 3875 3888
395MANZANIL2011 53  3891 3896 3912 3922 3941 3972 3972 3941 3924
395MANZANIL2011 61  3934 3936 3914 3893 3886 3925 3950 3968 3982 4024 4066
395MANZANIL2011 62  4037 3986 3957 3956 3959 3942 3921 3931 3978 4019 4102
395MANZANIL2011 63  4142 4111 4069 4035 4016 4007 4002 4002
395MANZANIL2011 71  3982 3985 4047 4064 4065 4066 4069 4089 4116 4124 4090
395MANZANIL2011 72  4070 4036 4025 4033 4042 4073 4105 4112 4092 4114 4122
395MANZANIL2011 73  4064 4011 4003 3976 3934 3930 3935 3953 3971
395MANZANIL2011 81  3963 3970 3979 3958 3922 3931 3966 3958 3965 3963 3956
395MANZANIL2011 82  3965 3947 3919 3918 3907 3879 3895 3907 3915 3938 3972
395MANZANIL2011 83  3976 4006 4023 4003 3978 3998 4002 4009 4021
395MANZANIL2011 91  4059 4117 4093 4074 4050 4023 4022 4037 4036 4018 3977
395MANZANIL2011 92  3931 3916 3918 3892 3854 3851 3852 3842 3852 3870 3861
395MANZANIL2011 93  3846 3917 4051 4034 3985 3974 3970 3975
395MANZANIL2011101  3960 3949 3939 3920 3916 3911 3914 3937 3978 4059 4172
395MANZANIL2011102  4164 4042 4011 3957 3901 3861 3843 3787 3752 3791 3830
395MANZANIL2011103  3819 3785 3766 3792 3826 3806 3778 3771 3777
395MANZANIL2011111  3778 3786 3784 3764 3776 3790 3802 3803 3793 3787 3790
395MANZANIL2011112  3783 3773 3772 3760 3737 3725 3747 3769 3755 3713 3741
395MANZANIL2011113  3773 3765 3764 3770 3795 3805 3792 3789
395MANZANIL2011121  3782 3794 3787 3771 3807 3813 3780 3742 3758 3773 3782
395MANZANIL2011122  3798 3820 3848 3859 3841 3809 3811 3825 3835 3825 3806
395MANZANIL2011123  3785 3779 3813 3834 3836 3828 3853 3876 3857
395MANZANIL2012 11  3814 3792 3806 3787 3767 3777 3770 3771 3774 3811 3858
395MANZANIL2012 12  3853 3808 3792 3805 3818 3814 3818 3812 3801 3794 3791
395MANZANIL2012 13  3791 3781 3768 3754 3739 3736 3732 3717 3717
395MANZANIL2012 21  3721 3736 3745 3749 3752 3740 3726 3730 3731 3703 3698
395MANZANIL2012 22  3720 3729 3716 3695 3685 3684 3675 3683 3698 3716 3732
395MANZANIL2012 23  3751 3737 3716 3700 3707 3712 3701
395MANZANIL2012 31  3714 3739 3769 3778 3789 3798 3809 3825 3822 3793 3770
395MANZANIL2012 32  3778 3817 3820 3803 3816 3825 3812 3793 3772 3753 3738
395MANZANIL2012 33  3755 3759 3736 3721 3717 3713 3707 3692 3694
395MANZANIL2012 41  3717 3731 3720 3713 3704 3699 3686 3689 3704 3712 3672
395MANZANIL2012 42  3661 3689 3692 3686 3694 3703 3702 3714 3721 3716 3704
395MANZANIL2012 43  3709 3720 3731 3739 3763 3794 3825 3850
395MANZANIL2012 51  3868 3865 3850 3828 3815 3802 3793 3807 3806 3798 3783
395MANZANIL2012 52  3773 3791 3826 3831 3834 3843 3863 3877 3862 3875 3877
395MANZANIL2012 53  3880 3930 4003 3994 3972 3999 4028 4044 4072
395MANZANIL2012 61  4075 4055 4047 4034 4016 4006 4004 3994 3976 3968 3967
395MANZANIL2012 62  3988 3985 3992 4008 4019 3993 3951 3952 4017 3977 3953
395MANZANIL2012 63  3956 3871 3855 3873 3843 3817 3867 3909
395MANZANIL2012 71  3917 3898 3904 3931 3953 3972 3984 3987 3980 3980 4000
395MANZANIL2012 72  4033 4038 4036 4033 4007 4004 4029 4054 4062 4073 4082
395MANZANIL2012 73  4059 4042 4056 4076 4055 4013 3977 3977 3980
395MANZANIL2012 81  3988 4024 4052 4065 4059 4040 4049 4027 4002 3993 4010
395MANZANIL2012 82  4064 4057 4082 4095 4046 4029 4026 4011 4031 4056 4047
395MANZANIL2012 83  4032 4034 4054 4037 4029 4067 4073 4042 3983
395MANZANIL2012 91  3985 4074 4120 4097 4062 4044 4044 4038 4031 4024 4026
395MANZANIL2012 92  4053 4101 4136 4097 4042 3996 3965 3991 4022 4032 4049
395MANZANIL2012 93  4065 4065 4053 4059 4122 4126 4069 4061
395MANZANIL2012101  4058 4041 4045 4044 4015 4014 4003 3980 3966 3978 3966
395MANZANIL2012102  3939 3943 3975 3978 3970 4001 3991 3951 3931 3918 3901
395MANZANIL2012103  3887 3865 3865 3887 3896 3869 3821 3804 3825
395MANZANIL2012111  3841 3838 3843 9999 9999 3906 3877 3875 3879 3892 3908
395MANZANIL2012112  3908 3909 3892 3876 3885 3878 3870 3890 3912 3926 3927
395MANZANIL2012113  3928 3928 3910 3898 3882 3866 3870 3880
395MANZANIL2012121  3898 3910 3887 3874 3885 3928 3950 3934 3911 3914 3929
395MANZANIL2012122  3919 3905 3910 3931 3959 3946 3914 3881 3855 3836 3820
395MANZANIL2012123  3822 3849 3882 3879 3841 3848 3873 3860 3792
395MANZANIL2013 11  3759 3804 3870 3853 3837 3881 3897 3857 3833 3857 3891
395MANZANIL2013 12  3917 3915 3893 3888 3887 3865 3871 3880 3866 3859 3871
395MANZANIL2013 13  3833 3846 3907 3903 3882 3850 3852 3895 3896
395MANZANIL2013 21  3857 3834 3816 3820 3817 3803 3805 3811 3810 3784 3780
395MANZANIL2013 22  3799 3790 3775 3771 3763 3758 3750 3731 3747 3765 3741
395MANZANIL2013 23  3719 3745 3786 3787 3756 3767
395MANZANIL2013 31  3788 3777 3733 3705 3696 3698 3728 3725 3748 3811 3809
395MANZANIL2013 32  3770 3761 3795 3824 3828 3808 3813 3821 3839 3854 3877
395MANZANIL2013 33  3886 3893 3906 3913 3903 3883 3869 3867 3870
395MANZANIL2013 41  3859 3829 3804 3804 3802 3791 3788 3799 3793 3777 3761
395MANZANIL2013 42  3734 3711 3699 3699 3702 3686 3681 3681 3672 3670 3675
395MANZANIL2013 43  3690 3687 3675 3665 3668 3694 3709 3692
395MANZANIL2013 51  3694 3713 3729 3738 3740 3729 3728 3725 3711 3719 3761
395MANZANIL2013 52  3795 3781 3761 3782 3815 3836 3838 3856 3877 3895 3890
395MANZANIL2013 53  3855 3836 3841 3843 3853 3895 3898 3861 3862
395MANZANIL2013 61  3866 3852 3849 3865 3844 3833 3860 3885 3889 3885 3876
395MANZANIL2013 62  3859 3849 3852 3862 3849 3855 3871 3858 3851 3845 3841
395MANZANIL2013 63  3900 3963 4024 4032 9999 9999 3998 4009
395MANZANIL2013 71  4026 4015 3987 3969 3959 3991 4097 4084 4021 4002 3955
395MANZANIL2013 72  3918 3936 3967 3979 3970 3956 3960 3963 3946 3929 3925
395MANZANIL2013 73  3928 3946 3942 9999 9999 9999 9999 3909 3890
395MANZANIL2013 81  3909 3928 3913 3909 3930 3940 9999 9999 3951 3972 3990
395MANZANIL2013 82  3992 3970 3947 3955 3958 3960 3958 3976 3999 4033 4078
395MANZANIL2013 83  4096 4085 4054 4034 4029 4065 9999 9999 9999
