399LORD-HOW      LAT=31 32.0S  LONG=159 04.0E
399LORD-HOW1991 41  9999 9999 9999 9999 9999 9999 9999 9999 9999 9999 9999
399LORD-HOW1991 42  9999 9999 9999 9999 9999 9999 9999 9999 9999 9999 9999
399LORD-HOW1991 43  9999 1394 1334 1371 1404 1269 1129 1094
399LORD-HOW1991 51  1101 1144 1135 1099 1100 1082 1085 1135 1197 1273 1276
399LORD-HOW1991 52  1265 1222 1216 1240 1243 1245 1261 1240 1238 1257 1264
399LORD-HOW1991 53  1254 1247 1253 1277 1280 1283 1256 1189 1141
399LORD-HOW1991 61  1111 1089 1074 1028 1002  992  972  887  788  769  836
399LORD-HOW1991 62   869  971  941  796  821  916  804  688  700  731  730
399LORD-HOW1991 63   771  797  727  731  700  684  803  870
399LORD-HOW1991 71   804  729  695  728  775  819  824  838  927 1147 1239
399LORD-HOW1991 72  1084 1049 1053 1128 1221 1166 1079 1011 1033 1093 1184
399LORD-HOW1991 73  1246 1186 1044  856  807  847  827  799  849
399LORD-HOW1991 81   865  788  742  759  885  999  972 1035  998  818  780
399LORD-HOW1991 82   832  920  952 1011 1096  982  917  956 1074 1186 1085
399LORD-HOW1991 83  1028 1239 1099  937  969  996 1011  990 1036
399LORD-HOW1991 91   981  884  834  807  788  793  778  762  803  930 1059
399LORD-HOW1991 92  1191 1129  892  892  940  969 1090 1075 1011  947  921
399LORD-HOW1991 93   890  909  879  931  982  936  947  985
399LORD-HOW1991101   901  769  773  773  773  783  801  791  759  740  684
399LORD-HOW1991102   670  678  690  670  731  677  580  602  629  676  706
399LORD-HOW1991103   682  690  737  773  806  797  792  809  814
399LORD-HOW1991111   795  763  750  796  839  869  841  774  763  789  786
399LORD-HOW1991112   796  835  808  780  894 1015  988  995 1034  980  881
399LORD-HOW1991113   834  857  891  908  888  858  842  858
399LORD-HOW1991121   822  801  840  919 1004 1000 1007 1011 1008 1032 1029
399LORD-HOW1991122  1020 1014 1051 1107 1101 1056  986  979 1047 1139 1206
399LORD-HOW1991123  1265 1326 1348 1345 1347 1358 1364 1366 1356
399LORD-HOW1992 11  1332 1289 1277 1302 1277 1245 1206 1153 1114 1107 1098
399LORD-HOW1992 12  1062 1068 1114 1151 1145 1087 1037  966  798  695  628
399LORD-HOW1992 13   588  605  654  677  700  737  750  772  815
399LORD-HOW1992 21   833  853  903  986 1043 1091 1166 1254 1353 1402 1449
399LORD-HOW1992 22  1525 1572 1584 1546 1461 1433 1456 1512 1509 1417 1400
399LORD-HOW1992 23  1416 1407 1307 1188 1136 1122 1088
399LORD-HOW1992 31  1097 1150 1169 1125 1059 1013  934  852  824  829  836
399LORD-HOW1992 32   821  832  878  970 1060 1156 1230 1265 1232 1142  875
399LORD-HOW1992 33   688  609  564  559  579  601  592  567  581
399LORD-HOW1992 41   593  598  624  623  628  643  677  704  705  677  674
399LORD-HOW1992 42   654  617  612  650  701  776  808  767  765  781  824
399LORD-HOW1992 43   893  922  889  865  881  913  957 1019
399LORD-HOW1992 51  1036  971  913  826  792  793  779  763  780  857  885
399LORD-HOW1992 52   946 1045 1004  986 1002  976  969  985  933  993 1131
399LORD-HOW1992 53   997  931 1003 1155 1245 1166 1099 1033  997
399LORD-HOW1992 61   987 1044 1126 1149 1161 1175 1144 1143 1128 1132 1210
399LORD-HOW1992 62  1241 1210 1178 1166 1162 1226 1287 1164 1060 1040 1067
399LORD-HOW1992 63  1035  999 1020 1074 1113 1125 1041  949
399LORD-HOW1992 71   927  946  985 1032 1038 1057 1127 1133 1067 1026 1000
399LORD-HOW1992 72   961  957  983  947  919  923 1028 1123 1146 1130  991
399LORD-HOW1992 73   911  988 1091 1092  969  944  993  987  953
399LORD-HOW1992 81   927  936  965  940  932  967 1060 1118 1078 1020 1087
399LORD-HOW1992 82  1163 1266 1097  962  884  895  939  873  820  770  741
399LORD-HOW1992 83   737  823  948  927  905  840  820  931  920
399LORD-HOW1992 91   808  785  797  801  815  795  793  824  787  715  709
399LORD-HOW1992 92   790  826  774  791  888  923  877  849  789  762  815
399LORD-HOW1992 93   868  970 1147 1174 1001  975 1148 1379
399LORD-HOW1992101  1272 1121 1028  989 1006  991  953  939  970 1046 1050
399LORD-HOW1992102   987  913  903  916  904  954 1042 1100 1188 1276 1223
399LORD-HOW1992103  1117 1040 1049 1086 1078 1029 1007 1009 1022
399LORD-HOW1992111  1033 1039 1066 1105 1125 1161 1175 1146 1104 1149 1211
399LORD-HOW1992112  1174 1147 1127 1102 1087 1092 1122 1165 1161 1167 1210
399LORD-HOW1992113  1200 1176 1169 1126 1090 1115 1140 1154
399LORD-HOW1992121  1121 1043  948  896  905  933  936  947  984 1073 1116
399LORD-HOW1992122  1006  965  967  953  966  980  979  966  968  961  936
399LORD-HOW1992123   939  944  990 1035 1049 1073 1076 1100 1094
399LORD-HOW1993 11  1092 1112 1132 1155 1161 1171 1170 1152 1144 1135 1144
399LORD-HOW1993 12  1150 1128 1139 1133 1118 1131 1141 1132 1129 1148 1176
399LORD-HOW1993 13  1190 1198 1204 1225 1233 1237 1235 1211 1205
399LORD-HOW1993 21  1256 1274 1242 1272 1361 1417 1375 1345 1364 1393 1408
399LORD-HOW1993 22  1385 1379 1358 1325 1328 1306 1303 1340 1343 1351 1339
399LORD-HOW1993 23  1336 1350 1375 1409 1460 1535
399LORD-HOW1993 31  1606 1638 1625 1514 1439 1364 1315 1273 1242 1210 1167
399LORD-HOW1993 32  1101 1034 1009  989  963  930  913  965 1100 1140 1068
399LORD-HOW1993 33   994  939  919  920  968  999  968  973  975
399LORD-HOW1993 41   905  839  782  736  734  783  811  781  737  726  706
399LORD-HOW1993 42   687  702  736  728  695  690  685  703  726  740  750
399LORD-HOW1993 43   726  723  755  808  817  784  798  806
399LORD-HOW1993 51   802  801  857 1074 1051  937  951  941  907  923  959
399LORD-HOW1993 52   970  945 1034 1171 1156 1067 1007  987  970  949  941
399LORD-HOW1993 53   946  986  994  948  888  842  851  877  902
399LORD-HOW1993 61   899  935  976  953  943  949  947 1087 1179 1183 1265
399LORD-HOW1993 62  1515 1666 1445 1176 1115 1147 1189 1251 1257 1250 1244
399LORD-HOW1993 63  1248 1318 1289 1225 1158 1107 1109 1091
399LORD-HOW1993 71  1099 1152 1172 1217 1224 1222 1204 1190 1203 1202 1185
399LORD-HOW1993 72  1172 1151 1147 1120 1060 1081 1056  975  947  940  942
399LORD-HOW1993 73   984 1026 1127 1206 1227 1233 1250 1282 1293
399LORD-HOW1993 81  1328 1559 1601 1405 1357 1311 1249 1174 1044 1142 1304
399LORD-HOW1993 82  1084  903  922  992 1088 1166 1150 1119 1036 1009 1018
399LORD-HOW1993 83  1014 1024 1046 1052 1043 1050 1060 1072 1007
399LORD-HOW1993 91   942  955 1094 1091  922  869  871  863  892  884  879
399LORD-HOW1993 92   833  795  925 1067 1128 1183 1190 1102 1087 1107 1080
399LORD-HOW1993 93  1036 1018  978  922  877  857  841  858
399LORD-HOW1993101   901  913  941 1019 1049 1015  969  950 1004 1037  955
399LORD-HOW1993102   860  804  780  796  888  964  999 1015  944  907  860
399LORD-HOW1993103   821  849  922 1011 1050  929  852  798  743
399LORD-HOW1993111   739  795  879  898  906  844  828  844  903  908  848
399LORD-HOW1993112   836  863  937  957  931  905  930  992 1031 1011 1024
399LORD-HOW1993113  1060 1053 1038 1044 1071 1069 1086 1109
399LORD-HOW1993121  9999 9999 9999 9999 9999 9999 9999 9999 9999 9999 9999
399LORD-HOW1993122  9999 9999 1086 1172 1181 1125 1070 1062 1084 1088 1107
399LORD-HOW1993123  1159 1200 1175 1106 1046  996 1010  997  987
399LORD-HOW1994 11  1019 1053 1101 1115 1091 1097 1131 1178 1158 1090 1057
399LORD-HOW1994 12  1047 1063 1094 1117 1139 1165 1182 1182 1213 1242 1193
399LORD-HOW1994 13  1109 1088 1118 1121 1068 1032 1055 1063 1054
399LORD-HOW1994 21  1094 1133 1129 9999 9999 9999 9999 9999 9999 1184 1188
399LORD-HOW1994 22  1154 1112 1127 1157 1180 1197 1203 1190 1171 1169 1152
399LORD-HOW1994 23  1139 1175 1223 1229 1246 1249
399LORD-HOW1994 31  1217 1165 1143 1127 1106 1060 1000  964  956  989 1049
399LORD-HOW1994 32  1132 1172 1147 1004  916  913  891  873  864  861  854
399LORD-HOW1994 33   837  830  815  782  759  757  740  733  749
399LORD-HOW1994 41   799  843  792  750  757  810  876  890  892  939  993
399LORD-HOW1994 42  1023 1083 1132  995  902  948  999 1014 1052 1039 1001
399LORD-HOW1994 43   978  944  941  968  995 1029 1050 1050
399LORD-HOW1994 51  1066 1105 1119 1087 1095 1164 1228 1254 1262 1272 1260
399LORD-HOW1994 52  1197 1175 1207 1241 1268 1313 1383 1458 1399 1315 1326
399LORD-HOW1994 53  1306 1280 1342 1394 1370 1300 1218 1165 1167
399LORD-HOW1994 61  1176 1184 1203 1216 1221 1240 1297 1389 1499 1551 1475
399LORD-HOW1994 62  1324 1213 1214 1208 1187 1174 1154 1161 1185 1088  975
399LORD-HOW1994 63   992 1114 1092  990  955  872  813  827
399LORD-HOW1994 71   855  890  856  776  736  780  817  764  695  696  774
399LORD-HOW1994 72   854  934 1049  912  809  812  801  793  758  784  835
399LORD-HOW1994 73   841  836  852  877  899  848  797  853  954
399LORD-HOW1994 81   900  836  843  863  842  803  866  995 1002  883  805
399LORD-HOW1994 82   824  899  933  932  979 1011 1011  988 1002 1056 1080
399LORD-HOW1994 83  1079 1054 1026 1018 1011 1038 1087 1075 1059
399LORD-HOW1994 91  1115 1104 1065 1090 1159 1261 1265 1190 1116 1082 1064
399LORD-HOW1994 92  1090 1174 1249 1241 1236 1205 1207 1348 1404 1324 1180
399LORD-HOW1994 93  1170 1251 1306 1293 1391 1362 1181 1145
399LORD-HOW1994101  1102 1087 1082 1107 1115 1019 1098 1202 1050  882  905
399LORD-HOW1994102   924  890  814  747  793  890  944  891  920  984  943
399LORD-HOW1994103   951  971  980  961  900  878  884  820  788
399LORD-HOW1994111   824  884  925  983 1057 1132 1155 1047  872  814  814
399LORD-HOW1994112   820  834  852  825  771  768  763  778  865  886  794
399LORD-HOW1994113   743  725  733  747  741  736  770  802
399LORD-HOW1994121   798  776  749  740  746  755  807  847  884  945  961
399LORD-HOW1994122   972 1012  984  940  953  981  971  940  965 1030 1047
399LORD-HOW1994123  1060 1063 1059 1099 1058  984  997  983  987
399LORD-HOW1995 11  1021  998  964  993 1047 1103 1127 1108 1087 1067 1059
399LORD-HOW1995 12  1071 1083 1105 1136 1145 1142 1136 1154 1208 1366 1434
399LORD-HOW1995 13  1350 1302 1275 1292 1258 1243 1271 1283 1271
399LORD-HOW1995 21  1252 1253 1293 1305 1296 1297 1267 1245 1279 1288 1280
399LORD-HOW1995 22  1304 1328 1351 1382 1409 1419 1398 1401 1424 1388 1326
399LORD-HOW1995 23  1303 1278 1274 1298 1310 1341
399LORD-HOW1995 31  1351 1348 1336 1312 1327 1357 1362 1403 1416 1369 1313
399LORD-HOW1995 32  1323 1326 1299 1329 1357 1291 1280 1291 1239 1216 1251
399LORD-HOW1995 33  1260 1232 1205 1175 1163 1144 1133 1104 1090
399LORD-HOW1995 41  1047  998 1008 1033 1018 1000 1026 1098 1083 1081 1059
399LORD-HOW1995 42   889  826  847  866  912  954  974  976  996  979  939
399LORD-HOW1995 43   949  970  974  947  908  899  926  975
399LORD-HOW1995 51   997 1025 1077 1118 1147 1118 1049 1030 1026 1044 1076
399LORD-HOW1995 52  1113 1148 1181 1150 1147 1175 1229 1293 1254 1192 1173
399LORD-HOW1995 53  1161 1180 1235 1327 1422 1347 1224 1150 1131
399LORD-HOW1995 61  1108 1087 1075 1069 1042 1009 1015 1041 1068 1151 1285
399LORD-HOW1995 62  1372 1340 1148 1142 1260 1286 1389 1240 1054 1045  985
399LORD-HOW1995 63   922  924  948 1007 1067 1192 1284 1174
399LORD-HOW1995 71  1255 1153 1002  974  968 1008  959  962  967  988 1105
399LORD-HOW1995 72  1176 1255 1358 1249 1062  909 1020 1086 1075 1069 1035
399LORD-HOW1995 73  1032  983  912  898  947  964  946  923  922
399LORD-HOW1995 81   920  914  984 1004  890  877  966 1008  997  881  778
399LORD-HOW1995 82   758  776  782  781  791  840  873  871  912  961  980
399LORD-HOW1995 83   945  859  860  866  871  885  856  848  870
399LORD-HOW1995 91   862  837  910  971 1094 1103  948  882  880  883  890
399LORD-HOW1995 92   884  847  817  827  841  860  864  854  879  915  915
399LORD-HOW1995 93   949 1013 1087 1153 1124 1049 1029 1025
399LORD-HOW1995101   998 1023 1105 1089 1020 1001 1032 1047  986  923  920
399LORD-HOW1995102   958 1035 1034  933  914  933  906  926  936  939  998
399LORD-HOW1995103  1092 1106 1005  960  971  960  998 1010  951
399LORD-HOW1995111   901  943  981  940  919  915  915  904  906  923  880
399LORD-HOW1995112   841  807  817  835  819  830  892  947  946  925  982
399LORD-HOW1995113  1054  996  935  937  945  929  914  911
399LORD-HOW1995121   914  951  978  951  924  920  900  876  873  921  949
399LORD-HOW1995122   952  879  796  831  897  887  931  985 1013 1066 1028
399LORD-HOW1995123   944  909  859 9999 9999  876  887  839  811
399LORD-HOW1996 11   829  857  899  910  902  900  909  963  989 1002 1035
399LORD-HOW1996 12  1030 1000  939  913  912  922  938  941  962 1003 1079
399LORD-HOW1996 13  1149 1182 1217 1252 1283 1314 1344 1382 1407
399LORD-HOW1996 21  1387 1358 1355 1351 1339 1338 1324 1307 1334 1319 1221
399LORD-HOW1996 22  1179 1176 1164 1169 1165 1120 1041 1001  999  991  968
399LORD-HOW1996 23   946  967  991 1013 1016 1041 1112
399LORD-HOW1996 31  1156 1085 1018  994 1008 1049 1055 1046 1041  997  947
399LORD-HOW1996 32   932  959 1002 1027 1073 1092 1135 1110 1027 1017  957
399LORD-HOW1996 33   882  877  896  915  953  975  982 1038 1110
399LORD-HOW1996 41  1146 1162 1213 1239 1201 1108 1095 1126 1151 1178 1161
399LORD-HOW1996 42  1189 1178 1134 1131 1140 1157 1170 1181 1191 1159 1109
399LORD-HOW1996 43  1092 1113 1104 1044  997  943  848  788
399LORD-HOW1996 51   789  811  794  784  806  842  915  936  923  917  883
399LORD-HOW1996 52   902  997 1007  955  977  992 1001 1042 1143 1198 1002
399LORD-HOW1996 53   866  842  868  907  973 1038 1036 1012 1039
399LORD-HOW1996 61  1087 1074 1078 1135 1174 1201 1235 1202 1187 1184 1195
399LORD-HOW1996 62  1192 1162 1149 1144 1146 1198 1280 1322 1300 1280 1266
399LORD-HOW1996 63  1505 1599 1336 1422 1473 1288 1335 1363
399LORD-HOW1996 71  1259 1276 1235 1154 1143 1211 1261 1252 1259 1256 1254
399LORD-HOW1996 72  1283 1465 1644 1580 1431 1369 1321 1315 1375 1436 1329
399LORD-HOW1996 73  1219 1221 1179 1111 1115 1189 1251 1244 1212
399LORD-HOW1996 81  1223 1244 1234 1245 1264 1232 1229 1286 1274 1202 1135
399LORD-HOW1996 82  1092 1051 1074 1092 1099 1104 1149 1268 1213 1100 1094
399LORD-HOW1996 83  1113 1100 1056 1043 1072 1149 1123 1128 1279
399LORD-HOW1996 91  1360 1313 1282 1278 1209 1211 1231 1264 1309 1333 1304
399LORD-HOW1996 92  1327 1307 1266 1165 1103 1083 1079 1120 1175 1221 1259
399LORD-HOW1996 93  1199 1104 1046 1045 1057 1034 1058 1128
399LORD-HOW1996101  1086  983  929  937  962 1024 1011  953  956  989 1050
399LORD-HOW1996102  1093 1027  957  936  946  965 1009 1038 1076 1046  988
399LORD-HOW1996103   980  975 1004 1029 1061 1095 1108 1117 1077
399LORD-HOW1996111  1044 1033 1054 1094 1120 1146 1183 1186 1215 1288 1278
399LORD-HOW1996112  1202 1147 1156 1145 1141 1159 1071  866  815  907  923
399LORD-HOW1996113   893  920  961  889  839  875  975  995
399LORD-HOW1996121   950  944  908  868  846  843  856  883  867  832  835
399LORD-HOW1996122   880 1009 1016  905  872  867  937 1006  978  890  859
399LORD-HOW1996123   879  915  937  928  938  988 1030 1079 1122
399LORD-HOW1997 11  1131 1119 1078 1062 1063 1113 1190 1268 1270 1184 1105
399LORD-HOW1997 12  1051 1008  973  961  963  933  897  913  945  974 1006
399LORD-HOW1997 13  1021 1004 1011 1014 1012  998  974  983 1033
399LORD-HOW1997 21  1140 1203 1214 1230 1108  994  926  917  963  994 1003
399LORD-HOW1997 22  1029 1080 1099 1101 1088 1078 1087 1089 1117 1139 1124
399LORD-HOW1997 23  1152 1158 1124 1150 1182 1146
399LORD-HOW1997 31  1090 1067 1053 1054 1054 1059 1075 1064 1035 1012  994
399LORD-HOW1997 32  1010 1004  998 1001 1087 1127 1039 1012 1035 1046 1047
399LORD-HOW1997 33  1071 1106 1052 1011 1019 1037 1090 1155 1170
399LORD-HOW1997 41  1158 1156 1174 1185 1201 1293 1432 1387 1227 1195 1208
399LORD-HOW1997 42  1193 1181 1214 1251 1209 1183 1234 1235 1157 1091 1079
399LORD-HOW1997 43  1071 1091 1102 1088 1091 1117 1142 1132
399LORD-HOW1997 51  1123 1140 1167 1191 1197 1177 1181 1259 1376 1491 1416
399LORD-HOW1997 52  1293 1208 1220 1236 1224 1267 1317 1350 1360 1344 1303
399LORD-HOW1997 53  1291 1292 1289 1277 1273 1281 1280 1312 1357
399LORD-HOW1997 61  1334 1267 1213 1211 1222 1235 1263 1257 1227 1226 1231
399LORD-HOW1997 62  1223 1248 1289 1325 1367 1340 1277 1182 1131 1139 1194
399LORD-HOW1997 63  1248 1271 1276 1269 1284 1366 1462 1405
399LORD-HOW1997 71  1337 1329 1338 1312 1276 1264 1281 1319 1423 1423 1305
399LORD-HOW1997 72  1286 1272 1246 1252 1308 1332 1305 1246 1251 1299 1374
399LORD-HOW1997 73  1310 1250 1232 1228 1257 1257 1219 1211 1248
399LORD-HOW1997 81  1328 1294 1146 1086 1083 1105 1150 1177 1185 1151 1179
399LORD-HOW1997 82  1285 1230 1213 1164 1124 1144 1194 1191 1200 1131 1095
399LORD-HOW1997 83  1147 1281 1367 1277 1176 1098 1028 1007 1017
399LORD-HOW1997 91  1046 1104 1135 1157 1189 1251 1173 1159 1153 1153 1118
399LORD-HOW1997 92  1078 1031  981 1002 1048 1046  987  957 1006 1065 1130
399LORD-HOW1997 93  1129 1069 1076 1087 1080 1134 1168 1070
399LORD-HOW1997101  1051 1096 1198 1188 1043 1001 1012 1048 1035  963  899
399LORD-HOW1997102   892  907  885  884  936 1005 1103 1086 1063 1047  976
399LORD-HOW1997103   917  873  822  798  794  795  782  754  747
399LORD-HOW1997111   753  758  775  771  738  737  751  789  815  774  795
399LORD-HOW1997112   830  828  851  874  878  867  859  818  794  789  771
399LORD-HOW1997113   762  759  764  787  802  796  800  810
399LORD-HOW1997121   822  860  812  736  730  779  834  821  834  864  750
399LORD-HOW1997122   710  756  824  823  759  768  787  820  819  828  854
399LORD-HOW1997123   888  925  919  945  988 1016  999  994 1022
399LORD-HOW1998 11  1058 1108 1161 1228 1304 1369 1390 1364 1345 1326 1301
399LORD-HOW1998 12  1298 1302 1331 1325 1289 1290 1268 1249 1261 1273 1280
399LORD-HOW1998 13  1261 1239 1257 1308 1343 1348 1319 1280 1249
399LORD-HOW1998 21  1250 1268 1245 1185 1151 1154 1172 1200 1204 1190 1185
399LORD-HOW1998 22  1195 1177 1179 1229 1314 1348 1303 1310 1322 1322 1335
399LORD-HOW1998 23  1319 1199 1114 1089 1087 1108
399LORD-HOW1998 31  1143 1176 1213 1253 1303 1415 1589 1532 1409 1359 1315
399LORD-HOW1998 32  1326 1370 1391 1412 1435 1398 1353 1331 1341 1354 1362
399LORD-HOW1998 33  1383 1412 1416 1481 1619 1536 1423 1459 1508
399LORD-HOW1998 41  1501 1456 1409 1407 1398 1339 1326 1331 1319 1322 1328
399LORD-HOW1998 42  1332 1341 1312 1265 1208 1205 1216 1262 1252 1201 1190
399LORD-HOW1998 43  1180 1197 1198 1160 1133 1095 1069 1076
399LORD-HOW1998 51  1046 1021 1035 1075 1161 1241 1171 1139 1172 1206 1163
399LORD-HOW1998 52  1148 1107 1104 1131 1152 1196 1268 1309 1354 1367 1342
399LORD-HOW1998 53  1274 1319 1354 1297 1218 1185 1184 1158 1162
399LORD-HOW1998 61  1243 1295 1328 1387 1512 1510 1443 1483 1490 1476 1430
399LORD-HOW1998 62  1400 1377 1327 1325 1357 1342 1240 1176 1182 1204 1267
399LORD-HOW1998 63  1371 1435 1481 1381 1217 1197 1211 1413
399LORD-HOW1998 71  1486 1169 1036 1029 1067 1111 1148 1212 1278 1215 1016
399LORD-HOW1998 72   889  930 1094 1176  957  802  792  812  810  842  846
399LORD-HOW1998 73   782  732  720  741  789  885  949  914  812
399LORD-HOW1998 81   774  716  673  692  783  926 1031 1073  993  956  975
399LORD-HOW1998 82   984  962  935  924  969 1021 1005  984  941  968 1044
399LORD-HOW1998 83  1109 1145 1116 1076 1042  990  984 1036 1047
399LORD-HOW1998 91  1094 1119 1080 1106 1151 1085 1029  996  965  974 1001
399LORD-HOW1998 92  1051 1097 1166 1281 1195 1003  942  945  929  887  884
399LORD-HOW1998 93   912  962 1054 1059 1002  982  944  871
399LORD-HOW1998101   824  862  928  967  988 1116 1187 1125 1128 1260 1220
399LORD-HOW1998102  1038 1046 1073 1014  971  959 1034 1144 1187 1091 1079
399LORD-HOW1998103  1043  995 1051 1140 1180 1191 1087 1046 1106
399LORD-HOW1998111  1213 1176 1067 1012 1005 1020 1050 1064 1050 1042 1070
399LORD-HOW1998112  1111 1140 1161 1186 1190 1204 1264 1323 1275 1179 1169
399LORD-HOW1998113  1204 1198 1170 1160 1163 1200 1188 1146
399LORD-HOW1998121  1107 1075 1081 1083 1084 1074 1065 1025  955  931  946
399LORD-HOW1998122   935  957 1019 1070 1121 1172 1190 1186 1206 1228 1180
399LORD-HOW1998123  1150 1190 1323 1328 1255 1238 1235 1200 1160
399LORD-HOW1999 11  1181 1199 1193 1163 1146 1144 1169 1201 1223 1254 1262
399LORD-HOW1999 12  1241 1228 1183 1159 1143 1135 1141 1143 1136 1144 1157
399LORD-HOW1999 13  1147 1139 1123 1091 1075 1100 1144 1130 1056
399LORD-HOW1999 21  1013 1041 1094 1158 1176 1155 1122 1093 1086 1107 1162
399LORD-HOW1999 22  1204 1206 1182 1181 1196 1222 1260 1206 1142 1161 1224
399LORD-HOW1999 23  1308 1329 1256 1170 1127 1151
399LORD-HOW1999 31  1238 1275 1295 1317 1303 1290 1266 1238 1187 1110  970
399LORD-HOW1999 32   872  831  794  788  796  806  804  782  795  855  948
399LORD-HOW1999 33   980  940  912  918  949  975  962  878  825
399LORD-HOW1999 41   832  836  821  874  996 1160 1178 1074 1037 1037 1035
399LORD-HOW1999 42  1060 1109 1136 1166 1268 1367 1299 1243 1231 1291 1539
399LORD-HOW1999 43  1608 1444 1334 1281 1353 1464 1394 1305
399LORD-HOW1999 51  1262 1227 1184 1131 1101 1117 1142 1163 1152 1192 1273
399LORD-HOW1999 52  1292 1298 1245 1272 1257 1132 1109 1081 1080 1085 1050
399LORD-HOW1999 53  1100 1275 1163 1047 1021 1011  989 1024 1123
399LORD-HOW1999 61  1156 1081 1039 1046 1025 1019 1071 1078 1060 1089 1159
399LORD-HOW1999 62  1234 1141 1232 1175 1003  862  863  933  898  829  787
399LORD-HOW1999 63   809  847  815  737  689  668  662  705
399LORD-HOW1999 71   887  987  835  731  716  721  740  730  711  709  702
399LORD-HOW1999 72   715  791  891  927  902  871  840  843  894  922 1000
399LORD-HOW1999 73   949  797  788  799  757  697  687  724  800
399LORD-HOW1999 81   848  789  748  738  759  697  667  722  759  711  665
399LORD-HOW1999 82   699  792  800  791  762  652  588  608  692  678  616
399LORD-HOW1999 83   620  623  624  651  672  654  633  630  654
399LORD-HOW1999 91   700  719  764  822  888  919  969  983  988 1044 1112
399LORD-HOW1999 92  1205 1167 1070 1025 1022 1057 1047 1006 1006 1012 1011
399LORD-HOW1999 93  1036 1088 1109 1108 1086 1093 1112 1122
399LORD-HOW1999101  1154 1202 1261 1308 1346 1408 1373 1277 1263 1302 1351
399LORD-HOW1999102  1324 1283 1266 1232 1228 1224 1222 1304 1333 1265 1251
399LORD-HOW1999103  1290 1319 1339 1303 1285 1271 1198 1186 1218
399LORD-HOW1999111  1207 1165 1155 1126 1105 1106 1080 1116 1288 1344 1225
399LORD-HOW1999112  1056  981  977 1030 1075  997  923  888  899  911  950
399LORD-HOW1999113   978  937  911  935  966  961  918  895
399LORD-HOW1999121   881  875  895  903  903  904  892  890  940  981  990
399LORD-HOW1999122   998  944  858  823  871  927  958  975  951  894  872
399LORD-HOW1999123   888  911  958  996 1083 1163 1187 1249 1317
399LORD-HOW2000 11  1332 1304 1298 1326 1371 1416 1357 1238 1142 1065 1029
399LORD-HOW2000 12  1002 1003 1001 1006 1000  984  973 1014 1049 1057 1055
399LORD-HOW2000 13  1017  946  904  907  937 1013 1036  982  958
399LORD-HOW2000 21   886  866  867  893  938  924  918  942  961  977 1006
399LORD-HOW2000 22  1061 1126 1168 1177 1178 1176 1201 1264 1317 1315 1320
399LORD-HOW2000 23  1331 1306 1308 1335 1351 1411 1401
399LORD-HOW2000 31  1387 1369 1354 1359 1407 1427 1412 1305 1220 1224 1246
399LORD-HOW2000 32  1261 1273 1258 1219 1169 1121 1097 1077 1084 1084 1078
399LORD-HOW2000 33  1061 1054 1042 1025 1015 1014 1009  983  988
399LORD-HOW2000 41   970  959  988 1016 1101 1150 1072 1045 1055 1012  979
399LORD-HOW2000 42   965  971  981  970  960  969  954  946  939  980 1073
399LORD-HOW2000 43  1079 1115 1107 1018 1004 1020 1045 1054
399LORD-HOW2000 51  1020 1009 1066 1107 1117 1221 1188 1066 1064 1087 1144
399LORD-HOW2000 52  1131 1108 1121 1096 1064 1067 1079 1077 1117 1104 1068
399LORD-HOW2000 53  1041 1014 1017 1060 1121 1226 1311 1293 1417
399LORD-HOW2000 61  1503 1394 1263 1146 1215 1301 1175 1066 1076 1140 1169
399LORD-HOW2000 62  1095  973  944  925  935  949  957  981 1023 1065 1079
399LORD-HOW2000 63  1091 1047  998 1010 1021 1008 1095 1234
399LORD-HOW2000 71  1184 1031  922  935  981  981  961  928  906  941 1032
399LORD-HOW2000 72  1068 1007  990 1110 1184 1051  936  952  969  935  908
399LORD-HOW2000 73   881  878  917  997  985  909  843  811  808
399LORD-HOW2000 81   833  843  822  833  877  870  861  925 1017 1096 1190
399LORD-HOW2000 82  1083 1001 1025 1026 1132 1227 1080 1033 1045 1047 1033
399LORD-HOW2000 83  1084 1137 1137 1110 1106 1282 1398 1265 1210
399LORD-HOW2000 91  1241 1329 1164 1126 1153 1205 1307 1333 1294 1279 1203
399LORD-HOW2000 92  1196 1153 1112 1098 1079 1083 1111 1120 1111 1099 1088
399LORD-HOW2000 93  1096 1086 1032 1009 1015 1043 1094 1143
399LORD-HOW2000101  1140 1086 1008  953  942  961  993 1011 1021 1067 1027
399LORD-HOW2000102  1009 1104 1245 1212 1140 1118 1097 1105 1141 1145 1087
399LORD-HOW2000103  1052 1063 1066 1102 1160 1157 1093 1086 1164
399LORD-HOW2000111  1209 1184 1174 1170 1194 1252 1262 1253 1214 1165 1164
399LORD-HOW2000112  1204 1229 1232 1229 1237 1244 1247 1275 1330 1273 1180
399LORD-HOW2000113  1158 1119 1070 1016 1029 1053 1019 1009
399LORD-HOW2000121  1048 1046 1031 1042 1097 1151 1199 1235 1191 1147 1141
399LORD-HOW2000122  1137 1110 1109 1122 1113 1119 1142 1155 1155 1160 1198
399LORD-HOW2000123  1245 1273 1292 1293 1301 1288 1259 1227 9999
399LORD-HOW2001 11  9999 9999 9999 9999 9999 9999 9999 9999 9999 9999 9999
399LORD-HOW2001 12  9999 9999 9999 9999 9999 9999 9999 9999 9999 9999 9999
399LORD-HOW2001 13  9999 9999 9999 9999 9999 9999 9999 9999 9999
399LORD-HOW2001 21  9999 9999 9999 9999 9999 9999 9999 9999 9999 9999 9999
399LORD-HOW2001 22  9999 9999 9999 9999 9999 9999 9999 9999 9999 9999 9999
399LORD-HOW2001 23  9999 9999 9999 9999 9999 9999
399LORD-HOW2001 31  9999 9999 9999 9999 9999 9999 9999 9999 9999 9999 9999
399LORD-HOW2001 32  9999 9999 9999 9999 9999 9999 9999 9999 9999 9999 9999
399LORD-HOW2001 33  9999 9999 9999 9999 9999 9999 9999 9999 9999
399LORD-HOW2001 41  9999 9999 9999 9999 9999 9999 9999 9999 9999 9999 9999
399LORD-HOW2001 42  9999 9999 9999 9999 9999 9999 9999 9999 9999 9999 9999
399LORD-HOW2001 43  9999 9999 9999 9999 9999 9999 9999 9999
399LORD-HOW2001 51  9999 9999 9999 9999 9999 9999 9999 9999 9999 9999 9999
399LORD-HOW2001 52  9999 9999 9999 9999 9999 9999 9999 9999 9999 9999 9999
399LORD-HOW2001 53  9999 9999 9999 9999 9999 9999 9999 9999 9999
399LORD-HOW2001 61  9999 9999 9999 9999 9999 9999 9999 9999 9999 9999 9999
399LORD-HOW2001 62  9999 9999 9999 9999 9999 9999 9999 9999 9999 9999 9999
399LORD-HOW2001 63  9999 9999 9999 9999 9999 9999 9999 9999
399LORD-HOW2001 71  1032 1018 1038 1074 1114 1169 1161 1142 1144 1094 1013
399LORD-HOW2001 72   983 1022 1098 1129 1125 1153 1249 1307 1272 1146 1020
399LORD-HOW2001 73   948  904  906  973 1121 1316 1316 1145 1048
399LORD-HOW2001 81  1117 1143 1015 1029 1097 1132 1117 1163 1167 1052 1012
399LORD-HOW2001 82  1006  981  960  965 1079 1296 1387 1259 1160 1179 1268
399LORD-HOW2001 83  1239 1106 1057 1090 1238 1332 1253 1231 1161
399LORD-HOW2001 91  1116 1137 1150 1130 1100 1043 1033 1081 1114 1097 1071
399LORD-HOW2001 92  1108 1159 1123 1036 1004  995  992  981  990  979  976
399LORD-HOW2001 93   976  982 1051 1145 1210 1085 1047 1055
399LORD-HOW2001101  1061 1066 1114 1154 1140 1139 1205 1294 1190 1061 1050
399LORD-HOW2001102  1075 1101 1155 1114 1060 1089 1099 1092 1062  974  950
399LORD-HOW2001103   964  997 1037 1045  987  894  897  959  976
399LORD-HOW2001111   985  948  894  874  857  862  950 1026 1049 1063 1057
399LORD-HOW2001112  1045 1048 1001  994  997 1043 1156 1235 1306 1384 1274
399LORD-HOW2001113  1145 1139 1145 1155 1192 1211 1209 1218
399LORD-HOW2001121  1196 1170 1195 1202 1202 1197 1210 1133 1088 1119 1105
399LORD-HOW2001122  1033  970  976 1042 1076 1000  937  906  924  955  978
399LORD-HOW2001123   990 1027 1067 1079 1037  997  989  990 1001
399LORD-HOW2002 11  1006 1030  998  942  933  948 1030 1052 1073 1143 1080
399LORD-HOW2002 12  1069 1137 1090 1017  975  899  845  843  868  887  906
399LORD-HOW2002 13   918  920  911  899  878  860  835  839  848
399LORD-HOW2002 21   829  821  822  807  787  808  876  963 1037  997  993
399LORD-HOW2002 22  1017  961  949  965  984 1009 1022 1072 1118 1126 1116
399LORD-HOW2002 23  1056  996  992 1015 1049 1104
399LORD-HOW2002 31  1168 1192 1173 1150 1141 1163 1170 1148 1170 1194 1125
399LORD-HOW2002 32  1054 1028 1013 1022 1056 1061 1017 1012 1023 1009  968
399LORD-HOW2002 33   929  937  961  974  962  965 1017 1074 1022
399LORD-HOW2002 41   884  824  817  858  872  838  855  816  753  735  720
399LORD-HOW2002 42   718  755  766  768  794  846  870  892  927  948  954
399LORD-HOW2002 43   973  973  970 1006 1011 1009 1009 1008
399LORD-HOW2002 51  1002 1000  988 1002 1012 1026 1014 1006 1062 1116 1203
399LORD-HOW2002 52  1185 1081 1052 1062 1103 1128 1118 1188 1361 1317 1251
399LORD-HOW2002 53  1178 1068 1032 1049 1091 1106 1135 1178 1148
399LORD-HOW2002 61  1029  957  943  969  983  993 1037 1128 1182 1158 1153
399LORD-HOW2002 62  1192 1258 1232 1145 1191 1225 1209 1149 1076 1063 1056
399LORD-HOW2002 63  1050 1023 1041 1146 1184 1265 1471 1360
399LORD-HOW2002 71  1103 1013 1089 1202 1197 1228 1174 1042 1046 1210 1128
399LORD-HOW2002 72  1001  957  910  871  847  882  883  830  887 1000  955
399LORD-HOW2002 73   907 1034 1211 1152  997  927  934  943  958
399LORD-HOW2002 81   965  983 1023 1227 1198 1034 1026 1028  956  888  923
399LORD-HOW2002 82  1073 1224 1179 1106 1050  943  889  883  878  889  934
399LORD-HOW2002 83   968  920  870  880  860  837  851  889  952
399LORD-HOW2002 91  1017  956  932  956  975 1021 1041 1024 1035 1047  970
399LORD-HOW2002 92   898  860  850  867  934 1089 1237 1204 1049  979  956
399LORD-HOW2002 93   944  937  924  913  936 1037 1040  939
399LORD-HOW2002101   873  898  912  917  926  939  957  963  937  916  944
399LORD-HOW2002102   941  987 1026  998 1019 1052 1019 1033 1046 1024 1041
399LORD-HOW2002103  1129 1103 1012  991  965  921  883  862  870
399LORD-HOW2002111   878  856  874  918  913  910  886  886  929  953  954
399LORD-HOW2002112   918  883  885  899  896  878  839  812  800  797  805
399LORD-HOW2002113   815  817  822  875  918  962 1049 1104
399LORD-HOW2002121  1108 1100 1124 1203 1275 1340 1273 1177 1140 1191 1323
399LORD-HOW2002122  1296 1180 1123 1083 1083 1106 1085 1070 1059 1057 1088
399LORD-HOW2002123  1125 1160 1161 1157 1115 1055 1048 1085 1139
399LORD-HOW2003 11  1169 1148 1115 1071 1024 1016 1034 1103 1304 1207 1051
399LORD-HOW2003 12  1044 1036 1007  972  950  961 1000 1054 1114 1143 1145
399LORD-HOW2003 13  1175 1186 1192 1229 1239 1230 1241 1285 1308
399LORD-HOW2003 21  1294 1255 1248 1274 1303 1296 1306 1308 1316 1348 1363
399LORD-HOW2003 22  1365 1372 1348 1340 1357 1366 1368 1363 1339 1354 1371
399LORD-HOW2003 23  1359 1343 1345 1341 1356 1413
399LORD-HOW2003 31  1510 1519 1405 1295 1243 1207 1233 1241 1253 1283 1298
399LORD-HOW2003 32  1324 1361 1375 1358 1311 1273 1268 1286 1313 1351 1373
399LORD-HOW2003 33  1385 1392 1383 1363 1356 1372 1377 1378 1357
399LORD-HOW2003 41  1337 1371 1443 1447 1384 1370 1373 1381 1392 1379 1307
399LORD-HOW2003 42  1271 1286 1350 1376 1382 1356 1326 1259 1183 1133 1111
399LORD-HOW2003 43  1134 1124 1081 1072 1086 1106 1150 1209
399LORD-HOW2003 51  1175 1108 1196 1370 1220 1066 1035 1026 1033 1065 1067
399LORD-HOW2003 52  1055 1030 1027 1099 1209 1264 1259 1256 1308 1307 1285
399LORD-HOW2003 53  1257 1200 1157 1141 1117 1086 1078 9999 9999
399LORD-HOW2003 61  1164 1189 1217 1250 1262 1241 1268 1293 1218 1163 1174
399LORD-HOW2003 62  1176 1225 1352 1362 1346 1385 1275 1240 1303 1339 1326
399LORD-HOW2003 63  1205 1015  945 1103 1156 1039 1037 1070
399LORD-HOW2003 71  1023 1109 1131 1005  895  835  852  875  865  811  805
399LORD-HOW2003 72   819  818  796  793  806  794  825  845  778  747  735
399LORD-HOW2003 73   758  842  864  989 1046  878  846  889 1016
399LORD-HOW2003 81  1002  786  693  679  757  808  757  781  868  912  768
399LORD-HOW2003 82   690  739  815  791  734  738  809  951  939  808  774
399LORD-HOW2003 83   795  879  882  875  890  846  830  907 1012
399LORD-HOW2003 91  1003  979 1232 1262 1055 1025 1085 1197 1178 1116 1082
399LORD-HOW2003 92  1174 1267 1327 1406 1377 1347 1294 1244 1200 1147 1165
399LORD-HOW2003 93  1213 1214 1185 1202 1318 1268 1183 1182
399LORD-HOW2003101  1203 1339 1357 1190 1138 1179 1228 1204 1201 1212 1296
399LORD-HOW2003102  1287 1139 1072 1066 1062 1036 1025 1090 1149 1160 1139
399LORD-HOW2003103  1100 1064 1075 1137 1140 1158 1176 1104 1139
399LORD-HOW2003111  1228 1161 1035  952  907  900  884  869  846  835  862
399LORD-HOW2003112   904  893  846  861  894  882  880  885  917  975 1067
399LORD-HOW2003113  1104 1142 1145 1047  990  960  958  981
399LORD-HOW2003121  1028 1068 1105 1168 1274 1345 1365 1358 1312 1274 1255
399LORD-HOW2003122  1253 1231 1188 1173 1169 1160 1176 1224 1279 1305 1328
399LORD-HOW2003123  1327 1305 1293 1304 1302 1245 1219 1209 1212
399LORD-HOW2004 11  1223 1218 1203 1202 1241 1295 1337 1295 1212 1202 1175
399LORD-HOW2004 12  1142 1157 1147 1150 1193 1214 1164 1109 1105 1116 1126
399LORD-HOW2004 13  1140 1162 1175 1197 1212 1220 1241 1278 1298
399LORD-HOW2004 21  1262 1236 1239 1210 1214 1251 1300 1336 1339 1317 1293
399LORD-HOW2004 22  1295 1317 1314 1299 1266 1204 1158 1151 1182 1222 1248
399LORD-HOW2004 23  1180 1140 1239 1463 1450 1318 1271
399LORD-HOW2004 31  1296 1248 1178 1169 1193 1222 1242 1236 1199 1159 1111
399LORD-HOW2004 32  1081 1082 1102 1120 1118 1120 1115 1101 1111 1108 1121
399LORD-HOW2004 33  1111 1074 1034  985  966  955  929  913  912
399LORD-HOW2004 41   914  886  867  847  837  842  904  926  856  838  865
399LORD-HOW2004 42   921  946  913  883  893  968 1028 1036 1039 1011  996
399LORD-HOW2004 43  1012 1021 1076 1090 1074 1074 1136 1185
399LORD-HOW2004 51  1148 1164 1147 1113 1142 1160 1193 1249 1312 1357 1431
399LORD-HOW2004 52  1576 1599 1560 1429 1351 1350 1366 1395 1377 1405 1404
399LORD-HOW2004 53  1324 1344 1401 1499 1568 1524 1585 1497 1322
399LORD-HOW2004 61  1312 1345 1432 1464 1403 1299 1296 1300 1302 1308 1304
399LORD-HOW2004 62  1276 1261 1301 1347 1379 1406 1477 1574 1488 1354 1273
399LORD-HOW2004 63  1227 1292 1321 1336 1315 1310 1356 1352
399LORD-HOW2004 71  1362 1325 1318 1365 1408 1462 1456 1406 1307 1251 1284
399LORD-HOW2004 72  1315 1325 1301 1297 1275 1301 1427 1441 1298 1224 1182
399LORD-HOW2004 73  1158 1192 1264 1309 1310 1237 1207 1173 1156
399LORD-HOW2004 81  1163 1219 1289 1301 1214 1139 1134 1107 1094 1109 1014
399LORD-HOW2004 82  1014 1164 1297 1162  971  966 1009 1004  954  977 1052
399LORD-HOW2004 83  1056 1014  939  915  934  935 9999 9999 9999
399LORD-HOW2004 91  1042  987  915  882  841  798  779  793  826  783  758
399LORD-HOW2004 92   836  784  734  769  761  756  766  746  734  724  791
399LORD-HOW2004 93   881  839  790  826  895  930 1004 1066
399LORD-HOW2004101  1172 1408 1393 1207 1223 1262 1280 1404 1390 1189 1113
399LORD-HOW2004102  1128 1170 1234 1266 1262 1218 1147 1123 1138 1193 1254
399LORD-HOW2004103  1245 1209 1177 1124 1170 1272 1126  951  914
399LORD-HOW2004111   906  930  950  934  917  925  938  969 1013 1027 1072
399LORD-HOW2004112  1157 1207 1178 1088 1049 1045 1077 1117 1140 1196 1265
399LORD-HOW2004113  1315 1294 1232 1217 1230 1264 1301 1366
399LORD-HOW2004121  1387 1340 1325 1295 1292 1337 1347 1320 1328 1374 1432
399LORD-HOW2004122  1449 1435 1465 1451 1349 1310 1308 1356 1415 1416 1391
399LORD-HOW2004123  1345 1346 1374 1372 1442 1521 1505 1443 1382
399LORD-HOW2005 11  1318 1329 1363 1399 1405 1398 1371 1343 1323 1278 1257
399LORD-HOW2005 12  1272 1263 1247 1265 1289 1272 1227 1230 1271 1295 1292
399LORD-HOW2005 13  1276 1267 1282 1311 1358 1467 1534 1487 1422
399LORD-HOW2005 21  1409 1392 1358 1365 1366 1346 1334 1352 1408 1410 1335
399LORD-HOW2005 22  1286 1235 1194 1214 1233 1211 1211 1211 1202 1211 1192
399LORD-HOW2005 23  1194 1205 1204 1191 1177 1145
399LORD-HOW2005 31  1109 1092 1092 1105 1126 1122 1054 1026 1028  993  960
399LORD-HOW2005 32   944  960  978 1020 1065 1114 1137 1145 1155 1178 9999
399LORD-HOW2005 33  9999 9999 9999 9999 9999 9999 9999 9999 9999
399LORD-HOW2005 41  9999 9999 9999 9999 9999 9999 9999 9999 1096 1117 1137
399LORD-HOW2005 42  1131 1151 1155 1140 1125 1115 1119 1117 1097 1055 1038
399LORD-HOW2005 43  1058 1081 1064 1030  999 1027 1100 1168
399LORD-HOW2005 51  1220 1157 1093 1081 1112 1112 1124 1139 1143 1165 1215
399LORD-HOW2005 52  1290 1375 1453 1398 1335 1293 1219 1135 1139 1159 1126
399LORD-HOW2005 53  1059 1049 1187 1256 1166 1321 1394 1224 1202
399LORD-HOW2005 61  1164 1119 1155 1122 1081 1072 1065 1069 1076 1088 1110
399LORD-HOW2005 62  1121 1132 1176 1194 1162 1120 1059 1102 1186 1162 1109
399LORD-HOW2005 63  1094 1057  948  870  852  867  902  982
399LORD-HOW2005 71  1102 1197 1217 1202 1208 1194 1184 1220 1350 1553 1421
399LORD-HOW2005 72  1229 1299 1337 1380 1418 1362 1306 1226 1113 1045 1032
399LORD-HOW2005 73  1066 1134 1166 1196 1202 1171 1169 1165 1123
399LORD-HOW2005 81  1031  949  955 1040 1130 1107 1063  995 1023 1149 1180
399LORD-HOW2005 82  1124 1094 1062 1071 1068 1027 1022 1024 1068 1096 1154
399LORD-HOW2005 83  1173 1106 1053 1074 1048  957  923  929  957
399LORD-HOW2005 91   968  997 1039 1081 1057  985  941  900  896  927 1036
399LORD-HOW2005 92  1110 1128 1088 1033 1168 1332 1120  947  948  897  913
399LORD-HOW2005 93   997 1082 1133 1144 1133 1141 1157 1170
399LORD-HOW2005101  1196 1204 1212 1202 1206 1232 1305 1312 1323 1259 1173
399LORD-HOW2005102  1137 1142 1186 1209 1212 1264 1272 1180 1160 1196 1226
399LORD-HOW2005103  1201 1178 1191 1204 1192 1179 1189 1185 1180
399LORD-HOW2005111  1162 1147 1165 1195 1243 1248 1210 1219 1251 1322 1362
399LORD-HOW2005112  1323 1255 1247 1327 1431 1334 1261 1264 1278 1277 1242
399LORD-HOW2005113  1227 1240 1259 1269 1308 1278 1213 1203
399LORD-HOW2005121  1223 1266 1312 1306 1293 1291 1302 1321 1326 1306 1325
399LORD-HOW2005122  1328 1275 1197 1133 1138 1186 1213 1217 1149 1084 1047
399LORD-HOW2005123  1063 1125 1128 1066 1039 1050 1045 1026 1017
399LORD-HOW2006 11  1083 1143 1188 1237 1167 1130 1128 1131 1108 1087 1100
399LORD-HOW2006 12  1103 1091 1080 1070 1058 1072 1080 1046 1037 1043 1077
399LORD-HOW2006 13  1098 1048  988  993 1018 1026 1041 1070 1108
399LORD-HOW2006 21  1131 1116 1112 1111 1111 1132 1140 1169 1163 1131 1110
399LORD-HOW2006 22  1125 1130 1124 1127 1136 1146 1158 1162 1155 1157 1152
399LORD-HOW2006 23  1141 1147 1172 1195 1187 1187
399LORD-HOW2006 31  1196 1214 1237 1225 1275 1348 1374 1369 1322 1275 1268
399LORD-HOW2006 32  1296 1293 1274 1302 1345 1351 1336 1338 1352 1342 1323
399LORD-HOW2006 33  1328 1350 1408 1412 1324 1276 1282 1306 1386
399LORD-HOW2006 41  1468 1424 1395 1358 1334 1401 1446 1537 1576 1360 1178
399LORD-HOW2006 42  1128 1110 1097 1121 1237 1224 1117 1107 1148 1207 1246
399LORD-HOW2006 43  1202 1221 1210 1194 1240 1239 1210 1249
399LORD-HOW2006 51  1341 1362 1276 1264 1244 1248 1236 1221 1219 1231 1195
399LORD-HOW2006 52  1156 1173 1190 1159 1084 1063 1069 1090 1111 1122 1114
399LORD-HOW2006 53  1129 1177 1179 1143 1137 1108 1086 1108 1152
399LORD-HOW2006 61  1172 1220 1281 1199 1093 1031 1002  996  996 1109 1311
399LORD-HOW2006 62  1248 1097 1038 1092 1259 1193 1057 1026 1024 1017 1022
399LORD-HOW2006 63  1050 1097 1118 1119 1108 1086 1084 1136
399LORD-HOW2006 71  1172 1149 1113 1079 1039 1073 1083 1058 1016  959  976
399LORD-HOW2006 72  1025 1099 1061  983  993 1029 1098 1150 1049  919  890
399LORD-HOW2006 73   916  928  908  887  913  993 1045 1031 1048
399LORD-HOW2006 81  1104 1098 1053 1076 1147 1142 1191 1189 1123 1181 1128
399LORD-HOW2006 82  1083 1127 1144 1099 1043 1048 1093 1136 1130 1109 1140
399LORD-HOW2006 83  1122 1122 1179 1117 9999 9999  973  954  964
399LORD-HOW2006 91   985  997 1046 1051 1006 1033 1173 1261 1115 1015  986
399LORD-HOW2006 92   949  947  934  925  945  979  969  952 1003 1004  961
399LORD-HOW2006 93   952  953  925  887  864  841  836  870
399LORD-HOW2006101   860  821  864  812  777  768  764  782  734  702  715
399LORD-HOW2006102   692  703  721  696  616  600  657  665  715  803  803
399LORD-HOW2006103   798  847  899  933 1016 1033  914  800  744
399LORD-HOW2006111   772  789  768  757  796  853  882  952  955  891  896
399LORD-HOW2006112   951 1057 1101 1167 1183 1053  935  927  975 1028 1061
399LORD-HOW2006113  1095 1115 1153 1175 1176 1245 1356 1365
399LORD-HOW2006121  1274 1240 1234 1208 1151 1085 1036 1032 1031 1011 1022
399LORD-HOW2006122  1032 1053 1075 1113 1109 1056 1058 1079 1044 1008 1031
399LORD-HOW2006123  1067 1106 1130 9999 9999 9999 9999 9999 9999
399LORD-HOW2007 11   989  980  971 1000 1048 1105 1165 1207 1218 1162 1118
399LORD-HOW2007 12  1126 1133 1129 1121 1113 1113 1113 1132 1173 1213 1229
399LORD-HOW2007 13  1234 1254 1289 1321 1372 1371 1304 1239 1224
399LORD-HOW2007 21  1257 1234 1189 1193 1236 1246 1248 1249 1267 1276 1253
399LORD-HOW2007 22  1218 1180 1145 1113 1103 1088 1095 1101 1094 1120 1158
399LORD-HOW2007 23  1182 1191 1181 1171 1170 1173
399LORD-HOW2007 31  1182 1189 1177 1163 1173 1180 1189 1227 1251 1279 1283
399LORD-HOW2007 32  1240 1236 1243 9999 9999 1090 1058 9999 9999 9999 9999
399LORD-HOW2007 33  9999 9999 9999 9999 9999 9999 9999 9999  987
399LORD-HOW2007 41   937  898  919  955  974 1006  990  937  916  935  976
399LORD-HOW2007 42  1028 1081 1061 1039 1071 1094 1086 1092 1108 1123 1124
399LORD-HOW2007 43  1136 1154 1183 1197 1224 1278 1318 1337
399LORD-HOW2007 51  1302 1250 1233 1227 1202 1180 1152 1140 1136 1139 1123
399LORD-HOW2007 52  1102 1104 1124 1122 1112 1121 1185 1207 1201 1214 1253
399LORD-HOW2007 53  1219 1147 1101 1090 1112 1115 1129 1161 1214
399LORD-HOW2007 61  1260 1237 1233 1262 1266 1312 1372 1436 1466 1382 1288
399LORD-HOW2007 62  1319 1310 1250 1240 1290 1304 1332 1555 1645 1479 1359
399LORD-HOW2007 63  1336 1296 1212 1292 1391 1394 1464 1467
399LORD-HOW2007 71  1433 1336 1302 1364 1581 1534 1300 1319 1362 1315 1273
399LORD-HOW2007 72  1264 1352 1345 1255 1213 1211 1396 1494 1354 1176 1079
399LORD-HOW2007 73  1056 1075 1110 1142 1197 1288 1357 1269 1166
399LORD-HOW2007 81  1169 1183 1209 1222 1240 1204 1135 1115 1128 1172 1186
399LORD-HOW2007 82  1142 1114 1109 1071 1079 1105  986  852  835  853  861
399LORD-HOW2007 83   779  747  764  771  775  766  722  716  776
399LORD-HOW2007 91   813  833  837  815  786  776  831  873  874  873  906
399LORD-HOW2007 92   892  848  872  914  923  929  884  784  813  799  781
399LORD-HOW2007 93  9999 9999 9999 9999 9999 9999 9999 9999
399LORD-HOW2007101  9999 9999 9999 9999 9999 9999 9999 9999 9999 9999 9999
399LORD-HOW2007102  9999 9999 9999 9999 9999 9999 9999 9999 9999 9999 9999
399LORD-HOW2007103  9999 9999 9999 9999 9999 9999 9999 9999 9999
399LORD-HOW2007111  9999 9999 9999 9999 9999 9999 9999 9999 1036 1043 1025
399LORD-HOW2007112  1010 1036 1070 1069 1043 1036 1040 1052 1084 1126 1165
399LORD-HOW2007113  1177 1151 1149 1168 9999 9999 1176 1211
399LORD-HOW2007121  1173 1163 1186 1212 1206 1198 1227 1243 1195 1106 1096
399LORD-HOW2007122  1109 1091 1044 1003 1019 1045 1047  982  946 1024 1137
399LORD-HOW2007123  1221 1205 1119 1108 1083 1045 1039 1014 1101
399LORD-HOW2008 11  1246 1276 1281 1304 1310 1269 1228 1172 1134 1125 1146
399LORD-HOW2008 12  1151 1158 1135 1136 1156 1125 1106 1125 1182 1210 1195
399LORD-HOW2008 13  1146 1120 1128 1148 1158 1135 1111 1125 1142
399LORD-HOW2008 21  1105 1081 1070 1114 9999 9999 9999 9999 9999 9999 9999
399LORD-HOW2008 22  9999 9999 9999 9999 9999 9999 9999 9999 9999 9999 9999
399LORD-HOW2008 23  9999 9999 9999 9999 9999 9999 9999
399LORD-HOW2008 31  9999 9999 9999 9999 9999 1184 1180 1167 1150 1155 1153
399LORD-HOW2008 32  1155 1165 1185 1156 1138 1153 1176 1226 1282 1306 1307
399LORD-HOW2008 33  1296 1303 1355 1382 1375 1364 1373 1369 9999
399LORD-HOW2008 41  9999 9999 9999 9999 9999 9999 9999 9999 9999 9999 9999
399LORD-HOW2008 42  9999 9999 9999 9999 9999 9999 9999 9999 9999 9999 9999
399LORD-HOW2008 43  9999 9999 9999 9999 9999 9999 9999 9999
399LORD-HOW2008 51  9999 9999 9999 9999 9999 9999 9999 9999 9999 9999 9999
399LORD-HOW2008 52  9999 9999 9999 9999 9999 9999 9999 9999 9999 9999 9999
399LORD-HOW2008 53  1178 1171 1181 1145 1105 1108 1091 1087 1099
399LORD-HOW2008 61  1094 1091 1094 1116 1161 1266 1240 1102 1034 1016 1058
399LORD-HOW2008 62  1119 1287 1572 1518 1230 1106 1077 1088 1145 1364 1369
399LORD-HOW2008 63  1237 1197 1179 1225 1209 1157 1074 1064
399LORD-HOW2008 71  1108 1139 1107 1029  965  925  931  981 1060 1094 1095
399LORD-HOW2008 72  1071 1015 1034 1062 1068 1097 1147 1086 1029 1176 1296
399LORD-HOW2008 73  1105  983  973  997 1024 1051 1107 1132 1057
399LORD-HOW2008 81  1192 1394 1162 1037 1040 1053 1098 1197 1121 1143 1205
399LORD-HOW2008 82  1083 1075 1225 1282 1238 1148  965  896  878  945 1098
399LORD-HOW2008 83  1269 1195 1018  955  906  865  871  903  944
399LORD-HOW2008 91   987  977  976 1014 1055 1182 1248 1203 1274 1197 1009
399LORD-HOW2008 92   959  950  993 1063 1103 1059 1012 1001 1012  998 1012
399LORD-HOW2008 93  1036 1006  961  928  903  948  957  868
399LORD-HOW2008101   808  757  744  773  798  917  938  898  872  808  846
399LORD-HOW2008102   892  884  909  951  945  919  890  840  818  880  969
399LORD-HOW2008103  1068  919  749  685  671  664  653  651  688
399LORD-HOW2008111   684  692  798  894  861  828  803  822  830  778  787
399LORD-HOW2008112   822  865  900  955  988  986  989 1013 1090 1169 1250
399LORD-HOW2008113  1309 1216 1092 1072 1044 1094 1201 1181
399LORD-HOW2008121  1141 1141 1148 1113 1124 1178 1187 1133 1117 1143 1116
399LORD-HOW2008122  1091 1187 1261 1268 1114 1043 1085 1102 1038  945  922
399LORD-HOW2008123   930  935  903  886  912  959  992 1035 1030
399LORD-HOW2009 11  1013  969  919  925  950  972  999 1025 1028 1008  992
399LORD-HOW2009 12   973  972  987 1039 1100 1100 1049 1044 1069 1091 1109
399LORD-HOW2009 13  1147 1189 1184 1203 1221 1230 1219 1212 1219
399LORD-HOW2009 21  1236 1253 1253 1251 1249 1220 1227 1276 1274 1282 1313
399LORD-HOW2009 22  1240 1147 1179 1261 1269 1276 1321 1310 1273 1214 1176
399LORD-HOW2009 23  1167 1147 1166 1198 1200 1155
399LORD-HOW2009 31  1074 1000  959 1017 1111 1123 1085 1010  975  956  945
399LORD-HOW2009 32   971  999 1014 1010 1038 1068 1089 1145 1186 1216 1240
399LORD-HOW2009 33  1232 1209 1193 1185 1178 1177 1178 1161 1143
399LORD-HOW2009 41  1110 1052 1050 1081 1102 1081 1079 1102 1067 1014  981
399LORD-HOW2009 42   989 1009 1067 1096 1112 1148 1290 1208  965  893  866
399LORD-HOW2009 43   863  865  858  844  847  849  809  813
399LORD-HOW2009 51   757  733  742  755  814  831  850  905  909 1013 1028
399LORD-HOW2009 52   968  993 1044 1116 1165 1161 1112 1053 1030 1008 1005
399LORD-HOW2009 53  1039 1059 1070 1080 1089 1095 1113 1144 1094
399LORD-HOW2009 61  1056 1009 1002 1058 1114 1163 1204 1200 1241 1342 1366
399LORD-HOW2009 62  1268 1165 1171 1198 1188 1151 1086 1074 1075 1072 1076
399LORD-HOW2009 63  1114 1163 1186 1215 1294 1291 1195 1163
399LORD-HOW2009 71  1192 1280 1483 1455 1276 1116 1053  960  918  979 1010
399LORD-HOW2009 72  1001 1030 1045 1037 1029  959  879  850  801  814  937
399LORD-HOW2009 73  1010  909  852  898  956  941  918  952  997
399LORD-HOW2009 81   938  890  904  888  875  858  890 1028 1027  881  863
399LORD-HOW2009 82   902  911  871  831  834  882  852  788  800  884  939
399LORD-HOW2009 83   917  952 1002  963  888  863  933  998  875
399LORD-HOW2009 91   784  742  723  748  792  824  877  909  864  859  864
399LORD-HOW2009 92   829  823  833  837  833  861  944  991  987  998 1065
399LORD-HOW2009 93  1269 1341 1082 1104 1311 1329 1064  904
399LORD-HOW2009101   891  960 1030  927  844  853  930 1066  945  808  816
399LORD-HOW2009102   904 1013 1022 1002  998  957  865  821  825  813  808
399LORD-HOW2009103   849  905  917  888  857  859  893  888  842
399LORD-HOW2009111   842  865  942 1000  932  860  830  831  850  855  853
399LORD-HOW2009112   863  873  872  893 1017 1001  883  832  839  851  856
399LORD-HOW2009113   827  807  809  844  914  972 1039 1035
399LORD-HOW2009121  1005  971  957  998 1027 1008 1008 1045 1006  908  853
399LORD-HOW2009122   828  822  797  760  761  794  829  833  833  823  797
399LORD-HOW2009123   787  806  808  801  817  829  815  809  825
399LORD-HOW2010 11   846  890  879  833  827  853  855  844  867  899  913
399LORD-HOW2010 12   977 1032 1067 1112 1170 1216 1271 1345 1358 1249 1215
399LORD-HOW2010 13  1251 1272 1278 1270 1270 1291 1283 1242 1295
399LORD-HOW2010 21  1378 1381 1335 1333 1351 1328 1314 1309 1317 1335 1351
399LORD-HOW2010 22  1361 1367 1396 1405 1437 1431 1339 1272 1270 1283 1316
399LORD-HOW2010 23  1336 1286 1193 1130 1116 1172
399LORD-HOW2010 31  1232 1262 1266 1312 1381 1431 1445 1479 1528 1560 1537
399LORD-HOW2010 32  1471 1466 1490 1531 1551 1536 1531 1527 1515 1541 1559
399LORD-HOW2010 33  1533 1503 1475 1432 1414 1439 1471 1499 1530
399LORD-HOW2010 41  1545 1574 1621 1613 1546 1483 1496 1600 1599 1550 1542
399LORD-HOW2010 42  1569 1588 1532 1508 1493 1435 1392 1391 1412 1415 1404
399LORD-HOW2010 43  1428 1478 1574 1593 1487 1447 1451 1453
399LORD-HOW2010 51  1395 1332 1312 1334 1336 1304 1290 1243 1144 1062 1065
399LORD-HOW2010 52  1142 1242 1318 1247 1126 1065 1047 1042 1022 1034 1087
399LORD-HOW2010 53  1082 1057 1087 1079 1006  959  988  999  983
399LORD-HOW2010 61   952  907  889 1003 1188 1108 1031  970 1075 1187 1043
399LORD-HOW2010 62  1042 1020  925  877  876  948  996  971  931  910  887
399LORD-HOW2010 63   882  906  906  965 1020 1010 1010 1026
399LORD-HOW2010 71  1021 1069 1259 1196 1104 1161 1175 1116 1051 1035 1070
399LORD-HOW2010 72  1102 1152 1285 1370 1269 1135 1115 1172 1208 1177 1082
399LORD-HOW2010 73  1030 1025  975  926  945  973  986 1060 1124
399LORD-HOW2010 81  1126 1169 1192 1124 1090 1126 1141 1076  992  995 1102
399LORD-HOW2010 82  1266 1306 1146 1127 1156 1137 1135 1155 1151 1127 1078
399LORD-HOW2010 83  1135 1275 1230 1238 1227 1174 1094 1011  989
399LORD-HOW2010 91  1040 1057  980  998 1087 1121 1108 1085 1139 1304 1260
399LORD-HOW2010 92  1137 1140 1167 1253 1238 1336 1264 1076 1024 1067 1050
399LORD-HOW2010 93   974  914  891  880  881  896  921  853
399LORD-HOW2010101   746  703  693  715  734  745  752  730  692  643  637
399LORD-HOW2010102   665  711  749  861 1033  946  808  736  688  702  744
399LORD-HOW2010103   767  774  822  890  926  938  924  875  832
399LORD-HOW2010111   801  845  844  753  730  708  691  666  666  706  730
399LORD-HOW2010112   724  710  725  778  818  834  818  770  700  678  709
399LORD-HOW2010113   783  843  869  903  952  983  979  986
399LORD-HOW2010121  1009 1032 1044 1070 1098 1123 1124 1103 1121 1184 1220
399LORD-HOW2010122  1220 1195 1209 1257 1279 1320 1359 1375 1414 1330 1238
399LORD-HOW2010123  1245 1272 1348 1441 1459 1364 1323 1313 1283
399LORD-HOW2011 11  1265 1274 1316 1348 1324 1256 1191 1162 1116 1086 1076
399LORD-HOW2011 12  1067 1079 1131 1182 1242 1278 1240 1219 1231 1256 1284
399LORD-HOW2011 13  1320 1356 1374 1382 1404 1433 1391 1374 1387
399LORD-HOW2011 21  1397 1397 1406 1411 1403 1415 1455 1432 1451 1427 1379
399LORD-HOW2011 22  1382 1382 1352 1295 1276 1287 1309 1350 1384 1401 1428
399LORD-HOW2011 23  1413 1396 1416 1429 1425 1453
399LORD-HOW2011 31  1472 1455 1481 1486 1421 1342 1325 1306 1313 1323 1323
399LORD-HOW2011 32  1324 1344 1393 1435 1458 1467 1488 1517 1529 1537 1554
399LORD-HOW2011 33  1539 1516 1499 1479 1405 1341 1345 1349 1362
399LORD-HOW2011 41  1365 1359 1363 1403 1361 1295 1274 1278 1307 1347 1362
399LORD-HOW2011 42  1382 1406 1442 1448 1420 1371 1338 1319 1319 1365 1371
399LORD-HOW2011 43  1334 1331 1339 1306 1311 1301 1304 1334
399LORD-HOW2011 51  1350 1350 1342 1348 1443 1526 1423 1312 1356 1435 1428
399LORD-HOW2011 52  1443 1415 1427 1325 1263 1284 1259 1146 1131 1177 1236
399LORD-HOW2011 53  1339 1407 1415 1371 1248 1185 1199 1227 1255
399LORD-HOW2011 61  1253 1285 1292 1228 1246 1277 1260 1289 1340 1356 1289
399LORD-HOW2011 62  1257 1270 1289 1320 1401 1586 1557 1363 1260 1304 1336
399LORD-HOW2011 63  1273 1172 1091 1092 1094 1074 1039  974
399LORD-HOW2011 71   966  973  997 1111 1326 1316 1265 1147 1179 1291 1241
399LORD-HOW2011 72  1063 1035  926  813  814  820  882  961  998 1025 1039
399LORD-HOW2011 73   944  830  797  775  732  735  747  739  743
399LORD-HOW2011 81   748  731  694  671  706  785  891 1042 1087 1082 1066
399LORD-HOW2011 82  1045  959  927  949  949  928  980  972  890  840  834
399LORD-HOW2011 83   885  925  941  944 1009 1071 1050 1011  999
399LORD-HOW2011 91  1006  992  931  891  893  924  948  991 1145 1317 1235
399LORD-HOW2011 92  1061  967  984  997 1013 1001  966  951  988  979  944
399LORD-HOW2011 93  1006 1090 1109 1080 1044 1079 1199 1249
399LORD-HOW2011101  1279 1314 1218 1153 1099 1065 1075 1149 1199 1180 1125
399LORD-HOW2011102  1068 1069 1100 1141 1070 1020  989 1004 1008 1014 1026
399LORD-HOW2011103  1075 1147 1190 1225 1232 1195 1173 1192 1266
399LORD-HOW2011111  1281 1259 1233 1208 1217 1204 1183 1164 1173 1202 1225
399LORD-HOW2011112  1251 1271 1285 1284 1265 1260 1243 1241 1269 1282 1303
399LORD-HOW2011113  1279 1230 1231 1275 1284 1226 1182 1224
399LORD-HOW2011121  1329 1363 1302 1349 1412 1348 1279 1280 1316 1311 1310
399LORD-HOW2011122  1360 1397 1298 1215 1181 1132 1132 1163 1161 1142 1128
399LORD-HOW2011123  1122 1104 1049 1017 1065 1136 1092 1033 1006
399LORD-HOW2012 11   947  884  845  822  839  862  849  875  907  879  891
399LORD-HOW2012 12   863  774  742  695  652  695  803  893  925  921  870
399LORD-HOW2012 13   795  816  863  885  889  871  844  859  888
399LORD-HOW2012 21   918  917  945 1020 1128 1181 1202 1233 1226 1175 1140
399LORD-HOW2012 22  1116 1107 1063 1012 1025 1057 1146 1266 1372 1407 1340
399LORD-HOW2012 23  1270 1229 1233 1257 1267 1254 1248
399LORD-HOW2012 31  1259 1192 1090 1089 1124 1177 1182 1166 1197 1169 1078
399LORD-HOW2012 32  1021 1016 1067 1110 1146 1182 1183 1129 1118 1182 1222
399LORD-HOW2012 33  1253 1223 1157 1070 1049 1066 1074 1114 1161
399LORD-HOW2012 41  1155 1115 1093 1057 1016 1038 1064 1086 1089 1057  952
399LORD-HOW2012 42   868  868  886  903  912  889  839  829  862  915  966
399LORD-HOW2012 43  1007 1049 1126 1150 1018 1001  990  945
399LORD-HOW2012 51   915  907  940 1018 1068 1045 1011  956  894  887  908
399LORD-HOW2012 52   955 1107 1150 1025  974  963  943  944  925  894  878
399LORD-HOW2012 53   849  853  925  979  978  882  793  775  816
399LORD-HOW2012 61   873  903  991 1141 1280 1195  978  950  991  986  940
399LORD-HOW2012 62   943  992 1066 1069 1105 1231 1222 1230 1248 1167 1179
399LORD-HOW2012 63  1138 1068 1106 1169 1149 1132 1155 9999
