541Bamfield      LAT=48 50.0N  LONG=125 08.0W
541Bamfield2001121  2648 2498 2246 2200 2239 2170 1990 2056 1975 2000 2019
541Bamfield2001122  2060 2251 2188 2141 2365 2319 2336 2225 2141 2164 2209
541Bamfield2001123  2157 2116 2110 2160 2293 2321 2263 2254 2252
541Bamfield2002 11  2327 2490 2353 2173 2240 2359 2501 2477 2273 2187 2224
541Bamfield2002 12  2217 2030 2007 1965 1961 1951 1950 1997 2117 2167 2089
541Bamfield2002 13  2004 2065 2189 2253 2191 2055 1992 2013 2041
541Bamfield2002 21  2034 2091 2118 2050 2164 2237 2319 2195 2028 2073 1939
541Bamfield2002 22  1896 1955 1905 1975 2090 2136 2190 2292 2123 2170 2255
541Bamfield2002 23  2208 2056 1944 1913 1874 1841
541Bamfield2002 31  1819 1835 1867 1970 2076 2129 2148 2068 2130 2284 2328
541Bamfield2002 32  2310 2169 1986 2015 2064 1985 1963 1988 1933 1960 2039
541Bamfield2002 33  2054 1989 1931 1938 1900 1848 1804 1775 1796
541Bamfield2002 41  1814 1803 1829 1884 1995 2019 1944 1918 1993 1994 2014
541Bamfield2002 42  2037 2111 2146 2099 2119 2062 1903 1824 1848 1864 1829
541Bamfield2002 43  1706 1668 1734 1860 1942 1894 1871 1899
541Bamfield2002 51  1897 1926 1875 1829 1868 1826 1786 1776 1773 1751 1745
541Bamfield2002 52  1802 1841 1814 1809 1850 1878 1899 1944 1965 1918 1876
541Bamfield2002 53  1854 1882 1923 1954 2016 2094 2073 1972 1937
541Bamfield2002 61  1924 1882 1879 1894 1902 1840 1825 1807 1799 1850 1873
541Bamfield2002 62  1869 1898 1919 1913 1914 1974 1979 1876 1875 1895 1913
541Bamfield2002 63  1921 1926 1951 1978 1990 2072 2087 1944
541Bamfield2002 71  1871 1872 1901 1890 1897 1940 1983 1936 1880 1925 1911
541Bamfield2002 72  1911 1925 1903 1903 1943 1961 1965 1963 1941 1940 1986
541Bamfield2002 73  2044 2028 1990 1997 1970 1917 1901 1923 1913
541Bamfield2002 81  1941 1956 1988 2022 1996 1991 1945 1892 1870 1887 1891
541Bamfield2002 82  1880 1918 1995 2034 2023 1998 1991 2014 1997 1950 1944
541Bamfield2002 83  1940 1934 1906 1852 1868 1930 1971 1947 1919
541Bamfield2002 91  1911 1954 1986 1984 1979 1978 1977 1973 1954 1944 1972
541Bamfield2002 92  1966 1966 2010 2050 2072 2050 1975 1970 1946 1879 1878
541Bamfield2002 93  1931 1986 1988 2015 2045 2068 2083 2026
541Bamfield2002101  1952 1921 1956 1924 1869 1803 1812 1864 1930 1953 1858
541Bamfield2002102  1802 1840 1855 1895 1942 1993 1996 1958 1943 1940 1942
541Bamfield2002103  1952 1988 2000 1997 1997 1969 1926 1884 1862
541Bamfield2002111  1886 1915 1923 1965 2039 2180 2368 2514 2448 2307 2220
541Bamfield2002112  2302 2233 2142 2150 2316 2210 2224 2216 2120 2130 2106
541Bamfield2002113  2104 2059 1967 1953 1992 2030 2050 2067
541Bamfield2002121  2084 2086 2111 2114 2117 2141 2098 2089 2215 2307 2308
541Bamfield2002122  2450 2502 2622 2749 2783 2570 2430 2445 2492 2405 2258
541Bamfield2002123  2191 2284 2387 2355 2357 2377 2368 2462 2447
541Bamfield2003 11  2483 2720 2664 2485 2297 2218 2221 2183 2187 2211 2284
541Bamfield2003 12  2305 2257 2189 2099 2076 2061 2092 2096 2070 2101 2240
541Bamfield2003 13  2283 2216 2235 2301 2219 2140 2186 2244 2315
541Bamfield2003 21  2248 2062 1958 1909 1903 1887 1894 1952 1983 1974 2007
541Bamfield2003 22  2089 2156 2128 2185 2242 2180 2121 2129 2148 2118 2046
541Bamfield2003 23  2014 2012 2032 2099 2079 2065
541Bamfield2003 31  2045 2023 2017 2030 2087 2111 2093 2054 2133 2119 2111
541Bamfield2003 32  2257 2512 2532 2518 2381 2195 2115 2180 2207 2215 2323
541Bamfield2003 33  2166 2049 2099 2102 1989 1889 1889 1941 2012
541Bamfield2003 41  2105 2216 2159 2074 2083 2090 2164 2266 2180 2173 2189
541Bamfield2003 42  2181 2229 2253 2214 2144 2128 2074 2094 2152 2125 2086
541Bamfield2003 43  2148 2162 2128 2106 2083 2100 2118 2066
541Bamfield2003 51  2044 2085 2146 2142 2036 2009 2041 2020 1954 1891 1880
541Bamfield2003 52  1858 1875 1940 1941 1917 1877 1823 1805 1841 1855 1891
541Bamfield2003 53  1933 2005 2026 1977 1939 1964 1965 1979 1949
541Bamfield2003 61  1908 1857 1839 1846 1885 1939 1993 2006 2000 1986 1962
541Bamfield2003 62  2008 2054 2005 1946 1932 1952 1947 1942 1954 1937 1910
541Bamfield2003 63  1891 1838 1800 1791 1826 1882 1982 2027
541Bamfield2003 71  1967 1933 1905 1886 1890 1900 1947 1960 1936 1947 1952
541Bamfield2003 72  2014 2024 1995 1988 1962 1912 1885 1903 1918 1906 1917
541Bamfield2003 73  1909 1910 1956 1949 1906 1926 1962 1992 1965
541Bamfield2003 81  1930 1937 1965 1992 2018 2050 2063 2067 2063 2038 2018
541Bamfield2003 82  2016 1984 1967 1982 1969 1978 1987 1973 1956 2000 2027
541Bamfield2003 83  2021 2012 2041 2072 2021 1984 1941 1930 1923
541Bamfield2003 91  1910 1939 1978 2020 2040 2070 2073 2044 2089 2057 1987
541Bamfield2003 92  1894 1855 1911 1963 2028 2007 2060 2042 1923 1854 1854
541Bamfield2003 93  1882 1894 1880 1869 1919 1992 2014 1990
541Bamfield2003101  1967 1942 1979 2004 1977 2035 2081 2161 2099 1996 2123
541Bamfield2003102  2172 1972 1962 2116 2289 2346 2402 2310 2300 2270 2256
541Bamfield2003103  2115 1966 1913 1915 1977 2084 2097 2011 1934
541Bamfield2003111  1970 2014 1995 1994 1987 1981 2046 2107 2127 2125 2057
541Bamfield2003112  1949 2037 2125 2181 2278 2238 2210 2206 2102 2011 1930
541Bamfield2003113  2001 2099 2155 2073 1991 2224 2229 2104
541Bamfield2003121  2129 2177 2098 2243 2471 2479 2407 2240 2205 2268 2296
541Bamfield2003122  2364 2404 2325 2178 2323 2228 2175 2250 2263 2200 2209
541Bamfield2003123  2390 2561 2410 2255 2236 2189 2144 2179 2303
541Bamfield2004 11  2300 2252 2177 2065 2016 2216 2442 2406 2352 2275 2272
541Bamfield2004 12  2301 2261 2269 2213 2171 2210 2219 2168 2078 2018 2046
541Bamfield2004 13  2151 2165 2044 2089 2152 2182 2261 2317 2182
541Bamfield2004 21  2170 2249 2287 2128 2058 2208 2057 1885 1838 1838 1914
541Bamfield2004 22  2021 2109 2140 2173 2276 2307 2259 2137 2076 2107 2196
541Bamfield2004 23  2225 2296 2398 2423 2346 2200 2170
541Bamfield2004 31  2149 2066 2054 2053 2020 1943 1939 1888 1846 1767 1821
541Bamfield2004 32  1893 1914 1920 1857 1853 1923 2089 2000 1872 1955 2001
541Bamfield2004 33  2072 2179 2257 2322 2191 2046 2161 2181 2053
541Bamfield2004 41  1950 1902 1978 1938 1883 1898 1906 1884 1871 1875 1955
541Bamfield2004 42  1973 1999 2082 2075 2012 1968 1980 2106 2200 2125 1997
541Bamfield2004 43  1956 1880 1847 1853 1878 1835 1848 1875
541Bamfield2004 51  1877 1854 1873 1968 1998 1994 2012 2000 1970 1981 1971
541Bamfield2004 52  1929 1918 1897 1907 1944 1978 1991 1964 1969 2008 2048
541Bamfield2004 53  2014 1955 1950 1990 2021 2005 1939 1930 1919
541Bamfield2004 61  1933 1922 1930 1944 1997 2040 2018 1980 1984 1947 1873
541Bamfield2004 62  1914 1968 1886 1839 1843 1901 1960 1991 2001 2005 2010
541Bamfield2004 63  1985 1928 1910 1922 1927 1924 1944 1965
541Bamfield2004 71  1967 1984 1992 1962 1919 1908 1907 1921 1963 1964 1955
541Bamfield2004 72  2003 2058 2046 2026 2021 2029 2043 2057 2015 1956 1938
541Bamfield2004 73  1957 1982 1942 1924 1957 1989 2000 1994 1997
541Bamfield2004 81  1998 1998 1971 1968 1997 2053 1999 1935 1987 2000 1973
541Bamfield2004 82  1964 1951 1960 1960 1952 1927 1919 1940 1949 2009 2087
541Bamfield2004 83  2115 2183 2239 2117 1996 1983 1983 1986 1980
541Bamfield2004 91  1998 2000 1990 1997 1967 1934 1939 2017 2050 2115 2160
541Bamfield2004 92  2101 2150 2101 2123 2138 2171 2173 2142 2052 1981 2020
541Bamfield2004 93  2009 1970 1978 1948 1934 1959 1975 1973
541Bamfield2004101  1960 1961 1976 1970 2025 2058 2039 2133 2079 1936 1903
541Bamfield2004102  1857 1810 1859 1961 2100 2219 2268 2308 2248 2142 2121
541Bamfield2004103  2071 2044 2189 2240 2153 2132 2140 2153 2028
541Bamfield2004111  2098 2152 1962 1888 1953 2020 2082 2103 2091 2061 2069
541Bamfield2004112  2103 2118 2235 2321 2167 2094 2105 1918 1842 1880 1928
541Bamfield2004113  1955 2046 2054 1983 1949 1855 1907 1968
541Bamfield2004121  1889 1839 1909 2097 2130 2213 2340 2449 2273 2263 2200
541Bamfield2004122  2130 2281 2246 2066 2010 1974 1993 2029 1973 1945 1898
541Bamfield2004123  1881 1951 2149 2260 2193 2209 2311 2304 2309
541Bamfield2005 11  2309 2187 2094 2081 2082 2173 2384 2519 2410 2269 2231
541Bamfield2005 12  2153 2024 1971 2014 2122 2233 2289 2300 2281 2244 2294
541Bamfield2005 13  2300 2264 2242 2282 2305 2313 2243 2202 2174
541Bamfield2005 21  2090 2082 2085 2121 2100 2199 2150 2030 1987 2001 2138
541Bamfield2005 22  2188 2113 2060 2021 2014 2066 2170 2239 2190 2113 2098
541Bamfield2005 23  2114 2136 2138 2160 2196 2233
541Bamfield2005 31  9999 9999 9999 9999 9999 9999 9999 9999 9999 9999 9999
541Bamfield2005 32  9999 9999 9999 9999 9999 9999 9999 9999 9999 9999 9999
541Bamfield2005 33  9999 9999 9999 9999 9999 9999 9999 9999 9999
541Bamfield2005 41  2113 2098 2219 2114 2086 2186 2204 2158 2049 2082 2174
541Bamfield2005 42  2171 2147 2035 2131 2259 2178 2016 1913 1931 1912 1932
541Bamfield2005 43  2055 2080 2044 2045 2091 2102 2050 2026
541Bamfield2005 51  2018 2006 2011 2042 2057 2089 2091 2131 2182 2135 2028
541Bamfield2005 52  2024 2043 2075 2120 2119 2163 2323 2300 2199 2177 2249
541Bamfield2005 53  2118 1998 1945 1998 2069 2119 2090 2015 2002
541Bamfield2005 61  2010 1963 1937 1961 9999 9999 2009 2007 1994 1994 1993
541Bamfield2005 62  1956 1941 1904 1925 2022 2090 2092 2051 2026 2080 2061
541Bamfield2005 63  1981 1958 1959 1979 1997 1957 1932 1958
541Bamfield2005 71  1948 1960 1957 1952 2006 2046 2017 2084 2061 2049 2073
541Bamfield2005 72  2033 1937 1889 1925 1947 1959 2020 2055 2022 2001 2016
541Bamfield2005 73  1958 1931 1913 1916 1936 1962 2001 2030 2048
541Bamfield2005 81  2033 1973 1939 1939 1935 1950 1957 1967 1975 1961 1947
541Bamfield2005 82  1959 1985 1995 2005 2018 2030 2007 1990 1964 1947 1945
541Bamfield2005 83  1956 1966 1984 1985 2005 2067 2070 1992 1938
541Bamfield2005 91  1944 1963 1968 1969 1941 1931 1925 1964 2019 2033 2030
541Bamfield2005 92  2031 1998 1978 1961 1956 1936 1935 1941 1904 1887 1902
541Bamfield2005 93  1916 1916 1908 1923 1881 1848 1985 2045
541Bamfield2005101  2046 2078 2056 1993 2028 2069 2072 2080 2056 2013 1961
541Bamfield2005102  1993 2021 2093 2166 2037 2028 2048 2067 2016 2033 2085
541Bamfield2005103  2088 2094 2156 2128 2173 2275 2114 2085 2164
541Bamfield2005111  2139 2180 2341 2331 2264 2300 2238 2112 2111 2148 2109
541Bamfield2005112  2085 2131 2027 1940 1971 1921 1885 1926 1964 1973 1989
541Bamfield2005113  2012 2085 2112 1990 1928 2038 2152 2061
541Bamfield2005121  2155 2205 2039 1906 1882 1880 1914 1889 1831 1881 1996
541Bamfield2005122  2005 1939 1911 1948 2041 2097 2108 2191 2273 2329 2439
541Bamfield2005123  2328 2338 2445 2496 2480 2468 2428 2608 2657
541Bamfield2006 11  2658 2582 2382 2300 2313 2326 2352 2282 2325 2444 2442
541Bamfield2006 12  2371 2482 2375 2168 2257 2406 2330 2239 2245 2130 2035
541Bamfield2006 13  2013 2099 2312 2322 2286 2371 2358 2406 2414
541Bamfield2006 21  2511 2346 2320 2563 2239 2117 2181 2078 1960 2013 2041
541Bamfield2006 22  1967 1899 1872 1889 1884 1854 1865 1909 1931 1927 1920
541Bamfield2006 23  1932 1860 1881 2065 2223 2142
541Bamfield2006 31  2136 2270 2275 2222 2273 2406 2327 2257 2284 2233 2156
541Bamfield2006 32  2051 2062 2187 2205 2241 2249 2118 2060 2128 2182 2202
541Bamfield2006 33  2266 2328 2257 2115 2104 2196 2175 2144 2214
541Bamfield2006 41  2252 2267 2281 2287 2265 2181 2167 2206 2174 2193 2193
541Bamfield2006 42  2139 2177 2306 2372 2383 2216 2094 2136 2152 2047 1916
541Bamfield2006 43  1909 1949 1996 2007 1960 1938 1938 1863
541Bamfield2006 51  1813 1769 1808 1872 1926 1939 1983 1903 1822 1834 1876
541Bamfield2006 52  1869 1858 1861 1958 2006 1943 1960 1990 1977 2011 2114
541Bamfield2006 53  2135 2100 2098 2146 2151 2092 2019 1992 2012
541Bamfield2006 61  2061 2082 2036 2072 2050 2006 2010 1998 1968 1979 2031
541Bamfield2006 62  2072 2051 2053 2067 2064 1970 1905 1876 1840 1816 1816
541Bamfield2006 63  1823 1834 1847 1894 1948 1939 1925 1918
541Bamfield2006 71  1918 1939 1937 1924 1941 1936 1905 1928 1989 2025 2027
541Bamfield2006 72  2031 1998 1991 1956 1912 1881 1885 1918 1916 1934 1997
541Bamfield2006 73  2047 2061 2045 2006 1965 1981 2035 2040 2020
541Bamfield2006 81  2008 1985 1993 2016 2017 2016 2042 2039 2008 1990 1957
541Bamfield2006 82  1921 1924 1950 1976 2013 1993 1968 1981 1986 1968 1955
541Bamfield2006 83  1943 1927 1917 1913 1916 1960 2022 2002 1938
541Bamfield2006 91  1940 2000 2043 2022 1937 1885 1908 1970 1963 1903 1904
541Bamfield2006 92  1916 1928 2021 2061 1968 1963 2039 2015 1983 1976 1895
541Bamfield2006 93  1873 1925 1977 2009 2025 2016 2011 2024
541Bamfield2006101  2020 2001 1953 1926 1959 1972 1922 1909 1904 1935 1980
541Bamfield2006102  2034 2060 2057 2127 2110 1967 1933 1969 1888 1866 1916
541Bamfield2006103  1920 1971 1906 1885 1882 1894 1922 1848 1846
541Bamfield2006111  1900 2079 2218 2222 2209 2292 2310 2217 2153 2259 2235
541Bamfield2006112  2252 2386 2218 2393 2414 2261 2212 2336 2355 2440 2443
541Bamfield2006113  2359 2250 2181 2302 2280 2036 1980 2035
541Bamfield2006121  1905 1866 1925 2015 2040 2044 2089 2197 2284 2281 2425
541Bamfield2006122  2460 2380 2394 2458 2266 2180 2147 2184 2295 2365 2194
541Bamfield2006123  2212 2273 2299 2268 2165 1995 2102 2072 2065
541Bamfield2007 11  2174 2341 2365 2227 2132 2124 2076 2010 2144 2142 1984
541Bamfield2007 12  1909 1949 1931 1937 2009 1957 1992 2055 1972 1937 2025
541Bamfield2007 13  2047 2033 2031 2015 2041 2038 2027 2037 2043
541Bamfield2007 21  2009 1986 2011 2024 2038 2102 2171 2187 2172 2217 2331
541Bamfield2007 22  2293 2126 2096 2126 2007 2032 2078 2101 2162 2119 2153
541Bamfield2007 23  2107 2194 2374 2316 2241 2178
541Bamfield2007 31  2029 1988 1961 1951 2028 2079 2118 2141 2204 2202 2267
541Bamfield2007 32  2188 2056 1980 1914 1990 2021 2017 2117 2085 1949 2003
541Bamfield2007 33  2077 2125 2055 2045 1989 1798 1795 1902 1906
541Bamfield2007 41  1875 1861 1858 1914 1951 2022 2066 2127 2158 2019 2018
541Bamfield2007 42  2014 2070 2068 1876 1931 1993 1944 1962 2000 2085 2094
541Bamfield2007 43  1986 1968 1954 1959 1964 1901 1852 1860
541Bamfield2007 51  1949 2092 2082 2018 1937 1890 1885 1917 1859 1804 1791
541Bamfield2007 52  1806 1775 1772 1857 1875 1885 1908 1950 1987 1960 1869
541Bamfield2007 53  1829 1856 1882 1881 1873 1855 1880 1904 1905
541Bamfield2007 61  1924 1948 1963 1976 1980 1941 1864 1853 1960 2006 1953
541Bamfield2007 62  1938 1937 1916 1952 1934 1863 1838 1872 1890 1883 1907
541Bamfield2007 63  1942 1960 1908 1901 1939 1997 2028 1965
541Bamfield2007 71  1956 1976 1946 1889 1862 1856 1864 1865 1871 1915 2004
541Bamfield2007 72  2053 2020 2018 2051 2047 2055 2055 2043 2087 2139 2134
541Bamfield2007 73  2067 1999 1975 1987 1996 2007 1979 1930 1893
541Bamfield2007 81  1874 1892 1907 1942 2021 2059 2052 2045 2037 2004 2010
541Bamfield2007 82  2017 1970 1973 2014 2030 2036 2065 2085 2062 2021 1991
541Bamfield2007 83  2003 1990 1976 1937 1883 1872 1900 1923 1922
541Bamfield2007 91  1949 1999 2041 2040 1972 1919 1844 1790 1798 1855 1952
541Bamfield2007 92  1998 1994 1976 1960 1991 1997 1977 1954 1945 1958 1964
541Bamfield2007 93  1907 1875 1883 1877 1965 2028 2086 2247
541Bamfield2007101  2147 2069 2094 2071 1980 1987 2071 2022 2158 2173 2048
541Bamfield2007102  2072 2056 2073 2155 2252 2235 2240 2322 2207 2014 1971
541Bamfield2007103  1950 1938 1807 1745 1804 1881 1925 1865 1832
541Bamfield2007111  1799 1775 1829 1827 1810 1880 1939 2034 2174 2167 2173
541Bamfield2007112  2348 2123 2041 2243 2210 2140 2100 2059 1926 1863 1868
541Bamfield2007113  1896 1951 1931 1977 1947 1914 1973 1913
541Bamfield2007121  2047 2211 2544 2571 2241 2164 2092 1925 1891 1939 1980
541Bamfield2007122  1929 1894 2003 2078 2211 2286 2242 2340 2249 2079 2175
541Bamfield2007123  2188 2065 2063 2053 2056 2200 2179 2078 1888
541Bamfield2008 11  2046 2211 2351 2660 2758 2494 2345 2431 2360 2386 2308
541Bamfield2008 12  2210 2121 2143 1943 1820 1854 1858 1917 1946 1862 1826
541Bamfield2008 13  1899 2052 2035 2065 2184 2201 2235 2240 2285
541Bamfield2008 21  2223 2186 2193 2030 2065 2081 2085 1975 1962 1986 1926
541Bamfield2008 22  1950 1935 1879 1911 1902 1859 1948 2060 2047 2088 2174
541Bamfield2008 23  2187 2158 2055 1991 2053 2048 2143
541Bamfield2008 31  2104 1891 1945 1912 1838 1865 1898 1901 1903 2021 2021
541Bamfield2008 32  1927 2035 2109 2034 1883 1894 1896 1889 1932 1863 1829
541Bamfield2008 33  1991 1977 1991 2047 1969 2053 2028 1917 1853
541Bamfield2008 41  1817 1809 1803 1890 1990 2074 2014 1961 1962 1898 1807
541Bamfield2008 42  1850 1893 1917 1893 1804 1775 1821 1872 1873 1868 1918
541Bamfield2008 43  2018 1985 1858 1815 1855 1923 1960 1877
541Bamfield2008 51  1810 1830 1828 1806 1813 1816 1812 1817 1845 1892 1857
541Bamfield2008 52  1787 1829 1800 1728 1822 1927 1944 1994 2031 1965 1922
541Bamfield2008 53  1964 1996 1947 1927 1905 1920 1936 1913 1909
541Bamfield2008 61  1904 1936 2026 1990 2004 2032 1891 1821 1895 1894 1796
541Bamfield2008 62  1784 1816 1816 1815 1851 1865 1837 1877 1915 1937 1877
541Bamfield2008 63  1844 1859 1860 1849 1848 1894 1962 2019
541Bamfield2008 71  2017 2023 2039 2044 2037 1945 1863 1826 1831 1850 1855
541Bamfield2008 72  1884 1913 1954 1969 1954 1951 1944 1917 1912 1886 1885
541Bamfield2008 73  1898 1915 1958 1991 2002 2005 2062 2032 2030
541Bamfield2008 81  2072 1994 1958 1956 1969 1994 2030 2060 2068 2036 2020
541Bamfield2008 82  2032 1988 1953 1955 1989 2039 2035 2072 2195 2152 2040
541Bamfield2008 83  2041 2098 2070 2026 2044 1987 1978 1937 1908
541Bamfield2008 91  1883 1898 1898 1870 1874 1884 1892 1946 2005 1966 1929
541Bamfield2008 92  1931 1923 1900 1916 1996 2057 2061 2041 2019 2013 1967
541Bamfield2008 93  1928 2038 2064 1957 1916 1893 1951 9999
541Bamfield2008101  2040 2105 2195 2305 2167 2102 2063 1893 1894 1838 1779
541Bamfield2008102  1783 1789 1747 1791 1922 1971 1907 1897 1953 1847 1828
541Bamfield2008103  1853 1798 1754 1772 1884 1946 1994 2077 2110
541Bamfield2008111  2163 2220 2145 2114 2040 2086 2120 2236 2198 2101 2173
541Bamfield2008112  2225 2065 1942 1957 1988 2020 1963 1953 2070 2088 2059
541Bamfield2008113  1987 2049 2033 1981 2080 2062 2018 1998
541Bamfield2008121  2087 2093 1980 1937 1945 1979 2025 1987 1982 1942 1859
541Bamfield2008122  2044 2159 2093 1995 1921 2016 2089 1969 1929 2161 2198
541Bamfield2008123  2120 2223 2238 2099 2156 2166 2159 2103 2128
541Bamfield2009 11  2158 2168 2038 2136 2268 2213 2282 2224 2000 1983 1954
541Bamfield2009 12  1884 1862 1880 1972 2015 1996 2015 2019 2029 2061 2081
541Bamfield2009 13  2055 2039 2014 1950 1978 1888 1785 1829 1812
541Bamfield2009 21  1814 1899 1957 2021 2086 2048 1932 2044 2063 2061 2076
541Bamfield2009 22  2041 2088 2103 2095 2144 2164 2070 2028 2033 2063 2163
541Bamfield2009 23  2186 2222 2247 2128 1993 2041
541Bamfield2009 31  2202 2299 2291 2289 2239 2091 2030 2012 1998 1915 1859
541Bamfield2009 32  1842 1919 2108 2308 2279 2110 2063 2093 2125 2142 2076
541Bamfield2009 33  1975 1994 1973 1921 1890 1939 1898 1842 1895
541Bamfield2009 41  1937 2009 1875 1818 1835 1835 1900 1981 2004 2016 2041
541Bamfield2009 42  2059 2011 1931 1881 1863 1863 1802 1793 1781 1802 1834
541Bamfield2009 43  1841 1856 1860 1823 1881 1937 1872 1828
541Bamfield2009 51  1903 2024 1990 2069 2189 2096 2008 1876 1868 1917 2005
541Bamfield2009 52  1989 1969 2030 1941 1921 1939 1973 1993 1925 1899 1902
541Bamfield2009 53  1895 1905 1905 1918 1878 1875 1897 1898 1944
541Bamfield2009 61  1998 2024 2027 2058 2086 2092 2068 2058 2071 2061 2030
541Bamfield2009 62  2001 1999 2005 2016 2030 2046 2044 2079 2062 2031 1971
541Bamfield2009 63  1941 2010 1965 1857 1846 1843 1835 1849
541Bamfield2009 71  1869 1921 1977 2028 2076 2072 2042 2040 2006 1962 1945
541Bamfield2009 72  1958 1921 1887 1915 1912 1920 1933 1931 1946 1954 1930
541Bamfield2009 73  1929 1928 1913 1898 1942 2028 2096 2103 2074
541Bamfield2009 81  2066 2063 2069 2065 2048 2047 2014 1967 1979 2030 2019
541Bamfield2009 82  1994 1996 1988 1957 1931 1908 1919 1990 2029 1987 1963
541Bamfield2009 83  1971 1996 2017 2017 2041 2010 1990 2012 9999
541Bamfield2009 91  1988 1988 2019 2016 2101 2149 2071 2038 2084 1997 1997
541Bamfield2009 92  2108 2154 2097 2044 2038 1988 2039 2068 1940 1916 2015
541Bamfield2009 93  2057 2008 1968 1901 1888 2045 2082 1974
541Bamfield2009101  1947 1968 1957 1959 1945 1933 1958 1957 1941 1948 2002
541Bamfield2009102  2070 2258 2354 2170 2149 2206 2206 2157 2130 2175 2140
541Bamfield2009103  2181 2086 2048 2118 1983 1901 2048 2138 2100
541Bamfield2009111  1959 1943 1969 2129 2338 2358 2259 2216 2265 2211 2155
541Bamfield2009112  2161 2168 2060 2185 2379 2420 2360 2477 2543 2406 2405
541Bamfield2009113  2260 2208 2208 2188 2095 2041 2050 2078
541Bamfield2009121  2044 2013 2041 2036 1982 1961 1978 1974 1937 1979 2070
541Bamfield2009122  2155 2174 2193 2357 2429 2314 2207 2170 2316 2386 2212
541Bamfield2009123  2072 2063 2145 2227 2207 2168 2270 2299 2290
541Bamfield2010 11  2446 2333 2172 2220 2254 2207 2227 2324 2311 2311 2498
541Bamfield2010 12  2592 2508 2444 2492 2410 2515 2711 2760 2751 2714 2690
541Bamfield2010 13  2494 2421 2535 2425 2280 2282 2309 2274 2233
541Bamfield2010 21  2248 2295 2316 2393 2468 2398 2289 2250 2225 2230 2354
541Bamfield2010 22  2431 2367 2269 2184 2173 2063 2097 2138 2136 2152 2153
541Bamfield2010 23  2218 2301 2250 2335 2372 2265
541Bamfield2010 31  2237 2298 2274 2227 2199 2184 2241 2116 2089 2206 2261
541Bamfield2010 32  2320 2233 2048 2030 2113 2009 1848 1884 2050 2154 2053
541Bamfield2010 33  1970 2040 2143 2068 2011 2159 2396 2401 2242
541Bamfield2010 41  2195 2440 2384 2341 2442 2255 2138 2116 1987 2011 2092
541Bamfield2010 42  2139 2117 2080 2077 2095 2135 2171 2223 2194 2061 1965
541Bamfield2010 43  1972 1973 1903 2085 2296 2229 2093 1995
541Bamfield2010 51  1994 1997 2020 1864 1825 1810 1797 1852 1929 1961 1882
541Bamfield2010 52  1825 1864 1898 1898 1930 1993 2009 2085 2146 2041 2025
541Bamfield2010 53  1994 2045 2094 2092 2074 2049 1974 2006 2084
541Bamfield2010 61  2085 2178 2139 2084 2009 2046 2025 2022 2096 2057 1934
541Bamfield2010 62  1868 1860 1820 1834 1858 1849 1874 1902 1880 1887 1901
541Bamfield2010 63  1914 1944 1956 1929 1934 1968 1946 1903
541Bamfield2010 71  1927 1950 1909 1873 1836 1848 1917 1968 2007 1998 1987
541Bamfield2010 72  1969 1898 1872 1883 1903 1915 1921 1911 1924 1947 1940
541Bamfield2010 73  1891 1867 1915 1991 2013 1972 1929 1935 1968
541Bamfield2010 81  1972 1971 1963 1971 2008 2013 2001 1980 1957 1953 1934
541Bamfield2010 82  1933 1959 1989 2012 2010 2040 2041 1993 1964 1962 1905
541Bamfield2010 83  1842 1870 1934 1943 1932 1979 2012 2013 2027
541Bamfield2010 91  2002 1949 1963 1924 1885 1920 1987 2001 1979 1942 1947
541Bamfield2010 92  1992 1994 1996 2024 2044 2048 2080 2130 2104 2037 2025
541Bamfield2010 93  2062 2070 2086 2090 2087 2037 1971 2018
541Bamfield2010101  2042 1990 2014 1966 1836 1870 2001 2076 2167 2108 2002
541Bamfield2010102  1976 2000 2004 1932 1913 1903 1882 1908 1972 2040 2124
541Bamfield2010103  2237 2452 2377 2186 2103 2168 2144 2176 2181
541Bamfield2010111  2181 2038 2040 2112 2099 2189 2263 2167 2240 2210 2095
541Bamfield2010112  1989 1968 1986 1985 2015 2121 2190 2189 2225 2189 2152
541Bamfield2010113  2028 1961 2034 2182 2163 2056 2018 9999
541Bamfield2010121  2192 2165 2087 2010 2082 2166 2252 2379 2349 2240 2195
541Bamfield2010122  2289 2312 2415 2302 2238 2286 2422 2502 2551 2573 2505
541Bamfield2010123  2526 2581 2541 2521 2420 2416 2368 2183 2159
541Bamfield2011 11  2177 2130 2088 2092 2158 2159 2157 2075 2017 1968 2051
541Bamfield2011 12  2236 2257 2250 2239 2348 2258 2098 2004 1984 2061 1983
541Bamfield2011 13  1976 2048 2038 2018 2057 2156 2196 2127 2025
541Bamfield2011 21  1972 1987 1991 1993 1967 1996 1990 1857 1817 1870 1988
541Bamfield2011 22  2151 2165 2342 2430 2327 2233 2156 2046 2030 2059 2068
541Bamfield2011 23  2060 2036 1959 2004 2133 9999
541Bamfield2011 31  2100 2317 2230 2110 2119 2072 2099 2132 2194 2314 2270
541Bamfield2011 32  2260 2309 2350 2402 2337 2182 2247 2284 2233 2224 2149
541Bamfield2011 33  2160 2287 2319 2364 2369 2265 2233 2202 2138
541Bamfield2011 41  2112 2071 1979 2057 2101 2083 2027 1981 2000 2081 2051
541Bamfield2011 42  1987 2072 2047 2028 2064 2041 2012 1979 1996 1952 1892
541Bamfield2011 43  1971 2065 2094 2004 2010 2021 1887 1784
541Bamfield2011 51  1792 1866 1809 1793 1868 1933 2034 2009 1906 1884 1978
541Bamfield2011 52  1952 1905 1977 2090 2082 2057 2030 1964 1940 1939 1938
541Bamfield2011 53  1910 1901 1970 2010 2023 2006 1986 1990 1998
541Bamfield2011 61  2004 1998 1966 1948 1973 2000 1988 1938 1892 1874 1915
541Bamfield2011 62  1976 1983 1896 1867 1886 1910 1926 1906 1913 1927 1931
541Bamfield2011 63  1911 1887 1901 1906 1970 2072 2091 1996
541Bamfield2011 71  1907 1941 1953 1898 1844 1829 1861 1870 1898 1947 1990
541Bamfield2011 72  2015 2024 2027 2034 2039 2022 2002 1969 1950 1986 1968
541Bamfield2011 73  1938 1939 1944 1948 1929 1884 1878 1884 1900
541Bamfield2011 81  1915 1938 1956 1952 1919 1911 1919 1906 1899 1922 1916
541Bamfield2011 82  1896 1913 1923 1920 1907 1893 1878 1890 1918 1953 2009
541Bamfield2011 83  1992 1968 1966 1952 1933 1925 1933 1914 1900
541Bamfield2011 91  1866 1832 1835 1903 1940 1924 1899 1881 1851 1881 1931
541Bamfield2011 92  1928 1908 1933 1982 1984 1989 1990 1934 1930 2006 2044
541Bamfield2011 93  2045 2087 2162 2191 2121 1963 2037 2073
541Bamfield2011101  2037 2056 2179 2283 2301 2131 1989 1970 2005 2156 2219
541Bamfield2011102  2041 1957 1982 1982 1943 1864 1885 1976 1979 1973 1949
541Bamfield2011103  1910 1853 1783 1818 1874 2001 1984 1989 1902
541Bamfield2011111  1769 1918 2015 1965 2011 2005 1953 1956 2005 2005 2051
541Bamfield2011112  2050 2043 1994 1892 1989 2101 2077 2025 2000 2171 2349
541Bamfield2011113  2385 2419 2228 2163 2209 2007 1983 1914
541Bamfield2011121  1777 1803 1793 1761 1768 1807 1800 1808 1875 1945 1922
541Bamfield2011122  1878 1908 1931 1916 1866 1912 1900 1816 1844 1823 1836
541Bamfield2011123  1874 1910 1995 1980 2062 2194 2195 2184 1979
541Bamfield2012 11  1997 2114 2197 2290 2162 2053 2054 2059 2033 1897 1827
541Bamfield2012 12  1858 1905 2000 2014 1998 2037 2088 2192 2366 2437 2374
541Bamfield2012 13  2310 2289 2260 2085 1920 1945 2093 2104 2117
541Bamfield2012 21  2077 1949 2018 2058 2034 2053 2131 2108 2094 2182 2178
541Bamfield2012 22  2125 2103 2081 1995 1992 2085 2110 1987 2034 2024 1956
541Bamfield2012 23  1828 1980 1993 1793 1829 2040 2203
541Bamfield2012 31  2017 1875 1875 1901 1981 1862 1739 1788 1869 1977 2124
541Bamfield2012 32  2337 2365 2312 2405 2371 2288 2196 2172 2278 2190 2126
541Bamfield2012 33  2102 2086 2123 2174 2275 2397 2478 2429 2397
541Bamfield2012 41  2319 2272 2305 2163 2041 1976 1973 2043 2090 2129 2147
541Bamfield2012 42  2158 2159 2089 2025 2072 2063 2101 2093 2052 2011 2070
541Bamfield2012 43  2070 2050 2169 2224 2073 2005 2020 2116
541Bamfield2012 51  2060 2005 2058 2004 1875 1836 1862 1890 1834 1745 1735
541Bamfield2012 52  1766 1800 1864 1907 1919 1931 1909 1906 1946 2039 2065
541Bamfield2012 53  2023 2008 1999 1989 1956 1915 1889 1864 1880
541Bamfield2012 61  1964 1974 1938 1962 1924 1878 2010 2020 1926 1859 1859
541Bamfield2012 62  1906 1896 1873 1892 1934 1991 1984 1926 1924 1999 2046
541Bamfield2012 63  2064 2013 1968 1964 1968 2018 2039 9999
541Bamfield2012 71  2013 1999 2008 1972 1956 1894 1857 1882 1898 1873 1894
541Bamfield2012 72  1932 1947 1958 1971 1984 2004 1991 1985 2001 1970 1973
541Bamfield2012 73  1936 1901 1912 1946 1973 1962 1940 1925 1900
541Bamfield2012 81  1867 1864 1888 1930 1984 2005 2005 1974 1926 1927 1929
541Bamfield2012 82  1919 1907 1932 1969 1992 2017 2011 1986 1970 1977 1954
541Bamfield2012 83  1947 1914 1939 2028 2046 2021 1988 1984 1988
541Bamfield2012 91  1932 1896 1902 1888 1904 1946 1969 2004 2037 1996 1888
541Bamfield2012 92  1820 1845 1931 1972 1937 1939 1964 1956 1956 1947 1934
541Bamfield2012 93  1925 1908 1881 1875 1905 1951 1911 1833
541Bamfield2012101  1833 1842 1809 1838 1870 1898 1947 2003 1983 1961 1971
541Bamfield2012102  2023 2043 2097 2157 2112 1945 1993 2061 2030 2054 2118
541Bamfield2012103  2143 2087 1974 1989 2099 2151 2133 2126 2220
541Bamfield2012111  2217 2165 2162 2113 2027 2044 2054 2051 2061 2009 2036
541Bamfield2012112  2110 2078 2006 1971 2089 2253 2302 2413 2491 2366 2193
541Bamfield2012113  2223 2135 2035 9999 2137 2258 2451 2580
541Bamfield2012121  2631 2586 2444 2500 2392 2241 2192 2081 2040 2017 2139
541Bamfield2012122  2187 2128 2168 2239 2358 2412 2228 2341 2476 2461 2467
541Bamfield2012123  2476 2307 2341 2419 2233 2180 2137 2063 2034
541Bamfield2013 11  1992 2029 2082 2082 2105 2138 2152 2152 2232 2102 1968
541Bamfield2013 12  1915 1894 1873 1814 1777 1833 1898 1945 1959 1976 2049
541Bamfield2013 13  2103 2063 2093 2116 2069 2007 1906 1856 9999
541Bamfield2013 21  1813 1816 1843 1930 2075 2111 2105 1931 1846 1817 1822
541Bamfield2013 22  1837 1811 1771 1798 1867 1866 1950 2011 1939 1931 1995
541Bamfield2013 23  1901 1848 1924 1826 1854 1889
541Bamfield2013 31  1948 1950 1878 1876 2022 2082 2011 1945 1857 1786 1828
541Bamfield2013 32  1951 1993 2023 2010 2010 1970 1905 1980 2196 2002 1823
541Bamfield2013 33  1802 1838 1899 1926 1935 1933 1891 1880 1951
541Bamfield2013 41  1984 1916 1885 2001 2115 2136 2106 2008 1935 1987 1898
541Bamfield2013 42  1928 1968 1914 1911 1845 1775 1786 1861 1828 1800 1734
541Bamfield2013 43  1723 1782 1833 1826 1851 1884 1889 1775
541Bamfield2013 51  1659 1639 1670 1732 1847 1945 1958 1911 1854 1842 1882
541Bamfield2013 52  1938 1950 1897 1903 1947 1960 1906 1791 1803 1910 1925
541Bamfield2013 53  1921 1922 1924 1949 2025 2076 2036 1965 1882
541Bamfield2013 61  1880 1911 1890 1875 1866 1872 1904 1906 1902 1904 1917
541Bamfield2013 62  1894 1866 1848 1899 1891 1880 1943 1962 1949 1923 1921
541Bamfield2013 63  2006 2082 2103 2076 2018 1995 1991 9999
541Bamfield2013 71  1998 1936 1881 1865 1884 1914 1935 1913 1878 1883 1904
541Bamfield2013 72  1888 1856 1851 1870 1948 1977 1929 1916 1917 1933 1937
541Bamfield2013 73  1900 1870 1877 1878 1881 1915 1944 1935 1923
541Bamfield2013 81  1951 1952 1936 1930 1926 1931 1923 1916 1945 1951 1924
541Bamfield2013 82  1925 1923 1958 1987 1987 1961 1936 1914 1866 1856 1899
541Bamfield2013 83  1976 2020 2006 2031 2054 2038 2042 2007 1987
541Bamfield2013 91  2041 2052 2023 1991 1994 2018 2006 1967 1923 1938 1987
541Bamfield2013 92  2016 2019 2022 2048 2037 1997 1957 1982 2075 2083 2141
541Bamfield2013 93  2129 2056 2038 2005 2024 2190 2352 2333
541Bamfield2013101  2165 2073 1980 1925 1931 2010 2078 1986 1949 1976 1931
541Bamfield2013102  1897 1850 1804 1817 1875 1888 1904 1932 1919 1918 1946
541Bamfield2013103  1982 1980 1934 1885 1919 1948 1969 1975 1948
541Bamfield2013111  1944 2061 1953 1930 1985 1964 2079 2008 1935 1944 1993
541Bamfield2013112  2018 1902 1896 2012 2078 2033 2055 2063 1893 1748 1728
541Bamfield2013113  1832 1892 1878 1906 1982 1978 1907 1900
541Bamfield2013121  2032 1997 1891 1830 1841 1843 1781 1737 1732 1755 1813
541Bamfield2013122  1937 1940 1901 1901 1858 1900 1909 1839 1945 1982 1893
541Bamfield2013123  1885 1800 1776 1848 1921 1863 1847 1913 1922
541Bamfield2014 11  1891 1966 1946 1846 1847 1937 2047 2110 2127 2133 2313
541Bamfield2014 12  2184 1951 1838 1805 1839 1949 2017 1997 1969 1980 1932
541Bamfield2014 13  1877 1899 1933 1963 2000 2026 2108 2101 2007
541Bamfield2014 21  1949 1967 1952 1882 1841 1933 2038 2035 2021 2042 2069
541Bamfield2014 22  2193 2150 2119 2155 2240 2231 2218 2135 2044 1945 1921
541Bamfield2014 23  1980 1998 2010 2039 2072 9999
541Bamfield2014 31  2133 2188 2191 2141 2246 2387 2233 2215 2238 2104 1927
541Bamfield2014 32  1903 1995 2065 2045 2057 1945 1906 1975 1902 1828 1832
541Bamfield2014 33  1842 1921 2120 2207 2144 2158 2241 2178 2130
541Bamfield2014 41  2157 2142 2193 2205 2132 2041 2004 2026 1977 1918 1911
541Bamfield2014 42  1904 1884 1918 1933 1991 2065 2019 2032 2009 2013 2047
541Bamfield2014 43  2089 2173 2122 2134 2180 2042 1965 2004
541Bamfield2014 51  2103 2121 2150 2246 2195 2067 2022 2110 2138 2005 1917
541Bamfield2014 52  1916 1906 1914 2017 2069 2052 2087 2072 1991 1925 1921
541Bamfield2014 53  1956 1945 1976 2006 1967 1962 1944 1918 1908
541Bamfield2014 61  1901 1939 1944 1893 1859 1849 1830 1811 1823 1834 1881
541Bamfield2014 62  1961 1968 1928 1963 1968 1903 1873 1913 1899 1894 1914
541Bamfield2014 63  1931 1959 1997 2048 2080 2055 1982 1926
541Bamfield2014 71  1970 1975 1931 1953 1981 1972 1951 1947 1948 1976 2006
541Bamfield2014 72  2004 1998 1998 1977 1966 1962 1947 1967 2004 2014 2026
541Bamfield2014 73  2049 2019 1977 1958 1906 1895 1898 1901 1898
541Bamfield2014 81  1921 1957 1957 1946 1931 1921 1928 1935 1907 1875 1915
541Bamfield2014 82  1978 1985 1976 1986 1979 1967 1987 2030 2017 1997 1982
541Bamfield2014 83  1957 1969 1971 1966 1969 1973 1982 2003 1995
541Bamfield2014 91  1978 1996 1957 1901 1890 1931 2026 2056 1999 1936 1901
541Bamfield2014 92  1934 1996 2063 2107 2124 2132 2114 2026 1994 2070 2085
541Bamfield2014 93  2152 2236 2229 2199 2099 2065 2105 2055
541Bamfield2014101  1972 1944 1921 1938 1972 1996 2021 2047 2055 2067 2064
541Bamfield2014102  2027 2157 2224 2225 2211 2310 2310 2349 2364 2347 2457
541Bamfield2014103  2414 2300 2397 2345 2257 2393 2310 2258 2242
541Bamfield2014111  2157 2116 2176 2196 2160 2271 2107 2012 2085 2023 1972
541Bamfield2014112  1988 2085 2069 1982 1954 2008 2072 2126 2169 2263 2312
541Bamfield2014113  2157 2106 2112 2138 2249 2311 2224 2090
541Bamfield2014121  2075 2079 2190 2266 2295 2304 2254 2380 2542 2633 2696
541Bamfield2014122  2601 2322 2245 2358 2422 2404 2410 2488 2580 2502 2260
541Bamfield2014123  2238 2245 2091 2024 2075 2038 1936 1842 1863
541Bamfield2015 11  1954 2029 2025 2106 2176 2115 2065 2087 2123 2126 2101
541Bamfield2015 12  2042 1991 2058 2214 2236 2233 2359 2164 2031 2035 2050
541Bamfield2015 13  2077 2075 2073 2143 2146 2042 2023 2050 9999
541Bamfield2015 21  2091 2126 2092 2101 2341 2554 2532 2447 2450 2334 2260
541Bamfield2015 22  2238 2197 2091 1984 1973 2020 2074 2043 1987 1933 1882
541Bamfield2015 23  1886 1907 1921 1976 2054 1972
541Bamfield2015 31  1936 1952 1896 1878 1865 1851 1894 1927 1930 2011 2121
541Bamfield2015 32  2040 2014 2137 2127 2070 2048 1990 2038 2158 2146 2112
541Bamfield2015 33  2135 2124 2145 2117 2109 2083 2063 2121 2081
541Bamfield2015 41  1949 1904 1982 2027 2083 2116 2101 2066 2046 2128 2124
541Bamfield2015 42  2020 2066 1977 1828 1823 1837 1802 1843 1927 1941 1870
541Bamfield2015 43  1970 2049 1974 1924 1954 1981 1913 1896
541Bamfield2015 51  1915 1894 1903 1971 1989 1942 1907 1905 1891 1878 1901
541Bamfield2015 52  1963 1990 1979 1967 1948 1940 1948 1946 1976 2011 1984
541Bamfield2015 53  1931 1900 1928 1930 1915 1932 1971 1977 9999
541Bamfield2015 61  2043 2028 1989 1952 1917 1905 1896 1883 1910 1940 1911
541Bamfield2015 62  1872 1874 1903 1924 1907 1917 1933 1912 1904 1934 1920
541Bamfield2015 63  1923 1950 1937 1917 1928 1962 1994 1975
541Bamfield2015 71  1964 1968 1974 2014 2055 2037 2014 2039 2068 2076 2093
541Bamfield2015 72  2098 2056 2024 2003 1958 1925 1956 1982 1988 1997 2004
541Bamfield2015 73  2011 2005 2023 2058 2039 1979 1949 1947 1963
541Bamfield2015 81  1998 2014 2021 2017 1999 1981 1991 2035 2045 2028 2003
541Bamfield2015 82  1994 2007 2025 1964 1897 1892 1918 1944 1964 1980 1962
541Bamfield2015 83  1958 1955 1968 1993 1989 2022 2168 2173 2104
541Bamfield2015 91  2103 2106 2058 2025 2004 1998 1994 1992 1978 1950 1955
541Bamfield2015 92  1996 2029 2060 2091 2123 2143 2119 2137 2160 2067 2021
541Bamfield2015 93  2061 2101 2067 2016 1982 1994 2043 2096
541Bamfield2015101  2098 2033 2008 2042 2071 2043 2031 2046 2140 2249 2166
541Bamfield2015102  2116 2056 2006 2061 2140 2171 2158 2146 2061 2047 2014
541Bamfield2015103  1976 2031 2168 2202 2164 2188 2142 2188 2293
541Bamfield2015111  2291 2153 2035 1990 1985 2016 2131 2153 2105 2054 2029
541Bamfield2015112  2110 2242 2208 2166 2123 2237 2100 2005 1946 1929 1987
541Bamfield2015113  2089 2102 1999 1970 1982 2017 2077 2139
541Bamfield2015121  2231 2286 2448 2394 2428 2581 2554 2551 2557 2680 2620
541Bamfield2015122  2571 2553 2192 2094 2120 2275 2366 2357 2403 2431 2441
541Bamfield2015123  2397 2322 2150 2051 2201 2185 2111 2043 2002
541Bamfield2016 11  2050 2116 2156 2221 2319 2407 2343 2265 2255 2217 2220
541Bamfield2016 12  2308 2349 2278 2314 2420 2447 2386 2369 2310 2382 2434
541Bamfield2016 13  2341 2227 2194 2207 2271 2359 2344 2284 2160
541Bamfield2016 21  2075 2071 2174 2156 2187 2141 1994 2023 2124 2131 2116
541Bamfield2016 22  2172 2169 2185 2196 2225 2340 2468 2453 2311 2235 2135
541Bamfield2016 23  2082 2110 2098 2148 2154 2213 9999
541Bamfield2016 31  2347 2401 2333 2382 2498 2534 2378 2256 2371 2597 2482
541Bamfield2016 32  2447 2511 2464 2228 2102 2069 2110 2161 2227 2310 2247
541Bamfield2016 33  2192 2209 2096 2107 2129 2010 1969 1988 1967
541Bamfield2016 41  1919 1912 1963 1952 1823 1817 1921 1971 1974 2019 1998
541Bamfield2016 42  2002 2060 2125 1993 1892 1909 1962 1988 2039 2076 2105
541Bamfield2016 43  2069 2027 1946 1924 1949 1922 1880 1777
541Bamfield2016 51  1774 1886 1895 1865 1859 1854 1901 1910 1868 1837 1869
541Bamfield2016 52  1928 1966 1993 1980 1924 1853 1862 1898 1941 1990 1979
541Bamfield2016 53  1971 1982 1942 1885 1881 1932 1897 1810 1822
541Bamfield2016 61  1889 1938 1901 1911 1975 1983 9999 1976 1979 1994 1929
541Bamfield2016 62  1868 1897 1928 1949 1951 1934 1940 1876 1882 1888 1923
541Bamfield2016 63  1979 1914 1839 1824 1838 1860 1869 1848
541Bamfield2016 71  1870 1906 1899 1875 1870 1883 1955 2029 2018 1989 1959
541Bamfield2016 72  1960 1908 1860 1854 1887 1931 1956 1940 1931 1936 1889
541Bamfield2016 73  1839 1846 1847 1835 1845 1854 1891 1939 1936
541Bamfield2016 81  1924 1920 1879 1881 1908 1926 1963 1963 1953 1950 1930
541Bamfield2016 82  1918 1945 1963 1945 1911 1896 1898 1922 1967 1989 1941
541Bamfield2016 83  1895 1882 1927 2011 2040 2010 1994 2027 2054
541Bamfield2016 91  2032 2020 1979 1957 1952 1967 1937 1892 1843 1865 1881
541Bamfield2016 92  1888 1926 1937 1911 1933 1982 1977 1981 1956 1943 1969
541Bamfield2016 93  2010 1949 1893 1924 1908 1882 1912 1953
541Bamfield2016101  2037 2055 2070 2134 2082 2056 2131 2076 2044 1984 1942
541Bamfield2016102  1990 2227 2437 2442 2484 2371 2189 2110 2160 2153 2159
541Bamfield2016103  2183 2256 2343 2313 2326 2275 2244 2251 2282
541Bamfield2016111  2280 2388 2349 2281 2338 2313 2344 2337 2234 2189 2221
541Bamfield2016112  2263 2250 2246 2254 2233 2158 2193 2383 2465 2344 2328
541Bamfield2016113  2343 2386 2414 2426 2414 2286 2147 9999
541Bamfield2016121  2074 2089 2069 2014 2008 1992 1915 1982 2125 2178 2164
541Bamfield2016122  2086 2004 2012 2090 2042 1949 1940 2066 2074 1996 2117
541Bamfield2016123  2186 2150 2092 2154 2190 2052 2082 2020 1989
541Bamfield2017 11  2042 1996 1952 1928 1922 2029 2154 2258 2313 2273 2232
541Bamfield2017 12  2116 2010 1984 1987 2037 2288 2532 2508 2491 2516 2475
541Bamfield2017 13  2392 2258 2174 2091 2027 2015 2050 2007 1962
541Bamfield2017 21  1944 2016 2212 2318 2346 2401 2311 2238 2455 2492 2174
541Bamfield2017 22  1998 2011 2118 2368 2513 2351 2324 2376 2359 2235 2100
541Bamfield2017 23  2085 2090 2052 2143 2175 2086
541Bamfield2017 31  1952 1959 2097 2181 2253 2188 2129 2124 2141 2192 2174
541Bamfield2017 32  2128 2113 2190 2188 2105 2131 2204 2060 2051 2228 2274
541Bamfield2017 33  2229 2326 2245 2255 2256 2189 2276 2154 1971
541Bamfield2017 41  1990 1940 1891 2000 2105 2153 2401 2413 2226 2224 2175
541Bamfield2017 42  2251 2344 2234 2097 2123 2218 2215 2185 2120 2040 2161
541Bamfield2017 43  2202 2173 2168 2183 2064 1941 1947 1953
541Bamfield2017 51  1897 1954 1970 2001 2040 1963 1890 1878 1907 1970 2046
541Bamfield2017 52  2066 2060 2041 2056 2114 1998 1907 1896 1867 1851 1853
541Bamfield2017 53  1860 1853 1910 1939 1928 1921 1924 1944 1978
541Bamfield2017 61  2000 1968 1934 1897 1888 1936 2017 2091 2061 2058 2022
541Bamfield2017 62  1994 1955 1965 2088 2080 1981 1977 1987 1951 1852 1826
541Bamfield2017 63  1840 1903 1984 2020 2007 1986 1950 1930
541Bamfield2017 71  1922 1914 1885 1880 1904 1911 1918 1930 1945 1933 1916
541Bamfield2017 72  1927 1924 1899 1896 1867 1882 1912 1919 1942 1943 1950
541Bamfield2017 73  1931 1916 1909 1899 1919 1931 1931 1901 1875
541Bamfield2017 81  1892 1935 2006 2071 2083 2045 2014 2013 2017 2008 2003
541Bamfield2017 82  2010 2026 2004 1993 1948 1919 1910 1892 1886 1904 1937
541Bamfield2017 83  1964 1964 1944 1928 1908 1965 2051 2042 1975
541Bamfield2017 91  1931 1938 1934 1944 2008 2023 2027 2023 2014 1949 1939
541Bamfield2017 92  1972 1964 1977 1960 1961 2042 2110 2122 2117 2072 2027
541Bamfield2017 93  1995 1953 1955 1931 1938 2010 2045 2005
541Bamfield2017101  1952 1896 1846 1841 1840 1883 1935 1871 1844 1945 1945
541Bamfield2017102  1927 1891 1813 1811 1859 1919 2044 2213 2180 2198 2169
541Bamfield2017103  1951 1889 1943 1914 1913 1992 2015 1943 1956
541Bamfield2017111  2028 2074 2027 2024 2062 1970 2002 2143 2224 2158 2111
541Bamfield2017112  2162 2329 2354 2390 2351 2159 2059 2252 2322 2277 2364
541Bamfield2017113  2335 2238 2264 2379 2241 2194 2126 2144
541Bamfield2017121  2170 2174 2081 1927 1897 1909 1948 1963 1990 2009 2015
541Bamfield2017122  1970 1941 1964 1992 1955 2018 2047 2099 2036 1903 1939
541Bamfield2017123  1912 1972 1998 1944 1951 2025 2139 2094 1956
541Bamfield2018 11  1936 1953 2020 2112 2149 2067 2121 2232 2217 2114 2152
541Bamfield2018 12  2150 2058 2084 2191 2207 2312 2484 2383 2295 2408 2240
541Bamfield2018 13  2222 2390 2370 2256 2241 2234 2289 2223 2108
541Bamfield2018 21  2100 2099 2053 2069 2044 1982 1974 2023 1985 1932 1990
541Bamfield2018 22  1947 1927 1976 1866 1860 2029 2021 1844 1833 1856 1858
541Bamfield2018 23  1867 1913 1938 1903 1869 2008
541Bamfield2018 31  2158 2139 2072 2015 1937 1912 1991 2183 2176 2066 2052
541Bamfield2018 32  2092 2196 2186 2168 2163 2132 2065 1994 2001 2099 2206
541Bamfield2018 33  2216 2173 2104 2065 1998 1891 1858 1882 1878
541Bamfield2018 41  1926 1935 1917 1950 2039 2106 2265 2243 2035 2126 2198
541Bamfield2018 42  2145 2055 2031 2087 2148 2022 1923 1901 1927 1935 1843
541Bamfield2018 43  1827 1853 1906 1988 2036 2031 2027 1977
541Bamfield2018 51  1946 1949 1944 1900 1912 1973 1952 1996 2049 1984 1881
541Bamfield2018 52  1869 1949 1974 1983 1987 1975 1974 1970 1945 1904 1909
541Bamfield2018 53  1925 1901 1882 1870 1852 1849 1845 1876 1909
541Bamfield2018 61  1901 1873 1891 1916 1956 1979 1966 1984 2001 1989 1947
541Bamfield2018 62  1952 2014 1976 1956 1929 1919 1944 1934 1940 1925 1895
541Bamfield2018 63  1885 1904 1911 1865 1890 1918 1923 1919
541Bamfield2018 71  1906 1861 1859 1937 1959 1952 1951 1946 1957 1919 1897
541Bamfield2018 72  1920 1937 1944 1967 1972 1968 1928 1902 1893 1879 1869
541Bamfield2018 73  1891 1931 1938 1932 1954 1953 1927 1937 1952
541Bamfield2018 81  1950 1947 1933 1930 1946 1926 1932 1990 2001 2005 1986
541Bamfield2018 82  1937 1921 1951 1990 1972 1919 1918 1942 1954 1969 1995
541Bamfield2018 83  2015 1987 1957 1970 1966 1959 1983 1981 1953
541Bamfield2018 91  1945 1937 1910 1891 1915 1919 1936 1974 2021 2019 1986
541Bamfield2018 92  1987 1986 1988 2050 2075 1987 1939 1922 1926 2008 2029
541Bamfield2018 93  1923 1846 1821 1831 1895 2014 2108 2161
541Bamfield2018101  2172 2132 2054 2018 2034 2026 1965 2002 2009 1976 1957
541Bamfield2018102  1938 1905 1875 1882 1926 1977 1980 1945 1949 2004 2034
541Bamfield2018103  2093 2099 2126 2118 2092 2171 2088 2023 2075
541Bamfield2018111  2067 2024 1970 2036 1987 1946 1885 1830 1856 1871 1859
541Bamfield2018112  1909 2000 2036 1988 1966 1913 1940 2033 2105 2202 2276
541Bamfield2018113  2271 2139 2122 2284 2370 2305 2256 2217
541Bamfield2018121  2161 2082 2001 1965 2004 2021 2073 2126 2189 2171 2260
541Bamfield2018122  2214 2239 2397 2338 2412 2449 2508 2379 2473 2313 2289
541Bamfield2018123  2379 2256 2156 2136 2035 2007 2093 1994 1854
541Bamfield2019 11  1851 1996 2230 2317 2335 2373 2197 2200 2417 2376 2292
541Bamfield2019 12  2267 2180 2173 2263 2346 2458 2472 2419 2295 2174 2166
541Bamfield2019 13  2180 2017 1966 1920 1934 1993 2067 2122 2180
541Bamfield2019 21  2260 2260 2285 2240 2182 2106 2014 2040 2095 2132 2191
541Bamfield2019 22  2248 2290 2359 2367 2239 2097 1975 1973 1989 1926 1974
541Bamfield2019 23  1980 1962 2010 2013 2034 2034
541Bamfield2019 31  2001 2012 1976 1940 1957 2061 2068 1996 1983 1927 1955
541Bamfield2019 32  2022 1914 1863 1866 1863 1838 1863 1940 2002 1993 2018
541Bamfield2019 33  2004 1972 2052 2094 2101 2119 2054 2002 1989
541Bamfield2019 41  2028 2102 2134 2111 2189 2308 2270 2210 2138 2013 2031
541Bamfield2019 42  2029 2054 2032 2025 2023 1951 1951 2001 1981 1905 1915
541Bamfield2019 43  1931 1849 1840 1855 1826 1804 1816 1841
541Bamfield2019 51  1887 1889 1865 1901 1950 1954 1926 1897 1937 1990 1995
541Bamfield2019 52  1995 1984 2000 2036 2098 2075 2104 2142 2124 2122 2054
541Bamfield2019 53  1988 1978 1947 1941 1913 1871 1875 1889 1850
541Bamfield2019 61  1823 1846 1822 1797 1868 1925 1908 1803 1735 1741 1759
541Bamfield2019 62  1867 1943 1930 1904 1898 1882 1860 1849 1856 1857 1836
541Bamfield2019 63  1832 1856 1910 1948 1972 1970 1967 1956
541Bamfield2019 71  1963 1956 1942 1935 1908 1873 1888 1907 1930 1993 1982
541Bamfield2019 72  1972 1988 1980 1951 1959 2017 1992 1942 1915 1924 1930
541Bamfield2019 73  1927 1902 1894 1921 1900 1876 1922 1952 1962
541Bamfield2019 81  2000 1999 1908 1902 1918 1941 1968 1967 1974 1995 1984
541Bamfield2019 82  1965 1952 1933 1904 1904 1917 1942 1935 1950 2005 1984
541Bamfield2019 83  1980 1976 1921 1875 1903 1986 2023 1993 1978
541Bamfield2019 91  1981 1964 1951 1956 1978 1974 1982 2031 2048 2033 1980
541Bamfield2019 92  1986 2007 2038 2118 2122 2193 2196 2109 2050 2046 2110
541Bamfield2019 93  2047 1953 1908 1953 1925 1955 1984 2004
541Bamfield2019101  1951 1981 2056 2037 1926 1883 1971 1974 1854 1813 1886
541Bamfield2019102  1962 1973 1955 2010 2161 2228 2162 2106 2065 2058 1946
541Bamfield2019103  1816 1822 1856 1765 1741 1833 1826 1805 1830
541Bamfield2019111  1837 1870 1908 1911 1895 1891 1940 1995 1998 1969 1966
541Bamfield2019112  2002 1997 2053 2078 2051 2080 2068 2071 1936 1945 1909
541Bamfield2019113  1900 1938 1911 1979 2059 2046 2042 2011
541Bamfield2019121  2043 2062 2070 2107 2107 2162 2208 2121 2051 2108 2209
541Bamfield2019122  2263 2165 2121 2084 2078 2121 2186 2250 2292 2313 2293
541Bamfield2019123  2203 2225 2216 2156 2134 2106 2144 2057 2143
541Bamfield2020 11  2184 2084 2247 2212 2099 2124 2222 2187 2047 2172 2230
541Bamfield2020 12  2141 2089 2036 2170 2378 2162 2198 2225 2256 2348 2311
541Bamfield2020 13  2329 2361 2304 2319 2278 2285 2258 2193 2296
541Bamfield2020 21  2291 2114 2034 2022 2104 2084 2139 2059 1848 1847 1878
541Bamfield2020 22  1889 1969 1998 2014 2001 1905 1868 1891 1935 1949 1975
541Bamfield2020 23  2020 1832 1761 1805 1821 1939 1977
541Bamfield2020 31  1846 1859 1917 1895 1936 1971 1991 1956 1907 1927 1912
541Bamfield2020 32  1827 1913 1972 1926 1930 1994 2030 2003 1937 1885 1926
541Bamfield2020 33  2025 2009 1966 1960 1986 2043 2112 2150 2065
541Bamfield2020 41  1999 1936 1911 1973 2011 1934 1822 1783 1804 1847 1867
541Bamfield2020 42  1855 1817 1808 1829 1818 1871 1911 1896 1899 1877 1904
541Bamfield2020 43  1906 1897 1964 1974 1994 1917 1952 1964
541Bamfield2020 51  1922 2006 1953 1907 1962 1910 1822 1892 1975 2053 2107
541Bamfield2020 52  2139 2178 2130 2061 2130 2197 2159 9999 2032 2026 1998
541Bamfield2020 53  1937 1921 1935 1903 1877 1894 1917 1951 1930
541Bamfield2020 61  1889 1885 1879 1890 1965 2007 1972 1937 2003 2002 1970
541Bamfield2020 62  1956 1946 1947 1989 1969 1892 1880 1930 1961 1917 1899
541Bamfield2020 63  1923 1937 1899 1879 1900 1914 1918 1937
541Bamfield2020 71  1956 1979 1970 1925 1920 1959 1964 1949 1965 1932 1914
541Bamfield2020 72  1914 1899 1872 1854 1902 1921 1891 1906 1948 1981 1998
541Bamfield2020 73  1956 1915 1883 1871 1916 1963 1997 1996 1999
541Bamfield2020 81  1987 1984 1951 1924 1954 1962 1896 1860 1820 1837 1918
541Bamfield2020 82  1951 1937 1906 1916 1990 2007 1956 1958 2058 2111 1995
541Bamfield2020 83  1959 1981 1979 1963 1957 1963 1952 1896 1878
541Bamfield2020 91  1876 1894 1902 1958 1959 1911 1911 1899 1958 2024 2044
541Bamfield2020 92  2046 2061 2063 2040 2017 2015 2035 2009 1990 2025 2045
541Bamfield2020 93  2160 2191 2171 2070 1919 1870 1954 2002
541Bamfield2020101  1951 1976 1993 1966 1907 1901 1960 2034 2114 2162 2107
541Bamfield2020102  2071 2116 1980 1805 1884 1937 1962 1954 1927 1926 1873
541Bamfield2020103  1959 1937 1793 1783 1844 1903 1946 1971 1887
541Bamfield2020111  1910 1989 2112 2171 2106 2038 2027 1943 1923 1970 1901
541Bamfield2020112  1984 2170 2119 2129 2128 2395 2370 2139 1996 1951 2024
541Bamfield2020113  2070 2094 2075 1947 1991 1960 1975 2068
541Bamfield2020121  1887 1937 1996 1935 2018 2006 1977 2046 1955 1954 1988
541Bamfield2020122  1985 2108 2076 2116 2204 2211 2107 2136 2105 2119 2015
541Bamfield2020123  1874 2013 2229 2300 2191 2135 2102 2286 2286
541Bamfield2021 11  2289 2377 2315 2326 2329 2314 2208 2192 2119 2197 2266
541Bamfield2021 12  2436 2353 2167 2112 2057 2052 1938 1912 2007 2070 2060
541Bamfield2021 13  2046 2127 2123 2199 2328 2261 2215 2255 2288
541Bamfield2021 21  2299 2331 2244 2095 2065 2047 2019 2011 1999 1969 1975
541Bamfield2021 22  2036 2136 2139 2197 2051 1881 1952 2004 1937 1931 1942
541Bamfield2021 23  1858 1781 1859 1823 1725 1779
541Bamfield2021 31  1869 1884 1954 2033 2144 2168 2139 2096 2093 2052 1962
541Bamfield2021 32  1906 1957 2075 1964 1897 1963 2081 2191 2114 2006 1998
541Bamfield2021 33  1868 1914 1946 1829 1776 1859 1754 1672 1763
541Bamfield2021 41  1882 1904 1898 1843 1826 1870 1899 1834 1847 1842 1730
541Bamfield2021 42  1722 1712 1759 1840 1859 1873 1901 1904 1882 1877 1883
541Bamfield2021 43  1891 1945 2000 1985 1924 1885 1897 1942
541Bamfield2021 51  1929 1877 1856 1825 1869 1942 1876 2028 1881 1786 1792
541Bamfield2021 52  1822 1820 1828 1850 1877 1919 1891 1840 1850 1827 1821
541Bamfield2021 53  1857 1886 1883 1908 2027 1958 1866 1838 1819
541Bamfield2021 61  1868 1915 1894 1896 1923 1956 2002 1970 1924 1914 2000
541Bamfield2021 62  2068 2090 2032 1958 1878 1849 1831 1813 1832 1875 1929
541Bamfield2021 63  1974 1964 1975 1994 1995 2035 2072 2056
