548KAUMALAP      LAT=20 47. N  LONG=157 00. W
548KAUMALAP2007 71  9999 9999 9999 9999 9999 9999 9999 9999 9999 9999 9999
548KAUMALAP2007 72  9999 9999 9999 1936 1935 1937 1934 1935 1934 1934 1934
548KAUMALAP2007 73  1925 1928 1929 1943 1940 1917 1920 1932 1946
548KAUMALAP2007 81  1963 1966 1964 1971 1968 1955 1945 1939 1921 1905 1896
548KAUMALAP2007 82  1906 1950 1990 2000 1977 1964 1960 1951 1967 1971 1959
548KAUMALAP2007 83  1956 1945 1944 1945 1951 1962 1962 1958 1946
548KAUMALAP2007 91  1938 1946 1954 1960 1953 1933 1910 1893 1902 1925 1942
548KAUMALAP2007 92  1953 1962 1963 1947 1927 1906 1898 1913 1915 1904 1887
548KAUMALAP2007 93  1864 1856 1864 1875 1898 1907 1901 1893
548KAUMALAP2007101  1880 1874 1866 1865 1866 1872 1883 1878 1868 1856 1847
548KAUMALAP2007102  1850 1855 1859 1856 1856 1861 1860 1866 1875 1870 1867
548KAUMALAP2007103  1882 1900 1926 1952 1953 1938 1925 1908 1901
548KAUMALAP2007111  1908 1913 1915 1940 1969 1961 1928 1911 1926 1945 1941
548KAUMALAP2007112  1927 1936 1966 1997 2016 2017 2011 2008 2007 1999 1977
548KAUMALAP2007113  1971 1963 1969 1975 1964 1945 1921 1928
548KAUMALAP2007121  1931 1942 1960 1984 1992 1969 1969 1952 1934 1938 1936
548KAUMALAP2007122  1944 1924 1906 1917 1900 1893 1889 1894 1904 1898 1899
548KAUMALAP2007123  1907 1915 1917 1911 1922 1942 1953 1940 1917
548KAUMALAP2008 11  1897 1897 1890 1894 1908 1899 1902 1901 1894 1890 1895
548KAUMALAP2008 12  1894 1884 1880 1888 1880 1890 1902 1878 1873 1862 1863
548KAUMALAP2008 13  1868 1853 1843 1838 1825 1816 1824 1846 1854
548KAUMALAP2008 21  1858 1862 1859 1860 1876 1878 1874 1871 1867 1881 1882
548KAUMALAP2008 22  1870 1864 1866 1872 1865 1857 1855 1853 1863 1879 1877
548KAUMALAP2008 23  1877 1892 1890 1872 1855 1843 1848
548KAUMALAP2008 31  1854 1850 1852 1849 1850 1865 1881 1879 1873 1867 1850
548KAUMALAP2008 32  1841 1844 1850 1859 1875 1874 1852 1843 1853 1864 1869
548KAUMALAP2008 33  1885 1877 1850 1842 1830 1833 1845 1845 1842
548KAUMALAP2008 41  1836 1845 1875 1904 1896 1889 1900 1898 1878 1867 1861
548KAUMALAP2008 42  1852 1862 1888 1901 1900 1880 1861 1857 1847 1830 1816
548KAUMALAP2008 43  1816 1832 1835 1825 1826 1838 1828 1810
548KAUMALAP2008 51  1816 1841 1847 1838 1842 1842 1840 1856 1860 1851 1854
548KAUMALAP2008 52  1867 1890 1903 1899 1888 1891 1900 1906 1917 1909 1886
548KAUMALAP2008 53  1882 1895 1917 1934 1937 1939 1936 1932 1925
548KAUMALAP2008 61  1910 1906 1904 1906 1914 1921 1913 1902 1911 1903 1896
548KAUMALAP2008 62  1886 1880 1898 1912 1904 1887 1876 1883 1878 1872 1887
548KAUMALAP2008 63  1904 1916 1937 1959 1964 1948 1921 1911
548KAUMALAP2008 71  1914 1922 1930 1938 1941 1943 1947 1954 1948 1930 1932
548KAUMALAP2008 72  1938 1933 1934 1937 1938 1942 1936 1939 1946 1960 1980
548KAUMALAP2008 73  1990 1995 1988 1994 1989 1986 1994 1993 1991
548KAUMALAP2008 81  1999 1997 1985 1981 1995 2007 1998 1976 1948 1943 1958
548KAUMALAP2008 82  1972 1966 1951 1953 1930 1921 1924 1923 1917 1907 1914
548KAUMALAP2008 83  1923 1920 1922 1938 1953 1961 1963 1953 1942
548KAUMALAP2008 91  1948 1967 1982 1990 1973 1943 1945 1943 1933 1932 1942
548KAUMALAP2008 92  1943 1940 1938 1940 1939 1943 1948 1942 1938 1928 1934
548KAUMALAP2008 93  1949 1959 1968 1976 1980 1967 1961 1963
548KAUMALAP2008101  1966 1977 1968 1972 1966 1949 1950 1944 1941 1943 1950
548KAUMALAP2008102  1966 1972 1956 1943 1922 1912 1905 1890 1903 1923 1924
548KAUMALAP2008103  1928 1929 1938 1946 1933 1917 1901 1905 1903
548KAUMALAP2008111  1908 1928 1930 1924 1918 1924 1945 1963 1975 1977 1966
548KAUMALAP2008112  1955 1945 1936 1948 1933 1919 1919 1918 1948 1969 1948
548KAUMALAP2008113  1919 1905 1910 1915 1934 1922 1903 1913
548KAUMALAP2008121  1914 1921 1918 1902 1878 1897 1908 1914 1910 1918 1939
548KAUMALAP2008122  1916 1934 1928 1898 1910 1900 1904 1905 1890 1897 1886
548KAUMALAP2008123  1870 1859 1852 1848 1836 1830 1820 1829 1848
548KAUMALAP2009 11  1839 1838 1853 1877 1879 1860 1840 1845 1852 1859 1867
548KAUMALAP2009 12  1857 1857 1865 1882 1899 1856 1820 1826 1819 1805 1810
548KAUMALAP2009 13  1835 1862 1852 1850 1855 1845 1830 1825 1825
548KAUMALAP2009 21  1828 1816 1820 1825 1842 1854 1843 1838 1848 1847 1844
548KAUMALAP2009 22  1835 1815 1803 1812 1824 1821 1830 1847 1836 1825 1819
548KAUMALAP2009 23  1828 1830 1830 1832 1819 1794
548KAUMALAP2009 31  1784 1801 1831 1848 1849 1863 1879 1888 1883 1870 1865
548KAUMALAP2009 32  1864 1861 1864 1836 1834 1827 1806 1803 1783 1784 1805
548KAUMALAP2009 33  1804 1806 1819 1809 1788 1777 1790 1791 1781
548KAUMALAP2009 41  1785 1781 1773 1778 1794 1799 1787 1791 1788 1786 1791
548KAUMALAP2009 42  1778 1773 1780 1792 1811 1805 1805 1833 1849 1839 1831
548KAUMALAP2009 43  1826 1832 1828 1806 1799 1798 1797 1793
548KAUMALAP2009 51  1794 1809 1831 1823 1813 1813 1810 1808 1813 1811 1799
548KAUMALAP2009 52  1772 1762 1770 1772 1767 1774 1781 1783 1788 1785 1773
548KAUMALAP2009 53  1761 1752 1743 1751 1771 1780 1792 1803 1817
548KAUMALAP2009 61  1850 1882 1886 1893 1891 1868 1850 1840 1827 1822 1823
548KAUMALAP2009 62  1838 1840 1837 1828 1819 1815 1810 1819 1827 1834 1842
548KAUMALAP2009 63  1826 1816 1805 1779 1773 1797 1832 1860
548KAUMALAP2009 71  1870 1858 1840 1825 1830 1851 1873 1883 1873 1857 1857
548KAUMALAP2009 72  1858 1849 1841 1835 1829 1817 1815 1837 1849 1851 1852
548KAUMALAP2009 73  1844 1852 1867 1873 1882 1902 1906 1916 1925
548KAUMALAP2009 81  1917 1902 1882 1878 1910 1928 1936 1935 1924 1919 1932
548KAUMALAP2009 82  1950 1924 1913 1927 1941 1959 1972 1966 1971 1974 1981
548KAUMALAP2009 83  2000 1994 1976 1964 1962 1974 1975 1973 1972
548KAUMALAP2009 91  1964 1967 1973 1970 1961 1955 1942 1933 1936 1936 1928
548KAUMALAP2009 92  1904 1885 1883 1908 1933 1950 1953 1955 1962 1968 1969
548KAUMALAP2009 93  1965 1976 1989 1980 1966 1955 1952 1947
548KAUMALAP2009101  1932 1926 1933 1947 1959 1944 1913 1883 1857 1849 1852
548KAUMALAP2009102  1861 1884 1909 1913 1906 1902 1911 1921 1925 1920 1911
548KAUMALAP2009103  1912 1909 1894 1883 1880 1874 1862 1854 1856
548KAUMALAP2009111  1862 1864 1843 1837 1855 1862 1859 1844 1842 1851 1862
548KAUMALAP2009112  1860 1866 1894 1884 1874 1853 1836 1833 1830 1830 1825
548KAUMALAP2009113  1832 1870 1862 1844 1842 1853 1861 1871
548KAUMALAP2009121  1879 1891 1906 1904 1874 1876 1864 1856 1852 1834 1855
548KAUMALAP2009122  1852 1841 1847 1844 1853 1848 1822 1803 1813 1837 1847
548KAUMALAP2009123  1831 1811 1820 1839 1818 1807 1839 1829 1825
548KAUMALAP2010 11  1827 1828 1839 1850 1868 1867 1842 1838 1845 1849 1872
548KAUMALAP2010 12  1853 1823 1804 1814 1833 1840 1858 1861 1832 1853 1876
548KAUMALAP2010 13  1873 1873 1873 1870 1862 1856 1862 1865 1886
548KAUMALAP2010 21  1895 1884 1856 1832 1843 1836 1825 1816 1794 1801 1788
548KAUMALAP2010 22  1788 1789 1809 1814 1797 1791 1796 1810 1823 1833 1829
548KAUMALAP2010 23  1824 1832 1827 1846 1847 1851
548KAUMALAP2010 31  1853 1840 1821 1823 1837 1837 1828 1788 1774 1799 1808
548KAUMALAP2010 32  1832 1848 1844 1843 1830 1817 1819 1830 1833 1836 1835
548KAUMALAP2010 33  1816 1802 1813 1819 1817 1825 1841 1866 1880
548KAUMALAP2010 41  1859 1834 1811 1794 1785 1792 1798 1790 1780 1786 1805
548KAUMALAP2010 42  1794 1787 1773 1756 1743 1738 1748 1751 1763 1782 1785
548KAUMALAP2010 43  1811 1822 1814 1796 1770 1774 1794 1788
548KAUMALAP2010 51  1774 1776 1783 1799 1831 1829 1837 1850 1856 1873 1869
548KAUMALAP2010 52  1874 1880 1872 1873 1863 1853 1852 1860 1889 1909 1902
548KAUMALAP2010 53  1901 1899 1893 1891 1880 1866 1860 1861 1868
548KAUMALAP2010 61  1883 1887 1887 1879 1886 1875 1855 1861 1871 1871 1858
548KAUMALAP2010 62  1850 1843 1835 1833 1843 1857 1875 1877 1878 1890 1889
548KAUMALAP2010 63  1892 1892 1887 1884 1875 1878 1876 1867
548KAUMALAP2010 71  1868 1871 1877 1882 1889 1906 1922 1935 1939 1929 1935
548KAUMALAP2010 72  1952 1962 1965 1968 1964 1954 1950 1955 1957 1953 1949
548KAUMALAP2010 73  1953 1959 1956 1948 1946 1952 1962 1966 1957
548KAUMALAP2010 81  1957 1958 1948 1939 1925 1914 1918 1930 1940 1954 1953
548KAUMALAP2010 82  1945 1936 1931 1932 1937 1946 1956 1947 1932 1922 1927
548KAUMALAP2010 83  1936 1927 1922 1929 1928 1918 1902 1902 1908
548KAUMALAP2010 91  1899 1892 1880 1879 1897 1924 1937 1941 1962 1983 1981
548KAUMALAP2010 92  1978 1973 1961 1961 1962 1952 1948 1956 1960 1965 1965
548KAUMALAP2010 93  1952 1943 1944 1961 1965 1959 1960 1951
548KAUMALAP2010101  1944 1925 1916 1938 1944 1942 1951 1955 1963 1966 1963
548KAUMALAP2010102  1961 1949 1943 1926 1910 1916 1923 1925 1929 1939 1941
548KAUMALAP2010103  1948 1957 1968 1980 1980 1985 1973 1950 1950
548KAUMALAP2010111  1945 1941 1920 1904 1923 1936 1937 1947 1942 1914 1893
548KAUMALAP2010112  1890 1890 1883 1879 1881 1891 1893 1876 1850 1841 1844
548KAUMALAP2010113  1852 1857 1873 1908 1933 1947 1932 1924
548KAUMALAP2010121  1906 1890 1885 1870 1865 1871 1885 1907 1925 1918 1908
548KAUMALAP2010122  1910 1918 1912 1915 1914 1926 1957 1973 1961 1950 1954
548KAUMALAP2010123  1951 1939 1947 1967 1985 1974 1954 1939 1945
548KAUMALAP2011 11  1946 1934 1919 1905 1916 1929 1931 1942 1925 1920 1916
548KAUMALAP2011 12  1932 1936 1905 1886 1887 1885 1880 1866 1893 1900 1883
548KAUMALAP2011 13  1869 1880 1871 1855 1845 1841 1849 1836 1816
548KAUMALAP2011 21  1830 1847 1852 1855 1841 1845 1832 1846 1862 1843 1832
548KAUMALAP2011 22  1837 1836 1840 1843 1863 1867 1862 1872 1885 1882 1876
548KAUMALAP2011 23  1882 1884 1879 1869 1843 1826
548KAUMALAP2011 31  1836 1843 1862 1869 1850 1834 1832 1826 1817 1818 1850
548KAUMALAP2011 32  1839 1825 1835 1849 1846 1855 1865 1877 1884 1862 1853
548KAUMALAP2011 33  1862 1869 1887 1891 1880 1875 1876 1876 1873
548KAUMALAP2011 41  1864 1875 1886 1878 1868 1867 1863 1847 1850 1868 1877
548KAUMALAP2011 42  1889 1918 1925 1927 1930 1931 1938 1926 1905 1898 1888
548KAUMALAP2011 43  1884 1882 1888 1877 1869 1881 1899 1912
548KAUMALAP2011 51  1917 1913 1915 1908 1907 1905 1919 1925 1917 1898 1882
548KAUMALAP2011 52  1887 1895 1882 1872 1887 1921 1930 1915 1904 1894 1900
548KAUMALAP2011 53  1893 1880 1879 1875 1867 1861 1833 1819 1836
548KAUMALAP2011 61  1851 1857 1853 1852 1863 1861 1866 1883 1914 1934 1924
548KAUMALAP2011 62  1911 1908 1897 1898 1918 1931 1934 1936 1939 1944 1936
548KAUMALAP2011 63  1932 1947 1951 1953 1951 1955 1956 1946
548KAUMALAP2011 71  1928 1925 1925 1919 1926 1938 1936 1932 1918 1905 1910
548KAUMALAP2011 72  1904 1900 1909 1901 1899 1905 1906 1916 1924 1938 1942
548KAUMALAP2011 73  1926 1900 1887 1888 1895 1904 1913 1915 1914
548KAUMALAP2011 81  1915 1934 1949 1958 1961 1943 1928 1912 1898 1896 1915
548KAUMALAP2011 82  1928 1923 1918 1912 1904 1899 1915 1927 1919 1903 1892
548KAUMALAP2011 83  1902 1931 1939 1933 1951 1970 1979 1972 1957
548KAUMALAP2011 91  1945 1933 1930 1936 1933 1933 1936 1940 1931 1917 1908
548KAUMALAP2011 92  1909 1907 1898 1889 1879 1892 1900 1905 1922 1921 1925
548KAUMALAP2011 93  1934 1932 1931 1935 1938 1928 1923 1928
548KAUMALAP2011101  1927 1930 1928 1921 1921 1906 1909 1929 1932 1930 1939
548KAUMALAP2011102  1937 1917 1890 1882 1888 1887 1872 1863 1875 1906 1919
548KAUMALAP2011103  1926 1935 1949 1957 1951 1963 1976 1970 1948
548KAUMALAP2011111  1921 1916 1924 1918 1913 1922 1920 1916 1912 1920 1919
548KAUMALAP2011112  1907 1900 1891 1899 1909 1905 1895 1881 1875 1874 1874
548KAUMALAP2011113  1879 1902 1893 1858 1846 1847 1860 1862
548KAUMALAP2011121  1852 1834 1842 1857 1853 1855 1850 1842 1840 1843 1852
548KAUMALAP2011122  1856 1848 1831 1841 1831 1821 1831 1837 1840 1833 1822
548KAUMALAP2011123  1824 1809 1789 1773 1782 1800 1807 1820 1811
548KAUMALAP2012 11  1812 1823 1810 9999 9999 1801 1808 1810 1813 1812 1815
548KAUMALAP2012 12  1815 1818 1839 1847 1847 1836 1820 1816 1829 1825 1842
548KAUMALAP2012 13  1866 1868 1882 1870 1835 1833 1840 1829 1824
548KAUMALAP2012 21  1834 1840 1838 1836 1857 1875 9999 9999 1798 1804 1793
548KAUMALAP2012 22  1799 1809 1803 1799 1787 9999 9999 1842 1854 1851 1847
548KAUMALAP2012 23  1856 1836 1840 1834 1829 1845 1847
548KAUMALAP2012 31  1849 1843 1842 9999 9999 9999 9999 9999 9999 1862 1855
548KAUMALAP2012 32  1847 1843 1874 1884 1891 1908 1902 1917 1921 9999 9999
548KAUMALAP2012 33  9999 1880 1883 1883 1875 1873 1869 1866 1884
548KAUMALAP2012 41  1885 1877 1906 1914 9999 9999 9999 1872 1868 9999 9999
548KAUMALAP2012 42  1892 1899 1909 9999 9999 1909 1905 1896 1875 1877 1881
548KAUMALAP2012 43  1883 9999 9999 1901 1897 1895 9999 9999
548KAUMALAP2012 51  9999 9999 9999 9999 9999 9999 9999 9999 1851 1844 1859
548KAUMALAP2012 52  1856 1840 1834 1836 9999 9999 9999 1861 9999 9999 9999
548KAUMALAP2012 53  9999 9999 9999 9999 9999 1882 9999 9999 9999
548KAUMALAP2012 61  1869 1840 1818 1820 1827 1860 1883 9999 9999 9999 9999
548KAUMALAP2012 62  9999 9999 9999 9999 9999 9999 1830 1840 1844 9999 9999
548KAUMALAP2012 63  1796 1799 1798 1789 1801 1821 1827 1833
548KAUMALAP2012 71  1844 1857 1863 1855 1852 1860 1873 1884 1878 1865 1860
548KAUMALAP2012 72  1856 1874 1886 1862 1854 1867 1880 1890 1883 1870 1862
548KAUMALAP2012 73  1853 1852 1857 1859 1864 1868 1867 1861 1859
548KAUMALAP2012 81  1856 1863 1876 1866 1852 1841 1836 1852 1854 1842 1844
548KAUMALAP2012 82  1854 1864 1855 1831 1797 1774 1782 1794 1807 1815 1816
548KAUMALAP2012 83  1825 1833 1823 1822 1838 1853 1876 1878 1875
548KAUMALAP2012 91  1869 1862 1865 1862 1860 1865 1867 1851 1846 1855 1868
548KAUMALAP2012 92  1875 1884 1897 1910 1916 1921 1925 1916 1894 1876 1875
548KAUMALAP2012 93  1880 1877 1879 1890 1903 1911 1906 1904
548KAUMALAP2012101  1896 1885 1877 1873 1862 1856 1876 1895 1893 1886 1883
548KAUMALAP2012102  1885 1890 1896 1897 1905 1908 1900 1888 1887 1874 1871
548KAUMALAP2012103  1878 1888 1909 1913 1894 1889 1887 1886 1892
548KAUMALAP2012111  1906 1912 1913 1911 1910 1918 1920 1905 1889 1890 1909
548KAUMALAP2012112  1924 1913 1902 1910 1917 1922 1925 1922 1931 1950 1965
548KAUMALAP2012113  1977 1967 1932 1913 1899 1906 1917 1917
548KAUMALAP2012121  1908 1888 1886 1886 1893 1909 1912 1913 1927 1924 1911
548KAUMALAP2012122  1913 1916 1902 1894 1895 1904 1915 1916 1897 1882 1885
548KAUMALAP2012123  1895 1907 1898 1895 1896 1887 1874 1884 1879
548KAUMALAP2013 11  1852 1860 1857 1849 1894 1905 1888 1869 1848 1869 1906
548KAUMALAP2013 12  1904 1882 1878 1878 1863 1853 1851 1836 1815 1824 1825
548KAUMALAP2013 13  1848 1880 1881 1881 1891 1899 1911 1903 1886
548KAUMALAP2013 21  1881 1884 1870 1860 1860 1851 1858 1862 1854 1849 1843
548KAUMALAP2013 22  1846 1862 1863 1864 1865 1871 1879 1876 1883 1887 1888
548KAUMALAP2013 23  1894 1897 1899 1888 1880 1884
548KAUMALAP2013 31  1878 1877 1863 1840 1837 1833 1843 1855 1870 1890 1881
548KAUMALAP2013 32  1871 1874 1892 1906 1870 1833 1819 1831 1840 1835 1833
548KAUMALAP2013 33  1840 1853 1862 1850 1848 1842 1841 1845 1833
548KAUMALAP2013 41  1826 1813 1805 1811 1812 1816 1808 1800 1806 1798 1803
548KAUMALAP2013 42  1801 1784 1774 1757 1745 1747 1751 1757 1764 1771 1782
548KAUMALAP2013 43  1779 1769 1774 1809 1836 1828 1818 1803
548KAUMALAP2013 51  1798 1806 1806 1823 1849 1855 1847 1829 1816 1816 1821
548KAUMALAP2013 52  1822 1834 1844 1845 1841 1840 1828 1838 1854 1858 1858
548KAUMALAP2013 53  1861 1875 1894 1907 1924 1923 1906 1902 1902
548KAUMALAP2013 61  1893 1895 1914 1927 1921 1918 1915 1930 1935 1915 1902
548KAUMALAP2013 62  1901 1905 1907 1895 1897 1910 1919 1915 1917 1921 1909
548KAUMALAP2013 63  1881 1874 1882 1876 1891 1909 1911 1904
548KAUMALAP2013 71  1900 1898 1890 1879 1877 1862 1845 1842 1844 1856 1873
548KAUMALAP2013 72  1886 1892 1895 1871 1843 1839 1842 1848 1842 1834 1831
548KAUMALAP2013 73  1828 1828 1841 1861 1885 1901 1913 1896 1869
548KAUMALAP2013 81  1879 1869 1870 1885 1892 1891 1872 1853 1864 1878 1876
548KAUMALAP2013 82  1869 1878 1908 1923 1920 1915 1913 1913 1921 1941 1964
548KAUMALAP2013 83  1973 1964 1964 1971 1956 1945 1958 1964 1953
548KAUMALAP2013 91  1955 1959 1967 1978 1971 1946 1938 1930 1921 1935 1946
548KAUMALAP2013 92  1946 1961 1974 1984 1989 1983 1990 2000 2002 2011 1994
548KAUMALAP2013 93  1971 1980 1973 1977 1971 1949 1963 1970
548KAUMALAP2013101  1964 1980 1989 1992 1988 1970 1955 1953 1958 1955 1954
548KAUMALAP2013102  1957 1956 1964 1973 1980 1981 1980 1996 1998 1973 1946
548KAUMALAP2013103  1935 1939 1943 1929 1912 1908 1910 1902 1886
548KAUMALAP2013111  1881 1898 1922 1923 1911 1909 1914 1925 1935 1911 1888
548KAUMALAP2013112  1897 1916 1943 1933 1913 1924 1930 1941 1931 1909 1892
548KAUMALAP2013113  1876 1882 1914 1928 1933 1923 1930 1940
548KAUMALAP2013121  1921 1909 1907 1915 1915 1902 1903 1901 1888 1876 1884
548KAUMALAP2013122  1902 1914 1907 1886 1866 1851 1847 1849 1864 1849 1811
548KAUMALAP2013123  1819 1824 1839 1849 1858 1880 1881 1877 1880
548KAUMALAP2014 11  1884 1908 1920 1900 1901 1879 1860 1883 1886 1891 1904
548KAUMALAP2014 12  1892 1891 1908 1916 1901 1890 1876 1876 1885 1913 1933
548KAUMALAP2014 13  1912 1913 1917 1914 1922 1883 1891 1901 1910
548KAUMALAP2014 21  1930 1911 1903 1902 1897 1876 1861 1856 1863 1860 1834
548KAUMALAP2014 22  1839 1853 1852 1865 1875 1862 1861 1852 1843 1845 1836
548KAUMALAP2014 23  1836 1827 1830 1842 1852 1880
548KAUMALAP2014 31  1885 1906 1922 1881 1876 1894 1899 1884 1865 1850 1837
548KAUMALAP2014 32  1847 1858 1848 1828 1830 1866 1864 1864 1862 1840 1831
548KAUMALAP2014 33  1826 1820 1835 1839 1842 1839 1834 1834 1823
548KAUMALAP2014 41  1843 1872 1870 1893 1923 1908 1893 1885 1885 1887 1893
548KAUMALAP2014 42  1891 1884 1877 1863 1858 1865 1868 1877 1868 1850 1861
548KAUMALAP2014 43  1874 1896 1916 1925 1917 1899 1885 1876
548KAUMALAP2014 51  1870 1866 1851 1850 1842 1825 1822 1816 1822 1829 1824
548KAUMALAP2014 52  1823 1830 1834 1824 1805 1791 1786 1795 1807 1824 1840
548KAUMALAP2014 53  1857 1852 1848 1849 1862 1884 1894 1904 1906
548KAUMALAP2014 61  1910 1921 1926 1924 1928 1929 1937 1953 1949 1955 1962
548KAUMALAP2014 62  1958 1957 1953 1959 1964 1967 1951 1938 1947 1948 1940
548KAUMALAP2014 63  1931 1923 1924 1945 1946 1924 1928 1936
548KAUMALAP2014 71  1933 1937 1941 1935 1937 1943 1941 1950 1953 1947 1951
548KAUMALAP2014 72  1955 1950 1933 1913 1920 1925 1918 1922 1924 1919 1904
548KAUMALAP2014 73  1903 1917 1922 1914 1906 1875 1863 1874 1913
548KAUMALAP2014 81  1950 1969 1986 1991 1978 1960 1968 2008 1999 1965 1964
548KAUMALAP2014 82  1962 1989 2017 2009 2001 2003 2017 2037 2036 2024 2016
548KAUMALAP2014 83  2025 2026 2010 2005 2012 2024 2026 2028 2035
548KAUMALAP2014 91  2029 2029 2031 2034 2058 2075 2072 2064 2067 2074 2071
548KAUMALAP2014 92  2060 2052 2039 2029 2023 2017 2010 2015 2026 2021 2017
548KAUMALAP2014 93  2014 2019 2015 2004 1978 1973 1992 1990
548KAUMALAP2014101  1992 1995 1998 1999 1987 1987 1999 2005 2006 1996 2003
548KAUMALAP2014102  2014 2009 2012 2005 1999 2006 2007 1979 1976 1972 1946
548KAUMALAP2014103  1943 1934 1925 1933 1946 1952 1942 1939 1946
548KAUMALAP2014111  1944 1943 1954 1949 1933 1932 1948 1941 1914 1891 1884
548KAUMALAP2014112  1893 1915 1924 1907 1888 1871 1869 1877 1884 1896 1900
548KAUMALAP2014113  1895 1879 1861 1866 1887 1912 1930 1927
548KAUMALAP2014121  1920 1915 1918 1910 1911 1904 1909 1930 1919 1913 1907
548KAUMALAP2014122  1893 1889 1886 1883 1894 1885 1867 1864 1875 1888 1908
548KAUMALAP2014123  1895 1914 1926 1916 1904 1872 1883 1920 1921
548KAUMALAP2015 11  1902 1917 1939 1903 1882 1867 1866 1881 1871 1881 1893
548KAUMALAP2015 12  1891 1891 1884 1872 1850 1841 1859 1864 1863 1899 1939
548KAUMALAP2015 13  1911 1897 1876 1889 1914 1921 1911 1896 1886
548KAUMALAP2015 21  1890 1917 1929 1925 1914 1907 1902 1929 1954 1977 1972
548KAUMALAP2015 22  1957 1962 1976 1933 1900 1910 1922 1951 1947 1934 1934
548KAUMALAP2015 23  1917 1919 1933 1938 1924 1911
548KAUMALAP2015 31  1893 1881 1880 1883 1887 1899 1916 1939 1933 1927 1941
548KAUMALAP2015 32  1924 1876 1833 1829 1848 1875 1884 1879 1881 1898 1935
548KAUMALAP2015 33  9999 9999 9999 9999 9999 9999 9999 9999 9999
