552KAWAIHAE      LAT=20 02.0N  LONG=155 50.0W
552KAWAIHAE1989 21  9999 9999 9999 9999 9999 9999 9999 9999 9999 9999 9999
552KAWAIHAE1989 22  9999 9999 9999 9999 9999 9999 9999 9999 9999 9999 9999
552KAWAIHAE1989 23  9999 9999 9999 9999 9999 9999
552KAWAIHAE1989 31  1154 1168 1150 1134 1102 1100 1110 1113 1140 1138 1129
552KAWAIHAE1989 32  1110 1095 1080 1079 1097 1093 1083 1083 1075 1068 1048
552KAWAIHAE1989 33  1038 1052 1058 1038 1030 1019 1022 1018 1019
552KAWAIHAE1989 41  1031 1060 1090 1098 1091 1062 1065 1064 1082 1074 1059
552KAWAIHAE1989 42  1061 1049 1037 1031 1042 1070 1066 1077 1107 1113 1114
552KAWAIHAE1989 43  9999 9999 9999 9999 9999 9999 9999 9999
552KAWAIHAE1989 51  9999 9999 9999 9999 9999 9999 9999 9999 9999 9999 9999
552KAWAIHAE1989 52  9999 9999 9999 9999 9999 9999 9999 9999 9999 9999 9999
552KAWAIHAE1989 53  9999 9999 9999 9999 9999 9999 9999 9999 9999
552KAWAIHAE1989 61  9999 9999 9999 9999 9999 9999 9999 9999 9999 9999 9999
552KAWAIHAE1989 62  9999 9999 9999 9999 9999 9999 9999 9999 9999 9999 9999
552KAWAIHAE1989 63  9999 9999 9999 9999 9999 9999 9999 9999
552KAWAIHAE1989 71  9999 9999 9999 9999 9999 9999 9999 9999 9999 9999 9999
552KAWAIHAE1989 72  9999 9999 9999 9999 9999 9999 9999 9999 9999 9999 9999
552KAWAIHAE1989 73  9999 9999 9999 9999 9999 9999 9999 9999 9999
552KAWAIHAE1989 81  9999 9999 9999 9999 9999 9999 9999 9999 9999 9999 9999
552KAWAIHAE1989 82  9999 9999 9999 9999 9999 9999 9999 9999 9999 9999 9999
552KAWAIHAE1989 83  9999 9999 9999 9999 9999 9999 1114 1102 1121
552KAWAIHAE1989 91  1144 1153 1163 1149 1146 1126 1107 1108 1102 1122 1132
552KAWAIHAE1989 92  1134 1126 1107 1109 1107 1099 1105 1098 1098 1090 1084
552KAWAIHAE1989 93  1103 1117 1122 1129 1126 1129 1125 1124
552KAWAIHAE1989101  1126 1128 1118 1101 1084 1075 1075 1073 1076 1079 1087
552KAWAIHAE1989102  1098 1106 1120 1134 1137 1132 1123 1102 1097 1116 1124
552KAWAIHAE1989103  1123 1122 1127 1143 1139 1129 1131 1139 1141
552KAWAIHAE1989111  1141 1151 1152 1129 1121 1116 1120 1144 1146 1163 1164
552KAWAIHAE1989112  1142 1122 1110 1111 1109 1087 1097 1098 1116 1158 1148
552KAWAIHAE1989113  1141 1112 1092 1087 1062 1052 1040 1040
552KAWAIHAE1989121  1034 1029 1037 1042 1073 1071 1065 1063 1067 1054 1043
552KAWAIHAE1989122  1054 1026 1012  995 1011 1000 1000 1001 1009  998  980
552KAWAIHAE1989123   979  991  998  995  995  998 1000  990 1003
552KAWAIHAE1990 11  1018 1022 1039 1042 1046 1055 1043 1026 1010  995  990
552KAWAIHAE1990 12   994 1051 1054 1061 1066 1068 1076 1106 1103 1072 1071
552KAWAIHAE1990 13  1057 1094 1095 1071 1087 1058 1066 9999 9999
552KAWAIHAE1990 21  9999 9999 9999 9999 9999 9999 9999 9999 9999 9999 9999
552KAWAIHAE1990 22  9999 9999 9999 9999 9999 9999 9999 9999 9999 9999 9999
552KAWAIHAE1990 23  9999 9999 9999 9999 9999 9999
552KAWAIHAE1990 31  9999 9999 9999 9999 9999 9999 9999 9999 9999 9999 9999
552KAWAIHAE1990 32  9999 9999 9999 9999 9999 9999 9999 9999 9999 9999 9999
552KAWAIHAE1990 33  9999 9999 9999 9999 9999 9999 9999 9999 9999
552KAWAIHAE1990 41  9999 9999 9999 9999 9999 9999 9999 9999 9999 9999 1018
552KAWAIHAE1990 42  1000  986  972  957  970  983  990  996 1003 1008 1023
552KAWAIHAE1990 43  1043 1076 1081 1060 1036 1011 1012 1007
552KAWAIHAE1990 51   989  984  965  921  925  944  946  950  922  931  917
552KAWAIHAE1990 52   918  932  923  917  910  912  928  932  935  938  933
552KAWAIHAE1990 53   933  918  914  922  926  945  955  960  968
552KAWAIHAE1990 61   969  976  990  976  955  952  938  928  940  945  952
552KAWAIHAE1990 62   951  961  977  980  989  984  979  991  995  977  969
552KAWAIHAE1990 63   965  973  981 1000 1019 1006  983  979
552KAWAIHAE1990 71   983  990  989  983  987  982  961  956  956  962  970
552KAWAIHAE1990 72   974  993 1010 1007  996 1000 1007 1007 1005  990  984
552KAWAIHAE1990 73   978  975  968  983 1001  991  976  968  970
552KAWAIHAE1990 81   983  980  982  976  982  999 1014 1042 1063 1074 1066
552KAWAIHAE1990 82  1060 1054 1038 1032 1030 1015 1012 1021 1019 1025 1035
552KAWAIHAE1990 83  1026 1018 1014 1025 1028 1021 1003  999 1006
552KAWAIHAE1990 91   991  992 1002 1009 1038 1060 1071 1067 1069 1064 1055
552KAWAIHAE1990 92  1053 1063 1059 1059 1072 1067 1066 1104 1115 1101 1093
552KAWAIHAE1990 93  1098 1085 1071 1063 1062 1075 1075 1058
552KAWAIHAE1990101  1042 1058 1061 1069 1085 1081 1090 1090 1083 1083 1089
552KAWAIHAE1990102  1110 1108 1090 1090 1090 1096 1101 1112 1121 1121 1100
552KAWAIHAE1990103  1078 1064 1055 1048 1033 1051 1069 1061 1074
552KAWAIHAE1990111  1073 1068 1072 1070 1066 1063 1069 1061 1054 1055 1057
552KAWAIHAE1990112  1046 1006  973  951  941  948  940  932  960  936  926
552KAWAIHAE1990113   945  941  940  939  932  966  960  954
552KAWAIHAE1990121   955  930  942  938  956  962  945  948  960  981  989
552KAWAIHAE1990122  1004 1037 1030 1079 1096 1070 1058 1058 1105 1109 1127
552KAWAIHAE1990123  1153 1147 1145 1098 1072 1080 1061 1067 1062
552KAWAIHAE1991 11  1040 1077 1052 1049 1063 1052 1077 1065 1059 1058 1069
552KAWAIHAE1991 12  1077 1073 1071 1051 1037 1032 1027 1008  988 1005 1007
552KAWAIHAE1991 13  1005 1022 1020 1030 1071 1081 1008 1008  991
552KAWAIHAE1991 21   993 1011  995  995 1005  979 1003 1010  999 1021 1007
552KAWAIHAE1991 22  1003 1002  991 1017 1023 1035 1042 1027 1024 9999 9999
552KAWAIHAE1991 23  9999 9999 9999 9999 9999 9999
552KAWAIHAE1991 31  1033 1013  997  973  947  945  949  953  958  936  933
552KAWAIHAE1991 32   944  944  961  954  940  946  944  966  975  955  939
552KAWAIHAE1991 33   952  945  927  921  933  948  954  948  948
552KAWAIHAE1991 41   956  956  959  943  937  934  941  961  964  935  916
552KAWAIHAE1991 42   927  922  918  923  927  943  944  937  933  938  946
552KAWAIHAE1991 43   931  942  953  953  938  927  919  916
552KAWAIHAE1991 51   911  914  938  964  980 1003  993  998 1005  985  979
552KAWAIHAE1991 52   980  975  972  962  963  968  986 1006 1010 1007 1008
552KAWAIHAE1991 53  1004 1004 1014 1020 1014  998  992  991 1001
552KAWAIHAE1991 61  1003 1002 1004 1003 1001 1005 1005  994  972  949  938
552KAWAIHAE1991 62   935  951  963  976  977  977  981  984  995  983  958
552KAWAIHAE1991 63   956  949  941  946  955  964  963  968
552KAWAIHAE1991 71   976  983  986  981  981  988  993  994  983  968  969
552KAWAIHAE1991 72   989 1019 1035 1027 1025 1033 1047 1049 1036 1039 1039
552KAWAIHAE1991 73  1031 1020 1019 1041 1069 1077 1058 1048 1055
552KAWAIHAE1991 81  1067 1073 1066 1070 1072 1080 1111 1114 1098 1091 1102
552KAWAIHAE1991 82  1084 1075 1080 1074 1087 1080 1073 1068 1063 1068 1071
552KAWAIHAE1991 83  1065 1077 1098 1098 1102 1107 1107 1083 1065
552KAWAIHAE1991 91  1052 1053 1053 1044 1037 1028 1017 1003  987  985  994
552KAWAIHAE1991 92  1003  992  969  949  935  907  917  935  943  933  936
552KAWAIHAE1991 93   941  930  915  922  915  913  924  939
552KAWAIHAE1991101   952  965  973  968  959  956  981 1018 1030 1018 1003
552KAWAIHAE1991102  1001 1017 1021 1008  998 1021 1044 1052 1062 1056 1065
552KAWAIHAE1991103  1058 1054 1064 1060 1058 1055 1033 1032 1043
552KAWAIHAE1991111  1069 1094 1103 1111 1095 1080 1099 1115 1134 1132 1140
552KAWAIHAE1991112  1164 1156 1147 1124 1104 1110 1082 1081 1081 1076 1086
552KAWAIHAE1991113  1078 1082 1089 1091 1110 1118 1110 1110
552KAWAIHAE1991121  1069 1046 1062 1073 1095 1084 1085 1063 1053 1076 1069
552KAWAIHAE1991122  1087 1090 1089 1095 1085 1098 1097 1083 1041 1072 1077
552KAWAIHAE1991123  1065 1098 1084 1089 1084 1097 1100 1091 1096
552KAWAIHAE1992 11  1113 1096 1089 1080 1078 1094 1105 1092 1077 1089 1074
552KAWAIHAE1992 12  1068 1090 1104 1121 1108 1112 1083 1060 1056 1081 1073
552KAWAIHAE1992 13  1072 1065 1094 1108 1105 1129 1112 1094 1049
552KAWAIHAE1992 21  1065 1056 1024 1057 1044 1052 1082 1052 1084 1095 1086
552KAWAIHAE1992 22  1084 1066 1080 1071 1057 1063 1056 1076 1097 1083 1093
552KAWAIHAE1992 23  1075 1081 1076 1043 1045 1037 1028
552KAWAIHAE1992 31  1035 1026 1053 1059 1067 1079 1089 1100 1108 1111 1124
552KAWAIHAE1992 32  1128 1140 1145 1128 1107 1082 1066 1064 1068 1068 1049
552KAWAIHAE1992 33  1042 1061 1063 1061 1056 1048 1058 1072 1094
552KAWAIHAE1992 41  1094 1090 1092 1093 1082 1064 1052 1029 1026 1033 1027
552KAWAIHAE1992 42  1036 1040 1045 1038 1031 1035 1043 1062 1085 1081 1079
552KAWAIHAE1992 43  1090 1101 1090 1068 1037 1009 1009 1020
552KAWAIHAE1992 51  1040 1052 1038 1035 1016 1006 1045 1060 1080 1075 1071
552KAWAIHAE1992 52  1077 1064 1062 1042 1028 1053 1060 1071 1061 1048 1073
552KAWAIHAE1992 53  1067 1045 1047 1045 1053 1064 1074 1078 1063
552KAWAIHAE1992 61  1051 1036 1039 1057 1061 1068 1074 1069 1069 1060 1061
552KAWAIHAE1992 62  1081 1089 1088 1078 1074 1074 1072 1083 1109 1122 1120
552KAWAIHAE1992 63  1108 1104 1105 1094 1092 1077 1072 1078
552KAWAIHAE1992 71  1077 1084 1090 1099 1105 1115 1113 1098 1078 1065 1059
552KAWAIHAE1992 72  1065 1067 1066 1079 1078 1066 1061 1068 1072 1082 1078
552KAWAIHAE1992 73  1059 1043 1046 1049 1050 1045 1077 1077 1077
552KAWAIHAE1992 81  1081 1059 1068 1064 1055 1049 1038 1039 1046 1055 1060
552KAWAIHAE1992 82  1059 1059 1065 1062 1050 1033 1017 1028 1022 1002  991
552KAWAIHAE1992 83   978  988  998 1011 1014 1026 1035 1043 1053
552KAWAIHAE1992 91  1063 1068 1067 1051 1048 1068 1073 1077 1076 1090 1121
552KAWAIHAE1992 92  1119 1090 1096 1102 1080 1071 1054 1037 1054 1060 1073
552KAWAIHAE1992 93  1104 1111 1104 1098 1106 1101 1090 1079
552KAWAIHAE1992101  1085 1082 1088 1096 1096 1106 1119 1128 1138 1140 1158
552KAWAIHAE1992102  1162 9999 9999 9999 9999 9999 9999 9999 9999 9999 9999
552KAWAIHAE1992103  9999 9999 9999 9999 9999 9999 9999 9999 9999
552KAWAIHAE1992111  9999 9999 9999 9999 9999 9999 9999 9999 9999 9999 9999
552KAWAIHAE1992112  9999 9999 9999 9999 9999 9999 9999 9999 9999 9999 9999
552KAWAIHAE1992113  9999 9999 9999 9999 9999 9999 9999 9999
552KAWAIHAE1992121  9999 9999 9999 9999 9999 9999 9999 9999 9999 9999 9999
552KAWAIHAE1992122  9999 9999 9999 9999 9999 9999 9999 9999 9999 9999 9999
552KAWAIHAE1992123  9999 9999 9999 9999 9999 9999 9999 9999 9999
552KAWAIHAE1993 11  9999 9999 9999 9999 9999 9999 9999 9999 9999 9999 9999
552KAWAIHAE1993 12  9999 9999 9999 9999 9999 9999 9999 9999 9999 9999 9999
552KAWAIHAE1993 13  9999 9999 9999 9999 9999 1101 1105 1065 1057
552KAWAIHAE1993 21  1057 1031 1069 1047 1116 1056 1052 1067 1048 1096 1046
552KAWAIHAE1993 22  1039 1047  998 1016  985  978  996  981 1013  997 1002
552KAWAIHAE1993 23  1031 1010 1007 1006 1013 1016
552KAWAIHAE1993 31   997  984 1012 1029 1034 1036 1032 1051 1048 1058 1070
552KAWAIHAE1993 32  1068 1094 1092 1083 1049 1051 1043 1056 1068 1069 1064
552KAWAIHAE1993 33  1072 1086 1082 1077 1094 1111 1123 1133 1148
552KAWAIHAE1993 41  1178 1179 1170 1167 1165 1167 1158 1159 1157 1129 1116
552KAWAIHAE1993 42  1099 1107 1111 1120 1112 1113 1115 1097 1095 1094 1105
552KAWAIHAE1993 43  1129 1106 1107 1103 1092 1100 1101 1111
552KAWAIHAE1993 51  1123 1118 1119 1120 1110 1114 1129 1118 1100 1088 1094
552KAWAIHAE1993 52  1102 1093 1086 1089 1083 1073 1065 1059 1054 1049 1042
552KAWAIHAE1993 53  1045 1061 1062 1049 1032 1033 1050 1068 1076
552KAWAIHAE1993 61  1063 1056 1067 1077 1088 1087 1083 1077 1090 1109 1111
552KAWAIHAE1993 62  1109 1109 1123 1126 1115 1103 1100 1108 1101 1111 1126
552KAWAIHAE1993 63  1125 1123 1118 1113 1110 1107 1098 1103
552KAWAIHAE1993 71  1100 1107 1109 1122 1136 1141 1150 1159 1161 1171 1169
552KAWAIHAE1993 72  1150 1138 1119 1117 1118 1121 1135 1138 1136 1146 1146
552KAWAIHAE1993 73  1139 1151 1145 1120 1131 1119 1090 1073 1048
552KAWAIHAE1993 81  1033 1033 1040 1036 1038 1039 1031 1011 1019 1043 1041
552KAWAIHAE1993 82  1049 1057 1060 1061 1074 1092 1077 1058 1060 1067 1088
552KAWAIHAE1993 83  1101 1102 1095 1101 1112 1100 1114 1131 1133
552KAWAIHAE1993 91  1132 1131 1131 1129 1130 1126 1121 1136 1148 1148 1153
552KAWAIHAE1993 92  1136 1121 1128 1125 1128 1138 1121 1120 1134 1130 1118
552KAWAIHAE1993 93  1112 1122 1125 1130 1133 1130 1118 1115
552KAWAIHAE1993101  1131 1112 1088 1087 1084 1104 1094 1081 1097 1093 1099
552KAWAIHAE1993102  1092 1102 1112 1098 1092 1089 1097 1100 1084 1083 1098
552KAWAIHAE1993103  1109 1114 1145 1160 1089 1073 1060 1074 1051
552KAWAIHAE1993111  1035 1035 1002 1001 1021 1019 1013 1011 1027 1026 1010
552KAWAIHAE1993112  1012 1016 1012 1009  994 1001 1006 1009 1024 1023 1025
552KAWAIHAE1993113  1053 1034 1034 1029 1025 1052 1034 1038
552KAWAIHAE1993121  1032 1031 1045 1075 1077 1083 1084 1096 1106 1088 1100
552KAWAIHAE1993122  1086 1060 1085 1077 1112 1124 1118 1111 1094 1073 1038
552KAWAIHAE1993123  1008  989  955  938  958  965  976  985  996
552KAWAIHAE1994 11   981  973  950  985  989  972 1002 1006  992  996  966
552KAWAIHAE1994 12   959  980  993 1028 1019 1000  995  976  998 1022 1012
552KAWAIHAE1994 13  1032 1044 1053 1063 1064 1035 1025 1040 1011
552KAWAIHAE1994 21  1018  992  998 1026 1027 1034 1029 1055 1066 1060 1044
552KAWAIHAE1994 22  1044 1032 1031 1035 1047 1080 1066 1050 1028  969  955
552KAWAIHAE1994 23   938  943  965  980  999  987
552KAWAIHAE1994 31   960  958  971  985  987  980  980  982  986  991  980
552KAWAIHAE1994 32   957  949  976  953  961  966 1002 1049 1073 1084 1078
552KAWAIHAE1994 33  1094 1135 1127 1065 1057 1041 1048 1051 1041
552KAWAIHAE1994 41  1067 1061 1048 1051 1028 1039 1050 1051 1039  984  953
552KAWAIHAE1994 42   952  965  956  923  918  951  978  990 1013 1036 1027
552KAWAIHAE1994 43  1023 1023 1005 1007 1001  987  981  987
552KAWAIHAE1994 51   995  985  978  979  983  991  995  989  988  962  952
552KAWAIHAE1994 52   951  941  933  931  953  961  980  993  996 1001 1002
552KAWAIHAE1994 53   997  997  991  995 1009 1026 1043 1051 1058
552KAWAIHAE1994 61  1070 1070 1060 1061 1059 1056 1052 1052 1035 1017 1022
552KAWAIHAE1994 62  1033 1049 1055 1044 1051 1050 1039 1038 1018  997  982
552KAWAIHAE1994 63   971  985 1014 1016 1003  989  983  993
552KAWAIHAE1994 71   995  989  996  997 1006 1009 1005  996  998 1005 1022
552KAWAIHAE1994 72  1035 1041 1061 1068 1062 1061 1067 1075 1079 1102 1134
552KAWAIHAE1994 73  1128 1133 1139 1137 1148 1136 1132 1140 1129
552KAWAIHAE1994 81  1127 1117 1110 1108 1105 1110 1116 1123 1125 1139 1148
552KAWAIHAE1994 82  1161 1190 1182 1166 1154 1139 1139 1143 1136 1131 1145
552KAWAIHAE1994 83  1154 1157 1152 1151 1139 1140 1122 1112 1101
552KAWAIHAE1994 91  1067 1059 1060 1045 1026 1024 1021 1024 1031 1047 1053
552KAWAIHAE1994 92  1042 1027 1029 1049 1056 1064 1087 1088 1084 1071 1079
552KAWAIHAE1994 93  1100 1108 1107 1083 1080 1106 1096 1086
552KAWAIHAE1994101  1097 1108 1118 1129 1139 1136 1126 1109 1091 1079 1078
552KAWAIHAE1994102  1096 1098 1085 1080 1070 1059 1063 1065 1071 1044 1008
552KAWAIHAE1994103   983  961  969  980  982  985  985  989 1014
552KAWAIHAE1994111  1014  990  987  992  992  982  990  990  989  991  997
552KAWAIHAE1994112  1021 1021 1012 1009 1007 1025 1025 1014 1015  995  988
552KAWAIHAE1994113   989  996 1023 1039 1042 1044 1039 1055
552KAWAIHAE1994121  1049 1024 1033 1023 1029 1051 1059 1049 1047 1037 1034
552KAWAIHAE1994122  1033 1008 1012  990  999  994  967  971  954  967  941
552KAWAIHAE1994123   918  942  943  943  972  958  950  961  958
552KAWAIHAE1995 11   951  958  983  990  968  931  958  996 1009 1028 1011
552KAWAIHAE1995 12  1004  962  973  985  983  991  955  956  968  967  988
552KAWAIHAE1995 13   974  976  993  995 1008  989  992  989  952
552KAWAIHAE1995 21   974  959  938  944  941  991  933  970 1014  991 1016
552KAWAIHAE1995 22   981 1061 1051 1020 1042 1053 1071 1059 1034 1047 1047
552KAWAIHAE1995 23  1053 1023  993  999 1019 1060
552KAWAIHAE1995 31  1065 1077 1114 1093 1101 1100 1056 1079 1054 1040 1043
552KAWAIHAE1995 32  1024 1039 1021 1024 1039 1022 1030 1026 1020 1049 1069
552KAWAIHAE1995 33  1088 1073 1073 1085 1080 1090 1101 1119 1134
552KAWAIHAE1995 41  1142 1141 1125 1107 1102 1110 1125 1145 1132 1104 1100
552KAWAIHAE1995 42  1083 1084 1081 1080 1086 1078 1091 1094 1104 1099 1097
552KAWAIHAE1995 43  1107 1119 1128 1120 1097 1094 1065 1042
552KAWAIHAE1995 51  1036 1023 1022 1021 1023 1012  990  996 1018 1037 1067
552KAWAIHAE1995 52  1079 1096 1096 1067 1045 1031 1021  998  973  978  980
552KAWAIHAE1995 53   978  973  969  982  997  991  982  981  995
552KAWAIHAE1995 61  1016 1033 1028 1017 1019 1010 1007  999 1000 1006 1017
552KAWAIHAE1995 62  1037 1059 1071 1087 1097 1102 1101 1094 1096 1100 1089
552KAWAIHAE1995 63  1087 1082 1068 1052 1059 1073 1073 1072
552KAWAIHAE1995 71  1073 1069 1067 1062 1047 1056 1054 1042 1040 1054 1067
552KAWAIHAE1995 72  1085 1102 1107 1107 1117 1120 1121 1122 1112 9999 9999
552KAWAIHAE1995 73  9999 9999 9999 9999 9999 9999 9999 9999 9999
552KAWAIHAE1995 81  9999 9999 9999 1044 1041 1034 1033 1044 1050 1035 1044
552KAWAIHAE1995 82  1055 1077 1097 1095 1093 1108 1123 1125 1117 1113 1120
552KAWAIHAE1995 83  1122 1116 1130 1147 1142 1134 1140 1156 1165
552KAWAIHAE1995 91  1167 1157 1143 1139 1134 1133 1119 1124 1119 1100 1096
552KAWAIHAE1995 92  1098 1097 1089 1089 1099 1102 1113 1115 1107 1103 1088
552KAWAIHAE1995 93  1107 1121 1104 1095 1089 1071 1061 1052
552KAWAIHAE1995101  1056 1054 1068 1085 1073 1065 1056 1055 1062 1049 1046
552KAWAIHAE1995102  1051 1035 1031 1024 1029 1027 1019 1037 1065 1078 1071
552KAWAIHAE1995103  1063 1059 1062 1069 1059 1056 1064 1057 1079
552KAWAIHAE1995111  1085 1111 1123 1104 1106 1089 1082 1113 1127 1131 1109
552KAWAIHAE1995112  1106 1098 1100 1117 1104 1100 1093 1071 1072 1091 1104
552KAWAIHAE1995113  1112 1091 1086 1086 1088 1076 1080 1086
552KAWAIHAE1995121  1076 1063 1038 1030 1028 1030 1028 1021 1018 1019 1028
552KAWAIHAE1995122  1023 1033 1055 1061 1060 1054 1067 1043 1028 1018 1010
552KAWAIHAE1995123  1019 1016 1012 1014 1023 1036 1058 1095 1122
552KAWAIHAE1996 11  1056 1058 1049 1052 1078 1037 1038 1018 1037 1045 1045
552KAWAIHAE1996 12  1063 1033 1034 1041 1037 1061 1078 1102 1093 1083 1072
552KAWAIHAE1996 13  1050 1054 1057 1037 1041 1027 1007 1038 1052
552KAWAIHAE1996 21  1020 1047 1016 1021 1031 1019 1045 1029 1043 1061 1005
552KAWAIHAE1996 22   977 1008 1013 1044 1030 1076 1094 1090 1083 1089 1098
552KAWAIHAE1996 23  1080 1085 1062 1042 1053 1030  998
552KAWAIHAE1996 31  1030 1044 1123 1154 1049 1069 1018  986 1052 1004 1064
552KAWAIHAE1996 32  1026 1006 1046 1033 1045 1036 1043 1074 1066 1086 1060
552KAWAIHAE1996 33  1043 1041 1029 1042 1038 1041 1017 1003 1005
552KAWAIHAE1996 41  1008 1010  993  998  993  976  987 1004 1006 1006  992
552KAWAIHAE1996 42   975  992  987  981  985  984 1005 1013 1007 1014 1000
552KAWAIHAE1996 43  1001 1013 1022 1044 1057 1068 1082 1077
552KAWAIHAE1996 51  1064 1050 1030 1017 1012  988  999 1003 1000  983  979
552KAWAIHAE1996 52   978  977  978  977  973  984  989  997  991  979  967
552KAWAIHAE1996 53   965  962  966  969  968  978  981  991 1021
552KAWAIHAE1996 61  1030 1025 1011 1016 1032 1044 1047 1049 1056 1059 1052
552KAWAIHAE1996 62  1038 1034 1054 1051 1048 1075 1077 1103 1125 1116 1117
552KAWAIHAE1996 63  1106 1113 1111 1099 1090 1096 1104 1114
552KAWAIHAE1996 71  1109 1108 1109 1110 1120 1126 1126 1122 1123 1122 1117
552KAWAIHAE1996 72  1113 1118 1126 1135 1158 1156 1155 1172 1184 1177 1151
552KAWAIHAE1996 73  1146 1140 1119 1120 1123 1115 1111 1095 1082
552KAWAIHAE1996 81  1090 1109 1123 1131 1135 1141 1147 1161 1159 1149 1138
552KAWAIHAE1996 82  1131 1140 1134 1133 1144 1148 1143 1142 1144 1142 1130
552KAWAIHAE1996 83  1117 1115 1115 1128 1120 1129 1152 1170 1169
552KAWAIHAE1996 91  1157 1163 1166 1155 1161 1168 1167 1163 1160 1164 1185
552KAWAIHAE1996 92  1205 1217 1232 1224 1212 1199 1188 1194 1193 1210 1221
552KAWAIHAE1996 93  1212 1214 1204 1185 1169 1155 1145 1133
552KAWAIHAE1996101  1134 1150 1148 1136 1127 1136 1143 1122 1119 1130 1136
552KAWAIHAE1996102  1151 1144 1139 1144 1160 1160 1157 1163 1163 1165 1162
552KAWAIHAE1996103  1171 1171 1171 1180 1190 1161 1132 1139 1150
552KAWAIHAE1996111  1155 1135 1120 1130 1135 1148 1158 1158 1124 1115 1132
552KAWAIHAE1996112  1162 1194 1158 1158 1154 1149 1110 1066 1078 1100 1120
552KAWAIHAE1996113  1113 1123 1098 1079 1098 1121 1126 1132
552KAWAIHAE1996121  1137 1125 1117 1126 1138 1142 1100 1059 1109 1118 1140
552KAWAIHAE1996122  1123 1132 1170 1148 1119 1112 1142 1178 1154 1138 1163
552KAWAIHAE1996123  1198 1180 1096 1116 1166 1135 1150 1164 1170
552KAWAIHAE1997 11  1157 1118 1154 1154 1155 1119 1078 1074 1069 1054 1062
552KAWAIHAE1997 12  1078 1074 1083 1076 1082 1036 1030 1108 1110 1100 1093
552KAWAIHAE1997 13  1107 1075 1068 1091 1099 1122 1141 1110 1068
552KAWAIHAE1997 21  1055 1061 1058 1062 1055 1071 1079 1059 1048 1049 1068
552KAWAIHAE1997 22  1086 1091 1096 1079 1086 1098 1089 1107 1109 1100 1124
552KAWAIHAE1997 23  1090 1122 1152 1191 1189 1117
552KAWAIHAE1997 31  1143 1106 1103 1105 1101 1130 1124 1123 1141 1139 1134
552KAWAIHAE1997 32  1113 1098 1072 1033 1030 1059 1051 1003 1009 1018 1052
552KAWAIHAE1997 33  1074 1064 1057 1052 1053 1068 1066 1066 1091
552KAWAIHAE1997 41  1076 1062 1036 1023 1029 1031 1047 1073 1080 1063 1048
552KAWAIHAE1997 42  1054 1059 1032 1015 1009  999 1008 1019 1025 1030 1028
552KAWAIHAE1997 43  1033 1023 1008 1002 1022 1030 1058 1065
552KAWAIHAE1997 51  1065 1074 1085 1093 1091 1086 1075 1074 1073 1077 1069
552KAWAIHAE1997 52  1054 1043 1049 1064 1081 1099 1113 1112 1112 1119 1131
552KAWAIHAE1997 53  1143 1121 1105 1100 1089 1085 1072 1075 1085
552KAWAIHAE1997 61  1077 1065 1051 1057 1069 1064 1062 1052 1051 1058 1051
552KAWAIHAE1997 62  1043 1038 1047 1057 1058 1067 1066 1066 1069 1075 1083
552KAWAIHAE1997 63  1092 1094 1111 1108 1079 1065 1067 1078
552KAWAIHAE1997 71  1076 1084 1099 1084 1066 1069 1073 1077 1079 1080 1068
552KAWAIHAE1997 72  1068 1068 1079 1076 1090 1086 1070 1071 1053 1055 1066
552KAWAIHAE1997 73  1061 1067 1083 1107 1096 1093 1090 1079 1085
552KAWAIHAE1997 81  1077 1098 1109 1113 1119 1111 1130 1137 1141 1152 1153
552KAWAIHAE1997 82  1151 1144 1158 1176 1184 1182 1186 1203 1211 1206 1204
552KAWAIHAE1997 83  1206 1213 1215 1203 1188 1172 1177 1179 1174
552KAWAIHAE1997 91  1152 1133 1125 1123 1120 1112 1110 1099 1088 1079 1060
552KAWAIHAE1997 92  1060 1055 1057 1058 1062 1073 1072 1070 1072 1066 1058
552KAWAIHAE1997 93  1055 1050 1066 1091 1103 1096 1082 1090
552KAWAIHAE1997101  1096 1110 1133 1153 1159 1149 1148 1149 1128 1127 1113
552KAWAIHAE1997102  1095 1110 1115 1128 1120 1108 1102 1083 1091 1086 1086
552KAWAIHAE1997103  1084 1075 1073 1064 1052 1051 1057 1047 1035
552KAWAIHAE1997111  1013  971  968  998  983  976  960  986  983  979  993
552KAWAIHAE1997112   991 1003  998  982  976  964  965 1012 1026 1000  993
552KAWAIHAE1997113  1002 1024 1034 1039 1043 1029 1060 1084
552KAWAIHAE1997121  1082 1091 1111 1102 1104 1111 1138 1142 1138 1150 1148
552KAWAIHAE1997122  1139 1132 1126 1137 1125 1102 1104 1102 1117 1116 1104
552KAWAIHAE1997123  1128 1103 1093 1103 1094 1097 1084 1073 1086
552KAWAIHAE1998 11  9999 9999 9999 9999 9999 9999 9999 9999 9999 9999 9999
552KAWAIHAE1998 12  9999 9999 9999 9999 9999 9999 9999 9999 9999 9999 9999
552KAWAIHAE1998 13  9999 9999 9999 9999 9999 9999 9999 9999 9999
552KAWAIHAE1998 21  9999 9999 9999 9999 9999 9999 9999 9999 9999 9999 9999
552KAWAIHAE1998 22  9999 9999 9999 9999 9999 9999 9999 9999 9999 9999 9999
552KAWAIHAE1998 23  9999 9999 9999 9999 9999 9999
552KAWAIHAE1998 31  9999 9999 9999 9999 9999 9999 9999 9999 9999 9999 9999
552KAWAIHAE1998 32  9999 9999 9999 9999 9999 9999 9999 9999 9999 9999 9999
552KAWAIHAE1998 33  9999 9999 9999 9999 9999 9999 9999 9999 9999
552KAWAIHAE1998 41  9999 9999 9999 9999 9999 9999 9999 9999 9999 9999 9999
552KAWAIHAE1998 42  9999 9999 9999 9999 9999 9999 9999 9999 9999 9999 9999
552KAWAIHAE1998 43  9999 9999 9999 9999 9999 9999 9999 9999
552KAWAIHAE1998 51  9999 9999 9999 9999 9999 9999 9999 9999 9999 9999 9999
552KAWAIHAE1998 52  9999 9999 9999 9999 9999 9999 9999 9999 9999 9999 9999
552KAWAIHAE1998 53  9999 9999 9999 9999 9999 9999 9999 9999 9999
552KAWAIHAE1998 61  9999 9999 9999 9999 9999 9999 9999 9999 9999 9999 9999
552KAWAIHAE1998 62  9999 9999 9999 9999 9999 9999 9999 9999 9999 9999 9999
552KAWAIHAE1998 63  9999 9999 9999 9999 9999 9999 9999 9999
552KAWAIHAE1998 71  9999 9999 9999 9999 9999 9999 9999 9999 9999 9999 9999
552KAWAIHAE1998 72  9999 9999 9999 9999 9999 9999 9999 9999 9999 9999 9999
552KAWAIHAE1998 73  9999 9999 9999 9999 9999 9999 9999 9999 9999
552KAWAIHAE1998 81  9999 9999 9999 9999 9999 9999 9999 9999 9999 9999 9999
552KAWAIHAE1998 82  9999 9999 9999 9999 9999 9999 9999 9999 9999 9999 9999
552KAWAIHAE1998 83  9999 9999 9999 9999 9999 9999 9999 9999 9999
552KAWAIHAE1998 91  9999 9999 9999 9999 9999 9999 9999 9999 9999 9999 9999
552KAWAIHAE1998 92  9999 9999 9999 9999 9999 9999 9999 9999 9999 9999 9999
552KAWAIHAE1998 93  9999 9999 9999 9999 9999 9999 9999 9999
552KAWAIHAE1998101  9999 9999 9999 9999 9999 9999 9999 9999 9999 9999 9999
552KAWAIHAE1998102  9999 9999 9999 9999 9999 9999 9999 9999 9999 9999 9999
552KAWAIHAE1998103  9999 9999 9999 9999 9999 9999 9999 9999 9999
552KAWAIHAE1998111  9999 9999 9999 9999 9999 9999 9999 9999 9999 9999 9999
552KAWAIHAE1998112  9999 9999 9999 9999 9999 9999 9999 9999 9999 9999 9999
552KAWAIHAE1998113  9999 9999 9999 9999 9999 9999 9999 9999
552KAWAIHAE1998121  9999 9999 9999 9999 9999 9999 9999 9999 9999 9999 9999
552KAWAIHAE1998122  9999 9999 9999 9999 9999 9999 9999 9999 9999 9999 9999
552KAWAIHAE1998123  9999 9999 9999 9999 9999 9999 9999 9999 9999
552KAWAIHAE1999 11  1010 1011  986  990  995  982  979  998 1009  982  973
552KAWAIHAE1999 12   973  979  995  992  999  995  997 1003  993 1010 1022
552KAWAIHAE1999 13  1033 1041 1041 1048 1012 1019 1005  997 1004
552KAWAIHAE1999 21   990  988  948  932  953  950  943  923  919  934  909
552KAWAIHAE1999 22   901  894  883  874  886  909  936  947  932  929  927
552KAWAIHAE1999 23   926  938  932  936  934  944
552KAWAIHAE1999 31   961  963  975  979  983  999 1007 1007 1015 1029 1047
552KAWAIHAE1999 32  1036 1034 1044 1056 1064 1061 1066 1072 1055 1077 1085
552KAWAIHAE1999 33  1084 1118 1113 1119 1131 1128 1109 1092 1104
552KAWAIHAE1999 41  1097 1103 1093 1088 1113 1116 1122 1119 1104 1102 1098
552KAWAIHAE1999 42  1106 1115 1099 1082 1073 1057 1023 1005  991  981  989
552KAWAIHAE1999 43   990  972  946  921  921  946  970  972
552KAWAIHAE1999 51   966  952  949  946  942  954  949  930  927  942  963
552KAWAIHAE1999 52   975  980  995 1012 1024 1023 1026 1023 1033 1065 1075
552KAWAIHAE1999 53  1080 1090 1087 1099 1100 1099 1117 1128 1126
552KAWAIHAE1999 61  1108 1109 1123 1119 1108 1080 1071 1077 1083 1081 1054
552KAWAIHAE1999 62  1028 1010  994  979  975  997 1010 1007 1019 1027 1019
552KAWAIHAE1999 63  1009 1004 1008 1018 1013 1010 1008 1018
552KAWAIHAE1999 71  1040 1042 1027  999  989  998 1003 1007 1020 1026 1018
552KAWAIHAE1999 72  1010 1003 1013 1026 1027 1039 1040 1044 1044 1042 1053
552KAWAIHAE1999 73  1067 1076 1067 1066 1078 1064 1045 1029 1028
552KAWAIHAE1999 81  1028 1043 1069 1079 1088 1090 1080 1067 1071 1091 1108
552KAWAIHAE1999 82  1110 1113 1122 1123 1120 1111 1102 1098 1088 1086 1078
552KAWAIHAE1999 83  1057 1065 1086 1099 1123 1133 1133 1130 1130
552KAWAIHAE1999 91  1142 1139 1141 1164 1166 1164 1166 1160 1169 1173 1159
552KAWAIHAE1999 92  1151 1157 1171 1173 1161 1152 1140 1122 1128 1140 1138
552KAWAIHAE1999 93  1131 1146 1157 1138 1124 1097 1080 1083
552KAWAIHAE1999101  1086 1080 1071 1059 1042 1033 1045 1054 1044 1029 1039
552KAWAIHAE1999102  1047 1048 1043 1019 1015 1017 1015 1028 1019 1026 1034
552KAWAIHAE1999103  1020 1035 1038 1038 1049 1055 1062 1062 1070
552KAWAIHAE1999111  1077 1096 1130 1131 1124 1117 1101 1095 1084 1081 1074
552KAWAIHAE1999112  1071 1085 1095 1116 1121 1121 1122 1128 1139 1142 1129
552KAWAIHAE1999113  1127 1139 1150 1132 1132 1135 1115 1107
552KAWAIHAE1999121  1094 1105 1127 1137 1140 1129 1125 1119 1153 1176 1157
552KAWAIHAE1999122  1171 1177 1155 1138 1115 1095 1097 1104 1097 1090 1084
552KAWAIHAE1999123  1078 1067 1054 1042 1015  981  985  998  993
552KAWAIHAE2000 11   965  935  932  931  937  937  935  949  938  939  960
552KAWAIHAE2000 12   952  945  929  904  886  879  885  905  916  905  901
552KAWAIHAE2000 13   897  894  889  885  864  865  897  898  911
552KAWAIHAE2000 21   885  870  866  859  899  893  885  879  882  908  924
552KAWAIHAE2000 22   938  925  911  907  901  900  894  891  897  929  956
552KAWAIHAE2000 23   972  958  956  959  962  968  967
552KAWAIHAE2000 31   964  953  944  938  947  945  953  968  957  956  955
552KAWAIHAE2000 32   947  972  980  978  991  994  994 1005  995  973  961
552KAWAIHAE2000 33   952  944  947  948  938  916  926  940  939
552KAWAIHAE2000 41   924  934  947  942  944  943  952  927  890  866  877
552KAWAIHAE2000 42   903  913  912  925  954  970  953  946  952  963  978
552KAWAIHAE2000 43   985  993  981  957  945  956  968  984
552KAWAIHAE2000 51   995 1009 1026 1024 1022 1014 1011 1014 1010 1010 1013
552KAWAIHAE2000 52  1031 1046 1038 1030 1028 1030 1024 1031 1039 1033 1040
552KAWAIHAE2000 53  1041 1037 1032 1020 1012 1019 1042 1068 1068
552KAWAIHAE2000 61  1068 1061 1045 1033 1038 1047 1070 1089 1100 1082 1076
552KAWAIHAE2000 62  1080 1079 1075 1066 1050 1036 1028 1018 1001  984  988
552KAWAIHAE2000 63  1000 1014 1021 1010 1002 1011 1015 1014
552KAWAIHAE2000 71  1007  996  993 1000 1003  994  998  993  984  982  956
552KAWAIHAE2000 72   944  937  945  971  968  958  954  954  966  972  964
552KAWAIHAE2000 73   970  964  949  940  938  941  955  965  961
552KAWAIHAE2000 81   953  941  944  949  960  975  984  981  978  973  983
552KAWAIHAE2000 82   988  989 1000 1019 1031 1043 1051 1067 1089 1100 1106
552KAWAIHAE2000 83  1096 1101 1099 1117 1139 1150 1156 1154 1157
552KAWAIHAE2000 91  1142 1125 1114 1108 1105 1085 1071 1069 1063 1061 1054
552KAWAIHAE2000 92  1045 1028 1007  998  991  982  985  987  978  975  984
552KAWAIHAE2000 93   993 1009 1001  987  991 1005 1022 1026
552KAWAIHAE2000101  1017 1008 1011 1013 1012 1020 1033 1041 1052 1067 1072
552KAWAIHAE2000102  1071 1052 1038 1040 1054 1075 1086 1080 1083 1072 1042
552KAWAIHAE2000103  1034 1036 1029 1040 1059 1063 1047 1020 1004
552KAWAIHAE2000111  1007  999  984 1000 1004 1018 1018 1013 1011 1009 1017
552KAWAIHAE2000112  1011  999  995  990  951  900  901  890  942 1009  998
552KAWAIHAE2000113  1008 1026 1016 1014  999 1005 1009  983
552KAWAIHAE2000121   968  946  938  969  951  949  947  950  996  992  987
552KAWAIHAE2000122   984  995 1008  970  973  979  971  986  990 1021 1041
552KAWAIHAE2000123  1018 1017  990  990  996  997 1024 1030 1025
552KAWAIHAE2001 11  1046 1057 1042 1037 1034 1037 1031 1021 1032 1057 1068
552KAWAIHAE2001 12  1052 1060 1056 1049 1061 1049 1044 1026 1009 1029 1012
552KAWAIHAE2001 13  1012 1021  985 1011 1005  982  992  979 1003
552KAWAIHAE2001 21  1004  968  972  963  974  995 1004 1012 1018 1055 1070
552KAWAIHAE2001 22  1057 1039 1011 1007  996  976  981  979  989  987  976
552KAWAIHAE2001 23   967  975  994  983  978  990
552KAWAIHAE2001 31   982  988  982  969  988  991 1006 1010 1001 1009 1017
552KAWAIHAE2001 32  1017 1030 1031 1037 1041 1029 1022 1001  981  987  995
552KAWAIHAE2001 33  1006 1032 1036 1034 1028 1016 1034 1048 1029
552KAWAIHAE2001 41  1022  997  999  995  989 1001  998  996  988  973  971
552KAWAIHAE2001 42   974  970  989  997  997  994  987  986  982 1002 1027
552KAWAIHAE2001 43  1045 1035 1029 1040 1038 1047 1046 1033
552KAWAIHAE2001 51  1038 1029 1032 1026 1005 1003 1005 1015 1017 1004  995
552KAWAIHAE2001 52   982  979  979  981  988 1004 1023 1026 1017 1004  980
552KAWAIHAE2001 53   978  996 1013 1042 1056 1066 1071 1062 1067
552KAWAIHAE2001 61  1071 1074 1088 1093 1097 1098 1075 1062 1069 1077 1090
552KAWAIHAE2001 62  1103 1113 1120 1128 1129 1136 1129 1116 1120 1122 1130
552KAWAIHAE2001 63  1144 1165 1163 1152 1157 1157 1155 1158
552KAWAIHAE2001 71  1158 1160 1148 1141 1139 1131 1135 1133 1111 1111 1134
552KAWAIHAE2001 72  1154 1165 1135 1108 1107 1119 1131 1126 1132 1137 1123
552KAWAIHAE2001 73  1116 1115 1105 1088 1078 1076 1067 1055 1051
552KAWAIHAE2001 81  1066 1064 1055 1067 1067 1077 1101 1110 1119 1118 1113
552KAWAIHAE2001 82  1132 1127 1138 1151 1146 1148 1153 1159 1168 1181 1190
552KAWAIHAE2001 83  1190 1195 1198 1186 1184 1163 1152 1159 1166
552KAWAIHAE2001 91  1180 1184 1188 1192 1198 1192 1187 1189 1187 1184 1172
552KAWAIHAE2001 92  1174 1178 1175 1170 1179 1188 1182 1165 1154 1155 1142
552KAWAIHAE2001 93  1139 1132 1122 1128 1128 1132 1144 1136
552KAWAIHAE2001101  1142 1131 1123 1124 1124 1130 1134 1129 1121 1114 1116
552KAWAIHAE2001102  1123 1128 1135 1135 1131 1139 1156 1164 1154 1151 1159
552KAWAIHAE2001103  1152 1136 1129 1119 1119 1104 1087 1106 1123
552KAWAIHAE2001111  1143 1153 1162 1160 1150 1129 1141 1133 1107 1097 1061
552KAWAIHAE2001112  1071 1083 1082 1102 1081 1062 1053 1049 1065 1064 1060
552KAWAIHAE2001113  1048 1037 1064 1107 1136 1083 1064 1066
552KAWAIHAE2001121  1061 1074 1067 1032 1010 1013 1009 1042 1059 1042 1051
552KAWAIHAE2001122  1042 1066 1077 1025 1018 1048 1041 1047 1065 1052 1045
552KAWAIHAE2001123  1032 1038 1059 1054 1087 1093 1098 1122 1096
552KAWAIHAE2002 11  1048 1085 1105 1074 1103 1069 1078 1075 1061 1065 1031
552KAWAIHAE2002 12  1050 1045 1050 1038 1009  993  991 1024 1030 1020 1029
552KAWAIHAE2002 13  1023 1020 1034 1037 1031 1035 1047 1046 1010
552KAWAIHAE2002 21   994  995  993  993  994 1013 1030 1036  989  990 1028
552KAWAIHAE2002 22  1007 1032 1032 1057 1072 1065 1053 1043 1044 1022 1020
552KAWAIHAE2002 23  1016 1023 1021 1008  995 1023
552KAWAIHAE2002 31  1029 1020 1005  996 1021 1031 1018 1002  994  997 1006
552KAWAIHAE2002 32  1013 1028 1026 1037 1044 1043 1019 1033 1052 1051 1073
552KAWAIHAE2002 33  1070 1085 1072 1040 1043 1057 1069 1063 1043
552KAWAIHAE2002 41  1026  990  995 1033 1056 1063 1058 1045 1041 1026 1041
552KAWAIHAE2002 42  1060 1066 1071 1064 1057 1055 1074 1092 1079 1059 1061
552KAWAIHAE2002 43  1065 1073 1091 1097 1091 1088 1079 1062
552KAWAIHAE2002 51  1062 1067 1056 1038 1045 1047 1056 1056 1077 1085 1074
552KAWAIHAE2002 52  1090 1100 1086 1076 1059 1057 1043 1041 1048 1030 1018
552KAWAIHAE2002 53  1003  989  982  978  975  963  960  972  979
552KAWAIHAE2002 61   984  994  997 1001 1006 1015 1026 1039 1049 1042 1032
552KAWAIHAE2002 62  1033 1038 1035 1033 1050 1075 1090 1100 1100 1097 1097
552KAWAIHAE2002 63  1087 1074 1070 1100 1106 1102 1109 1110
552KAWAIHAE2002 71  1110 1107 1075 1066 1060 1038 1028  993  984  999 1005
552KAWAIHAE2002 72  1010 1008 1004 1007 1005 1013 1027 1028 1028 1010  980
552KAWAIHAE2002 73   962  970  980  997 1006  999 1001  995 1000
552KAWAIHAE2002 81  1007 1017 1030 1037 1037 1043 1061 1073 1085 1092 1096
552KAWAIHAE2002 82  1107 1121 1125 1124 1110 1095 1088 1101 1136 1142 1138
552KAWAIHAE2002 83  1148 1150 1162 1180 1180 1169 1154 1143 1150
552KAWAIHAE2002 91  1166 1166 1150 1150 1150 1157 1163 1157 1145 1137 1141
552KAWAIHAE2002 92  1129 1115 1103 1091 1092 1097 1101 1075 1049 1040 1043
552KAWAIHAE2002 93  1047 1032 1041 1051 1052 1055 1054 1068
552KAWAIHAE2002101  1075 1078 1075 1055 1064 1083 1084 1091 1093 1069 1059
552KAWAIHAE2002102  1048 1049 1060 1077 1091 1092 1086 1090 1105 1115 1121
552KAWAIHAE2002103  1124 1129 1155 1146 1139 1140 1144 1147 1139
552KAWAIHAE2002111  1145 1136 1124 1130 1112 1094 1104 1121 1139 1134 1111
552KAWAIHAE2002112  1118 1140 1140 1131 1134 1160 1153 1134 1105 1093 1089
552KAWAIHAE2002113  1079 1083 1074 1096 1095 1095 1103 1108
552KAWAIHAE2002121  1116 1077 1075 1061 1067 1053 1021 1011 1036 1041 1042
552KAWAIHAE2002122  1034 1029 1029 1035 1042 1050 1049 1044 1060 1038 1033
552KAWAIHAE2002123  1023 1023 1048 1057 1079 1097 1117 1121 1136
552KAWAIHAE2003 11  1115 1106 1132 1162 1153 1086 1106 1119 1128 1142 1111
552KAWAIHAE2003 12  1121 1124 1127 1145 1102 1091 1132 1089 1137 1059 1075
552KAWAIHAE2003 13  1145 1109 1099 1010 1014 1007  985  984  979
552KAWAIHAE2003 21  1019 1026 1008 1014 1005 1024 1015 1004 1022  992 1015
552KAWAIHAE2003 22  1019 1031 1063 1018 1034 1030 1000 1034 1025 1018  989
552KAWAIHAE2003 23   979 1004  997 1008  989  978
552KAWAIHAE2003 31   997 1019 1012 1017 1040 1060 1035 1012 1006  983  960
552KAWAIHAE2003 32   953  964  977  973  976  975  990 1046 1066 1049 1042
552KAWAIHAE2003 33  1018 1028 1064 1097 1107 1091 1090 1105 1102
552KAWAIHAE2003 41  1086 1067 1087 1080 1073 1068 1054 1050 1042 1029 1018
552KAWAIHAE2003 42  1011 1000  997  989  988  996  977  959  948  946  948
552KAWAIHAE2003 43   947  961  956  966  984  992  983  980
552KAWAIHAE2003 51  1003 1018 1013 1003  998 1013 1027 1018 1023 1030 1052
552KAWAIHAE2003 52  1070 1061 1050 1038 1032 1032 1013  997  989 1002 1024
552KAWAIHAE2003 53  1042 1052 1057 1060 1063 1073 1069 1060 1053
552KAWAIHAE2003 61  1050 1063 1080 1080 1083 1096 1112 1111 1104 1094 1096
552KAWAIHAE2003 62  1115 1111 1105 1104 1108 1099 1086 1086 1084 1082 1093
552KAWAIHAE2003 63  1092 1089 1088 1090 1090 1081 1071 1053
552KAWAIHAE2003 71  1033 1038 1063 1078 1090 1085 1080 1090 1086 1087 1087
552KAWAIHAE2003 72  1086 1087 1081 1071 1066 1065 1048 1030 1040 1052 1068
552KAWAIHAE2003 73  1065 1057 1060 1042 1035 1022 1028 1044 1063
552KAWAIHAE2003 81  1104 1119 1109 1099 1081 1074 1079 1097 1105 1094 1083
552KAWAIHAE2003 82  1079 1085 1102 1115 1141 1137 1110 1115 1136 1137 1143
552KAWAIHAE2003 83  1143 1159 1166 1164 1180 1198 1219 1233 1236
552KAWAIHAE2003 91  1240 1249 1238 1223 1224 1198 1213 1204 1195 1198 1197
552KAWAIHAE2003 92  1203 1189 1187 1179 1179 1172 1147 1164 1161 1154 1157
552KAWAIHAE2003 93  1150 1156 1150 1154 1171 1171 1169 1166
552KAWAIHAE2003101  1154 1135 1109 1109 1130 1145 1162 1164 1178 1177 1161
552KAWAIHAE2003102  1134 1104 1096 1106 1128 1125 1108 1098 1107 1133 1147
552KAWAIHAE2003103  1160 1172 1170 1154 1138 1132 1122 1116 1118
552KAWAIHAE2003111  1108 1106 1103 1100 1112 1109 1106 1103 1088 1108 1117
552KAWAIHAE2003112  1106 1087 1074 1077 1088 1082 1064 1019 1011 1048 1050
552KAWAIHAE2003113  1076 1101 1122 1101 1076 1060 1050 1072
552KAWAIHAE2003121  1105 1108 1104 1093 1084 1099 1087 1078 1073 1079 1069
552KAWAIHAE2003122  1044 1033 1065 1102 1100 1100 1070 1088 1095 1104 1082
552KAWAIHAE2003123  1086 1083 1058 1054 1071 1111 1126 1145 1127
552KAWAIHAE2004 11  1111 1141 1170 1159 1068 1049 1056 1032 1055 1057 1061
552KAWAIHAE2004 12  1068 1060 1106 1069 1007 1051 1019 1035 1035 1046 1084
552KAWAIHAE2004 13  1078 1059 1056 1058 1069 1069 1045 1057 1062
552KAWAIHAE2004 21  1069 1075 1075 1076 1078 1096 1111 1121 1122 1121 1122
552KAWAIHAE2004 22  1123 1126 1150 1153 1121 1114 1120 1100 1107 1096 1121
552KAWAIHAE2004 23  1133 1130 1136 1156 1229 1268 1229
552KAWAIHAE2004 31  1217 1170 1172 1144 1149 1170 1158 1147 1134 1158 1164
552KAWAIHAE2004 32  1155 1120 1098 1107 1105 1102 1104 1109 1104 1086 1096
552KAWAIHAE2004 33  1093 1081 1101 1071 1046 1025 1011 1037 1042
552KAWAIHAE2004 41  1059 1080 1085 1076 1068 1092 1114 1119 1107 1085 1085
552KAWAIHAE2004 42  1096 1110 1125 1124 1133 1129 1144 1169 1189 1200 1188
552KAWAIHAE2004 43  1175 1154 1144 1143 1130 1137 1141 1157
552KAWAIHAE2004 51  1166 1156 1152 1142 1151 1152 1157 1173 1170 1163 1173
552KAWAIHAE2004 52  1193 1212 1217 1218 1220 1208 1196 1201 1199 1188 1195
552KAWAIHAE2004 53  1195 1200 1191 1181 1192 1199 1208 1211 1222
552KAWAIHAE2004 61  1237 1228 1221 1224 1212 1190 1172 1183 1192 1190 1181
552KAWAIHAE2004 62  1166 1168 1171 1165 1176 1176 1160 1161 1164 1160 1155
552KAWAIHAE2004 63  1156 1158 1158 1164 1158 1149 1148 1131
552KAWAIHAE2004 71  1101 1095 1111 1108 1104 1108 1112 1113 1099 1113 1141
552KAWAIHAE2004 72  1151 1148 1137 1151 1161 1163 1163 1166 1176 1182 1187
552KAWAIHAE2004 73  1191 1191 1195 1183 1178 1190 1201 1217 1225
552KAWAIHAE2004 81  1232 1224 1213 1213 1214 1203 1199 1185 1183 1208 1217
552KAWAIHAE2004 82  1208 1190 1175 1191 1203 1215 1203 1191 1194 1196 1190
552KAWAIHAE2004 83  1187 1200 1203 1192 1183 1176 1184 1196 1209
552KAWAIHAE2004 91  1216 1213 1192 1171 1185 1196 1206 1222 1213 1199 1199
552KAWAIHAE2004 92  1204 1204 1189 1196 1213 1210 1219 1220 1215 1202 1200
552KAWAIHAE2004 93  1216 1215 1204 1206 1209 1202 1185 1187
552KAWAIHAE2004101  1195 1190 1190 1180 1173 1185 1178 1165 1163 1172 1195
552KAWAIHAE2004102  1205 1201 1191 1171 1165 1167 1153 1146 1131 1108 1092
552KAWAIHAE2004103  1094 1117 1121 1136 1136 1128 1145 1146 1128
552KAWAIHAE2004111  1127 1119 1125 1125 1126 1137 1129 1135 1131 1122 1138
552KAWAIHAE2004112  1172 1182 1158 1164 1203 1197 1197 1195 1173 1197 1204
552KAWAIHAE2004113  1213 1215 1199 1221 1203 1190 1202 1207
552KAWAIHAE2004121  1208 1188 1182 1174 1180 1184 1200 1189 1133 1054 1048
552KAWAIHAE2004122  1055 1069 1127 1105 1097 1083 1081 1117 1125 1137 1150
552KAWAIHAE2004123  1110 1118 1121 1108 1131 1115 1096 1127 1147
552KAWAIHAE2005 11  1148 1148 1122 1137 1120 1132 1088 1093 1103 1080 1105
552KAWAIHAE2005 12  1090 1092 1097 1082 1114 1102 1113 1108 1104 1123 1099
552KAWAIHAE2005 13  1110 1117 1102 1134 1111 1142 1141 1117 1138
552KAWAIHAE2005 21  1154 1183 1192 1184 1175 1124 1096 1106 1099 1113 1129
552KAWAIHAE2005 22  1139 1117 1098 1088 1097 1121 1121 1125 1127 1143 1146
552KAWAIHAE2005 23  1141 1148 1139 1140 1156 1152
552KAWAIHAE2005 31  1137 1115 1111 1135 1128 1133 1132 1154 1170 1120 1097
552KAWAIHAE2005 32  1160 1133 1138 1144 1089 1103 1076 1079 1086 1050 1069
552KAWAIHAE2005 33  1044 1072 1093 1073 1041 1048 1044 1063 1061
552KAWAIHAE2005 41  1058 1067 1060 1080 1090 1107 1118 1119 1135 1141 1150
552KAWAIHAE2005 42  1152 1145 1141 1126 1112 1109 1101 1095 1081 1084 1086
552KAWAIHAE2005 43  1067 1062 1059 1067 1091 1092 1097 1102
552KAWAIHAE2005 51  1126 1158 1165 1162 1146 1121 1092 1087 1107 1132 1124
552KAWAIHAE2005 52  1095 1074 1066 1045 1064 1077 1083 1080 1058 1069 1063
552KAWAIHAE2005 53  1070 1079 1065 1069 1065 1064 1070 1061 1073
552KAWAIHAE2005 61  1081 1075 1075 1074 1080 1079 1051 1048 1085 1092 1099
552KAWAIHAE2005 62  1119 1122 1102 1103 1115 1101 1110 1117 1116 1127 1128
552KAWAIHAE2005 63  1138 1141 1142 1163 1173 1182 1181 1165
552KAWAIHAE2005 71  1163 1156 1170 1164 1144 1135 1139 1139 1124 1127 1132
552KAWAIHAE2005 72  1129 1141 1146 1141 1150 1162 1159 1151 1140 1152 1144
552KAWAIHAE2005 73  1133 1147 1150 1160 1161 1151 1148 1131 1129
552KAWAIHAE2005 81  1134 1137 1133 1112 1105 1119 1129 1130 1110 1110 1116
552KAWAIHAE2005 82  1116 1129 1120 1114 1111 1103 1111 1119 1141 1161 1174
552KAWAIHAE2005 83  1179 1174 1176 1176 1175 1177 1178 1174 1170
552KAWAIHAE2005 91  1161 1154 1148 1155 1162 1175 1202 1206 1183 1160 1142
552KAWAIHAE2005 92  1130 1120 1114 1110 1108 1114 1111 1117 1123 1135 1140
552KAWAIHAE2005 93  1124 1100 1074 1088 1095 1093 1101 1115
552KAWAIHAE2005101  1109 1079 1097 1126 1109 1109 1108 1091 1076 1040 1046
552KAWAIHAE2005102  1048 1051 1080 1096 1092 1079 1075 1070 1062 1053 1033
552KAWAIHAE2005103  1032 1027 1041 1054 1050 1047 1056 1049 1044
552KAWAIHAE2005111  1023 1011 1043 1070 1068 1052 1028 1036 1045 1057 1077
552KAWAIHAE2005112  1074 1073 1052 1037 1028 1032 1071 1080 1078 1079 1076
552KAWAIHAE2005113  1071 1065 1081 1098 1103 1109 1117 1107
552KAWAIHAE2005121  1102 1071 1066 1082 1065 1069 1093 1117 1149 1141 1139
552KAWAIHAE2005122  1131 1118 1143 1142 1139 1142 1151 1144 1118 1113 1119
552KAWAIHAE2005123  1123 1125 1124 1121 1117 1117 1107 1083 1091
552KAWAIHAE2006 11  1070 1079 1079 1058 1064 1089 1101 1112 1106 1083 1084
552KAWAIHAE2006 12  1050 1053 1047 1027 1051 1060 1068 1055 1053 1062 1074
552KAWAIHAE2006 13  1091 1071 1047 1036 1018 1020 1028 1025 1038
552KAWAIHAE2006 21  1036 1043 1019 1000 1004 1042 1059 1044 1008 1041 1060
552KAWAIHAE2006 22  1069 1088 1065 1107 1112 1130 1125 1103 1122 1122 1127
552KAWAIHAE2006 23  1112 1099 1104 1102 1114 1125
552KAWAIHAE2006 31  1136 1114 1124 1101 1082 1106 1118 1125 1107 1091 1072
552KAWAIHAE2006 32  1063 1077 1089 1084 1097 1070 1048 1065 1055 1027 1041
552KAWAIHAE2006 33  1062 1059 1056 1048 1062 1086 1065 1055 1071
552KAWAIHAE2006 41  1062 1046 1028 1028 1038 1035 1040 1042 1020 1039 1057
552KAWAIHAE2006 42  1078 1089 1072 1076 1072 1071 1081 1098 1100 1110 1109
552KAWAIHAE2006 43  1102 1111 1111 1124 1127 1112 1095 1078
552KAWAIHAE2006 51  1070 1065 1056 1052 1037 1035 1045 1048 1063 1053 1040
552KAWAIHAE2006 52  1026  999  974  956  991  985  980  993  981  994 1001
552KAWAIHAE2006 53  1000 1000 1001  994  982  976  980  970  970
552KAWAIHAE2006 61   978  986  996 1006 1013 1017 1032 1040 1029 1006 1000
552KAWAIHAE2006 62  1005 1017 1036 1056 1092 1097 1103 1113 1127 1135 1117
552KAWAIHAE2006 63  1109 1092 1096 1097 1095 1110 1119 1121
552KAWAIHAE2006 71  1114 1100 1095 1083 1079 1070 1054 1050 1043 1028 1039
552KAWAIHAE2006 72  1033 1033 1045 1044 1047 1042 1027 1022 1017 1023 1025
552KAWAIHAE2006 73  1020 1027 1043 1077 1109 1133 1125 1118 1135
552KAWAIHAE2006 81  1142 1126 1126 1147 1161 1177 1184 1191 1188 1184 1195
552KAWAIHAE2006 82  1205 1197 1185 1166 1143 1129 1128 1110 1095 1086 1087
552KAWAIHAE2006 83  1093 1075 1070 1089 1088 1081 1071 1080 1100
552KAWAIHAE2006 91  1094 1083 1083 1090 1096 1106 1107 1106 1107 1117 1122
552KAWAIHAE2006 92  1118 1120 1120 1127 1107 1101 1097 1099 1118 1144 1166
552KAWAIHAE2006 93  1175 1174 1169 1157 1157 1157 1161 1151
552KAWAIHAE2006101  1153 1157 1157 1171 1179 1180 1175 1177 1191 1177 1156
552KAWAIHAE2006102  1138 1134 1159 1218 1288 1286 1253 1233 1245 1270 1272
552KAWAIHAE2006103  1250 1220 1201 1196 1188 1189 1187 1190 1197
552KAWAIHAE2006111  1213 1229 1251 1226 1183 1167 1168 1184 1192 1186 1197
552KAWAIHAE2006112  1195 1210 1232 1226 1234 1253 1234 1217 1206 1206 1213
552KAWAIHAE2006113  1210 1200 1189 1188 1196 1205 1214 1216
552KAWAIHAE2006121  1220 1232 1229 1225 1224 1206 1183 1194 1205 1218 1209
552KAWAIHAE2006122  1219 1243 1253 1254 1240 1262 1263 1254 1249 1259 1275
552KAWAIHAE2006123  1236 1230 1221 1238 1246 1215 1212 1232 1208
552KAWAIHAE2007 11  1212 1182 1166 1172 1177 1177 1165 1185 1199 1199 1196
552KAWAIHAE2007 12  1188 1189 1172 1159 1151 1132 1115 1119 1110 1096 1114
552KAWAIHAE2007 13  1107 1096 1101 1079 1085 1093 1117 1166 1121
552KAWAIHAE2007 21  1123 1085 1042 1073 1093 1088 1099 1078 1082 1088 1055
552KAWAIHAE2007 22  1054 1055 1065 1076 1078 1092 9999 9999 9999 9999 9999
552KAWAIHAE2007 23  9999 9999 9999 9999 9999 9999
552KAWAIHAE2007 31  9999 9999 9999 9999 9999 9999 9999 9999 9999 9999 9999
552KAWAIHAE2007 32  9999 9999 9999 9999 9999 9999 9999 9999 9999 9999 9999
552KAWAIHAE2007 33  9999 9999 9999 9999 9999 9999 9999 9999 9999
552KAWAIHAE2007 41  9999 9999 9999 9999 9999 9999 9999 9999 9999 9999 9999
552KAWAIHAE2007 42  9999 9999 9999 9999 9999 9999 9999 9999 9999 9999 9999
552KAWAIHAE2007 43  9999 9999 9999 9999 9999 9999 9999 9999
552KAWAIHAE2007 51  1205 1233 1228 1174 1161 1155 1150 1146 1133 1129 1131
552KAWAIHAE2007 52  1122 1122 1132 1136 1128 1124 1135 1141 1133 1127 1121
552KAWAIHAE2007 53  1124 1118 1111 1112 1106 1101 1103 1100 1105
552KAWAIHAE2007 61  1110 1106 1096 1082 1085 1095 1121 1149 1169 1180 1179
552KAWAIHAE2007 62  1187 1198 1209 1208 1202 1200 1187 1176 1174 1169 1177
552KAWAIHAE2007 63  1183 1188 1208 1212 1196 1185 1198 1204
552KAWAIHAE2007 71  1207 1224 1221 1216 1221 1234 1238 1243 1253 1240 1220
552KAWAIHAE2007 72  1198 1197 1198 1199 1202 1199 1191 1199 1197 1199 1199
552KAWAIHAE2007 73  1178 1180 1164 1172 1170 1158 1165 1175 1192
552KAWAIHAE2007 81  1211 1218 1227 1237 1233 1225 1219 1213 1212 1206 1198
552KAWAIHAE2007 82  1198 1232 1272 1276 1242 1230 1223 1202 1216 1212 1194
552KAWAIHAE2007 83  1180 1163 1160 1168 1177 1197 1203 1201 1198
552KAWAIHAE2007 91  1201 1214 1226 1233 1231 1218 1211 1204 1216 1240 1256
552KAWAIHAE2007 92  1274 1296 1300 1284 1267 1260 1268 1280 9999 9999 9999
552KAWAIHAE2007 93  9999 9999 9999 9999 9999 9999 9999 9999
552KAWAIHAE2007101  9999 9999 9999 9999 9999 9999 9999 9999 9999 9999 9999
552KAWAIHAE2007102  9999 9999 9999 9999 9999 9999 1214 1207 1205 1198 1191
552KAWAIHAE2007103  1193 1196 1209 1210 1203 1179 1152 1138 1144
552KAWAIHAE2007111  1166 1169 1172 1192 1219 1216 1199 1186 1214 1230 1220
552KAWAIHAE2007112  1205 1205 1217 1223 1233 1235 1223 1223 1220 1201 1175
552KAWAIHAE2007113  1162 1165 1170 1172 1161 1161 1152 1165
552KAWAIHAE2007121  1172 1191 1201 1215 1250 1205 1208 1215 1165 1168 1148
552KAWAIHAE2007122  1164 1163 1147 1166 1164 1169 1181 1191 1216 1205 1200
552KAWAIHAE2007123  1214 1222 1234 1225 1229 1250 1260 1252 1232
552KAWAIHAE2008 11  1208 1209 1182 1169 1173 1176 1188 1176 1164 1162 1168
552KAWAIHAE2008 12  1164 1155 1127 1158 1164 1177 1205 1180 1178 1156 1154
552KAWAIHAE2008 13  1166 1141 1137 1136 1133 1133 1145 1157 1144
552KAWAIHAE2008 21  1128 1128 1115 1107 1116 1109 1110 1111 1109 1119 1115
552KAWAIHAE2008 22  1099 1093 1077 1092 1102 1094 1094 1097 1114 1124 1125
552KAWAIHAE2008 23  1131 1135 1133 1115 1099 1073 1084
552KAWAIHAE2008 31  1095 1085 1091 1091 1097 1115 1131 1131 1122 1120 1116
552KAWAIHAE2008 32  1114 1124 1139 1150 1168 1169 1157 1164 1183 1203 1203
552KAWAIHAE2008 33  1210 1207 1189 1192 1184 1171 1177 1173 1164
552KAWAIHAE2008 41  1163 1185 1208 1216 1199 1186 1187 1174 1146 1124 1115
552KAWAIHAE2008 42  1108 1125 1146 1158 1160 1145 1123 1114 1099 1085 1073
552KAWAIHAE2008 43  1078 1100 1121 1127 1140 1159 1161 1169
552KAWAIHAE2008 51  1193 1200 1203 1195 1208 1209 1189 1201 1191 1177 1175
552KAWAIHAE2008 52  1168 1165 1163 1147 1132 1129 1127 1123 1121 1109 1088
552KAWAIHAE2008 53  1081 1097 1113 1126 1134 1140 1142 1136 1126
552KAWAIHAE2008 61  1119 1123 1125 1130 1148 1161 1157 1149 1170 1169 1166
552KAWAIHAE2008 62  1161 1147 1164 1166 1157 1144 1131 1137 1135 1129 1145
552KAWAIHAE2008 63  1151 1165 1195 1216 1221 1207 1184 1174
552KAWAIHAE2008 71  1179 1189 1194 1197 1200 1196 1199 1208 1205 1191 1201
552KAWAIHAE2008 72  1219 1213 1203 1207 1207 1206 1196 1195 1199 1207 1229
552KAWAIHAE2008 73  1240 1253 1245 1246 1229 1216 1218 1219 1214
552KAWAIHAE2008 81  1221 1217 1218 1229 1252 1276 1257 1229 1201 1188 1195
552KAWAIHAE2008 82  1197 1181 1151 1142 1133 1130 1136 1136 1139 1132 1139
552KAWAIHAE2008 83  1154 1152 1164 1193 1213 1225 1232 1219 1209
552KAWAIHAE2008 91  1214 1225 1231 1228 1220 1194 1183 1180 1176 1180 1187
552KAWAIHAE2008 92  1193 1196 1200 1211 1218 1229 1233 1226 1225 1216 1223
552KAWAIHAE2008 93  1233 1238 1247 1258 1271 1260 1244 1239
552KAWAIHAE2008101  1238 1246 1238 1249 1245 1222 1216 1206 1206 1210 1212
552KAWAIHAE2008102  1237 1251 1246 1234 1222 1212 1211 1194 1190 1208 1208
552KAWAIHAE2008103  1213 1217 1217 1226 1205 1189 1178 1179 1176
552KAWAIHAE2008111  1169 1188 1185 1172 1170 1174 1193 1212 1226 1237 1222
552KAWAIHAE2008112  1218 1203 1182 1192 1169 1138 1152 1156 1187 1206 1195
552KAWAIHAE2008113  1172 1142 1130 1117 1123 1130 1121 1147
552KAWAIHAE2008121  1161 1166 1175 1156 1142 1163 1169 1184 1199 1198 1223
552KAWAIHAE2008122  1212 1225 1233 1188 1200 1188 1190 1194 1172 1187 1179
552KAWAIHAE2008123  1156 1157 1146 1160 1155 1158 1165 1172 1198
552KAWAIHAE2009 11  1194 1191 1200 1211 1215 1194 1179 1179 1174 1164 1165
552KAWAIHAE2009 12  1146 1142 1147 1162 1185 1148 1099 1103 1072 1059 1054
552KAWAIHAE2009 13  1089 1111 1112 1120 1140 1134 1124 1115 1119
552KAWAIHAE2009 21  1118 1097 1102 1110 1111 1121 1120 1126 1160 1164 1146
552KAWAIHAE2009 22  1131 1115 1119 1092 1068 1080 1103 1121 1092 1080 1072
552KAWAIHAE2009 23  1086 1091 1087 1085 1064 1036
552KAWAIHAE2009 31  1025 1037 1063 1086 1088 1090 1096 1098 1100 1094 1088
552KAWAIHAE2009 32  1099 1088 1099 1071 1066 1057 1032 1030 1022 1017 1032
552KAWAIHAE2009 33  1027 1038 1059 1056 1055 1042 1041 1044 1031
552KAWAIHAE2009 41  1031 1029 1039 1039 1042 1043 1034 1028 1007  999 1009
552KAWAIHAE2009 42   993  988  994  998 1025 1040 1055 1080 1088 1082 1077
552KAWAIHAE2009 43  1080 1092 1090 1060 1053 1056 1059 1052
552KAWAIHAE2009 51  1049 1067 1083 1082 1070 1071 1075 1079 1089 1085 1084
552KAWAIHAE2009 52  1071 1064 1083 1095 1094 1112 1129 1135 1147 1144 1146
552KAWAIHAE2009 53  1153 1158 1150 1143 1164 1174 1171 1160 1148
552KAWAIHAE2009 61  1168 1193 1190 1183 1168 1158 1158 1164 1165 1163 1168
552KAWAIHAE2009 62  1179 1184 1183 1191 1190 1181 1164 1166 1164 1146 1143
552KAWAIHAE2009 63  1115 1102 1098 1079 1078 1085 1111 1125
552KAWAIHAE2009 71  1120 1101 1082 1077 1088 1110 1129 1132 1116 1105 1100
552KAWAIHAE2009 72  1110 1117 1125 1132 1133 1140 1147 1160 1176 1193 1210
552KAWAIHAE2009 73  1217 1220 1228 1237 1234 1231 1228 1227 1236
552KAWAIHAE2009 81  1243 1252 1252 1243 1261 1274 1292 1295 1286 1292 1284
552KAWAIHAE2009 82  1277 1251 1231 1243 1260 1272 1279 1270 1269 1270 1284
552KAWAIHAE2009 83  1305 1300 1275 1256 1239 1235 1217 1203 1198
552KAWAIHAE2009 91  1180 1175 1185 1182 1183 1177 1157 1165 1175 1182 1176
552KAWAIHAE2009 92  1149 1117 1107 1115 1129 1149 1155 1149 1163 1164 1154
552KAWAIHAE2009 93  1141 1145 1160 1166 1167 1155 1152 1154
552KAWAIHAE2009101  1140 1143 1154 1158 1167 1162 1136 1115 1099 1086 1084
552KAWAIHAE2009102  1086 1114 1140 1143 1123 1121 1129 1139 1142 1133 1127
552KAWAIHAE2009103  1127 1125 1108 1098 1097 1082 1058 1043 1041
552KAWAIHAE2009111  1051 1058 1038 1030 1057 1067 1064 1050 1044 1057 1073
552KAWAIHAE2009112  1069 1057 1078 1076 1069 1056 1042 1057 1040 1045 1039
552KAWAIHAE2009113  1045 1079 1063 1037 1041 1049 1057 1055
552KAWAIHAE2009121  1076 1101 1098 1112 1065 1083 1080 1050 1077 1057 1091
552KAWAIHAE2009122  1104 1093 1102 1104 1121 1121 1082 1067 1086 1118 1145
552KAWAIHAE2009123  1117 1118 1106 1116 1098 1072 1103 1092 1078
552KAWAIHAE2010 11  1089 1080 1100 1110 1121 1122 1083 1083 1097 1087 1095
552KAWAIHAE2010 12  1093 1088 1075 1073 1116 1114 1145 1165 1148 1154 1188
552KAWAIHAE2010 13  1184 1186 1210 1206 1204 1183 1203 1201 1209
552KAWAIHAE2010 21  1248 1230 1215 1156 1177 1164 1144 1138 1118 1122 1102
552KAWAIHAE2010 22  1115 1118 1117 1121 1090 1069 1046 1084 1071 1081 1077
552KAWAIHAE2010 23  1068 1075 1053 1061 1084 1070
552KAWAIHAE2010 31  1053 1058 1040 1049 1055 1046 1052 1035 1017 1047 1055
552KAWAIHAE2010 32  1076 1091 1075 1056 1048 1044 1031 1032 1047 1054 1059
552KAWAIHAE2010 33  1030 1000 1006 1022 1030 1030 1030 1061 1084
552KAWAIHAE2010 41  1067 1060 1039 1033 1038 1042 1050 1051 1048 1051 1075
552KAWAIHAE2010 42  1076 1082 1072 1041 1030 1013 1032 1034 1053 1082 1076
552KAWAIHAE2010 43  1094 1095 1096 1087 1077 1094 1111 1105
552KAWAIHAE2010 51  1093 1096 1103 1107 1122 1117 1115 1124 1126 1146 1140
552KAWAIHAE2010 52  1126 1117 1111 1119 1116 1118 1136 1149 1170 1183 1181
552KAWAIHAE2010 53  1193 1195 1202 1189 1181 1163 1153 1151 1147
552KAWAIHAE2010 61  1152 1157 1154 1135 1128 1119 1101 1103 1112 1115 1105
552KAWAIHAE2010 62  1092 1087 1070 1061 1070 1071 1074 1074 1075 1090 1088
552KAWAIHAE2010 63  1086 1091 1087 1083 1070 1073 1073 1070
552KAWAIHAE2010 71  1085 1089 1097 1090 1083 1087 1101 1110 1121 1128 1140
552KAWAIHAE2010 72  1158 1169 1172 1179 1186 1187 1197 1206 1209 1203 1208
552KAWAIHAE2010 73  1211 1216 1218 1217 1218 1230 1256 1262 1259
552KAWAIHAE2010 81  1263 1257 1247 1234 1215 1200 1197 1198 1199 1196 1187
552KAWAIHAE2010 82  1174 1157 1147 1144 1137 1146 1162 1164 1163 1165 1179
552KAWAIHAE2010 83  1187 1194 1197 1208 1218 1227 1229 1238 1239
552KAWAIHAE2010 91  1225 1220 1218 1220 1230 1249 1260 1251 1241 1238 1245
552KAWAIHAE2010 92  1250 1232 1210 1206 1213 1206 1203 1216 1215 1213 1210
552KAWAIHAE2010 93  1194 1192 1198 1213 1212 1203 1205 1199
552KAWAIHAE2010101  1192 1190 1190 1222 1241 1247 1261 1257 1256 1256 1269
552KAWAIHAE2010102  1269 1257 1260 1257 1256 1275 1289 1285 1275 1275 1271
552KAWAIHAE2010103  1269 1266 1256 1267 1277 1284 1283 1275 1285
552KAWAIHAE2010111  1273 1261 1254 1247 1266 1264 1253 1256 1249 1230 1217
552KAWAIHAE2010112  1241 1244 1251 1249 1246 1248 1236 1226 1202 1197 1203
552KAWAIHAE2010113  1203 1208 1217 1241 1255 1258 1246 1233
552KAWAIHAE2010121  1218 1199 1192 1183 1178 1178 1181 1196 1216 1223 1211
552KAWAIHAE2010122  1219 1224 1221 1220 1223 1228 1247 1252 1232 1214 1221
552KAWAIHAE2010123  1229 1207 1205 1223 1240 1227 1203 1186 1177
552KAWAIHAE2011 11  1184 1165 1158 1146 1158 1173 1167 1186 1165 1170 1188
552KAWAIHAE2011 12  1190 1219 1163 1160 1152 1167 1174 1155 1179 1190 1188
552KAWAIHAE2011 13  1186 1195 1197 1177 1167 1167 1168 1161 1142
552KAWAIHAE2011 21  1152 1169 1154 1167 1154 1157 1151 1137 1157 1137 1115
552KAWAIHAE2011 22  1113 1103 1109 1100 1122 1132 1118 1125 1130 1130 1127
552KAWAIHAE2011 23  1135 1143 1123 1111 1093 1091
552KAWAIHAE2011 31  1100 1113 1147 1169 1138 1118 1125 1124 1126 1117 1155
552KAWAIHAE2011 32  1154 1131 1131 1146 1147 1154 1152 1160 1177 1165 1161
552KAWAIHAE2011 33  1159 1174 1180 1195 1193 1193 1194 1198 1205
552KAWAIHAE2011 41  1199 1197 1203 1196 1190 1192 1177 1154 1133 1132 1135
552KAWAIHAE2011 42  1126 1139 1146 1131 1131 1122 1122 1107 1085 1081 1068
552KAWAIHAE2011 43  1071 1081 1089 1090 1073 1087 1099 1114
552KAWAIHAE2011 51  1120 1112 1113 1105 1115 1123 1126 1141 1141 1148 1141
552KAWAIHAE2011 52  1145 1158 1146 1141 1151 1176 1192 1177 1172 1168 1167
552KAWAIHAE2011 53  1170 1163 1178 1184 1187 1202 1187 1177 1200
552KAWAIHAE2011 61  1209 1199 1186 1188 1197 1192 1193 1202 1221 1235 1222
552KAWAIHAE2011 62  1202 1188 1172 1160 1162 1172 1180 1176 1165 1157 1143
552KAWAIHAE2011 63  1130 1121 1117 1125 1125 1113 1108 1087
552KAWAIHAE2011 71  1083 1096 1100 1094 1094 1101 1102 1098 1094 1076 1075
552KAWAIHAE2011 72  1065 1068 1089 1091 1108 1129 1136 1149 1161 1185 1208
552KAWAIHAE2011 73  1204 1197 1199 1210 1210 1224 1230 1229 1230
552KAWAIHAE2011 81  1238 1258 1263 1268 1264 1242 1228 1212 1195 1193 1207
552KAWAIHAE2011 82  1212 1209 1202 1187 1172 1168 1179 1187 1170 1162 1154
552KAWAIHAE2011 83  1161 1166 1155 1146 1160 1193 1212 1206 1188
552KAWAIHAE2011 91  1174 1171 1166 1164 1156 1147 1154 1164 1161 1159 1157
552KAWAIHAE2011 92  1158 1154 1141 1132 1128 1151 1166 1178 1193 1197 1213
552KAWAIHAE2011 93  1225 1221 1218 1209 1217 1215 1204 1212
552KAWAIHAE2011101  1211 1208 1203 1198 1201 1202 1201 1214 1208 1207 1224
552KAWAIHAE2011102  1211 1193 1177 1175 1191 1192 1180 1173 1183 1207 1214
552KAWAIHAE2011103  1219 1229 1231 1232 1222 1234 1249 1239 1214
552KAWAIHAE2011111  1188 1177 1194 1195 1192 1204 1207 1210 1196 1194 1201
552KAWAIHAE2011112  1192 1188 1174 1188 1209 1212 1209 1194 1184 1196 1182
552KAWAIHAE2011113  1154 1158 1152 1122 1099 1102 1131 1138
552KAWAIHAE2011121  1134 1110 1115 1120 1107 1103 1097 1094 1091 1080 1091
552KAWAIHAE2011122  1105 1078 1051 1063 1053 1056 1074 1092 1103 1084 1070
552KAWAIHAE2011123  1062 1042 1043 1044 1048 1068 1061 1066 1053
552KAWAIHAE2012 11  1041 1074 1052 1047 1058 1056 1075 1077 1084 1095 1097
552KAWAIHAE2012 12  1108 1112 1118 1139 1137 1125 1123 1102 1114 1119 1130
552KAWAIHAE2012 13  1153 1162 1187 1174 1125 1118 1128 1126 1123
552KAWAIHAE2012 21  1117 1116 1111 1107 1108 1115 1124 1109 1043 1076 1077
552KAWAIHAE2012 22  1098 1115 1101 1109 1092 1094 1104 1121 1143 1136 1134
552KAWAIHAE2012 23  1128 1100 1101 1098 1092 1077 1072
552KAWAIHAE2012 31  1078 1066 1056 1065 1086 1101 1071 1063 1101 1102 1095
552KAWAIHAE2012 32  1096 1072 1076 1071 1074 1086 1081 1114 1118 1086 1078
552KAWAIHAE2012 33  1084 1078 1083 1082 1074 1089 1083 1077 1108
552KAWAIHAE2012 41  1134 1131 1143 1140 1133 1133 1111 1116 1122 1126 1144
552KAWAIHAE2012 42  1137 1135 1134 1148 1167 1165 1184 1205 1203 1199 1193
552KAWAIHAE2012 43  1198 1197 1200 1209 1208 1207 1201 1190
552KAWAIHAE2012 51  1208 1218 1228 1242 1244 1226 1210 1212 1208 1199 1210
552KAWAIHAE2012 52  1226 1229 1214 1201 1206 1207 1205 1212 1217 1203 1201
552KAWAIHAE2012 53  1206 1189 1184 1196 1190 1190 1194 1180 1168
552KAWAIHAE2012 61  1135 1112 1097 1096 1103 1107 1123 1110 1101 1099 1098
552KAWAIHAE2012 62  1107 1107 1104 1104 1106 1102 1091 1115 1130 1114 1112
552KAWAIHAE2012 63  1102 1102 1099 1097 1109 1129 1130 1132
552KAWAIHAE2012 71  1144 1150 1155 1153 1154 1167 1174 1181 1175 1160 1159
552KAWAIHAE2012 72  1165 1184 1197 1184 1182 1193 1199 1211 1207 1198 1186
552KAWAIHAE2012 73  1167 1160 1155 1150 1151 1155 1159 1156 1154
552KAWAIHAE2012 81  1161 1172 1170 1159 1142 1139 1131 1124 1106 1092 1097
552KAWAIHAE2012 82  1126 1142 1145 1123 1091 1058 1053 1055 1058 1050 1040
552KAWAIHAE2012 83  1039 1024 1013 1010 1017 1025 1042 1050 1055
552KAWAIHAE2012 91  1062 1058 1051 1043 1038 1066 1079 1069 1066 1069 1088
552KAWAIHAE2012 92  1103 1120 1134 1133 1124 1126 1135 1127 1107 1098 1104
552KAWAIHAE2012 93  1117 1127 1128 1135 1154 1167 1168 1162
552KAWAIHAE2012101  1153 1149 1144 1145 1137 1128 1141 1151 1146 1129 1131
552KAWAIHAE2012102  1141 1150 1159 1166 1182 1193 1180 1175 1177 1164 1158
552KAWAIHAE2012103  1165 1177 1194 1189 1165 1156 1156 1154 1160
552KAWAIHAE2012111  1156 1157 1171 1174 1175 1185 1195 1184 1168 1163 1162
552KAWAIHAE2012112  1165 1149 1130 1134 1136 1149 1159 1160 1160 1174 1175
552KAWAIHAE2012113  1163 1149 1122 1109 1104 1114 1118 1113
552KAWAIHAE2012121  1111 1095 1095 1095 1110 1141 1145 1139 1140 1136 1118
552KAWAIHAE2012122  1121 1121 1105 1100 1107 1130 1146 1148 1151 1146 1140
552KAWAIHAE2012123  1157 1181 1175 1174 1168 1156 1138 1140 1151
552KAWAIHAE2013 11  1124 1123 1136 1135 1177 1182 1164 1175 1166 1181 1202
552KAWAIHAE2013 12  1199 1192 1201 1213 1210 1207 1205 1183 1156 1149 1145
552KAWAIHAE2013 13  1160 1186 1189 1186 1172 1170 1188 1180 1142
552KAWAIHAE2013 21  1145 1137 1122 1121 1141 1138 1142 1139 1124 1142 1149
552KAWAIHAE2013 22  1141 1154 1160 1159 1168 1157 1152 1142 1145 1150 1165
552KAWAIHAE2013 23  1172 1183 1185 1182 1156 1144
552KAWAIHAE2013 31  1139 1143 1137 1116 1117 1110 1116 1127 1142 1182 1166
552KAWAIHAE2013 32  1135 1126 1130 1146 1116 1092 1094 1101 1111 1105 1113
552KAWAIHAE2013 33  1121 1113 1117 1098 1101 1109 1111 1118 1104
552KAWAIHAE2013 41  1089 1083 1068 1090 1089 1091 1099 1089 1108 1115 1119
552KAWAIHAE2013 42  1121 1099 1094 1082 1057 1059 1055 1064 1070 1074 1075
552KAWAIHAE2013 43  1056 1033 1033 1061 1065 1058 1061 1058
552KAWAIHAE2013 51  1058 1065 1072 1079 1097 1117 1122 1107 1084 1080 1088
552KAWAIHAE2013 52  1099 1118 1129 1125 1136 1145 1166 1185 1199 1192 1182
552KAWAIHAE2013 53  1204 1217 1210 1193 1199 1215 1230 1220 1224
552KAWAIHAE2013 61  1240 1256 1260 1259 1252 1239 1231 1223 1212 1192 1180
552KAWAIHAE2013 62  1155 1154 1172 1144 1135 1136 1133 1134 1144 1141 1123
552KAWAIHAE2013 63  1099 1097 1096 1089 1101 1131 1139 1129
552KAWAIHAE2013 71  1128 1136 1139 1126 1126 1116 1099 1105 1114 1134 1156
552KAWAIHAE2013 72  1164 1168 1170 1160 1144 1144 1143 1140 1134 1134 1135
552KAWAIHAE2013 73  1130 1116 1120 1125 1135 1158 1163 1143 1106
552KAWAIHAE2013 81  1094 1086 1085 1110 1107 1106 1097 1083 1098 1109 1111
552KAWAIHAE2013 82  1119 1124 1143 1156 1169 1191 1202 1206 1209 1219 1231
552KAWAIHAE2013 83  1231 1230 1227 1224 1213 1204 1201 1203 1191
552KAWAIHAE2013 91  1189 1204 1217 1235 1240 1225 1224 1226 1227 1233 1244
552KAWAIHAE2013 92  1244 1244 1251 1256 1263 1266 1263 1280 1270 1287 1276
552KAWAIHAE2013 93  1253 1273 1273 1255 1240 1220 1228 1219
552KAWAIHAE2013101  1210 1231 1242 1237 1213 1186 1183 1179 1166 1165 1171
552KAWAIHAE2013102  1177 1172 1182 1197 1208 1217 1217 1227 1223 1194 1169
552KAWAIHAE2013103  1160 1181 1196 1185 1176 1178 1186 1193 1180
552KAWAIHAE2013111  1173 1185 1206 1205 1196 1195 1204 1205 1209 1193 1169
552KAWAIHAE2013112  1196 1205 1226 1211 1181 1210 1205 1222 1218 1191 1177
552KAWAIHAE2013113  1160 1171 1220 1227 1233 1219 1231 1259
552KAWAIHAE2013121  1250 1236 1224 1225 1228 1219 1221 1228 1221 1211 1219
552KAWAIHAE2013122  1241 1246 1242 1231 9999 9999 9999 9999 9999 9999 9999
552KAWAIHAE2013123  9999 9999 9999 9999 9999 9999 9999 9999 9999
552KAWAIHAE2014 11  9999 9999 9999 9999 9999 9999 9999 9999 9999 9999 9999
552KAWAIHAE2014 12  9999 9999 9999 9999 9999 9999 1134 1114 1134 1145 1153
552KAWAIHAE2014 13  1111 1122 1161 1133 1150 1092 1108 1141 1121
552KAWAIHAE2014 21  1144 1124 1103 1118 1097 1091 1077 1080 1097 1103 1090
552KAWAIHAE2014 22  1098 1122 1116 1128 1148 1151 1170 1152 1138 1154 1146
552KAWAIHAE2014 23  1140 1139 1135 1140 1131 1163
552KAWAIHAE2014 31  1183 1183 1213 1169 1145 1167 1167 1156 1127 1125 1115
552KAWAIHAE2014 32  1106 1133 1135 1127 1103 1143 1179 1175 1196 1168 1173
552KAWAIHAE2014 33  1175 1166 1187 1174 1170 1169 1150 1152 1158
552KAWAIHAE2014 41  1167 1171 1169 1176 1188 1165 1149 1116 1111 1138 1133
552KAWAIHAE2014 42  1128 1114 1099 1093 1110 1136 1118 1116 1100 1070 1075
552KAWAIHAE2014 43  1079 1086 1102 1111 1115 1110 1094 1083
552KAWAIHAE2014 51  1086 1089 1078 1068 1062 1042 1041 1042 1041 1056 1065
552KAWAIHAE2014 52  1077 1096 1104 1102 1098 1101 1114 1122 1129 1133 1140
552KAWAIHAE2014 53  1170 1176 1176 1181 1194 1207 1203 1206 1209
552KAWAIHAE2014 61  1224 1241 1252 1244 1246 1246 1245 1250 1244 1245 1236
552KAWAIHAE2014 62  1226 1214 1211 1229 1231 1238 1247 1255 1270 1270 1261
552KAWAIHAE2014 63  1256 1254 1258 1263 1260 1240 1238 1241
552KAWAIHAE2014 71  1235 1224 1216 1209 1202 1196 1192 1193 1184 1174 1183
552KAWAIHAE2014 72  1198 1202 1195 1175 1163 1167 1179 1188 1193 1180 1174
552KAWAIHAE2014 73  1175 1196 1202 1203 1203 1190 1192 1205 1228
552KAWAIHAE2014 81  1254 1260 1264 1254 1238 1227 1251 1282 1294 1262 1261
552KAWAIHAE2014 82  1267 1284 1313 1307 1304 1306 1306 1327 1318 1312 1318
552KAWAIHAE2014 83  1324 1320 1301 1302 1316 1326 1322 1305 1304
552KAWAIHAE2014 91  1299 1292 1293 1297 1312 1321 1316 1309 1307 1314 1308
552KAWAIHAE2014 92  1290 1280 1271 1272 1264 1256 1253 1256 1262 1255 1254
552KAWAIHAE2014 93  1250 1257 1258 1250 1225 1224 1252 1246
552KAWAIHAE2014101  1255 1257 1252 1254 1241 1241 1254 1256 1255 1253 1267
552KAWAIHAE2014102  1278 1268 1268 1269 1263 1287 1291 1272 1258 1270 1266
552KAWAIHAE2014103  1273 1263 1256 1264 1263 1274 1278 1275 1286
552KAWAIHAE2014111  1289 1298 1318 1326 1310 1304 1320 1310 1275 1247 1216
552KAWAIHAE2014112  1210 1246 1263 1243 1225 1203 1215 1210 1224 1253 1248
552KAWAIHAE2014113  1242 1218 1189 1190 1191 1197 1208 1195
552KAWAIHAE2014121  1183 1174 1181 1161 1159 1150 1145 1157 1134 1122 1123
552KAWAIHAE2014122  1120 1119 1113 1135 1136 1123 1112 1106 1128 1138 1150
552KAWAIHAE2014123  1151 1172 1173 1142 1139 1112 1138 1191 1200
552KAWAIHAE2015 11  1156 1179 1234 1161 1129 1115 1114 1158 1141 1155 1168
552KAWAIHAE2015 12  1154 1164 1151 1136 1137 1134 1143 1147 1148 1163 1179
552KAWAIHAE2015 13  1192 1187 1158 1172 1200 1199 1185 1168 1157
552KAWAIHAE2015 21  1168 1190 1209 1191 1178 1156 1150 1173 1204 1225 1197
552KAWAIHAE2015 22  1177 1184 1206 1159 1130 1167 1155 1191 1190 1176 1190
552KAWAIHAE2015 23  1178 1176 1195 1205 1191 1173
552KAWAIHAE2015 31  1158 1154 1166 1179 1177 1183 1187 1219 1215 1199 1213
552KAWAIHAE2015 32  1211 1178 1140 1155 1177 1211 1216 1210 1211 1220 1229
552KAWAIHAE2015 33  1240 1249 1252 1232 1241 1256 1252 1255 1245
552KAWAIHAE2015 41  1252 1271 1280 1266 1273 1278 1275 1293 1294 1287 1274
552KAWAIHAE2015 42  1252 1245 1266 1274 1257 1270 1292 1297 1287 1283 1296
552KAWAIHAE2015 43  1285 1269 1255 1245 1228 1217 1214 1199
552KAWAIHAE2015 51  1196 1181 1180 1170 1145 1140 1129 1132 1141 1134 1130
552KAWAIHAE2015 52  1143 1149 1150 1138 1133 1151 1153 1164 1177 1175 1179
552KAWAIHAE2015 53  1166 1153 1159 1168 1187 1203 1205 1204 1207
552KAWAIHAE2015 61  1203 1192 1187 1192 1185 1183 1181 1175 1169 1166 1180
552KAWAIHAE2015 62  1180 1192 1196 1193 1194 1204 1213 1212 1205 1210 1224
552KAWAIHAE2015 63  1225 1220 1214 1210 1206 1200 1195 1186
552KAWAIHAE2015 71  1189 1186 1181 1183 1160 1153 1155 1152 1158 1160 1151
552KAWAIHAE2015 72  1146 1140 1147 1139 1129 1113 1073 1065 1066 1065 1079
552KAWAIHAE2015 73  1086 1110 1132 1136 1158 1169 1169 1172 1174
552KAWAIHAE2015 81  1203 1221 1246 1236 1238 1222 1210 1220 1231 1234 1236
552KAWAIHAE2015 82  1228 1227 1221 1210 1217 1217 1218 1232 1226 1233 1255
552KAWAIHAE2015 83  1252 1233 1227 1227 1245 1263 1260 1277 1281
552KAWAIHAE2015 91  1279 1288 1284 1290 1296 1301 1313 1311 1319 1328 1341
552KAWAIHAE2015 92  1350 1328 1313 1319 1308 1302 1332 1341 1340 1346 1338
552KAWAIHAE2015 93  1322 1318 1316 1312 1306 1324 1326 1313
552KAWAIHAE2015101  1312 1336 1342 1345 1357 1341 1298 1298 1281 1304 1310
552KAWAIHAE2015102  1305 1326 1319 1327 1324 1324 1311 1282 1288 1300 1318
552KAWAIHAE2015103  1319 1328 1330 1324 1311 1305 1326 1303 1287
552KAWAIHAE2015111  1281 1270 1270 1255 1269 1272 1270 1278 1285 1303 1303
552KAWAIHAE2015112  1293 1292 1281 1300 1319 1326 1326 1323 1313 1298 1279
552KAWAIHAE2015113  1261 1243 1216 1224 1219 1190 1163 1147
552KAWAIHAE2015121  1143 1140 1137 1127 1110 1114 1129 1121 1136 1159 1173
552KAWAIHAE2015122  1152 1152 1160 1160 1185 1188 1182 1187 1188 1219 1240
552KAWAIHAE2015123  1230 1212 1205 1212 1234 1253 1245 1242 1221
552KAWAIHAE2016 11  1190 1155 1180 1170 1165 1184 1166 1179 1177 1169 1167
552KAWAIHAE2016 12  1159 1152 1147 1145 1149 1139 1114 1096 1093 1080 1083
552KAWAIHAE2016 13  1087 1080 1084 1090 1095 1101 1094 1075 1082
552KAWAIHAE2016 21  1096 1111 1124 1141 1144 1167 1151 1131 1175 1154 1180
552KAWAIHAE2016 22  1169 1149 1150 1134 1121 1133 1143 1144 1141 1144 1136
552KAWAIHAE2016 23  1122 1144 1119 1138 1155 1151 1164
552KAWAIHAE2016 31  1133 1132 1142 1156 1160 1168 1164 1169 1127 1080 1146
552KAWAIHAE2016 32  1158 1183 1184 1175 1182 1165 1215 1233 1238 1264 1251
552KAWAIHAE2016 33  1261 1243 1232 1235 1236 1254 1255 1240 1241
552KAWAIHAE2016 41  1233 1224 1228 1229 1246 1236 1239 1276 1259 1270 1241
552KAWAIHAE2016 42  1235 1253 1236 1242 1226 1224 1218 1204 1203 1208 1228
552KAWAIHAE2016 43  1210 1202 1188 1181 1186 1185 1185 1200
552KAWAIHAE2016 51  1219 1222 1224 1230 1237 1250 1247 1234 1229 1241 1246
552KAWAIHAE2016 52  1248 1260 1266 1274 1277 1283 1299 1291 1283 1267 1269
552KAWAIHAE2016 53  1272 1276 1302 1296 1284 1277 1286 1305 1312
552KAWAIHAE2016 61  1303 1310 1318 1321 1296 1286 1276 1266 1263 1258 1262
552KAWAIHAE2016 62  1250 1255 1259 1239 1226 1220 1223 1239 1239 1230 1196
552KAWAIHAE2016 63  1182 1197 1202 1204 1217 1224 1210 1199
552KAWAIHAE2016 71  1219 1225 1226 1217 1202 1207 1197 1188 1188 1201 1217
552KAWAIHAE2016 72  1213 1222 1206 1194 1177 1153 1142 1129 1109 1112 1148
552KAWAIHAE2016 73  1181 1202 1177 1157 1185 1194 1218 1234 1236
552KAWAIHAE2016 81  1231 1224 1239 1231 1231 1243 1233 1228 1221 1220 1243
552KAWAIHAE2016 82  1276 1299 1297 1294 1316 1322 1333 1330 1332 1341 1333
552KAWAIHAE2016 83  1330 1323 1316 1333 1342 1348 1360 1346 1340
552KAWAIHAE2016 91  1358 1361 1334 1324 1296 1301 1300 1309 1321 1322 1305
552KAWAIHAE2016 92  1279 1261 1261 1286 1314 1316 1303 1295 1294 1312 1321
552KAWAIHAE2016 93  1309 1308 1296 1306 1330 1319 1314 1333
552KAWAIHAE2016101  1331 1328 1332 1344 1349 1338 1320 1309 1309 1320 1338
552KAWAIHAE2016102  1343 1341 1340 1342 1325 1321 1325 1314 1306 1299 1283
552KAWAIHAE2016103  1261 1254 1263 1258 1247 1246 1257 1231 1219
552KAWAIHAE2016111  1218 1224 1231 1223 1244 1267 1255 1251 1255 1242 1246
552KAWAIHAE2016112  1227 1217 1248 1263 1266 1255 1270 1290 1303 1311 1307
552KAWAIHAE2016113  1318 1318 1315 1333 1329 1334 1334 1339
552KAWAIHAE2016121  1347 1343 1367 1343 1318 1326 1332 1350 1339 1325 1322
552KAWAIHAE2016122  1327 1316 1307 1324 1316 1310 1296 1273 1308 1315 1323
552KAWAIHAE2016123  1299 1300 1306 1300 1280 1280 1268 1284 1290
552KAWAIHAE2017 11  1272 1264 1254 1269 1272 1251 1231 1209 1219 1219 1212
552KAWAIHAE2017 12  1208 1202 1218 1210 1213 1223 1216 1222 1196 1177 1182
552KAWAIHAE2017 13  1207 1187 1181 1194 1191 1234 1230 1209 1250
552KAWAIHAE2017 21  1256 1285 1292 1283 1308 1315 1318 1292 1274 1274 1275
552KAWAIHAE2017 22  1275 1258 1263 1258 1255 1263 1268 1236 1212 1221 1214
552KAWAIHAE2017 23  1245 1263 1294 1320 1306 1328
552KAWAIHAE2017 31  1358 1349 1308 1311 1303 1302 1308 1293 1300 1294 1291
552KAWAIHAE2017 32  1292 1275 1272 1266 1269 1275 1270 1260 1265 1278 1289
552KAWAIHAE2017 33  1291 1285 1282 1272 1261 1259 1264 1260 1263
552KAWAIHAE2017 41  1255 1232 1225 1225 1220 1213 1209 1226 1221 1214 1220
552KAWAIHAE2017 42  1226 1223 1230 1215 1207 1202 1217 1251 1250 1248 1232
552KAWAIHAE2017 43  1237 1256 1273 1275 1273 1282 1321 1326
552KAWAIHAE2017 51  1276 1261 1254 1262 1261 1271 1278 1290 1287 1269 1273
552KAWAIHAE2017 52  1270 1276 1275 1274 1279 1278 1281 1270 1288 1300 1292
552KAWAIHAE2017 53  1302 1313 1296 1285 1281 1284 1295 1287 1302
552KAWAIHAE2017 61  1308 1299 1297 1302 1286 1257 1241 1254 1246 1216 1192
552KAWAIHAE2017 62  1187 1197 1204 1207 1215 1226 1237 1240 1255 1254 1237
552KAWAIHAE2017 63  1234 1216 1202 1206 1204 1200 1200 1215
552KAWAIHAE2017 71  1223 1185 1153 1161 1169 1176 1199 1218 1238 1253 1262
552KAWAIHAE2017 72  1275 1294 1297 1309 1333 1355 1370 1366 1371 1389 1389
552KAWAIHAE2017 73  1385 1390 1388 1391 1385 1381 1382 1387 1387
552KAWAIHAE2017 81  1372 1365 1366 1367 1354 1345 1332 1330 1333 1334 1352
552KAWAIHAE2017 82  1374 1383 1375 1371 1356 1340 1339 1340 1355 1374 1375
552KAWAIHAE2017 83  1366 1353 1350 1362 1375 1374 1358 1347 1352
552KAWAIHAE2017 91  1354 1347 1352 1341 1328 1330 1340 1355 1359 1365 1370
552KAWAIHAE2017 92  1362 1348 1347 1342 1326 1329 1333 1334 1330 1337 1332
552KAWAIHAE2017 93  1312 1312 1306 1288 1272 1267 1283 1297
552KAWAIHAE2017101  1292 1319 1318 1309 1312 1325 1339 1335 1339 1332 1341
552KAWAIHAE2017102  1340 1338 1325 1307 1293 1285 1297 1320 1329 1342 1334
552KAWAIHAE2017103  1355 1400 1353 1337 1338 1346 1354 1339 1337
552KAWAIHAE2017111  1328 1328 1324 1330 1335 1337 1338 1328 1352 1360 1355
552KAWAIHAE2017112  1358 1342 1331 1307 1290 1312 1310 1306 1291 1269 1272
552KAWAIHAE2017113  1253 1262 1281 1270 1280 1251 1253 1276
552KAWAIHAE2017121  1257 1248 1240 1260 1222 1200 1256 1236 1265 1256 1269
552KAWAIHAE2017122  1300 1267 1267 1280 1309 1294 1257 1246 1251 1264 1258
552KAWAIHAE2017123  1246 1264 1249 1266 1272 1245 1254 1237 1242
552KAWAIHAE2018 11  1250 1231 1229 1235 1254 1261 1254 1264 1275 1261 1256
552KAWAIHAE2018 12  1245 1232 1226 1219 1211 1212 1221 1230 1203 1192 1203
552KAWAIHAE2018 13  1183 1181 1197 1196 1201 1213 1236 1228 1204
552KAWAIHAE2018 21  1212 1226 1227 1220 1218 1255 1260 1234 1202 1194 1217
552KAWAIHAE2018 22  1208 1213 1222 1251 1244 1216 1218 1211 1228 1214 1209
552KAWAIHAE2018 23  1204 1202 1191 1169 1171 1183
552KAWAIHAE2018 31  1183 1153 1127 1114 1108 1099 1109 1109 1086 1092 1100
552KAWAIHAE2018 32  1103 1130 1146 1149 1134 1133 1146 1157 1171 1167 1177
552KAWAIHAE2018 33  1183 1175 1194 1194 1185 1155 1134 1155 1168
552KAWAIHAE2018 41  1182 1200 1215 1201 1188 1157 1160 1182 1165 1161 1167
552KAWAIHAE2018 42  1183 1213 1213 1207 1201 1201 1207 1197 1195 1191 1198
552KAWAIHAE2018 43  1211 1223 1240 1252 1271 1283 1275 1286
552KAWAIHAE2018 51  1251 1247 1259 1242 1256 1232 1210 1210 1201 1221 1216
552KAWAIHAE2018 52  1221 1228 1218 1221 1220 1199 1195 1198 1197 1206 1187
552KAWAIHAE2018 53  1175 1183 1193 1195 1211 1234 1223 1232 1231
552KAWAIHAE2018 61  1221 1240 1242 1246 1257 1259 1266 1253 1245 1255 1267
552KAWAIHAE2018 62  1280 1284 1276 1253 1237 1250 1261 1279 1273 1267 1262
552KAWAIHAE2018 63  1256 1256 1256 1262 1263 1268 1266 1262
552KAWAIHAE2018 71  1259 1252 1250 1249 1257 1276 1293 1283 1263 1267 1265
552KAWAIHAE2018 72  1288 1290 1289 1292 1274 1283 1289 1284 1286 1263 1271
552KAWAIHAE2018 73  1264 1254 1244 1245 1248 1226 1236 1236 1233
552KAWAIHAE2018 81  1232 1232 1235 1227 1225 1225 1233 1256 1274 1261 1246
552KAWAIHAE2018 82  1264 1250 1253 1258 1258 1260 1271 1274 1258 1254 1288
552KAWAIHAE2018 83  1314 1348 1331 1297 1319 1294 1297 1312 1324
552KAWAIHAE2018 91  1351 1346 1360 1355 1354 1362 1366 1356 1343 1341 1344
552KAWAIHAE2018 92  1361 1356 1335 1333 1340 1335 1359 1371 1373 1379 1380
552KAWAIHAE2018 93  1388 1382 1381 1389 1375 1363 1358 1369
552KAWAIHAE2018101  1372 1356 1336 1341 1358 1361 1359 1350 1347 1341 1330
552KAWAIHAE2018102  1317 1311 1301 1282 1261 1279 1297 1302 1298 1283 1283
552KAWAIHAE2018103  1286 1301 1303 1291 1281 1277 1281 1284 1250
552KAWAIHAE2018111  1210 1207 1204 1222 1233 1228 1238 1225 1215 1204 1160
552KAWAIHAE2018112  1189 1217 1209 1192 1159 1167 1168 1171 1182 1190 1211
552KAWAIHAE2018113  1193 1173 1189 1191 1180 1183 1207 1220
552KAWAIHAE2018121  1211 1179 1149 1171 1190 1193 1168 1144 1129 1150 1181
552KAWAIHAE2018122  1186 1182 1185 1209 1204 1237 1210 1178 1166 1178 1196
552KAWAIHAE2018123  1214 1211 1218 1197 1178 1177 1178 1174 1168
552KAWAIHAE2019 11  1144 1137 1120 1111 1104 1094 1078 1076 1084 1095 1117
552KAWAIHAE2019 12  1109 1111 1108 1101 1129 1143 1133 1117 1116 1115 1113
552KAWAIHAE2019 13  1125 1124 1146 1166 1150 1146 1129 1163 1131
552KAWAIHAE2019 21  1110 1121 1098 1093 1100 1121 1120 1102 1078 1100 1099
552KAWAIHAE2019 22  1043 1065 1024 1036 1037 1016 1050 1071 1068 1072 1056
552KAWAIHAE2019 23  1062 1069 1068 1094 1086 1072
552KAWAIHAE2019 31  1083 1075 1075 1077 1081 1106 1101 1109 1126 1135 1145
552KAWAIHAE2019 32  1147 1140 1160 1157 1146 1159 1123 1139 1149 1142 1145
552KAWAIHAE2019 33  1122 1123 1137 1128 1142 1165 1168 1175 1177
552KAWAIHAE2019 41  1181 1173 1158 1160 1171 1190 1190 1189 1194 1209 1239
552KAWAIHAE2019 42  1245 1226 1211 1199 1212 1229 1241 1245 1245 1266 1267
552KAWAIHAE2019 43  1255 1245 1235 1254 1261 1260 1260 1251
552KAWAIHAE2019 51  1258 1267 1266 1282 1286 1251 1259 1232 1219 1213 1207
552KAWAIHAE2019 52  1219 1200 1190 1183 1183 1202 1196 1202 1214 1209 1197
552KAWAIHAE2019 53  1198 1181 1164 1161 1160 1166 1163 1158 1159
552KAWAIHAE2019 61  1165 1177 1206 1204 1201 1199 1190 1185 1186 1176 1167
552KAWAIHAE2019 62  1166 1170 1196 1207 1223 1223 1190 1155 1149 1170 1168
552KAWAIHAE2019 63  1154 1162 1176 1205 1228 1234 1243 1278
552KAWAIHAE2019 71  1287 1283 1273 1271 1278 1271 1265 1289 1327 1330 1339
552KAWAIHAE2019 72  1360 1350 1352 1354 1350 1345 1345 1379 1403 1406 1394
552KAWAIHAE2019 73  1357 1335 1327 1318 1349 1346 1350 1353 1321
552KAWAIHAE2019 81  1307 1323 1342 1314 1325 1343 1329 1335 1328 1322 1329
552KAWAIHAE2019 82  1315 1317 1321 1317 1315 1310 1308 1301 1285 1290 1311
552KAWAIHAE2019 83  1334 1322 1327 1349 1329 1312 1308 1318 1317
552KAWAIHAE2019 91  1315 1328 1340 1347 1352 1335 1334 1352 1350 1332 1321
552KAWAIHAE2019 92  1301 1296 1289 1311 1335 1351 1357 1335 1340 1345 1295
552KAWAIHAE2019 93  1243 1255 1271 1283 1311 1308 1310 1326
552KAWAIHAE2019101  1324 1316 1320 1318 1305 1309 1320 1319 1325 1338 1343
552KAWAIHAE2019102  1335 1350 1356 1350 1352 1355 1363 1368 1372 1363 1376
552KAWAIHAE2019103  1399 1394 1395 1391 1399 1397 1380 1368 1371
552KAWAIHAE2019111  1359 1340 1334 1331 1341 1347 1338 1344 1338 1341 1346
552KAWAIHAE2019112  1317 1309 1304 1305 1303 1309 1326 1325 1313 1314 1327
552KAWAIHAE2019113  1334 1338 1320 1316 1313 1300 1282 1266
552KAWAIHAE2019121  1267 1275 1253 1248 1257 1286 1291 1273 1260 1265 1269
552KAWAIHAE2019122  1270 1282 1308 1345 1341 1345 1349 1348 1350 1359 1379
552KAWAIHAE2019123  1404 1418 1446 1410 1359 1356 1328 1343 1366
552KAWAIHAE2020 11  1401 1381 1344 1357 1346 1359 1370 1367 1399 1387 1393
552KAWAIHAE2020 12  1368 1376 1388 1384 1392 1355 1297 1261 1219 1200 1180
552KAWAIHAE2020 13  1158 1168 1155 1163 1173 1174 1191 1181 1166
552KAWAIHAE2020 21  1168 1186 1197 1194 1180 1195 1201 1198 1185 1213 1218
552KAWAIHAE2020 22  1220 1222 1190 1215 1193 1192 1183 1187 1226 1221 1229
552KAWAIHAE2020 23  1247 1255 1265 1266 1253 1261 1274
552KAWAIHAE2020 31  1293 1307 1309 1311 1313 1291 1278 1272 1271 1306 1303
552KAWAIHAE2020 32  1304 1303 1280 1269 1283 1288 1268 1244 1236 1226 1213
552KAWAIHAE2020 33  1207 1203 1221 1221 1213 1199 1189 1171 1158
552KAWAIHAE2020 41  1158 1153 1166 1164 1172 1185 1171 1161 1167 1167 1160
552KAWAIHAE2020 42  1142 1132 1141 1123 1129 1137 1146 1161 1165 1174 1179
552KAWAIHAE2020 43  1168 1170 1178 1203 1219 1212 1215 1223
552KAWAIHAE2020 51  1243 1248 1250 1274 1284 1288 1269 1262 1257 1237 1243
552KAWAIHAE2020 52  1246 1248 1256 1243 1239 1252 1265 1270 1275 1298 1321
552KAWAIHAE2020 53  1335 1336 1323 1309 1303 1309 1320 1325 1331
552KAWAIHAE2020 61  1359 1380 1393 1389 1372 1362 1343 1342 1340 1333 1326
552KAWAIHAE2020 62  1327 1333 1335 1337 1344 1343 1325 1316 1308 1305 1295
552KAWAIHAE2020 63  1279 1276 1283 1291 1281 1282 1293 1305
552KAWAIHAE2020 71  1323 1328 1317 1316 1319 1316 1319 1330 1347 1352 1348
552KAWAIHAE2020 72  1345 1341 1327 1319 1327 1318 1317 1342 1350 1345 1338
552KAWAIHAE2020 73  1335 1341 1363 1379 1384 1376 1358 1352 1353
552KAWAIHAE2020 81  1358 1358 1360 1364 1363 1353 1349 1370 1379 1373 1376
552KAWAIHAE2020 82  1395 1424 1425 1422 1426 1411 1407 1386 1373 1380 1395
552KAWAIHAE2020 83  1434 1441 1423 1405 1395 1394 1374 1388 1393
552KAWAIHAE2020 91  1380 1373 1354 1345 1342 1341 1320 1286 1286 1294 1306
552KAWAIHAE2020 92  1296 1263 1256 1240 1219 1203 1200 1225 1237 1237 1235
552KAWAIHAE2020 93  1222 1225 1219 1222 1217 1218 1234 1245
552KAWAIHAE2020101  1262 1271 1248 1233 1255 1271 1270 1273 1267 1261 1264
552KAWAIHAE2020102  1266 1286 1313 1318 1316 1312 1307 1323 1325 1323 1325
552KAWAIHAE2020103  1334 1339 1342 1349 1340 1346 1359 1357 1340
552KAWAIHAE2020111  1314 1308 1311 1344 1358 1362 1362 1348 1369 1358 1335
552KAWAIHAE2020112  1336 1348 1378 1372 1358 1365 1358 1342 1335 1341 1361
552KAWAIHAE2020113  1377 1367 1348 1332 1326 1334 1329 1324
552KAWAIHAE2020121  1318 1309 1319 1318 1339 1342 1319 1349 1355 1353 1351
552KAWAIHAE2020122  1333 1341 1337 1329 1313 1294 1316 1307 1298 1276 1288
552KAWAIHAE2020123  1277 1260 1256 1252 1256 1258 1237 1262 1245
552KAWAIHAE2021 11  1240 1267 1239 1244 1250 1253 1275 1255 1256 1261 1265
552KAWAIHAE2021 12  1268 1256 1255 1289 1316 1311 1299 1274 1305 1271 1291
552KAWAIHAE2021 13  1308 1303 1324 1316 1311 1306 1314 1332 1334
552KAWAIHAE2021 21  1343 1349 1389 1392 1357 1353 1292 1312 1294 1263 1295
552KAWAIHAE2021 22  1277 1322 1314 1290 1281 1262 1267 1259 1244 1255 1243
552KAWAIHAE2021 23  1238 1243 1241 1222 1197 1189
552KAWAIHAE2021 31  1181 1160 1164 1171 1180 1178 1178 1188 1196 1186 1172
552KAWAIHAE2021 32  1200 1222 1207 1217 1198 1197 1201 1184 1195 1197 1212
552KAWAIHAE2021 33  1234 1234 1238 1216 1230 1247 1237 1225 1211
552KAWAIHAE2021 41  1212 1188 1162 1162 1167 1159 1162 1163 1178 1194 1186
552KAWAIHAE2021 42  1173 1166 1173 1154 1106 1095 1098 1122 1134 1122 1129
552KAWAIHAE2021 43  1139 1135 1140 1157 1174 1176 1171 1156
552KAWAIHAE2021 51  1158 1170 1181 1167 1143 1157 1165 1171 1180 1182 1198
552KAWAIHAE2021 52  1186 1164 1148 1142 1151 1157 1171 1183 1195 1209 1207
552KAWAIHAE2021 53  1214 1207 1175 1158 1156 1174 1182 1170 1164
552KAWAIHAE2021 61  1158 1150 1154 1179 1175 1161 1148 1124 1112 1097 1076
552KAWAIHAE2021 62  1069 1064 1059 1055 1051 1061 1070 1078 1076 1045 1014
552KAWAIHAE2021 63  1021 1047 1053 1056 1059 1051 1053 1056
