595NOME          LAT=64 30.0N  LONG=165 25.8W
595NOME    1992 91  9999 9999 9999 9999 9999 9999 9999 9999 9999 9999 9999
595NOME    1992 92  9999 9999 9999 9999 9999 9999 9999 9999 9999 9999 9999
595NOME    1992 93  9999 9999 9999 9999 9999 9999 9999 9999
595NOME    1992101  1226 1087  957 1146 1811 2923 2304 1635 1353 1251 1542
595NOME    1992102  1430 1504 1784 1590 1633 1735 1574 1362 1235 1062 1050
595NOME    1992103  1284 1143  977 1105 1295 1375 1278 1212 1155
595NOME    1992111  9999 9999 9999 9999 9999 9999 9999 9999 9999 9999 9999
595NOME    1992112  9999 9999 9999 9999 9999 9999 9999 9999 9999 9999 9999
595NOME    1992113  9999 9999 9999 9999 9999 9999 9999 9999
595NOME    1992121  9999 9999 9999 9999 9999 9999 9999 9999 9999 9999 9999
595NOME    1992122  9999 9999 9999 9999 9999 9999 9999 9999 9999 9999 9999
595NOME    1992123  9999 9999 9999 9999 9999 9999 9999 9999 9999
595NOME    1993 11  1635 1431 1480 1835 2167 1905 2075 2102 1685 1859 2258
595NOME    1993 12  2262 2404 1955 1524 1119  907  433  496  729  967 1160
595NOME    1993 13  1233 1139 1109 1159  909  674  981 1225 1334
595NOME    1993 21  1423 1500 1306 1135  794  981 1655 1907 1821 1440 1359
595NOME    1993 22  1671 1611 1705 1682 1762 1584 1679 1601 1630 1499 1420
595NOME    1993 23  1375 1456 1713 1252 1116 1189
595NOME    1993 31  1146 1401 1593 1460 1156 1029 1177 1310 1384 1395 1182
595NOME    1993 32   986 1177 1380 1356 1392 1404 1519 1246 1399 1506 1272
595NOME    1993 33  1230 1615 1542 1195 1297 1575 1601 1699 1649
595NOME    1993 41  1537 1623 1536 1448 1187  928  907 1004  969 1159 1354
595NOME    1993 42  1353 1449 1621 1617 1448 1314 1291 1333 1498 1901 2015
595NOME    1993 43  1648 1463 1265 1139 1242 1267 1260 1306
595NOME    1993 51  1335 1357 1316 1118 1009 1155 1392 1459 1480 1584 1407
595NOME    1993 52  1297 1347 1379 1479 1398 1498 1573 1545 1738 1138  964
595NOME    1993 53  1496 1551 1460 1585 1701 1690 1512 1281 1139
595NOME    1993 61  1151 1305 1375 1492 1562 1435 1288 1417 1564 1523 1498
595NOME    1993 62  1444 1352 1239 1247 1380 1423 1261 1222 1250 1216 1307
595NOME    1993 63  1452 1459 1463 1466 1459 1467 1615 1648
595NOME    1993 71  1576 1719 1738 1706 1767 1619 1465 1422 1466 1433 1417
595NOME    1993 72  1456 1508 1812 1681 1445 1375 1313 1359 1455 1480 1466
595NOME    1993 73  1546 1720 1444 1237 1432 1449 1457 1487 1523
595NOME    1993 81  1636 1745 1683 1594 1616 1569 1533 1460 1357 1366 1413
595NOME    1993 82  1441 1389 1028  565 1114 1476 1530 1659 2025 1921 1600
595NOME    1993 83  1485 1511 1426 1431 1608 1711 1543 1461 1399
595NOME    1993 91  1265 1638 1613 1290 1046  527 1234 1937 1566 1451 1492
595NOME    1993 92  1446 1690 2111 2014 1290 1109 1363 1626 1004  596 1292
595NOME    1993 93  1495 1476 1195 1084 1348 1297 1164 1288
595NOME    1993101  2260 2209 1410 1302 1536 1915 1894 1646 1427 1481 1615
595NOME    1993102  1498 1830 2131 1944 1709 1626 1625 1619 1722 1712 1572
595NOME    1993103  1701 1676 1055  993 1555 1837 1729 1766 1721
595NOME    1993111  1545 1702 2291 2161 1783 1708 1589 1678 2099 2485 2291
595NOME    1993112  1910 1579  966 1271 1420 1256 1039 1349 1858 2338 2149
595NOME    1993113  1761 1463 1093 1294 1494 1620 1707 1463
595NOME    1993121  1179 1168 1432 1796 1771 1580 1524 1346 1165  802  769
595NOME    1993122   922 1034 1246 1116 1093 1263 1252 1205 1140  584  954
595NOME    1993123   871  910 1225 1241 1236 1442 1518 1458 1350
595NOME    1994 11  1026 1022 1137 1221 1173 1146 1102  887  879 1065  864
595NOME    1994 12   686  979  684  460  712  691  951 1208 1043 1041 1430
595NOME    1994 13  1341 1061  922  786  691  840 1153 1021 1337
595NOME    1994 21  1618 1656 1767 1469 1422 1554 1584 1527 1330 1190  659
595NOME    1994 22   261  504  567  534  842 1102 1153 1076  943  924  930
595NOME    1994 23   806  505  232  587  675  241
595NOME    1994 31   128  262  236  499  961  869  249  449  395  561  894
595NOME    1994 32   992  936  889 1022 1149  987  781  729  885  945  962
595NOME    1994 33  1008 1069 1138 1201 1301 1508 1478 1393 1235
595NOME    1994 41  9999 9999 9999 9999 9999 9999 9999 9999 9999 9999 9999
595NOME    1994 42  9999 9999 9999 9999 9999 9999 9999 9999 9999 9999 9999
595NOME    1994 43  9999 9999 9999 9999 9999 9999 9999 9999
595NOME    1994 51  9999 9999 9999 9999 9999 9999 9999 9999 9999 9999 9999
595NOME    1994 52  9999 9999 9999 9999 9999 9999 9999 9999 9999 9999 9999
595NOME    1994 53  9999 9999 9999 9999 9999 9999 9999 9999 9999
595NOME    1994 61  9999 9999 9999 9999 9999 9999 9999 9999 9999 9999 9999
595NOME    1994 62  9999 9999 9999 9999 9999 9999 9999 9999 9999 9999 9999
595NOME    1994 63  9999 9999 9999 9999 9999 9999 9999 9999
595NOME    1994 71  9999 9999 9999 9999 9999 9999 9999 9999 9999 9999 9999
595NOME    1994 72  9999 9999 9999 9999 9999 9999 9999 9999 9999 9999 9999
595NOME    1994 73  9999 9999 9999 9999 9999 9999 9999 9999 9999
595NOME    1994 81  9999 9999 9999 9999 9999 9999 9999 9999 9999 9999 9999
595NOME    1994 82  9999 9999 9999 9999 9999 9999 9999 9999 9999 9999 9999
595NOME    1994 83  9999 9999 9999 9999 9999 9999 9999 9999 9999
595NOME    1994 91  9999 9999 9999 9999 9999 9999 9999 9999 9999 9999 9999
595NOME    1994 92  9999 9999 9999 9999 9999 9999 9999 9999 9999 9999 9999
595NOME    1994 93  9999 9999 9999 9999 9999 9999 9999 9999
595NOME    1994101  9999 9999 9999 9999 9999 9999 9999 9999 9999 9999 9999
595NOME    1994102  9999 9999 9999 9999 9999 9999 9999 9999 9999 9999 9999
595NOME    1994103  9999 9999 9999 9999 9999 9999 9999 9999 9999
595NOME    1994111  9999 9999 9999 9999 9999 9999 9999 9999 9999 9999 9999
595NOME    1994112  9999 9999 9999 9999 9999 9999 9999 9999 9999 9999 9999
595NOME    1994113  9999 9999 9999 9999 9999 9999 9999 9999
595NOME    1994121  9999 9999 9999 9999 9999 9999 9999 9999 9999 9999 9999
595NOME    1994122  9999 9999 9999 9999 9999 9999 9999 9999 9999 9999 9999
595NOME    1994123  9999 9999 9999 9999 9999 9999 9999 9999 9999
595NOME    1995 11  9999 9999 9999 9999 9999 9999 9999 9999 9999 9999 9999
595NOME    1995 12  9999 9999 9999 9999 9999 9999 9999 9999 9999 9999 9999
595NOME    1995 13  9999 9999 9999 9999 9999 9999 9999 9999 9999
595NOME    1995 21  9999 9999 9999 9999 9999 9999 9999 9999 9999 9999 9999
595NOME    1995 22  9999 9999 9999 9999 9999 9999 9999 9999 9999 9999 9999
595NOME    1995 23  9999 9999 9999 9999 9999 9999
595NOME    1995 31  9999 9999 9999 9999 9999 9999 9999 9999 9999 9999 9999
595NOME    1995 32  9999 9999 9999 9999 9999 9999 9999 9999 9999 9999 9999
595NOME    1995 33  9999 9999 9999 9999 9999 9999 9999 9999 9999
595NOME    1995 41  9999 9999 9999 9999 9999 9999 9999 9999 9999 9999 9999
595NOME    1995 42  9999 9999 9999 9999 9999 9999 9999 9999 9999 9999 9999
595NOME    1995 43  9999 9999 9999 9999 9999 9999 9999 9999
595NOME    1995 51  9999 9999 9999 9999 9999 9999 9999 9999 9999 9999 9999
595NOME    1995 52  9999 9999 9999 9999 9999 9999 9999 9999 9999 9999 9999
595NOME    1995 53  9999 9999 9999 9999 9999 9999 9999 9999 9999
595NOME    1995 61  9999 9999 9999 9999 9999 9999 9999 9999 9999 9999 9999
595NOME    1995 62  9999 9999 9999 9999 9999 9999 9999 9999 9999 9999 9999
595NOME    1995 63  9999 9999 9999 9999 9999 9999 9999 9999
595NOME    1995 71  9999 9999 9999 9999 9999 9999 9999 9999 9999 9999 9999
595NOME    1995 72  9999 9999 9999 9999 9999 9999 9999 9999 9999 9999 9999
595NOME    1995 73  9999 9999 9999 9999 9999 9999 9999 9999 9999
595NOME    1995 81  9999 9999 9999 9999 9999 9999 9999 9999 9999 9999 9999
595NOME    1995 82  9999 9999 9999 9999 9999 9999 9999 9999 9999 9999 9999
595NOME    1995 83  9999 9999 9999 9999 9999 9999 9999 9999 9999
595NOME    1995 91  9999 9999 9999 9999 9999 9999 9999 9999 9999 9999 9999
595NOME    1995 92  9999 9999 9999 9999 9999 9999 9999 9999 9999 9999 9999
595NOME    1995 93  9999 9999 9999 9999 9999 9999 9999 9999
595NOME    1995101  9999 9999 9999 9999 9999 9999 9999 9999 9999 9999 9999
595NOME    1995102  9999 9999 9999 9999 9999 9999 9999 9999 9999 9999 9999
595NOME    1995103  9999 9999 9999 9999 9999 9999 9999 9999 9999
595NOME    1995111  9999 9999 9999 9999 9999 9999 9999 9999 9999 9999 9999
595NOME    1995112  9999 9999 9999 9999 9999 9999 9999 9999 9999 9999 9999
595NOME    1995113  9999 9999 9999 9999 9999 9999 9999 9999
595NOME    1995121  9999 9999 9999 9999 9999 9999 9999 9999 9999 9999 9999
595NOME    1995122  9999 9999 9999 9999 9999 9999 9999 9999 9999 9999 9999
595NOME    1995123  9999 9999 9999 9999 9999 9999 9999 9999 9999
595NOME    1996 11  9999 9999 9999 9999 9999 9999 9999 9999 9999 9999 9999
595NOME    1996 12  9999 9999 9999 9999 9999 9999 9999 9999 9999 9999 9999
595NOME    1996 13  9999 9999 9999 9999 9999 9999 9999 9999 9999
595NOME    1996 21  9999 9999 9999 9999 9999 9999 9999 9999 9999 9999 9999
595NOME    1996 22  9999 9999 9999 9999 9999 9999 9999 9999 9999 9999 9999
595NOME    1996 23  9999 9999 9999 9999 9999 9999 9999
595NOME    1996 31  9999 9999 9999 9999 9999 9999 9999 9999 9999 9999 9999
595NOME    1996 32  9999 9999 9999 9999 9999 9999 9999 9999 9999 9999 9999
595NOME    1996 33  9999 9999 9999 9999 9999 9999 9999 9999 9999
595NOME    1996 41  9999 9999 9999 9999 9999 9999 9999 9999 9999 9999 9999
595NOME    1996 42  9999 9999 9999 9999 9999 9999 9999 9999 9999 9999 9999
595NOME    1996 43  9999 9999 9999 9999 9999 9999 9999 9999
595NOME    1996 51  9999 9999 9999 9999 9999 9999 9999 9999 9999 9999 9999
595NOME    1996 52  9999 9999 9999 9999 9999 9999 9999 9999 9999 9999 9999
595NOME    1996 53  9999 9999 9999 9999 9999 9999 9999 9999 9999
595NOME    1996 61  9999 9999 9999 9999 9999 9999 9999 9999 9999 9999 9999
595NOME    1996 62  9999 9999 9999 9999 9999 9999 9999 9999 9999 9999 9999
595NOME    1996 63  9999 9999 9999 9999 9999 9999 9999 9999
595NOME    1996 71  9999 9999 9999 9999 9999 9999 9999 9999 9999 9999 9999
595NOME    1996 72  9999 9999 9999 9999 9999 9999 9999 9999 9999 9999 9999
595NOME    1996 73  9999 9999 9999 9999 9999 9999 9999 9999 9999
595NOME    1996 81  9999 9999 9999 9999 9999 9999 9999 9999 9999 9999 9999
595NOME    1996 82  9999 9999 9999 9999 9999 9999 9999 9999 9999 9999 9999
595NOME    1996 83  9999 9999 9999 9999 9999 9999 9999 9999 9999
595NOME    1996 91  9999 9999 9999 9999 9999 9999 9999 9999 9999 9999 9999
595NOME    1996 92  9999 9999 9999 9999 9999 9999 9999 9999 9999 9999 9999
595NOME    1996 93  9999 9999 9999 9999 9999 9999 9999 9999
595NOME    1996101  9999 9999 9999 9999 9999 9999 9999 9999 9999 9999 9999
595NOME    1996102  9999 9999 9999 9999 9999 9999 9999 9999 9999 9999 9999
595NOME    1996103  9999 9999 9999 9999 9999 9999 9999 9999 9999
595NOME    1996111  9999 9999 9999 9999 9999 9999 9999 9999 9999 9999 9999
595NOME    1996112  9999 9999 9999 9999 9999 9999 9999 9999 9999 9999 9999
595NOME    1996113  9999 9999 9999 9999 9999 9999 9999 9999
595NOME    1996121  9999 9999 9999 9999 9999 9999 9999 9999 9999 9999 9999
595NOME    1996122  9999 9999 9999 9999 9999 9999 9999 9999 9999 9999 9999
595NOME    1996123  9999 9999 9999 9999 9999 9999 9999 9999 9999
595NOME    1997 11  9999 9999 9999 9999 9999 9999 9999 9999 9999 9999 9999
595NOME    1997 12  9999 9999 9999 9999 9999 9999 9999 9999 9999 9999 9999
595NOME    1997 13  9999 9999 9999 9999 9999 9999 9999 9999 9999
595NOME    1997 21  9999 9999 9999 9999 9999 9999 9999 9999 9999 9999 9999
595NOME    1997 22  9999 9999 9999 9999 9999 9999 9999 9999 9999 9999 9999
595NOME    1997 23  9999 9999 9999 9999 9999 9999
595NOME    1997 31  9999 9999 9999 9999 9999 9999 9999 9999 9999 9999 9999
595NOME    1997 32  9999 9999 9999 9999 9999 9999 9999 9999 9999 9999 9999
595NOME    1997 33  9999 9999 9999 9999 9999 9999 9999 9999 9999
595NOME    1997 41  9999 9999 9999 9999 9999 9999 9999 9999 9999 9999 9999
595NOME    1997 42  9999 9999 9999 9999 9999 9999 9999 9999 9999 9999 9999
595NOME    1997 43  9999 9999 9999 9999 9999 9999 9999 9999
595NOME    1997 51  9999 9999 9999 9999 9999 9999 9999 9999 9999 9999 9999
595NOME    1997 52  9999 9999 9999 9999 9999 9999 9999 9999 9999 9999 9999
595NOME    1997 53  9999 9999 9999 9999 9999 9999 9999 9999 9999
595NOME    1997 61  9999 9999 9999 9999 9999 9999 9999 9999 9999 9999 9999
595NOME    1997 62  9999 9999 9999 9999 9999 9999 9999 9999 9999 9999 9999
595NOME    1997 63  9999 9999 9999 9999 9999 9999 9999 9999
595NOME    1997 71  9999 9999 9999 9999 9999 9999 9999 9999 9999 9999 9999
595NOME    1997 72  9999 9999 9999 9999 9999 9999 9999 9999 9999 9999 9999
595NOME    1997 73  9999 9999 9999 9999 9999 1332 1378 1424 1488
595NOME    1997 81  1508 1584 1917 2096 1606 1473 1481 1347 1219 1371 1615
595NOME    1997 82  1599 1622 1624 1626 1558 1483 1221 1253 1414 1465 1396
595NOME    1997 83  1360 1309 1322 1363 1450 1588 1666 1617 1387
595NOME    1997 91  1001 1201 1503 1502 1458 1483 1555 1563 1556 1493 1424
595NOME    1997 92  1452 1470 1397 1504 1575 1545 1615 1885 1817 1569 1122
595NOME    1997 93   377  812 1388 1582 1723 1732 1541 1342
595NOME    1997101  1337 1386 1617 1471 1131 1171 1345 1500 1352 1287 1288
595NOME    1997102  1131 1009 1047 1111 1186 1316 1380 1122 1089 1321 1279
595NOME    1997103  1308 1525 1362 1117 1257 1191  970 1141 1392
595NOME    1997111  1919 2206 1783 1708 2027 2038 2036 1563  989 1506 1930
595NOME    1997112  1842 1898 1946 2041 1898 1725 1637 1657 1762 1983 1588
595NOME    1997113  1038 1339 1396  804  106  513 1042 1001
595NOME    1997121   939 1088 1522 1426 1208 1673 1544 1483 1566 1181  687
595NOME    1997122   937 1249 1279 1233 1046  996 1179 1157 1448 1493 1082
595NOME    1997123  1307 1488 1419 1383 1325 1093  972 1186 1535
595NOME    1998 11  1360  870  968 1260 1377 1378 1275 1287 1278 1189 1447
595NOME    1998 12  1646 1334  838  281  190  789 1273 1398 1294 1159 1409
595NOME    1998 13  1458 1431 1325 1228 1254 1259  961  698 1046
595NOME    1998 21  1427 1320 1229 1512 1649 1604 1482 1586 1360 1156 1318
595NOME    1998 22  1438 1380 1368 1342 1243 1259 1327 1291 1355 1215 1098
595NOME    1998 23  1068 1213 1641 1662 1560 1301
595NOME    1998 31  1330 1511 1335 1242 1519 1670 1641 1615 1557 1494 1477
595NOME    1998 32  1515 1444 1480 1489 1394  968 1075 1643 1574 1510 1690
595NOME    1998 33  1765 1570 1145 1034 1310 1293  954 1048 1460
595NOME    1998 41  1620 1508 1562 1603 1427 1252 1348 1363 1547 2126 2113
595NOME    1998 42  1687 1420 1404 1476 1369 1057  646  805 1173 1397 1507
595NOME    1998 43  1457 1357 1202 1293 1984 2056 1234 1196
595NOME    1998 51  1348 1513 1370 1199 1120  945 1015 1289 1391 1413 1444
595NOME    1998 52  1371 1361 1469 1538 1612 1631 1808 1618 1371 1355 1257
595NOME    1998 53  1122 1117 1260 1348 1414 1521 1485 1344 1589
595NOME    1998 61  1767 1512 1312 1165 1118 1518 1615 1278 1565 1700 1463
595NOME    1998 62  1294 1363 1353 1396 1330 1280 1259 1212 1397 1404 1484
595NOME    1998 63  1429 1337 1330 1367 1404 1455 1556 1397
595NOME    1998 71  1230 1241 1299 1348 1458 1450 1456 1490 1446 1335 1376
595NOME    1998 72  1449 1396 1368 1398 1394 1419 1484 1464 1360 1318 1428
595NOME    1998 73  1533 1582 1588 1595 1491 1340 1317 1266 1237
595NOME    1998 81  1538 1637 1593 1667 1462 1240 1157 1210 1416 1541 1645
595NOME    1998 82  1785 1889 1974 1826 1468 1178 1392 1896 2149 1693 1515
595NOME    1998 83  1466 1365 1532 1298 1254 1309 1359 1315 1196
595NOME    1998 91  1005 1053 1241 1416 1589 1472 1391 1363 1281 1131 1121
595NOME    1998 92  1238 1356 1480 1683 1718 1784 1777 1650 1434 1450 1459
595NOME    1998 93  1979 2555 1893 1673 1383 1277 1156 1022
595NOME    1998101   980 1197 1118  441  219  722 1198 1395 1580 1671 1876
595NOME    1998102  1739 1689 1854 1552 1391 1438 1430  904  698 1137 1309
595NOME    1998103  1130 1261 1551 1690 1845 1951 1760 1618 1532
595NOME    1998111  1402 1793 1517 1037 1231 1844 2053 1979 1733 1647 1731
595NOME    1998112  1903 1736 1661 1692 1803 1822 1472 1308 1507 1467 1020
595NOME    1998113  1026 1001  842  841 1286 1210  944 1393
595NOME    1998121  1501 1384 1531 1743 1625 1279  976  861  946 1194 1352
595NOME    1998122  1326 1411 1485 1286 1596 2050 1993 1995 2084 1618 1162
595NOME    1998123  1172 1098 1187 1559 1353  846  470  692  966
595NOME    1999 11  1025 1299 1459 1350 1162 1213 1193  600 -221  431 1086
595NOME    1999 12   976 1154 1259 1572 1668 1512 1410 1312 1269 1471 1817
595NOME    1999 13  2052 1845 1151 1006  882  760  550  501  691
595NOME    1999 21   832  997 1187 1098  860  752  753  848 1139 1503 1781
595NOME    1999 22  1650 1398 1468 1576 1855 1815 1590 1495 1586 1553 1586
595NOME    1999 23  1639 1492 1151  996 1020  907
595NOME    1999 31   848  949 1121 1149 1103 1097 1234 1136 1021 1125  961
595NOME    1999 32   846 1050 1168 1305 1314 1240 1007  666  767 1082 1331
595NOME    1999 33  1602 1481 1407 1491 1215  649  538  898 1181
595NOME    1999 41   935 1063 1307 1157 1482 1581 1292 1143 1137 1306 1013
595NOME    1999 42   748  983 1038 1099 1264 1335 1166  913  728  825 1058
595NOME    1999 43  1030  961 1001 1046 1050 1134 1512 1795
595NOME    1999 51  1625 1303 1026  656  683  823  986 1179 1262 1154 1129
595NOME    1999 52  1336 1394 1211 1051 1164 1226 1275 1243 1274 1260 1247
595NOME    1999 53  1393 1348 1237 1183 1240 1326 1317 1241 1367
595NOME    1999 61  1406 1378 1333 1348 1374 1490 1510 1296 1270 1284 1341
595NOME    1999 62  1442 1329 1164 1178 1210 1289 1344 1419 1403 1379 1480
595NOME    1999 63  1491 1431 1355 1397 1437 1406 1363 1414
595NOME    1999 71  1475 1437 1298 1205 1218 1231 1296 1329 1279 1192 1256
595NOME    1999 72  1398 1311 1306 1438 1513 1600 1621 1531 1698 1642 1309
595NOME    1999 73  1291 1413 1572 1616 1524 1382 1599 1914 1821
595NOME    1999 81  1906 1484 1284 1500 1927 1970 1675 1511 1477 1618 1770
595NOME    1999 82  1595 1506 1443 1353 1355 1387 1503 1960 2010 1697 1608
595NOME    1999 83  1455 1310 1254 1120 1045 1222 1363 1429 1474
595NOME    1999 91  1557 1801 1687 1483 1344 1346 1311 1386 1328 1219 1353
595NOME    1999 92  1662 1540 1410 1455 1583 1470 1294 1363 1435 1560 1536
595NOME    1999 93  1215 1289 1386 1578 1294 1132 1056  914
595NOME    1999101  1386 1488 1474 1430 1237 1333 1386 1344 1183 1166 1192
595NOME    1999102  1155 1133 1290 1369 1098 1192 1410 1276 1307  835  221
595NOME    1999103   498  818  879  875  838  894 1035 1211 1302
595NOME    1999111  1200 1137 1296 1385 1158  786  919  868 1054 1354 1621
595NOME    1999112  1067   27  -23  620  946 1304 1663 1666 1469 1234 1128
595NOME    1999113  1025 1199 1284 1091  831  945 1247 1471
595NOME    1999121  1488 1405 1197 9999 9999 9999 1416 1369 1415 1258  871
595NOME    1999122   669  548  410  418  610  916 1122  628  782 1324  805
595NOME    1999123  1088 1421 1226  881  633  867 1047  886  775
595NOME    2000 11   857  876  809  891 1076  859  453  288  207  298  515
595NOME    2000 12   736  971 1399 1275 1421 1444 1595 1624 1197 1444 1714
595NOME    2000 13  1688 2033 1868 1556 1263 1313 1421 1373 1361
595NOME    2000 21  1397 1365 1923 1990 1606 1896 1554 1488 1553 1586 1873
595NOME    2000 22  2000 1827 1507 1518 1497 1653 1717 1546 1405 1200 1142
595NOME    2000 23  1045  940  975 1367 1512 1380 1495
595NOME    2000 31  1704 1549 1287 1311 1479 1719 1883 1714 1600 1410 1162
595NOME    2000 32  1158 1380 1135 1128 1359 1533 1622 1377  974  959 1120
595NOME    2000 33  1076  780  709  806  974 1353 1234  863 1165
595NOME    2000 41  1338 1152 1071 1307 1337 1150  891  952 1157 1237 1265
595NOME    2000 42  1448 1373 1303 1458 1061  869  888  720  543  821  921
595NOME    2000 43  1054 1250 1237 1196 1322 1340 1294 1344
595NOME    2000 51  1313 1262 1252 1255 1275 1361 1300 1217 1301 1341 1267
595NOME    2000 52  1082  955  941 1071 1169 1308 1331 1305 1348 1291 1191
595NOME    2000 53  1281 1442 1502 1435 1408 1318 1255 1179 1238
595NOME    2000 61  1380 1435 1430 1377 1404 1466 1514 1451 1237 1151 1213
595NOME    2000 62  1323 1391 1501 1485 1412 1342 1318 1309 1431 1516 1494
595NOME    2000 63  1432 1344 1312 1396 1359 1300 1312 1291
595NOME    2000 71  1326 1406 1438 1472 1365 1336 1421 1360 1271 1266 1273
595NOME    2000 72  1261 1316 1426 1584 1663 1557 1512 1551 1384 1328 1430
595NOME    2000 73  1510 1473 1440 1362 1235 1167 1284 1385 1462
595NOME    2000 81  1618 1539 1792 1992 1653 1472 1419 1370 1393 1444 1394
595NOME    2000 82  1435 1471 1324 1162 1186 1344 1330 1282 1234  948 1034
595NOME    2000 83  1197 1223 1330 1389 1420 1597 1729 2003 1812
595NOME    2000 91  1861 1859 1475 1629 1743 1524 1383 1345 1375 1354 1390
595NOME    2000 92  1498 1447 1433 1547 1310 1069 1342 1435 1558 1815 1717
595NOME    2000 93  1324 1362 1359 1205 1118 1158 1121 1152
595NOME    2000101  1205 1162 1219 1353  951  142   16  627 1246 1423 1278
595NOME    2000102  1536 1808 1655 1651 1499 1387 1375 1422 1488 1366  878
595NOME    2000103   937 1376 1690 1700 1343 1469 1737 1659 1540
595NOME    2000111  1564 1582 1774 1721 1661 1691 1471 1608 1929 1884 1899
595NOME    2000112  1852 1810 2153 2231 1827 1617 1796 1955 1759  993  683
595NOME    2000113  1288 1274 1005  987 1028  972  891 1061
595NOME    2000121  1230 1220 1174 1563 1642 1589 1787 1875 1847 1558 1617
595NOME    2000122  2069 2087 1706 1683 1435 1142  901 1407 1944 1919 1714
595NOME    2000123  1315 1288 1436 1402 1539 1560 1316 1255 1670
595NOME    2001 11  1661 1413 1260 1418 1394  812 -212  122 1498 1885 1658
595NOME    2001 12  1082 1068 1301 1315 1600 1030  529 1299 1772 1803 1684
595NOME    2001 13  1720 1678 1835 2029 2108 2041 1832 1736 1648
595NOME    2001 21  1403 1341 1319 1364 1566 1856 1678 1868 2240 1786 2183
595NOME    2001 22  2161 1956 1982 1673 1481 1809 2133 1433 1233 1868 2176
595NOME    2001 23  1462 1051  750  629 1028 1326
595NOME    2001 31  1651 1636 1609 1232 1177 1300 1498 1438  993  927  953
595NOME    2001 32  1066 1442 1153  808  991  967  988 1174 1187 1073 1082
595NOME    2001 33  1014  652  -88 -456 -249  485  982 1014 1169
595NOME    2001 41  1153 1062 1505 1641 1183 1876 2237 1591 1266 1134  664
595NOME    2001 42   629 1231 1258 1298 1398 1279 1166 1203 1206 1254 1236
595NOME    2001 43   920  637  819 1108 1160  713  689  905
595NOME    2001 51   899 1039 1024  972  749  785 1082 1269 1321 1451 1524
595NOME    2001 52  1401 1424 1500 1420 1317 1238 1044  899 1147 1182 1054
595NOME    2001 53  1133 1288 1289 1178 1122 1065 1043 1188 1290
595NOME    2001 61  1197 1106 1139 1244 1277 1260 1274 1326 1321 1367 1438
595NOME    2001 62  1520 1647 1601 1417 1220 1082 1179 1254 1279 1360 1558
595NOME    2001 63  1676 1642 1641 1553 1334 1244 1359 1470
595NOME    2001 71  1457 1498 1787 1908 1461 1226 1270 1289 1349 1440 1495
595NOME    2001 72  1482 1460 1432 1455 1773 1975 1578 1345 1489 1578 1604
595NOME    2001 73  1561 1467 1326 1229 1317 1377 1415 1349 1212
595NOME    2001 81  1392 1423 1172 1223 1280 1390 1438 1520 1690 1609 1537
595NOME    2001 82  1618 1600 1584 1556 1362 1153 1196 1335 1038  934 1239
595NOME    2001 83  1448 1388 1386 1432 1407 1489 1521 1596 1683
595NOME    2001 91  1463 1243 1472 1692 1565 1424 1390 1491 1755 1852 1608
595NOME    2001 92  1543 1445 1368 1543 1502 1470 1487 1448 1449 1505 1587
595NOME    2001 93  1611 1431 1219 1502 1669 1512 1083 1098
595NOME    2001101  1374 1482 1320 1166 1845 1903 1610 1136  677  558  895
595NOME    2001102  1381 1410 1066 1026 1271  828  501 1064 1158 1069 1060
595NOME    2001103   956  749  693  835 1090 1196 1236 1469 1424
595NOME    2001111  1062  594  220  222  826 1241 1255 1459 1553 1360 1238
595NOME    2001112  1189  825  662  896 1354 1716 1117 1250 1608 1428 1712
595NOME    2001113  1743 1780 2101 2033 1610 1486 1506 1538
595NOME    2001121  1396 1393 1547 1516 1335 1176 1160 1244 1237 1276 1324
595NOME    2001122  1238 1361 1214  958  866  899 1096 1218  790  407 1000
595NOME    2001123  1415 1741 1475  974 1121 1397 1265  325 -147
595NOME    2002 11   613 1195 1192 1084  594  232  342  923  841  723 1469
595NOME    2002 12  1678 1232 1081 1940 1983 1962 2303 1626 1273 1276 1382
595NOME    2002 13  1205  662  770 1156 1354 1232  726  672  908
595NOME    2002 21   980 1358 1385 1380 1584 1504 1406 1303 1073  699  585
595NOME    2002 22   505  755  496  656 1123 1205 1101 1208 1280 1336 1610
595NOME    2002 23  1951 1939 1478 1271 1369 1386
595NOME    2002 31  1348 1322 1222 1233 1054  983 1167 1199 1372 1409 1086
595NOME    2002 32  1394 1470 1435 1391 1375 1670 1802 1829 1735 1639 1351
595NOME    2002 33  1388 1486 1478 1455 1343 1126  943 1006 1084
595NOME    2002 41  1009 1018 1039 1037 1145 1143 1060 1076  915  991  988
595NOME    2002 42  1214 1436 1375 1194 1235 1241 1248 1245 1402 1171 1055
595NOME    2002 43  1063 1033 1190 1948 1967 1329 1410 1516
595NOME    2002 51  1427 1362 1203 1161 1254 1428 1422 1450 1352 1272 1145
595NOME    2002 52  1193 1326 1299 1120 1170 1294 1395 1647 1391 1295 1335
595NOME    2002 53  1319 1508 1666 1515 1552 1480 1312 1149 1229
595NOME    2002 61  1301 1413 1387 1356 1375 1367 1258 1277 1435 1462 1413
595NOME    2002 62  1312 1288 1376 1381 1296 1284 1315 1354 1266 1145 1294
595NOME    2002 63  1381 1198 1259 1440 1584 1569 1433 1390
595NOME    2002 71  1468 1523 1530 1351 1441 1516 1525 1596 1588 1409 1396
595NOME    2002 72  1414 1428 1422 1394 1377 1329 1300 1236 1343 1511 1570
595NOME    2002 73  1519 1552 1725 1527 1269 1306 1291 1191 1122
595NOME    2002 81  1056 1036 1098 1250 1400 1355 1273 1265 1354 1323 1171
595NOME    2002 82  1157 1253 1314 1320 1468 1472 1375 1284 1087  880 1021
595NOME    2002 83  1135 1273 1363 1455 1473 1436 1376 1379 1456
595NOME    2002 91  1471 1455 1434 1607 1840 1841 1521 1184 1313 1413 1426
595NOME    2002 92  1335 1448 1510 1456 1581 1544 1337 1334 1344 1271 1177
595NOME    2002 93  1384 1585 1616 2038 2195 1955 1809 1664
595NOME    2002101  1530 1510 1488 1430 1309 1233 1416 1323 1438 1613 1640
595NOME    2002102  1783 1674 1672 1857 1578 1369  769  411  475  741  521
595NOME    2002103   749 1767 1813 1649 1803 1576 1034 1643 1947
595NOME    2002111  1738 1600 1335  592 1007 1653 1815 2005 1597 1320 1320
595NOME    2002112  1405 1363 1181 1436 1544 1126 1244 1406 1312 1586 1744
595NOME    2002113  1517 1514 1873 1626 1534 1762 1495 1181
595NOME    2002121  1410 1174 1373 1740 1880 1921 2097 2100 1936 1743 1797
595NOME    2002122  1862 1839 1905 1790 1748 1862 1962 2158 2208 1777 1639
595NOME    2002123  1507 1484 1546 1393 1362 1524 1220 1136 1380
595NOME    2003 11  1508 1348  903  623  885 1244 1486 1365 1648 1902 1525
595NOME    2003 12  1538 1631 1630 1521 1490 1764 1698 1799 1637 1741 1624
595NOME    2003 13  1182 1251 1484 1465 1528 1488 1348 1381 1203
595NOME    2003 21  1223 1362 1214  742  637 1546 1647 1086 1353 1146 1074
595NOME    2003 22   898  852  854 1143 1385 1357 1339 1329 1379 1392 1210
595NOME    2003 23  1133 1079 1411 1634 1740 1636
595NOME    2003 31  1414 1679 2330 1844 1037  884  850  881 1083 1135 1117
595NOME    2003 32  1104 1024  593  481  689  923 1212 1235 1105  977 1121
595NOME    2003 33  1278 1301 1217 1167 1322 1751 1739 1460 1430
595NOME    2003 41  1529 1438 1349 1375 1401 1366 1141 1067 1235 1406 1454
595NOME    2003 42  1743 2194 2115 1764 1506 1485 1399 1397 1463 1631 1643
595NOME    2003 43  1549 1881 2107 1775 1560 1415 1311 1197
595NOME    2003 51  1233 1356 1293 1268 1501 1637 1450 1424 1503 1489 1531
595NOME    2003 52  1396 1254 1231 1302 1340 1387 1394 1438 1532 1530 1448
595NOME    2003 53  1338 1332 1389 1624 1767 1477 1407 1421 1413
595NOME    2003 61  1426 1524 1595 1580 1475 1513 1610 1498 1524 1571 1524
595NOME    2003 62  1354 1225 1230 1392 1629 1807 1709 1632 1687 1550 1441
595NOME    2003 63  1406 1358 1460 1623 1626 1636 1869 1779
595NOME    2003 71  1712 1774 1670 1685 1534 1481 1379 1294 1412 1607 1489
595NOME    2003 72  1405 1530 1671 1567 1321 1236 1247 1534 1538 1508 1598
595NOME    2003 73  1765 1737 1629 1720 1633 1343 1459 1628 1434
595NOME    2003 81  1378 1371 1430 1406 1439 1401 1604 1676 1518 1455 1731
595NOME    2003 82  1844 1641 1434 1378 1511 1555 1683 1620 1520 1465 1547
595NOME    2003 83  1707 1748 1804 1827 1610 1361 1328 1383 1394
595NOME    2003 91  1401 1491 1697 1698 1578 1673 1749 1753 1641 1604 1683
595NOME    2003 92  1571 1442 1344 1346 1329 1319 1406 1243 1100 1311 1585
595NOME    2003 93  1622 1225 1197 1445 1538 1327 1135 1440
595NOME    2003101  1048 1419 1728 1751 1565 1108 1046 1317 1434 1457 1614
595NOME    2003102  1753 1776 1495 1156 1034  804  800  832 1037 1123 1091
595NOME    2003103   749  671  981  923 1314 1613 1660 2026 2312
595NOME    2003111  1750 1674 1755 1708 1636 1711 1798 2204 2399 1603 1435
595NOME    2003112  1287 1213 1282 1419 1358 1130 1315 1634 1822 2363 1874
595NOME    2003113  1429 1648 1157 1210 1779 2006 1606 1282
595NOME    2003121  1193 1107  634 -100  694 1582 1539 1559 1846 2129 2085
595NOME    2003122  1831 1750 1703 1324 1046 1295 1498 1429 1515 1615 1505
595NOME    2003123  1557 1590 1683 1822 1952 1872 1838 1895 1781
595NOME    2004 11  1816 1777 1675 1544 1376 1142  928  272 -106  988 1760
595NOME    2004 12  1593 1356 1344 1323 1353 1287 1164 1076  816 1101 1502
595NOME    2004 13  1832 1815 1652 1446 1022 1226 1632 1511 1205
595NOME    2004 21   976 1042  925  610  573  818 1048  558  812 1855 1681
595NOME    2004 22  1819 1365 1264 1615 1531 1405 1321 1109 1099 1485 1588
595NOME    2004 23  1562 1457 1389 1486 1560 1498 1400
595NOME    2004 31  1491 1513 1515 1621 1531 1261 1011 1131 1302 1283 1602
595NOME    2004 32  1638 1577 1498 1497 1454 1135  830  666  699 1008 1074
595NOME    2004 33  1107 1034  831  877  929  837  795  999 1142
595NOME    2004 41  1172  831  671  986 1196 1106 1346 1673 1622 1629 1824
595NOME    2004 42  1558 1538 1682 1895 2229 1828 1402 1421 1520 1482 1255
595NOME    2004 43  1114 1154 1176 1625 1921 1734 1457  985
595NOME    2004 51   842 1130 1412 1352 1416 1619 1698 1735 1824 1946 1884
595NOME    2004 52  1418 1283 1387 1464 1593 1884 1978 1705 1378 1301 1435
595NOME    2004 53  1484 1694 1668 1553 1456 1294 1301 1350 1370
595NOME    2004 61  1455 1452 1415 1439 1489 1496 1553 1679 1614 1374 1332
595NOME    2004 62  1374 1374 1436 1443 1384 1407 1462 1466 1691 1689 1687
595NOME    2004 63  1693 1703 1549 1409 1264 1225 1377 1395
595NOME    2004 71  1410 1462 1522 1628 1575 1546 1591 1438 1335 1350 1463
595NOME    2004 72  1521 1570 1666 1636 1630 1757 1698 1452 1365 1385 1447
595NOME    2004 73  1562 1694 1780 1692 1647 1735 1779 1724 1682
595NOME    2004 81  1643 1566 1640 1624 1458 1357 1605 1944 1878 1580 1475
595NOME    2004 82  1597 1885 2071 1990 1726 1445 1505 1603 1517 1515 1604
595NOME    2004 83  1753 1797 1765 1576 1448 1497 1485 1443 1495
595NOME    2004 91  1550 1451 1369 1415 1523 1643 1659 1622 1584 1549 1477
595NOME    2004 92  1361 1457 1472 1339 1206 1295 1574 1489 1290 1398 1153
595NOME    2004 93  1269 1291 1282 1140 1072 1497 1283  900
595NOME    2004101  1249 1366 1242 1531 1700 1611 1530 1701 1848 1790 1995
595NOME    2004102  1547 1220 1548 2131 2006 1709 1842 2969 3038 2018 1878
595NOME    2004103  1843 1025  938 1253 1868 1642 1037  828 1162
595NOME    2004111  1397 1458  518  421 1308 1302  592  459  990  380  565
595NOME    2004112  1373 1539 1808 1972 1894 1795 1828 1724 1974 2358 2554
595NOME    2004113  2074 1651 1717 1708 1709 1729 1877 2199
595NOME    2004121  2108 1670 1456 1432 1423  992  683  626  519 1065 1260
595NOME    2004122  1261 1261 1243 1183  712 1170 1606 1582 1553 1094  477
595NOME    2004123   617 1328 2118 2396 1681 1333 1457 1887 2000
595NOME    2005 11  1818 2336 2691 2017 1861 1853 1568 1398 1197  895  886
595NOME    2005 12  1079 1117 1199 1280 1139 1278 1380 1532 1657 1789 1751
595NOME    2005 13  1631 1350 1274 1567 1583 1219 1126 1158 1309
595NOME    2005 21  1343 1093 1104 1295 1511 1390 1011 1106 1547 1544 1477
595NOME    2005 22  1612 1726 1541 1692 1658 1275 1437 1727 1817 1445 1457
595NOME    2005 23  1392 1369 1348 1266 1156 1078
595NOME    2005 31  1004 1008 1155 1358 1435 1522 1564 1265 1132 1386 1519
595NOME    2005 32  1603 1850 1853 1914 1831 1633 1357 1447 1487  771  257
595NOME    2005 33  1084 1549 1399 1379 1434 1292 1170 1223  971
595NOME    2005 41  1018 1292 1395 1264 1124 1026  975 1338 1434 1265 1116
595NOME    2005 42  1190 1301 1334 1409 1336 1193 1062  967 1037 1105  956
595NOME    2005 43  1622 1606 1565 1546 1470 1780 1562 1067
595NOME    2005 51   992 1235 1371 1115 1210 1320 1360 1420 1339 1256 1385
595NOME    2005 52  1518 1470 1377 1065 1027 1134 1149 1238 1317 1377 1402
595NOME    2005 53  1418 1485 1712 1961 1780 1605 1652 1644 1607
595NOME    2005 61  1555 1554 1502 1455 1407 1293 1341 1537 9999 9999 1438
595NOME    2005 62  1309 1290 9999 9999 1467 1492 1621 1711 1580 1457 1363
595NOME    2005 63  1469 1544 1496 1432 1364 1341 1398 1397
595NOME    2005 71  1389 1375 1394 1377 1425 1569 1679 1663 1641 1810 1905
595NOME    2005 72  1734 1582 1589 1525 1472 1503 1480 1424 1402 1434 1466
595NOME    2005 73  1502 1425 1443 1476 1503 1468 1418 1457 1557
595NOME    2005 81  1589 1581 1575 1605 1809 2152 2236 1955 1947 1971 1869
595NOME    2005 82  1685 1514 1374 1440 1546 1584 1500 1425 1488 1543 1620
595NOME    2005 83  1317 1172 1505 1503 1565 1944 1807 1224 1131
595NOME    2005 91  1336 1572 1447 1340 1350 1269 1382 1478 1479 1792 2062
595NOME    2005 92  2307 2260 1950 1979 2207 2002 1633 1345 1370 1822 2303
595NOME    2005 93  3098 2644 2010 1907 1528 1221 1321 1187
595NOME    2005101  1101 1227 1375 1426 1384 1450 1683 1634 1618 1581 1572
595NOME    2005102  1674 1696 1558 1368 1607 1733 1294 1886 1857 1553 1587
595NOME    2005103  1465  880  758 1065 1386 1595 1493 1315 1391
595NOME    2005111  1640 1596 1471 1395 1523 1426 1053  727 -184 -734 -364
595NOME    2005112   333  837 1240 1164  608  -54   42  -50  529 1183 1240
595NOME    2005113  1000  630  594  874 1372 1768 1781 1416
595NOME    2005121  1021  879  989 1235 1146  958 1083 1200 1533 1558 1373
595NOME    2005122  1523 1578 1225 1006  859 1232 1606 1170 9999 9999 9999
595NOME    2005123  9999 1512 1356 1074 1228 1519 1422 1499 1374
595NOME    2006 11  1187 1147 1178 1349 1405 1462 1629 1577 1347 1277 1313
595NOME    2006 12  1350 1535 1547 1157  716  710 1063 1203 1077  834  657
595NOME    2006 13   863 1065 1234 1332 1328 1297 1043  847  860
595NOME    2006 21  1097 1420 1413 1295 1073 1466 1757 1996 1838 1665 1895
595NOME    2006 22  1937 1832 2459 2517 1858 1709 1887 2454 2234 1754 1526
595NOME    2006 23  1367 1314 1687 1825 1308  830
595NOME    2006 31  1154 1597 1515 1469 1390 1349 1409 1269 1282 1320 1322
595NOME    2006 32  1429 1592 1526 1420 1387 1387 1429 1485 1238  857  772
595NOME    2006 33  1073 1313 1297 1238 1329 1449 1507 1515 1693
595NOME    2006 41  1935 1791 1427  874  852 1151 1392 1691 1723 1618 1522
595NOME    2006 42  1256 1092  827  834 1144 1063  768  740 1008 1043  991
595NOME    2006 43  1157 1304 1313 1163  860  703  711  880
595NOME    2006 51  1123 1205 1288 1378 1318 1280 1354 1487 1501 1358 1212
595NOME    2006 52  1307 1630 1644 1457 1661 1878 1821 1691 1421 1153 1105
595NOME    2006 53  1094 1201 1404 1412 1380 1376 1359 1352 1412
595NOME    2006 61  1467 1526 1356 1253 1330 1531 1493 1380 1307 1385 1702
595NOME    2006 62  1643 1611 1593 1436 1210 1011 1247 1502 1452 1467 1493
595NOME    2006 63  1532 1539 1578 1701 1852 1843 1730 1688
595NOME    2006 71  1831 1658 1487 1426 1416 1424 1383 1379 1506 1455 1489
595NOME    2006 72  1634 1561 1499 1607 1727 1671 1707 1658 1590 1583 1602
595NOME    2006 73  1653 1595 1691 1843 1845 1923 2058 1700 1408
595NOME    2006 81  1398 1485 1510 1478 1557 1657 1673 1577 1617 1710 1546
595NOME    2006 82  1456 1497 1468 1462 1352 1404 1428 1301 1533 1617 1575
595NOME    2006 83  1589 1554 1428 1408 1336 1448 1555 1458 1184
595NOME    2006 91  1227 1417 1469 1584 1662 1919 2152 1877 1502 1425 1402
595NOME    2006 92  1565 1815 1666 1477 1405 1544 1672 1368 1243 1392 1369
595NOME    2006 93  1524 1576 1488 1405 1388 1605 1658 1753
595NOME    2006101  1736 1626 1512 1371 1232 1197 1302 1271 1063 1377 1882
595NOME    2006102  1766 1829 2026 1963 2443 2505 1917 1675 1826 1907 1737
595NOME    2006103  1656 1535 1264 1135 1429 1902 2189 1405 1060
595NOME    2006111  1187 1084 1062 1171 1160 1199  972  731  779  603  747
595NOME    2006112  1013  947  602  334   43  130  784 1209 1357 1394 1442
595NOME    2006113  1555 1570 1523 1836 1996 1838 1780 2023
595NOME    2006121  2222 2301 2015 1725 1518 1185  950 1351 1452 1300 1242
595NOME    2006122  1463 1545 1351 1404 1728 1763 1681 1609 1501 1616 1799
595NOME    2006123  1801 1813 1578 1426 1372  723  554  877 1305
595NOME    2007 11  1204  922 1018 1386 1592 1384 1288 1305 1497 2161 2360
595NOME    2007 12  1970 1555 1545 1388 1333 1012 1148 1467 1179 1047 1071
595NOME    2007 13  1210 1319 1226  438  566 1451 1805 1535 2187
595NOME    2007 21  2378 1681 2139 2099 1571 1446 1659 1589 1500 1511 1259
595NOME    2007 22  1232 1572 1621 1622 1592 1473 1403 1389 1378 1189 1264
595NOME    2007 23  9999 9999 9999 9999 9999 9999
595NOME    2007 31   978 1077 1075 1069  949  966  771  324  -75   63  691
595NOME    2007 32  1061 1187 1207 1032  852  867 1082 1214 1074  899 1134
595NOME    2007 33  1490 1562 1432 1157  992 1163 1395 1592 1810
595NOME    2007 41  1662 1365 1236 1096  742  701 1084 1260 1280 1274 1509
595NOME    2007 42  1544 1300 1238 1105 1101 1222 1059 1270 1268 1023 1110
595NOME    2007 43  1389 1548 1524 1391 1298 1374 1476 1452
595NOME    2007 51  1414 1389 1172 1109 1317 1473 1501 1470 1346 1254 1229
595NOME    2007 52  1130  942  732  688 1082 1285 1296 1448 1454 1374 1296
595NOME    2007 53  1139 1231 1427 1447 1474 1529 1516 1455 1466
595NOME    2007 61  1524 1518 1533 1559 1429 1474 1543 1407 1388 1479 1430
595NOME    2007 62  1342 1419 1553 1503 1472 1442 1372 1293 1292 1325 1381
595NOME    2007 63  1446 1473 1462 1498 1505 1617 1620 1548
595NOME    2007 71  1517 1426 1302 1240 1308 1409 1449 1409 1333 1390 1474
595NOME    2007 72  1510 1558 1604 1634 1622 1548 1463 1483 1490 1502 1505
595NOME    2007 73  1503 1525 1527 1495 1544 1573 1534 1526 1548
595NOME    2007 81  1625 1673 1690 1668 1640 1701 1537 1422 1494 1511 1552
595NOME    2007 82  1839 1856 1704 1418 1423 1627 1751 1731 1694 1715 1682
595NOME    2007 83  1596 1524 1515 1508 1484 1380 1373 1402 1425
595NOME    2007 91  1405 1472 1558 1532 1588 1661 1805 1829 2024 2214 2326
595NOME    2007 92  2347 2247 2069 1727 1613 1680 1706 2084 2050 1620 1542
595NOME    2007 93  1510 1704 2043 1862 1516 1431 1278 1504
595NOME    2007101  1632 1474 1278 9999 9999 9999 9999 1292 1515 1413 1467
595NOME    2007102  1548 1390 1433 1686 1745 1680 1604 1405 1363 1436 1365
595NOME    2007103  1373 1423 1330 1492 1818 1638 1608 1328 1189
595NOME    2007111  1328 1040 1170 1526 1677 1677 1174 1344 1054  935 1483
595NOME    2007112  1742 1684 1479  920  615  678 1089 1293 1170 1054 1346
595NOME    2007113  1316 1429 1494 1420 1847 1842 2078 2417
595NOME    2007121  2337 1878  912  609 1614 2237 2392 1863 1445 1467 1767
595NOME    2007122  1839 1632 1468 1257 1008  982  978 1141 1343 1194  937
595NOME    2007123  1001 1506 1809 2004 1657 1610 1984 1733 1169
595NOME    2008 11  1033 1178 1327 1339 1070  982  961  923 1046 1092 1004
595NOME    2008 12  1003 1118 1278 1289 9999 9999 9999 9999 9999 9999 9999
595NOME    2008 13  9999 9999 9999 9999 9999 9999 9999 9999 9999
595NOME    2008 21  9999 9999 9999 9999 9999 9999 9999 9999 9999 9999 9999
595NOME    2008 22  9999 9999 9999 9999 9999 9999 9999 9999 9999 9999 9999
595NOME    2008 23  9999 9999 9999 9999 9999 9999 9999
595NOME    2008 31  9999 9999 9999 9999 9999 9999 9999 9999 9999 9999 9999
595NOME    2008 32  9999 9999 9999 9999 9999 9999 9999 9999 9999 9999 9999
595NOME    2008 33  9999 9999 9999 9999 9999 9999 9999 9999 9999
595NOME    2008 41  9999 9999 9999 9999 9999 9999 9999 9999 9999 9999 9999
595NOME    2008 42  9999 9999 9999 9999 9999 9999 9999 9999 9999 9999 9999
595NOME    2008 43  9999 9999 9999 9999 9999 9999 9999 9999
595NOME    2008 51  9999 9999 9999 9999 9999 9999 9999 9999 9999 9999 9999
595NOME    2008 52  9999 9999 9999 9999 9999 9999 9999 9999 9999 9999 9999
595NOME    2008 53  9999 9999 9999 9999 9999 9999 9999 9999 9999
595NOME    2008 61  1323 1425 1591 1687 1558 1366 1497 1539 1451 1429 1383
595NOME    2008 62  1325 1290 1338 1430 1470 1477 1523 1560 1550 1508 1466
595NOME    2008 63  1492 1490 1500 1408 1358 1432 1524 1512
595NOME    2008 71  1515 1635 1670 1632 1675 1509 1437 1748 2012 1945 1814
595NOME    2008 72  1796 1740 1832 1870 1771 1661 1568 1595 1680 1383 1473
595NOME    2008 73  1444 1350 1474 1450 1400 1532 1627 1705 1673
595NOME    2008 81  1687 1546 1453 1481 1391 1441 1450 1428 1453 1500 1528
595NOME    2008 82  1469 1378 1485 1650 1609 1516 1458 1476 1483 1480 1482
595NOME    2008 83  1483 1463 1425 1346 1363 1517 1585 1611 1605
595NOME    2008 91  1504 1444 1432 1400 1358 1398 1238 1367 1549 1343 1372
595NOME    2008 92  1307 1106 1251 1543 1557 1439 1318 1137 1337 1570 1557
595NOME    2008 93  1193 1052 1172 1212 1322 1432 1438 1421
595NOME    2008101  1410 1259  948 1025 1119 1089 1087 1277 1305  323  406
595NOME    2008102  1004 1366 1456 1230 1159 1241 1343 1176 1166 1417 1565
595NOME    2008103  1423 1103 1379 1385 1447 1949 1939 1601 1573
595NOME    2008111  1680 1681 1568 1339  977  784  934 1121 1055  870 1281
595NOME    2008112  1619 1656 1568 1555 1465 1349 1321 1264 1152 1216 1438
595NOME    2008113  1564 1460 1238 1579 1709 1065  817 1335
595NOME    2008121  1573 1401 1026  572  762 1168 1102 1071  992 1440 1781
595NOME    2008122  1725 1705 1746 1861 1455 1420 1727 1546 1384 1377 1611
595NOME    2008123  1890 1778 1267  771  364  218  287  555  972
595NOME    2009 11  1191 1037 1130  975  852 1043 1118 1109  977 1161 1307
595NOME    2009 12  1225 1439 1164  910 1161 1002 1671 1602 1411 1452 1661
595NOME    2009 13  1627 1342 1357 1364 1329 1143  921  852 1050
595NOME    2009 21  1174 1163 1266 1251 1116 1539 1638 1043  973 1178 1154
595NOME    2009 22  1267 1701 1851 1260  868 1045 1205 1906 1901 1454 1819
595NOME    2009 23  1925 1608 1391  783 1237 1880
595NOME    2009 31  1521 1254 1544 1437 1714 2363 1630 1350 1680 1777 1563
595NOME    2009 32  1318 1277 1245  759  132  121  401  729  796  838  840
595NOME    2009 33   722  792  791  463  516  929  954  980 1597
595NOME    2009 41  1501 1312 1215 1082 1196 1367 1491 1627 1445  976  562
595NOME    2009 42   921 1230 1133  845  929  950  868  971 1151 1292 1627
595NOME    2009 43  1707 1782 1844 1918 1842 1525 1512 1678
595NOME    2009 51  1571 1436 1244 1191 1210 1157 1229 1336 1299 1244 1237
595NOME    2009 52  1159 1059 1040 1172 1227 1453 1605 1448 1326 1221 1264
595NOME    2009 53  1249 1193 1213 1204 1178 1262 1326 1330 1291
595NOME    2009 61  1435 1578 1677 1536 1422 1953 1814 1384 1503 1572 1366
595NOME    2009 62  1365 1512 1616 1547 1406 1370 1449 1576 1574 1553 1541
595NOME    2009 63  1496 1569 1689 1689 1549 1438 1388 1371
595NOME    2009 71  1386 1401 1654 2022 1592 1530 1704 1734 1543 1339 1307
595NOME    2009 72  1381 1563 1738 1604 1424 1524 1671 1644 1645 1615 1543
595NOME    2009 73  1534 1548 1592 1511 1534 1640 1650 1628 1627
595NOME    2009 81  1718 1669 1647 1579 1578 1716 1586 1475 1302 1258 1376
595NOME    2009 82  1449 1600 1675 1615 1563 1575 1542 1439 1537 1587 1689
595NOME    2009 83  1662 1529 1403 1330 1418 1347 1396 1601 2063
595NOME    2009 91  2178 1735 1455 1344 1393 1440 1323 1190 1238 1231 1326
595NOME    2009 92  1600 1449 1337 1413 1437 1266 1219 1395 1367 1156 1146
595NOME    2009 93  1212 1177 1221 1396 1388 1462 1505 1458
595NOME    2009101  1481 1542 1575 1559 1471 1357 1162 1508 1633 1467 2012
595NOME    2009102  2272 1618 1321 1291 1166 1173 1236 1247 1091  722  420
595NOME    2009103   724 1182 1546 1725 1644 1455 1265 1106 1202
595NOME    2009111  1351 1382 1461 1372 1180 1123  990 1034 1482 1598 1685
595NOME    2009112  1847 1580 1093  555  728  986 1208 1207 1473 1576 1333
595NOME    2009113   921 1153 1630 1588 1387 1273 1247 1254
595NOME    2009121   950 1028 1385 1553 1902 2292 2032 2324 1910 1623 1663
595NOME    2009122  1607 1480 1113 1060  805  742 1162 1410 1391 1619 1919
595NOME    2009123  1974 1607 1295 1076 1273 1601 1599 1618 1662
595NOME    2010 11  1556 1248 1137  831  702 1311 1255  946 1035 1086  886
595NOME    2010 12  1173 1449 1282 1123  984  855  782  849  932 1173 1382
595NOME    2010 13  1469 1467 1569 1507 1022  534  833 1523 1543
595NOME    2010 21  1222 1210 1178  897  774  761  938 1339 1094 1081 1716
595NOME    2010 22  1848 1606 1519 1552 1402 1309 1309 1358 1527 1630 1524
595NOME    2010 23  1419 1277 1053 1090 1151  925
595NOME    2010 31   788  764  911 1174 1215 1227 1566 1376 1211 1274 1215
595NOME    2010 32  1115 1047  839  915 1191 1356 1421 1536 1518 1308 1206
595NOME    2010 33  1040 1070 1386 1367 1136  907  985 1063 1261
595NOME    2010 41  1127 1279 1532 1569 1646 1507 1324 1281 1223 1667 2320
595NOME    2010 42  1997 1809 1597 1351 1579 1598 1443 1255 1373 1443 1372
595NOME    2010 43  1406 1373 1210 1021  903  965 1139 1042
595NOME    2010 51  1206 1325 1317 1349 1188 1019  917 1028 1084 1102 1019
595NOME    2010 52   976 1447 1514 1412 1439 1331 1212 1145 1044  975 1130
595NOME    2010 53  1192 1196 1273 1356 1459 1434 1378 1448 1383
595NOME    2010 61  1033  922 1191 1391 1400 1352 1283 1233 1316 1351 1360
595NOME    2010 62  1434 1510 1655 1749 1674 1668 1703 1522 1468 1460 1382
595NOME    2010 63  1479 1538 1498 1472 1455 1413 1422 1481
595NOME    2010 71  1464 1416 1408 1394 1349 1196 1330 1345 1313 1453 1586
595NOME    2010 72  1589 1435 1430 1403 1437 1702 1713 1513 1520 1495 1557
595NOME    2010 73  1551 1445 1509 1458 1507 1512 1423 1353 1256
595NOME    2010 81  1401 1533 1507 1449 1532 1595 1567 1543 1554 1653 1580
595NOME    2010 82  1552 1452 1196 1371 2183 1779 1505 1435 1389 1378 1359
595NOME    2010 83  1347 1326 1399 1491 1594 1645 1556 1458 1378
595NOME    2010 91  1402 1544 1720 1778 1767 1777 1787 1732 1490 1373 1462
595NOME    2010 92  1483 9999 1845 1634 1474 1436 1453 1438 1591 1652 1568
595NOME    2010 93  1388 1215  975  717 1164 1392 1072  722
595NOME    2010101   685  694 1151 1539 1558 1468 1312 1302 1424 1426 1194
595NOME    2010102  1100 1365 1620 1644 1445 1206 1271 1159 1368 1464 1455
595NOME    2010103  1690 1740 1580 1382 1723 2268 2060 1719 1659
595NOME    2010111  1390  969  989 1213 1372 1335 1323 1557 1624 1524 1234
595NOME    2010112   974 1250 1319 1197 1103 1339 1618 1827 2032 1857 1797
595NOME    2010113  1426  815 1151 1400 1229 1153 1206 1455
595NOME    2010121  1312 1445 1742 1393  505  567 1084 1115  829  762  810
595NOME    2010122   898 1118  964 1006  842  925 1373 1686 1474 1030  781
595NOME    2010123   973 1028  302 -240  136  821 1060  968 1266
595NOME    2011 11  1317 1475 2168 1330  843 1417 1956 2206 2243 1782 1388
595NOME    2011 12  1193 1030  951  969 1261 1474 1353 1153  963 1070 1000
595NOME    2011 13   775  245  815 1562 1719 1921 2233 1730 1524
595NOME    2011 21  1464 1469 1358 1387 1480 1437 1477 1429 1176 1103  869
595NOME    2011 22  1038 1105  890 1235 1554 1887 2149 1621 1688 1929 1401
595NOME    2011 23  1835 2768 2643 1367  994 1025
595NOME    2011 31  1078 1138 1050  907  969 1211 1271 1119 1188 1348 1389
595NOME    2011 32  1408 1344 1257 1253 1276 1244 1457 1831 1799 1966 1965
595NOME    2011 33  1597 1526 1500 1479 1546 1471 1263 1128 1303
595NOME    2011 41  1430 1315  681  557 1103 1273 1433 1989 1112  904 1120
595NOME    2011 42   797  581  690  845 1006 1114 1253 1203 1120 1097  904
595NOME    2011 43   839  962 1065 1285 1479 1528 1454 1468
595NOME    2011 51  1390 1283 1245 1263 1319 1417 1391 1219 1171 1202 1160
595NOME    2011 52  1176 1348 1479 1568 1597 1511 1512 1569 1554 1496 1485
595NOME    2011 53  1479 1440 1515 1584 1437 1370 1517 1504 1281
595NOME    2011 61  1693 1965 1782 1843 1828 1614 1381 1345 1446 1379 1358
595NOME    2011 62  1447 1483 1544 1594 1472 1403 1465 1483 1405 1421 1474
595NOME    2011 63  1486 1425 1325 1450 1691 1738 1618 1480
595NOME    2011 71  1378 1448 1452 1414 1716 2060 1897 1523 1558 1685 1615
595NOME    2011 72  1904 2178 1777 1589 1614 1606 1546 1599 1566 1509 1485
595NOME    2011 73  1512 1642 1653 1612 1534 1505 1655 1709 1500
595NOME    2011 81  1438 1407 1606 1681 1550 1692 1531 1691 1608 1507 1573
595NOME    2011 82  1654 1515 1352 1353 1408 1420 1431 1458 1444 1452 1558
595NOME    2011 83  1579 1624 1702 1769 1648 1522 1501 1654 1648
595NOME    2011 91  1588 1498 1495 1598 1473  584    0  361 1101 1931 2105
595NOME    2011 92  2014 1744 1717 1760 1621 1628 1559 1472 1215  977 1105
595NOME    2011 93  1246 1312 1244 1241 1350 1351 1435 1492
595NOME    2011101  1383 1332 1536 1701 1672 1528 1438 1413 1346 1286 1338
595NOME    2011102  1694 2224 1994 1524 1591 1600 1522 1596 1844 1496 1161
595NOME    2011103  1418 1452 1252 1174 1434 1481 1620 1462 1431
595NOME    2011111  1257 1213 1278 1054 1207  733  900 1583 2793 2769 1642
595NOME    2011112   975 1205 1210  892  922 1110 1366 1154  896  773  657
595NOME    2011113   745  915  850 1070 1392 1421 1496 1174
595NOME    2011121  1063 1361 1179 1905 2390 1484 1717 2175 1981 2024 2253
595NOME    2011122  2091 1944 1855 1133  540 1069 1515 1667 1913 1536 1274
595NOME    2011123  1047  855  708  784 1057 1201 1216 1102 1201
595NOME    2012 11  1352 1179 1180 1329 1443 1497 1485 1378 1548 1412 1061
595NOME    2012 12  1160 1251 1312 1482 1354 1064  762  880  814  620  283
595NOME    2012 13    11  393  769  895 1158 1117  905 1195 1495
595NOME    2012 21  1277  706 1088 1597 1893 2120 2065 1320 1136 1766 1790
595NOME    2012 22  1435 1677 1783 1431 1153 1404 1438 1504 1578 1504 1459
595NOME    2012 23  1341 1139  946  542  401  466  827
595NOME    2012 31   881  665  915 1079 1238 1474 1271 1052 1178 1128  884
595NOME    2012 32   779  864  978 1128 1231 1124 1048  900  716 9999 9999
595NOME    2012 33  9999 1554 1491 1323 1122 1091 1295 1102  917
595NOME    2012 41   878  867 1043 1172 1100 1328 1389 1600 1999 1771 1324
595NOME    2012 42  1192  931 1021 1020  952 1079 1097  982 1065 1274 1426
595NOME    2012 43  1517 1544 1515 1392 1285 1331 1331 1215
595NOME    2012 51  1160 1123 1200 1238 1158  891  817 1050 1236 1155 1028
595NOME    2012 52  1232 1306 1367 1466 1695 1659 1479 1461 1482 1510 1519
595NOME    2012 53  1554 1483 1267 1225 1334 1325 1304 1394 1385
595NOME    2012 61  1371 1397 1473 1437 1360 1459 1477 1396 1262 1241 1309
595NOME    2012 62  1392 1366 1261 1342 1502 1622 1623 1512 1399 1404 1396
595NOME    2012 63  1362 1491 1638 1539 1435 1415 1429 1481
595NOME    2012 71  1482 1608 1687 1554 1488 1470 1413 1342 1380 1433 1502
595NOME    2012 72  1516 1598 1706 1594 1606 1646 1610 1546 1470 1430 1426
595NOME    2012 73  1516 1723 1943 1818 1653 1701 1625 1555 1576
595NOME    2012 81  1664 1717 1764 1749 1630 1617 1478 1424 1482 1597 1703
595NOME    2012 82  1709 1568 1552 1679 2063 2065 9999 9999 9999 9999 9999
595NOME    2012 83  9999 1906 2067 1648 1547 1626 1634 1563 1656
595NOME    2012 91  1701 1576 1289 1654 1922 1901 1693 1384 1355 1441 1484
595NOME    2012 92  1394 1340 1344 1246  643  681 1520 1477 1537 1468 1236
595NOME    2012 93  1010 1549 1345  472  233  586 1007 1375
595NOME    2012101  1698 1982 1877 1720 2522 2561 1876 1120  786  928  993
595NOME    2012102   920  646  679  672  597  728  844  964 1184 1484 1564
595NOME    2012103  1412 1249 1147 1302 1290 1295 1263  812  365
595NOME    2012111   165  437   36   97  818 1199 1308 1355 1313 1333 1408
595NOME    2012112  1456 1366 1025  818  963 1112  921  603  600  942  952
595NOME    2012113   941 1031 1323 1509 1671 1522 1248 1082
595NOME    2012121  1131 1124  906  952  981  929 1059  909  378 1124 1560
595NOME    2012122  1314 1385 1329 1383 1619 1638 1522 1061 1103 1494 1627
595NOME    2012123  1239  912 1232 1643 1193 1133 1669 1497 1190
595NOME    2013 11  1425 1546 1625 1548 1676 1824 1785 1592 1514 1562 1949
595NOME    2013 12  1896 1754 2185 1973 1548 1038  838  596  658 1607 1574
595NOME    2013 13  1362 1278 1056 1180 1229  897   93  579 1577
595NOME    2013 21  1472  843  928 1193 1188 1058  930  872  750  867 1723
595NOME    2013 22  1586 1416 1266 1171 1243  918  848 1159 1016 1136 1429
595NOME    2013 23  1293 1252 1229  948  687  986
595NOME    2013 31  1323 1340 1378 1451 1751 1761 1348 1141 1563 1600 1279
595NOME    2013 32  1067 1003  903  918 1382 1543 1283 1024 1110 1207  990
595NOME    2013 33  1075 1183  894  985 1137 1027 1074 1251 1266
595NOME    2013 41  1391 1474 1301 1229 1079  852  742  758  766  930 1036
595NOME    2013 42  1047 1197 1263 1069  992 1076 1158 1181 1218 1139 1156
595NOME    2013 43  1146 1146 1120 1050  882  814 1062 1064
595NOME    2013 51   742  585  890 1078 1182 1343 1401 1340 1210 1206 1235
595NOME    2013 52  1129  991 1079 1448 1616 1328 1320 1553 1699 1845 1750
595NOME    2013 53  1578 1447 1255 1323 1545 1492 1345 1308 1293
595NOME    2013 61  1318 1313 1361 1401 1462 1576 1538 1529 1554 1446 1339
595NOME    2013 62  1269 1293 1454 1531 1520 1342 1309 1212 1295 1568 1727
595NOME    2013 63  1772 1583 1450 1425 1496 1467 1476 1851
595NOME    2013 71  1916 1813 1796 1715 1684 1605 1495 1512 1525 1494 1386
595NOME    2013 72  1342 1348 1565 1709 1627 1586 1499 1457 1457 1464 1484
595NOME    2013 73  1476 1387 1298 1288 1329 1471 1444 1320 1357
595NOME    2013 81  1462 1594 1651 1702 1681 1507 1361 1525 1691 1589 1533
595NOME    2013 82  1495 1432 1574 1638 1522 1380 1388 1453 1376 1508 1576
595NOME    2013 83  1533 1409 1525 1631 1695 1649 1424 1392 1535
595NOME    2013 91  1485 1387 1720 1792 1719 1656 1496 1469 1405 1275 1465
595NOME    2013 92  1675 1642 1508 1456 1457 1275 1091 1289 1388 1322  999
595NOME    2013 93  1242 1618 1486 1491 1325  909  804 1007
595NOME    2013101  1230 1389 1310 1045 1428 1949 1881 1363 1338 1718 1836
595NOME    2013102  1581 1474 1627 1764 1803 1771 1654 1658 1906 1947 1802
595NOME    2013103  1705  944  667 2114 2114 1871 1711 1587 1459
595NOME    2013111  1490 1643 1584 1478 1347 1481 2115 2168 2391 2706 1638
595NOME    2013112  1313 1927 2198 1446 1278 1151 1127 1207 1110  953  567
595NOME    2013113  1000 1448 1115 1171 1440 1241 1205 1233
595NOME    2013121  1428 1567 1702 1529 1637 1800 1583 1531 1492 1330  802
595NOME    2013122   507  579  219  282  946 1421 1566 1157  858 1145 1430
595NOME    2013123  1418 1462 1346 1264 1162 1062 1212 1345 1519
595NOME    2014 11  1478 1554 1638 1525  832 1076 1731 1688 1585 1530 1312
595NOME    2014 12  1200 1167 1021 1162  908   20  308 1975 1661 1315 1867
595NOME    2014 13  1520 1282 1951 1693 1625 1772 1911 1800 1661
595NOME    2014 21  1600 1268  937 1077 1321 1313  761  102  381  907  741
595NOME    2014 22   650  635  461  632  745  861 1153 1167 1239 1287 1233
595NOME    2014 23  1683 1826 1679 1354 1414 1776
595NOME    2014 31  1709 1306  841  808  960  883  836 1024  978  793  441
595NOME    2014 32   919 1338 1182 1389 1493 1381 1533 1360 1205 1161 1199
595NOME    2014 33  1247 1454 1596 1466 1428 1409 1423 1463 1421
595NOME    2014 41  1229 1204 1397 1293  883  875 1090 1214 1434 1456 1420
595NOME    2014 42  1359 1570 1778 1742 1532 1422 1390 1426 1424 1375 1475
595NOME    2014 43  1575 1511 1499 1520 1443 1419 1643 1822
595NOME    2014 51  2075 1707 1377 1402 1389 1380 1350 1439 1512 1566 1388
595NOME    2014 52  1281 1328 1292 1361 1425 1365 1324 1237 1268 1073  855
595NOME    2014 53  1035 1289 1487 1504 1561 1662 1564 1503 1555
595NOME    2014 61  1585 1485 1375 1349 1366 1354 1215 1275 1376 1358 1383
595NOME    2014 62  1396 1442 1456 1425 1430 1398 1465 1379 1312 1331 1327
595NOME    2014 63  1401 1498 1475 1471 1526 1520 1550 1514
595NOME    2014 71  1579 1644 1570 1489 1467 1466 1481 1528 1573 1530 1458
595NOME    2014 72  1410 1576 1896 1939 1865 1779 1473 1543 1589 1682 1624
595NOME    2014 73  1528 1543 1333 1388 1444 1459 1323 1320 1446
595NOME    2014 81  1541 1454 1421 1505 1537 1577 1735 1734 1609 1620 1636
595NOME    2014 82  1623 1615 1623 1640 1636 1615 1686 1715 1619 1530 1447
595NOME    2014 83  1496 1523 1488 1540 1630 1612 1391 1416 1570
595NOME    2014 91  1794 1655 1453 1376 1249 1291 1414 1570 1755 1821 1687
595NOME    2014 92  1631 1810 2004 1674 1625 1575 1297 1010 1025 1263 1543
595NOME    2014 93  1629 1501 1523 1449 1375 1523 1468 1459
595NOME    2014101  1592 1488 1146  768  924 1275 1415 1418 1218  369  201
595NOME    2014102   628  786  882 1120 1323 1317 1099 1040 1151 1145 1086
595NOME    2014103  1342 1653 1855 2078 2407 1833 1047 1183 1338
595NOME    2014111   974 1260 1468 1133 1272 1535 1600 1717 1974 2214 2405
595NOME    2014112  2076 1767 1586 1770 1720 1820 1693 1585 2051 1633 1250
595NOME    2014113  1218 1316 1559 1681 1900 1963 1820 1610
595NOME    2014121  1660 1465 1283 1548 1543 1242 1140 1024 1089 1262 1402
595NOME    2014122  1510 1639 1617 1083 1126 1838 1963 1758 1668 1351 1246
595NOME    2014123  1421 1359 1345 1510 1673 2023 1709 1548 1931
595NOME    2015 11  1930 1585 1640 1648 1509 1028  565 1014 1465 1780 1713
595NOME    2015 12  1642 1391 1559 1404  676 1190 1857 2018 1876 1493 1060
595NOME    2015 13   868  974 1291 1427 1142 1026 1002 1075 1226
595NOME    2015 21  1168 1423 1245 1139 1323 1234  790  407  589  820  547
595NOME    2015 22   769 1149 1326 1379 1224 1234 1823 1914 1547 1482 1769
595NOME    2015 23  2004 1909 1917 2084 2132 1861
595NOME    2015 31  1576 1524 1580 1425 1459 1573 1867 1561 1025 1032 1020
595NOME    2015 32   917 1044 1374 1371  934 1089 1157  944 1098 1176 1164
595NOME    2015 33  1214 1166 1149 1127 1194 1313 1259 1205 1394
595NOME    2015 41  1447 1313 1229 1333 1532 1650 1493 1413 1478 1192 1111
595NOME    2015 42  1109 1238 1315 1202 1194 1193  763  457 1277 1687 1687
595NOME    2015 43  1795 1736 1517 1353 1309 1413 1509 1432
595NOME    2015 51  1351 1382 1323 1269 1300 1390 1431 1410 1433 1488 1583
595NOME    2015 52  1620 1553 1705 1627 1538 1753 1868 1688 1603 1743 1602
595NOME    2015 53  1581 1824 1740 1563 1642 1553 1520 1591 1393
595NOME    2015 61  1336 1305 1278 1018  979 1381 1573 1574 1520 1531 1472
595NOME    2015 62  1481 1539 1509 1298 1131 1189 1275 1348 1421 1486 1503
595NOME    2015 63  1456 1451 1492 1481 1387 1279 1496 1620
595NOME    2015 71  1573 1570 1573 1424 1473 1721 1871 1765 1600 1565 1546
595NOME    2015 72  1571 1621 1644 1603 1571 1567 1721 1680 1525 1491 1587
595NOME    2015 73  1575 1559 1499 1438 1458 1515 1471 1466 1516
595NOME    2015 81  1575 1486 1363 1256 1184 1261 1481 1571 1371 1416 1671
595NOME    2015 82  1615 1618 1490 1500 1582 1600 1472 1479 1522 1492 1386
595NOME    2015 83  1294 1462 2009 2212 1764 1410 1274 1150 1299
595NOME    2015 91  1402 1568 1608 1556 1538 1509 1505 1296 1199  999  690
595NOME    2015 92  1251 1721 1690 1474 1410 1241  887  874 1105  980 1024
595NOME    2015 93  1313 1479 1537 1441 1217 1151 1205 1127
595NOME    2015101  1545 2210 1999 1641 1762 1874 1945 1675 1067 1165 1505
595NOME    2015102  1579 1494 1392 1461 1413 1320 1508 1702 1683 1613 1649
595NOME    2015103  1639 1569 1610 1558 1075  687  942 1035 1239
595NOME    2015111  1788 2264 2172 1927 1955 1501 1292 1809 2589 2143 1408
595NOME    2015112  1207  971 1274 1424 1392 1354 1273 1162 1487 1468 1241
595NOME    2015113  1475 2197 2177 1560 1067 1131 1746 1776
595NOME    2015121  1527 1342 1377 1450 1515 1470 1172  820  964 1109 1023
595NOME    2015122   996 1258 1774 2397 2217 1561 1393 1591 1569 1367 1400
595NOME    2015123  1343 1215 1055 1462 1680 1360 1619 2026 2017
595NOME    2016 11  2016 1375 1649 1996 1798 2098 2378 2136 1520 1447 1771
595NOME    2016 12  1468 1574 1783 1543 1068  728 1038 1237 1152 1294 1424
595NOME    2016 13  1515 1491 1283 1246 1508 1411 1372 1816 1931
595NOME    2016 21  1959 1902 1485 1204 1552 1851 1948 1753 1548 1602 1372
595NOME    2016 22  1348 1380 1451 1510 1640 1888 1945 1761 1476 1050 1258
595NOME    2016 23  1702 1250  833 1432 1710 1565 1595
595NOME    2016 31  1838 1798 1854 1437  820  611 1077 1282 1351 1411 1372
595NOME    2016 32  1378 1306 1171 1191 1285 1347 1100  708  804  909  924
595NOME    2016 33  1004 1277 1400 1424 1264 1174 1166 1173  492
595NOME    2016 41   355 1253 1635 1348 1328 1402 1393 1370 1309 1391 1676
595NOME    2016 42  1641 1486 1358 1273 1182 1247 1501 1674 1611 1638 1633
595NOME    2016 43  1418 1367 1294 1146 1438 1617 1478 1397
595NOME    2016 51  1326 1316 1460 1515 1450 1293 1357 1588 1718 1892 1876
595NOME    2016 52  1682 1478 1208  992 1122 1301 1338 1446 1490 1505 1629
595NOME    2016 53  1635 1651 1538 1528 1384 1275 1432 1348 1378
595NOME    2016 61  1447 1160 1098 1166 1393 1501 1516 1494 1278 1326 1613
595NOME    2016 62  1610 1683 1523 1355 1354 1464 1681 1619 1594 1600 1529
595NOME    2016 63  1572 1543 1383 1372 1440 1493 1587 1539
595NOME    2016 71  1454 1463 1512 1551 1566 1590 1608 1631 1586 1584 1515
595NOME    2016 72  1392 1287 1341 1435 1516 1627 1708 1590 1521 1559 1574
595NOME    2016 73  1472 1297 1268 1295 1423 1593 1737 1689 1276
595NOME    2016 81  1278 1519 1534 1460 1434 1569 1656 1555 1572 1554 1544
595NOME    2016 82  1588 1537 1345 1157 1141 1315 1422 1604 1922 1765 1309
595NOME    2016 83   889 1171 1469 1595 1550 1473 1342 1301 1352
595NOME    2016 91  1429 1418 1432 1546 1608 1219  977 1175 1372 1465 1450
595NOME    2016 92  1297 1396 1308  883  931 1057 1185 1627 2103 1979 1730
595NOME    2016 93  1593 1595 1576 1647 1595 1945 1855 1856
595NOME    2016101  2151 2090 1878 1664 1705 2017 2365 2395 2200 2020 1867
595NOME    2016102  1931 1918 1849 1618 1442 1100  549  998 1271 1315 1466
595NOME    2016103  1838 2067 2281 2421 1939 1887 2581 2687 2132
595NOME    2016111  2114 2094 1925 1793 1681 1607 1488 1456 1267  701  406
595NOME    2016112   878  773  660 1136 1875 2045 1814 1696 1702 1547 1478
595NOME    2016113  1637 1670 1636 1501 1387 1546 1650 1604
595NOME    2016121  1472 1247 1308 1673 1764 1506 1087  833  900 1089 1265
595NOME    2016122  1573 1769 1837 1952 2145 2281 1976 1721 1619 1465 1574
595NOME    2016123  1628 1741 1613 1465 1517 1296 1753 2639 2765
595NOME    2017 11  3004 2306 1703 1512 1417 1208 1300 1369 1396 1386 1422
595NOME    2017 12  1266  797  415  893 1215 1428 1607 1283 1055 1327 1377
595NOME    2017 13  1365 1224 1331 1503 1640 1816 2030 2244 2210
595NOME    2017 21  1671 1506 1463 1448 1450 1309 1287 1412 1117  781  919
595NOME    2017 22  1254 1005  227  246  573  739 1012 1316 1407 1436 1275
595NOME    2017 23  1548 2255 2274 2140 1575  918
595NOME    2017 31   555  682  758 1024 1159 1225 1232 1217 1267 1279 1212
595NOME    2017 32  1094 1019 1032 1017 1050 1232 1315 1372 1418 1324 1300
595NOME    2017 33  1343 1328 1319 1352 1291 1259 1328 1225  885
595NOME    2017 41   790 1096 1276 1237 1176 1155 1224 1420 1504 1573 1524
595NOME    2017 42  1737 1877 1624 1537 1573 1517 1408 1160 1031 1267 1316
595NOME    2017 43  1213 1353 1530 1540 1540 1540 1485 1509
595NOME    2017 51  1506 1448 1282 1244 1343 1319 1409 1304 1401 1428 1366
595NOME    2017 52  1444 1570 1546 1458 1377 1414 1383 1390 1424 1438 1520
595NOME    2017 53  1640 1616 1594 1544 1488 1403 1361 1407 1413
595NOME    2017 61  1374 1357 1378 1491 1536 1443 1455 1579 1489 1454 1651
595NOME    2017 62  1697 1578 1443 1439 1473 1525 1531 1491 1493 1518 1435
595NOME    2017 63  1395 1449 1565 1721 1719 1689 1740 1635
595NOME    2017 71  1532 1510 1517 1486 1616 1820 1904 1775 1667 1579 1475
595NOME    2017 72  1468 1429 1426 1500 1588 1760 1687 1522 1403 1385 1489
595NOME    2017 73  1728 1825 1580 1440 1435 1627 1636 1589 1682
595NOME    2017 81  1753 1688 1653 1624 1634 1510 1459 1530 1519 1417 1621
595NOME    2017 82  1290  702 1062 1448 1550 1589 1505 1512 1346 1301 1426
595NOME    2017 83  1420 1284  928  804 1103 1434 1325  860  821
595NOME    2017 91  1346 1652 1579 1365 1365 1481 1594 1394 1221 1389 1528
595NOME    2017 92  1823 1891 1698 1669 1759 1600 1220 1371 1421 1152 9999
595NOME    2017 93  9999 9999 9999 1149 1216 1175 1106 1373
595NOME    2017101  1574 1428 1417 1631 1722 1397 1239 1161 1499 1941 1685
595NOME    2017102  1846 2400 2001 1533 1515 1530 1351 1102 1205 1144 1086
595NOME    2017103  1302 1485 1536 1671 1638 1703 1672 1313 1289
595NOME    2017111  1403 1431 1397 1357 1314 1277 1598 1824 1872 1486 1322
595NOME    2017112  1520 1264 1345 1592 1540 1024 1098 1168  414 1241 1939
595NOME    2017113  1040  645 1080 1471 1542 1625 1645 1568
595NOME    2017121  1661 1876 1870 1243 1247 1777 1696 1392 1331  958  595
595NOME    2017122   957 1469 1656 1631 1318 1308 1702 2590 2844 2999 2631
595NOME    2017123  2311 1752 1472 1535 1343 1090 1138 1239  620
595NOME    2018 11  1111 1730 1627 1728 1779 1888 1872 1751 1467 1533 1719
595NOME    2018 12  1542 1575 1480 1763 2051 1552 1175  984 1079 1048  825
595NOME    2018 13   804 1141 1358  885  505  815 1141  966  911
595NOME    2018 21   973  982 1117 1472 1682 1560 1771 1956 1914 1804 1895
595NOME    2018 22  1883 1901 2133 1856 1887 1978 1969 2258 2453 1845 1738
595NOME    2018 23  1540 1125 1231 1250 1390 1349
595NOME    2018 31  1661 1829 1485 1401 1609 1567 1551 1794 1255  561  971
595NOME    2018 32  1434 1455 1496 1478 1069  803 1442 1802 1660 1414 1646
595NOME    2018 33  1913 1723 1624 1563 1605 1651 1561 1411 1446
595NOME    2018 41  1283 1084 1111  861  774 1233 1609 1435 1351 1540 1498
595NOME    2018 42  1436 1265 1420 1708 1795 1638 1656 1598 1480 1003  882
595NOME    2018 43  1272 1678 1964 2131 1760 1545 1517 1954
595NOME    2018 51  1813 1495 1393  986  688 1291 1637 1784 1812 1710 1484
595NOME    2018 52  1510 1554 1390 1304 1352 1318 1143 1311 1394 1256 1190
595NOME    2018 53  1433 1515 1369 1285 1304 1402 1570 1688 1647
595NOME    2018 61  1548 1615 1851 1710 1478 1402 1391 1446 1453 1389 1193
595NOME    2018 62  1137 1343 1428 1375 1225 1226 1415 1541 1608 1481 1499
595NOME    2018 63  1635 1546 1451 1492 1630 1666 1599 1550
595NOME    2018 71  1616 1621 1483 1385 1428 1388 1397 1666 1649 1393 1442
595NOME    2018 72  1538 1542 1617 1709 1621 1496 1617 1666 1497 1486 1592
595NOME    2018 73  1565 1469 1414 1404 1538 1619 1699 1855 1937
595NOME    2018 81  1851 1698 1418 1376 1557 1620 1472 1430 1535 1610 1593
595NOME    2018 82  1497 1396 1234 1124 1324 1668 1692 1403 1548 1703 1683
595NOME    2018 83  1752 1745 1731 1690 1752 1612 1476 1592 1646
595NOME    2018 91  1541 1566 1504 1501 1515 1480 1352 1321 1359 1389 1436
595NOME    2018 92  1492 1438 1523 1662 1653 1604 1555 1598 1590 1571 1653
595NOME    2018 93  1473 1456 1534 1507 1325 1110 1704 2119
595NOME    2018101  1948 1880 1967 1987 2099 1982 1749 1724 1646 1531 1681
595NOME    2018102  1641 1632 1887 1638 1214 1416 1203 1074 1385 1421  929
595NOME    2018103  1113 1480 1650 1127  564  942 1380 1412 1649
595NOME    2018111  1779 1773 1702 1806 1863 2120 2085 1693 1899 2132 1211
595NOME    2018112  9999 9999  328 1199 1619 1675 1640 1518 1546 1264 1221
595NOME    2018113  1530 1416 1341 1284 1125 1479 1786 1828
595NOME    2018121  2015 2157 1848 1412 1249 1821 1704 1440 1423 1591 1375
595NOME    2018122  1437 1536 1438 1423 1272 1059 1005 1158 1397 1458 1411
595NOME    2018123  1353 1471 1494 1377 1433 1309 1184 1342 1669
595NOME    2019 11  1936 1633 1840 1828 1660 1594 1527 1500 1502 1417 1418
595NOME    2019 12  1231  877 1424 2047 1877 1464 1296 1282 1307 1110  956
595NOME    2019 13  1327 1705 1680 1986 2373 2038 1289 1090 1405
595NOME    2019 21  1713 1941 2131 1786 1705 2205 2177 2017 1880 1751 1875
595NOME    2019 22  2586 1794 1206 1650 1998 1711 1422 1578 1420 1749 1984
595NOME    2019 23  2177 2337 1915 1863 2004 2602
595NOME    2019 31  2304 1532 1629 1879 1669 1556 1580 1682 1715 1634 1544
595NOME    2019 32  1295 1211 1336 1660 1641 1493 1520 1589 1383  512  525
595NOME    2019 33  1372 1860 2090 2439 2148 1686 1660 1785 1481
595NOME    2019 41  1344 1383 1356 1223 1034 1195 1336 1468 1681 1737 1473
595NOME    2019 42  1444 1545 1476 1365 1122 1165 1193 1122 1230 1245 1060
595NOME    2019 43  1102 1336 1404 1382 1379 1428 1670 1733
595NOME    2019 51  1595 1361 1498 1676 1470 1249 1260 1412 1621 1445 1181
595NOME    2019 52  1332 1457 1464 1428 1310 1209 1290 1458 1370 1390 1540
595NOME    2019 53  1348 1337 1313 1331 1634 1634 1505 1360 1423
595NOME    2019 61  1491 1574 1458 1270 1226 1294 1311 1305 1302 1371 1388
595NOME    2019 62  1344 1373 1440 1468 1491 1522 1412 1452 1531 1478 1450
595NOME    2019 63  1453 1367 1369 1609 1864 1760 1685 1663
595NOME    2019 71  1632 1799 2057 1740 1484 1282 1311 1373 1443 1543 1603
595NOME    2019 72  1605 1593 1605 1564 1536 1608 1624 1529 1516 1613 1592
595NOME    2019 73  1519 1601 1720 1797 1704 1611 1611 1653 1676
595NOME    2019 81  1639 1929 2441 1787 1457 1593 1456 1391 1392 1412 1465
595NOME    2019 82  1634 1748 1738 1674 1652 1375 1183 1231 1347 1469 1522
595NOME    2019 83  1340 1314 1478 1558 1575 1557 1560 1551 1586
595NOME    2019 91  1621 1694 1890 2039 1905 1799 1821 1883 1897 1613 1843
595NOME    2019 92  1990 1853 1775 1659 1417 1198 1102 1450 1569 1538 1445
595NOME    2019 93  1408 1433 1323 1491 2166 2120 1622 1657
595NOME    2019101  1513 1541 1699 1856 2093 1744 1524 1972 1888 1287 1155
595NOME    2019102  1378 1481 1524 1853 1951 1803 1827 1852 1703 1659 1627
595NOME    2019103  1110  340  869 1383 1686 1877 1784 1494 1490
595NOME    2019111  1166 1138 1229 1081  820  758  928 1104 1513 1663 1630
595NOME    2019112  1754 1076 9999 9999  635 1144 1533 1084  336  969 1271
595NOME    2019113  1228  913 1322 2353 2427 1618 1262 1464
595NOME    2019121  1731 1673 1591 1537 1354 1118 1029 1704 1875 1263 1970
595NOME    2019122  1737 1630 1841 1835 1749 1685 1653 1439 1564 1681 1634
595NOME    2019123  1437 1225 1259 1113  904  367  159  574  525
595NOME    2020 11   185  -17  420 1176 1392 1461 1473 1390 1307 1413 1648
595NOME    2020 12  1894 1991 1735 1517 1720 1860 1734 1676 1858 1770 1645
595NOME    2020 13  1576 1316 1080  990  803  638  488  396  768
595NOME    2020 21  1443 1515 1176 1430 1338 1096 1035  740 1282 1734 1354
595NOME    2020 22  1204 1081 1236 1356 1476 1344 1245 1456 1172  835 1172
595NOME    2020 23  1500 1566 1366 1068 1233 1475 1440
595NOME    2020 31  1078 1129 1289 1069  922 1250 1481 1404 1279 1220 1287
595NOME    2020 32  1512 1875 1784 1539 1416 1372 1673 2104 9999 9999 9999
595NOME    2020 33  9999 9999 9999 9999 9999 9999 9999 9999 9999
595NOME    2020 41  9999 9999 9999 9999 9999 9999 9999 9999 9999 9999 9999
595NOME    2020 42  9999 9999 9999 9999 9999 9999 9999 9999 9999 9999 9999
595NOME    2020 43  9999 9999 9999 9999 9999 9999 9999 1367
595NOME    2020 51  1349 1438 1255 1008 1208 1385 1311 1252 1470 1776 1661
595NOME    2020 52  1593 1580 1524 1503 1523 1511 1412 1413 1478 1595 1653
595NOME    2020 53  1651 1606 1671 1699 1676 1569 1409 1308 1465
595NOME    2020 61  1629 1633 1588 1537 1482 1438 1446 1425 1357 1442 1560
595NOME    2020 62  1556 1493 1406 1449 1491 1441 1430 1554 1477 1425 1619
595NOME    2020 63  1507 1281 1321 1609 1969 1867 1614 1613
595NOME    2020 71  1608 1745 1631 1480 1533 1540 1497 1496 1392 1322 1381
595NOME    2020 72  1392 1475 1587 1620 1554 1530 1534 1573 1579 1564 1500
595NOME    2020 73  1505 1579 1515 1454 9999 1876 1764 1623 1628
595NOME    2020 81  1580 1534 1521 1486 1534 1478 1388 1554 1594 1529 1495
595NOME    2020 82  1480 1477 1481 1436 1318 1436 1641 1684 1550 1484 1589
595NOME    2020 83  1679 1649 1566 1534 1496 1505 1542 1544 1495
595NOME    2020 91  1606 1522 1439 1477 1490 1162  979 1643 1470 1450 1414
595NOME    2020 92  1388 1577 1756 1812 2026 1614 1336 1612 1610 1529 1240
595NOME    2020 93  1041 1164 1376 1364 1157 1043 1371 1290
595NOME    2020101   996 1564 1737 1664 1261 1160 1910 2283 2027 1815 1676
595NOME    2020102  1560 1331 1215 1385 1837 2106 1792 1551 1369 1371 1302
595NOME    2020103  1463 1774 1804 1551 1453 1449 1384 1389 1210
595NOME    2020111  1084 1309 1258  989 1889 2858 2333 1472 1583 2124 1896
595NOME    2020112  1389 1231  966  730 1044 1585 1798 1680 1613 1445 1640
595NOME    2020113  1726 1716 2327 2028 1762 1450  919 1029
595NOME    2020121   877  720 1433 1705 1635 1090  109  112  700 1173 1241
595NOME    2020122   916 1134 1383 1529 1721 1580 1466 1583 1698 1623 1477
595NOME    2020123  1957 1915 1635 1389 1646 1901 2084 1879 1798
595NOME    2021 11  1874 1971 1669 1304 1276 1257 1182 1327 1544 1253  563
595NOME    2021 12   797 1355 1688 1471 1418 1230  941 1296 1422 1703 2079
595NOME    2021 13  1617 1494 1459 1413 1428 1508 1257  860 1065
595NOME    2021 21  1358 1227 1219 1402 1537 1772 1435 1186 1069  923  715
595NOME    2021 22   848 1777 1684 1403 1406 1078  995 1308 1422 1244 1330
595NOME    2021 23  1500 1470 1466 1321  963  929
595NOME    2021 31  1092  971  369  799 1667 1642 1857 2405 1982 1474 1313
595NOME    2021 32  1208 1560 1811 1665 1421 1332 1222 1265 1261 1337 1361
595NOME    2021 33  1271 1750 1735 1372 1122 1278 1937 1716 1019
595NOME    2021 41  1062 1361 1568 1593 1431 1188  999  611  817 1064 1080
595NOME    2021 42  1458 1703 1463 1185 1173 1311 1235 1124  687  907 1180
595NOME    2021 43  1388 1429 1396 1364 1199 1168 1121 1248
595NOME    2021 51  1385 1286 1307 1339 1280 1364 1389 1351 1418 1476 1497
595NOME    2021 52  1491 1440 1547 1623 1512 1436 1467 1373 1155 1279 1578
595NOME    2021 53  1480 1368 1458 1521 1610 1428 1270 1291 1454
595NOME    2021 61  1426 1237 1372 1569 1638 1645 1516 1535 1573 1595 1605
595NOME    2021 62  1557 1563 1692 1724 1574 1517 1469 1430 1424 1471 1531
595NOME    2021 63  1560 1579 1786 1803 1720 1647 1598 1663
