655LUBANG        LAT=13 49. N  LONG=120 12.1E
655LUBANG  2010 61  9999 9999 9999 9999 9999 9999 9999 9999 9999 9999 9999
655LUBANG  2010 62   893  909  906  910  918  923  921  931  950  939  924
655LUBANG  2010 63   922  939  929  914  923  936  937  935
655LUBANG  2010 71   944  940  917  930  936  937  936  933  936  928  949
655LUBANG  2010 72   971 1007 1016 1013 1002  996  993  998 1000  980  998
655LUBANG  2010 73  1011 1015 1027 1015  984  981  994  999  983
655LUBANG  2010 81   978  986 1009 1023 1003 1001 1036 1028 1026 1008  973
655LUBANG  2010 82   968  972  965  956  967  989  997 1000  995  983  984
655LUBANG  2010 83   997  986  992 1019 1020 1000  978  999 1024
655LUBANG  2010 91  1004  984  982  981  972  973  997 1009 1000  999  996
655LUBANG  2010 92   981  985  988  978  975  978  969  993  988  960  974
655LUBANG  2010 93   991  991  984  974  984 1000 1005 1013
655LUBANG  2010101  1024 1039 1038 1043 1056 1049 1036 1027 1041 1041 1037
655LUBANG  2010102  1038 1027 1019 1024 1021 1045 1102 1109 1072 1037 1020
655LUBANG  2010103  1005 1013 1043 1075 1051 1022 1014 1016 1014
655LUBANG  2010111  1025 1056 1033 1008 1023 1025 1025 1033 1018  998 1002
655LUBANG  2010112  1036 1026  988  983  992  965  959  985  982  980 1010
655LUBANG  2010113  1032 1013  991  968  947  937  957  983
655LUBANG  2010121   987  967  941  939  929  944  953  918  924  943  955
655LUBANG  2010122   969  975  979  982  945  872  872  869  878  925  949
655LUBANG  2010123   958  961  944  896  880  899  881  887  889
655LUBANG  2011 11   879  876  868  858  877  893  896  874  872  868  869
655LUBANG  2011 12   883  887  919  899  840  820  815  864  938  981  945
655LUBANG  2011 13   899  863  836  825  809  825  832  817  788
655LUBANG  2011 21   764  785  842  883  879  883  894  916  931  913  887
655LUBANG  2011 22   823  812  828  802  802  825  854  862  866  847  842
655LUBANG  2011 23   824  833  836  830  813  828
655LUBANG  2011 31   863  854  832  847  841  855  870  832  800  803  810
655LUBANG  2011 32   804  815  840  864  870  857  831  843  857  870  882
655LUBANG  2011 33   856  824  808  797  799  790  795  830  855
655LUBANG  2011 41   861  884  918  916  883  844  827  833  806  807  855
655LUBANG  2011 42   841  811  845  874  886  900  907  885  852  837  851
655LUBANG  2011 43   865  857  855  860  865  877  879  856
655LUBANG  2011 51   853  872  887  886  875  883  901  920  910  878  870
655LUBANG  2011 52   886  895  880  857  868  895  892  880  907  928  926
655LUBANG  2011 53   923  926  926  945  958  930  891  882  903
655LUBANG  2011 61   889  880  887  898  904  911  923  944  941  942  927
655LUBANG  2011 62   920  910  911  932  935  935  964  996  996  985  992
655LUBANG  2011 63  1026 1023  958  922  921  915  898  902
655LUBANG  2011 71   900  907  915  917  925  949  941  929  932  937  937
655LUBANG  2011 72   944  936  924  919  912  923  950  958  937  940  946
655LUBANG  2011 73   929  922  948  973  970  967  985  993  981
655LUBANG  2011 81   995  984  962  962  973  970  944  922  932  926  922
655LUBANG  2011 82   924  917  902  897  908  926  926  915  910  922  932
655LUBANG  2011 83   951  977 1008 1011 1016  995  971  961  970
655LUBANG  2011 91   967  987  977  953  945  951  964  973  967  963  949
655LUBANG  2011 92   937  960  962  922  920  949  949  951  960  953  961
655LUBANG  2011 93   975  994 1018 1094 1128 1055 1002 1029
655LUBANG  2011101  1082 1045  987  972  942  931  950  959  940  953  976
655LUBANG  2011102   967  962  939  919  913  898  907  914  898  910  924
655LUBANG  2011103   895  904  946  948  914  882  914  941  944
655LUBANG  2011111   939  918  915  949  970  982  980  971  971  967  929
655LUBANG  2011112   894  889  886  894  931  939  947  941  909  904  871
655LUBANG  2011113   869  864  867  889  894  929  939  950
655LUBANG  2011121   995 1002  945  909  895  870  878  913  934  944  938
655LUBANG  2011122   919  901  912  925  937  929  904  902  921  912  919
655LUBANG  2011123   923  906  866  838  799  824  871  881  865
655LUBANG  2012 11   852  835  824  808  821  804  797  798  837  853  859
655LUBANG  2012 12   849  847  871  906  904  893  873  842  833  854  887
655LUBANG  2012 13   880  874  880  865  860  852  864  890  876
655LUBANG  2012 21   863  886  852  814  815  842  870  866  848  834  832
655LUBANG  2012 22   842  856  860  902  933  926  913  887  885  926  943
655LUBANG  2012 23   942  938  962  970  942  917  888
655LUBANG  2012 31   877  900  892  879  904  960  985  980  963  937  906
655LUBANG  2012 32   887  878  893  892  906  923  939  966  983  960  915
655LUBANG  2012 33   932  943  901  860  838  859  894  919  936
655LUBANG  2012 41   942  920  910  924  949  931  914  897  889  872  894
655LUBANG  2012 42   920  910  915  947  970  971  958  947  942  946  927
655LUBANG  2012 43   909  917  923  940  953  931  936  962
655LUBANG  2012 51   968  992  994  986  981  959  952  949  956  960  967
655LUBANG  2012 52   982  988  980  985  996  992  979  972  992  997  996
655LUBANG  2012 53  1009 1000  996  994 1001 1002 1000 1023 1037
655LUBANG  2012 61  1041 1053 1045 1023 1022 1025 1001  989  992  974  995
655LUBANG  2012 62  1016 1019 1022 1031 1031 1023 1015 1012 1005  992  983
655LUBANG  2012 63   979  980 1002 1000 1002 1014 1015 1014
655LUBANG  2012 71   984  989 1024 1020 1013 1008 1000 1005 1003 1001  981
655LUBANG  2012 72   978  987  987  983  993  999 1000 1025 1054 1067 1081
655LUBANG  2012 73  1096 1068 1030 1006 1022 1049 1082 1074 1055
655LUBANG  2012 81  1076 1073 1057 1053 1049 1053 1036 1006  991  978  967
655LUBANG  2012 82   983 1020 1062 1066 1023 1018  999 1004 1020 1019 1034
655LUBANG  2012 83  1038 1014  978  996 1015  990  975  987 1006
655LUBANG  2012 91  1022 1031 1038 1035 1011  983  974  971  970  973 1000
655LUBANG  2012 92  1024 1056 1097 1105 1075 1031 1011  998  986  993 1009
655LUBANG  2012 93  1040 1070 1080 1090 1073 1047 1029 1002
655LUBANG  2012101   975  994 1049 1048 1028  998  999 1011 1030 1042 1029
655LUBANG  2012102  1013 1007  989  989 1001  985  938  912  878  886  910
655LUBANG  2012103   911  910  922  956  932  893  905  917  915
655LUBANG  2012111   905  887  893  924  948  938  912  905  913  932  921
655LUBANG  2012112   898  881  899  918  905  898  914  915  898  886  898
655LUBANG  2012113   920  904  874  873  863  847  840  851
655LUBANG  2012121   874  879  884  876  915  959  945  935  951  949  911
655LUBANG  2012122   854  846  853  869  889  901  901  862  844  845  850
655LUBANG  2012123   843  838  819  810  825  871  888  895  877
655LUBANG  2013 11   863  837  824  838  851  844  869  846  841  847  851
655LUBANG  2013 12   854  834  791  775  761  753  750  736  724  752  772
655LUBANG  2013 13   794  829  845  846  823  773  754  745  767
655LUBANG  2013 21   782  746  767  780  784  824  862  871  826  840  868
655LUBANG  2013 22   852  852  823  810  827  831  825  853  860  852  835
655LUBANG  2013 23   831  851  856  846  877  903
655LUBANG  2013 31   891  864  839  824  794  792  793  813  855  894  917
655LUBANG  2013 32   903  884  882  853  833  841  843  839  847  856  863
655LUBANG  2013 33   876  897  905  896  887  893  905  913  906
655LUBANG  2013 41   884  891  901  909  932  982  995  959  935  948  945
655LUBANG  2013 42   916  896  907  925  937  948  955  968  964  955  933
655LUBANG  2013 43   898  898  914  922  936  940  922  930
655LUBANG  2013 51   963  981  974  947  934  957  972  958  940  947  967
655LUBANG  2013 52   965  976  992  990  979  975  971  976  984  985  975
655LUBANG  2013 53   961  966  975  968  973  972  970  970  980
655LUBANG  2013 61   981  993  995  981  981  986  990 1002 1020 1030 1026
655LUBANG  2013 62  1027 1040 1038 1009 1010 1023 1021 1028 1035 1026 1015
655LUBANG  2013 63   985  973  972  975  991  992 1016 1010
655LUBANG  2013 71   995  989  981  967  953  937  935  944  973  989  988
655LUBANG  2013 72   996  990  980  984 1000 1016 1030 1024 1023 1030 1022
655LUBANG  2013 73  1020  998  978  979  997 1003 1007 1037 1070
655LUBANG  2013 81  1053 1014  988  983  985  986  982  991  988 1010 1067
655LUBANG  2013 82  1071 1051 1033 1032 1042 1057 1071 1103 1118 1112 1078
655LUBANG  2013 83  1039 1031 1043 1033 1013  981  956  963  981
655LUBANG  2013 91   981  988 1011 1017 1004  997 1016 1013 1013 1023 1031
655LUBANG  2013 92  1035 1029 1026 1047 1062 1076 1087 1105 1126 1124 1085
655LUBANG  2013 93  1072 1069 1052 1061 1058 1054 1079 1080
655LUBANG  2013101  1069 1087 1090 1090 1077 1058 1048 1052 1029 1033 1087
655LUBANG  2013102  1074 1047 1039 1032 1003  987  977  969  990  990  980
655LUBANG  2013103   990 1004  990  936  896  895  920  969  993
655LUBANG  2013111   973  936  937  930  906  909  932  934  934  954  938
655LUBANG  2013112   949  928  922  889  873  876  865  825  812  818  863
655LUBANG  2013113   882  899  915  913  915  877  841  835
655LUBANG  2013121   834  845  867  864  870  897  902  920  933  916  880
655LUBANG  2013122   843  843  848  862  884  898  868  853  864  849  840
655LUBANG  2013123   866  893  914  872  818  834  824  799  812
655LUBANG  2014 11   821  849  871  861  850  854  819  815  807  766  742
655LUBANG  2014 12   767  812  811  746  708  710  712  714  743  788  767
655LUBANG  2014 13   712  718  763  787  760  759  769  753  762
655LUBANG  2014 21   797  820  862  860  840  803  812  816  822  801  768
655LUBANG  2014 22   768  780  765  751  748  748  802  826  803  772  734
655LUBANG  2014 23   714  727  736  741  752  780
655LUBANG  2014 31   808  827  804  789  791  782  756  751  770  753  734
655LUBANG  2014 32   748  795  780  768  755  770  784  800  829  809  765
655LUBANG  2014 33   759  780  794  795  810  825  851  884  889
655LUBANG  2014 41   872  880  872  855  842  827  803  812  833  853  861
655LUBANG  2014 42   856  865  883  863  837  828  836  845  855  854  837
655LUBANG  2014 43   837  849  861  869  876  877  866  859
655LUBANG  2014 51   852  846  841  849  859  838  822  834  845  852  847
655LUBANG  2014 52   846  859  875  882  888  888  876  870  876  887  892
655LUBANG  2014 53   887  877  873  867  877  876  880  875  866
655LUBANG  2014 61   886  887  896  906  909  903  916  933  923  932  960
655LUBANG  2014 62   968  936  922  928  911  895  897  902  904  903  897
655LUBANG  2014 63   901  918  928  917  896  892  904  903
655LUBANG  2014 71   888  894  930  931  933  954  972  960  947  929  925
655LUBANG  2014 72   918  917  927  991 1022  975  949  932  958  973  952
655LUBANG  2014 73   915  892  895  900  916  953  973  962  967
655LUBANG  2014 81   960  944  945  958  932  921  929  923  906  908  931
655LUBANG  2014 82   937  920  889  897  924  921  890  876  872  885  903
655LUBANG  2014 83   920  915  915  917  909  901  884  891  910
655LUBANG  2014 91   904  905  913  931  947  937  916  933  965  964  958
655LUBANG  2014 92   945  966  989  949  897  895  931  931  891  865  874
655LUBANG  2014 93   888  879  881  900  887  884  891  901
655LUBANG  2014101   894  897  916  932  919  912  950  956  972 1009  991
655LUBANG  2014102   949  926  908  888  882  895  895  886  911  910  914
655LUBANG  2014103   923  908  890  884  876  883  881  873  887
655LUBANG  2014111   904  929  928  881  842  845  865  874  858  861  856
655LUBANG  2014112   839  846  855  835  852  874  869  855  835  848  877
655LUBANG  2014113   890  895  904  897  866  862  881  889
655LUBANG  2014121   913  905  865  836  821  835  866  873  841  857  849
655LUBANG  2014122   855  841  815  820  841  828  810  807  839  871  877
655LUBANG  2014123   841  822  860  867  849  840  816  793  774
655LUBANG  2015 11   742  734  745  761  793  808  801  764  748  730  734
655LUBANG  2015 12   743  748  745  740  767  772  768  766  769  763  733
655LUBANG  2015 13   742  736  727  738  758  778  756  716  697
655LUBANG  2015 21   675  664  678  723  735  725  758  770  757  758  735
655LUBANG  2015 22   726  735  735  720  738  768  783  769  746  735  742
655LUBANG  2015 23   748  782  787  776  746  740
655LUBANG  2015 31   751  761  768  754  740  770  767  766  766  737  715
655LUBANG  2015 32   711  712  716  729  744  756  774  774  780  799  793
655LUBANG  2015 33   773  747  730  715  709  733  754  758  761
655LUBANG  2015 41   778  800  818  837  814  783  785  784  765  759  768
655LUBANG  2015 42   771  760  761  789  795  806  837  847  843  833  816
655LUBANG  2015 43   786  776  777  775  771  773  799  821
655LUBANG  2015 51   823  820  813  810  830  819  802  807  826  824  807
655LUBANG  2015 52   802  799  812  821  832  847  826  821  840  839  831
655LUBANG  2015 53   825  827  818  803  819  840  825  820  828
655LUBANG  2015 61   821  815  809  808  829  840  840  850  852  856  857
655LUBANG  2015 62   858  848  838  841  840  846  857  869  883  880  885
655LUBANG  2015 63   871  850  842  841  824  825  826  833
655LUBANG  2015 71   843  855  902  951  959  939  941  947  947  938  913
655LUBANG  2015 72   905  911  903  889  902  918  913  889  855  834  813
655LUBANG  2015 73   803  824  838  824  822  814  813  822  840
655LUBANG  2015 81   852  860  866  889  935  974  982  968  934  921  915
655LUBANG  2015 82   881  872  885  883  887  907  919  939  958  983  966
655LUBANG  2015 83   941  931  905  890  896  900  898  918  914
655LUBANG  2015 91   914  900  884  869  870  892  909  918  909  913  930
655LUBANG  2015 92   943  952  932  901  902  906  903  910  930  933  910
655LUBANG  2015 93   920  947  976  989  988  970  926  901
655LUBANG  2015101   908  914  875  848  846  869  860  851  880  902  901
655LUBANG  2015102   900  888  882  896  931  968  944  893  864  860  850
655LUBANG  2015103   840  826  822  818  835  829  828  826  812
655LUBANG  2015111   815  829  815  805  822  842  827  816  818  834  833
655LUBANG  2015112   808  795  801  805  813  800  797  818  828  847  850
655LUBANG  2015113   838  838  829  813  815  799  780  801
655LUBANG  2015121   802  795  780  786  788  781  793  791  767  761  778
655LUBANG  2015122   792  801  847  918  842  729  705  711  709  711  722
655LUBANG  2015123   754  773  782  755  727  703  696  705  696
655LUBANG  2016 11   679  678  670  681  707  720  725  739  718  702  708
655LUBANG  2016 12   723  741  745  755  763  768  776  751  723  716  729
655LUBANG  2016 13   736  689  643  642  651  701  738  755  760
655LUBANG  2016 21   756  738  718  718  740  724  699  687  691  727  744
655LUBANG  2016 22   748  763  776  761  730  712  691  697  711  707  694
655LUBANG  2016 23   686  697  703  695  680  686  694
655LUBANG  2016 31   689  683  698  737  759  765  761  754  756  751  746
655LUBANG  2016 32   748  740  743  753  738  717  732  749  775  791  795
655LUBANG  2016 33   781  768  745  710  692  694  696  692  705
655LUBANG  2016 41   751  776  774  780  792  783  757  764  781  786  796
655LUBANG  2016 42   802  799  786  777  768  758  756  754  749  739  748
655LUBANG  2016 43   771  785  774  778  793  801  799  791
655LUBANG  2016 51   783  782  795  804  807  813  823  826  813  820  843
655LUBANG  2016 52   847  838  819  830  863  858  852  857  856  863  860
655LUBANG  2016 53   865  885  896  912  894  878  897  901  884
655LUBANG  2016 61   896  924  928  915  905  902  906  910  899  905  896
655LUBANG  2016 62   887  898  898  876  893  903  892  878  887  889  887
655LUBANG  2016 63   903  922  906  907  906  896  871  876
655LUBANG  2016 71   895  891  891  915  937  952  977  967  934  936  919
655LUBANG  2016 72   913  909  904  907  896  887  906  908  897  905  929
655LUBANG  2016 73   936  939  938  934  931  944  973 1006 1013
655LUBANG  2016 81   973  980  981  974  964  975  971  973  977  965  969
655LUBANG  2016 82   978  987  987 1001 1008  995 1004 1007 1019 1016 1000
655LUBANG  2016 83  1002 1002  976  963  953  949  968  950  939
655LUBANG  2016 91   954  974  988  991  968  956  959  958  952  957  966
655LUBANG  2016 92   984  983  957  981 1002  996  983  997  994  966  946
655LUBANG  2016 93   953  996 1006 1022 1025  983  963  993
655LUBANG  2016101   985  979  967  976  986  972  948  934  954  965  958
655LUBANG  2016102   967  981 1007 1048 1040 1006 1001 1051 1024  963  962
655LUBANG  2016103   955  952  940  916  912  915  937  931  916
655LUBANG  2016111   943  943  933  912  924  941  935  934  943  932  924
655LUBANG  2016112   912  924  940  940  929  923  924  916  930  937  928
655LUBANG  2016113   930  935  924  917  976  952  904  871
655LUBANG  2016121   885  894  898  898  916  928  934  925  931  941  945
655LUBANG  2016122   925  922  936  931  896  851  831  846  886  891  889
655LUBANG  2016123   901  892  901  909  913  922  870  832  819
655LUBANG  2017 11   815  836  864  891  874  859  858  854  877  873  836
655LUBANG  2017 12   847  874  900  891  859  842  830  838  849  839  828
655LUBANG  2017 13   810  807  820  838  823  822  823  865  883
655LUBANG  2017 21   838  810  800  794  822  849  838  833  821  814  785
655LUBANG  2017 22   771  756  718  729  765  799  794  788  819  838  812
655LUBANG  2017 23   809  804  806  785  792  785
655LUBANG  2017 31   769  767  794  804  827  848  851  846  821  819  831
655LUBANG  2017 32   836  871  859  833  815  800  806  803  790  804  811
655LUBANG  2017 33   812  816  832  825  809  792  798  817  847
655LUBANG  2017 41   857  834  812  800  823  838  849  877  889  893  907
655LUBANG  2017 42   876  835  819  817 9999 9999  843  845  840  873  868
655LUBANG  2017 43  9999 9999  865  901  927  907  874  865
655LUBANG  2017 51   884  891  896  898  883  870  886  894  890  872  849
655LUBANG  2017 52   873  891  883  906  927  931  933  923  923  938  945
655LUBANG  2017 53   949  957  950  938  925  916  908  893  918
655LUBANG  2017 61   932  947  953  961  951  942  933  925  908  889  907
655LUBANG  2017 62   904  900  885  894  931  963  956  940  954  971  967
655LUBANG  2017 63   979  966  959  959  959  957  955  967
655LUBANG  2017 71   957  952  950  947  945  931  932  931  941  965  956
655LUBANG  2017 72   958  994 1016 1015 1007  984  974  974  982  981  989
655LUBANG  2017 73   999 1012 1034 1055 1052 1058 1060 1026  995
655LUBANG  2017 81   993 1003 1011 1008  988  972  958  950  953  961  975
655LUBANG  2017 82   973  978 1002 1005  990  985  998  990 1021 1071 1064
655LUBANG  2017 83  1034 1034 1039 1014 1001 1000 1010 1015 1013
655LUBANG  2017 91   984  967  969  977  954  959  954  964  983  988 1022
655LUBANG  2017 92  1053 1051 1031  999  988  990  981  990 1009 1037 1046
655LUBANG  2017 93  1041 1018 1002  979  967  971  988  984
655LUBANG  2017101   992  994  994 1029 1052 1026 1045 1049 1039 1060 1096
655LUBANG  2017102  1142 1166 1109 1062 1046 1055 9999 1100 1096 1066 1044
655LUBANG  2017103  1022  982  965  975 9999  999 9999 9999  994
655LUBANG  2017111  9999 1024 1035 1026  989  946  929  941  986 1004  990
655LUBANG  2017112   970  981  976  953  930  933  943  930  905  894 9999
655LUBANG  2017113   923  884  845  849  893  885  916  969
655LUBANG  2017121   986  954  941  972  954  933  934  939  952  946  926
655LUBANG  2017122   940  921  893  902  938 9999 9999  867  835  807 9999
655LUBANG  2017123   870  923  934  917  907 9999  809  847 9999
655LUBANG  2018 11  9999 9999  821  843  887  927  927  888  858  848  826
655LUBANG  2018 12   760  727  747  791  846  882  903  892  883  888  895
655LUBANG  2018 13   882  872  857  849 9999 9999 9999  843  863
655LUBANG  2018 21   839  827  834  801  749  746  794  823  832  834 9999
655LUBANG  2018 22   779  766  759  764  793  808  811  819  834  851  859
655LUBANG  2018 23   814  801  816  838  844  852
655LUBANG  2018 31   858  873  889  865  854  865  860  840  796  769  750
655LUBANG  2018 32   774  805  824  846  859  867  885  904  884  852  826
655LUBANG  2018 33   811  796  782 9999  898  918  924  919  894
655LUBANG  2018 41   885  874  876  860  861  872  833  811  807  813  860
655LUBANG  2018 42   883  873  885  917  912  897  854  840  846  867  886
655LUBANG  2018 43   905  925  949  933  912  897  898  898
655LUBANG  2018 51   889 9999  880  885  867  878  919  934  925  916  920
655LUBANG  2018 52   935  930  932  929  932  942  950  967  961  961  955
655LUBANG  2018 53   953  946  941  947  942  930  924  915  925
655LUBANG  2018 61   944  942  952  959  959  971  982  997 9999 9999 9999
655LUBANG  2018 62  9999  998 1006 1013 1005  996  999  997 9999 9999  966
655LUBANG  2018 63   958  953  946  955  956  962  981  986
655LUBANG  2018 71   974  971  975  993 1015 1026 1029 9999 9999 1064 9999
655LUBANG  2018 72  9999 1075 1113 1120 1126 1130 1079 1055 1074 1077 1046
655LUBANG  2018 73  1019 1033 9999 9999 1020 1023 1008 1012 1024
655LUBANG  2018 81  1019 1013 1019 1049 1041 9999 1093 1073 1065 1082 1122
655LUBANG  2018 82  1128 1121 1107 1064 1052 1054 1048 1014  992 1008 9999
655LUBANG  2018 83  1003  985  980  983  984  984  983  971  981
655LUBANG  2018 91   975  966  968  987  996 1002 1000  987  971  963  950
655LUBANG  2018 92   967 1006 1072 1055  946  917  936  934  927  921 9999
655LUBANG  2018 93  9999  985  996  983  974  956  953  965
655LUBANG  2018101   948  935  928  931  943  935  923  910  915  935  930
655LUBANG  2018102   924  909  869  868  900  923  919  890  893  879  888
655LUBANG  2018103   896  904  898  903  936  943  972  963  922
655LUBANG  2018111   863  841  855  871  859  848  835  850  867  854  834
655LUBANG  2018112   868  890  879  851  847  862  864  861  859  842  850
655LUBANG  2018113   870  840  830  841  840  837  835  834
655LUBANG  2018121   832  834  843  839  851  851  824  803  804  802  803
655LUBANG  2018122   806  804  784  753  762  792  796  795  807  833  847
655LUBANG  2018123   848 9999  850  841  864  850  774  722  721
655LUBANG  2019 11   739  774 9999  730  760  794  794  789  762  731  737
655LUBANG  2019 12   767  798  812  784  765  767  772  765  779  801  764
655LUBANG  2019 13   735  741  748  745  728  705  712  735  750
655LUBANG  2019 21   717  731  736  732  747  774  782  781  766  748  716
655LUBANG  2019 22   709  722  711  708  742  759  761  761  757  784  792
655LUBANG  2019 23   801  792  750  741  778  776
655LUBANG  2019 31   753  779  792  775  773  793  809  820  807  812  831
655LUBANG  2019 32   828  803  809  823  804  794  794  797  791  827  857
655LUBANG  2019 33   849  819  792  782  772  792 9999  824  786
655LUBANG  2019 41   783  800  811  813  827  822 9999 9999 9999 9999 9999
655LUBANG  2019 42  9999 9999 9999 9999 9999 9999 9999 9999 9999 9999 9999
655LUBANG  2019 43  9999 9999 9999  871  868  843  843  884
655LUBANG  2019 51   919  908  893  889  906  920  932  948  928 9999  932
655LUBANG  2019 52   924  916 9999  913  911  916  914  914  910  909  900
655LUBANG  2019 53   891  888  880  869  885  907  906  888  890
655LUBANG  2019 61   896  884  882  890  893  876  889  908  914  923  951
655LUBANG  2019 62   942  943 9999 9999  937  934  941  942  925  935  955
655LUBANG  2019 63   949  949 9999 9999 9999  968  986  987
655LUBANG  2019 71   978  961  947  916  929  939  917  905  920  921  930
655LUBANG  2019 72   917  917  936  957  986 9999 9999 9999  938  921  913
655LUBANG  2019 73  9999 9999 9999 9999  928 9999 9999 9999 9999
655LUBANG  2019 81  9999 9999 1042 9999 9999 1021 9999 9999 9999  936  934
655LUBANG  2019 82   959  942 9999 9999  927  937  941  950 9999  931 9999
655LUBANG  2019 83  9999 9999 9999  948  987  968  970  986 1004
655LUBANG  2019 91  1012 1009  995  975  963 9999 9999 9999 9999  948 9999
655LUBANG  2019 92  9999 9999 9999 9999 9999 9999 9999 9999 9999  924 9999
655LUBANG  2019 93   880 9999  886 9999  922  939 9999 9999
655LUBANG  2019101   943  901  903 9999 9999 9999 9999  883  860  874  898
655LUBANG  2019102  9999  894  882  885  890  901  918  908  904  934  950
655LUBANG  2019103   944  936  928  926  935  927  934  926  912
655LUBANG  2019111   934  951  940  947  989 1019 9999 9999 1048 1004  976
655LUBANG  2019112   951  953  964  985  968 9999  964 9999  943  904  867
655LUBANG  2019113   869  875 9999  837  823  840  822  822
655LUBANG  2019121   846  857  829  799  799  786  779  767  749  773  810
655LUBANG  2019122   831  839  824  818  828  809  815  821  823  822  807
655LUBANG  2019123   809  798  783  810  835  797  772  750  759
655LUBANG  2020 11   754  710  699  747  781  789  782  764  777  814  835
655LUBANG  2020 12  9999  818  786  746  755  770  755  724  700 9999  678
655LUBANG  2020 13   702  721  763  796  803  800  782  733  705
655LUBANG  2020 21   701  694  686  748  787  791  784  773  756  706  707
655LUBANG  2020 22   746  774  785  804  813  763  710  700  683  676  661
655LUBANG  2020 23   676  699  715  754  783  769  765
655LUBANG  2020 31   785  781  758  759  759  742  772  796 9999  841  815
655LUBANG  2020 32   783  778  783  772  735  717  736  779  798  804  800
655LUBANG  2020 33   797  809  806 9999  804  823  821 9999  805
655LUBANG  2020 41   813  795  793  813  835  860  862  843  839  831  849
655LUBANG  2020 42   856  844  835 9999 9999 9999  847  854  852  866  876
655LUBANG  2020 43  9999  856  836  829  833  847 9999 9999
655LUBANG  2020 51   869  895  923  929  925  924 9999 9999 9999  891  897
655LUBANG  2020 52   897  885  876  897  911  928  925  938  946  948  944
655LUBANG  2020 53   933  902  904  906  899  907 9999 9999  920
655LUBANG  2020 61  9999 9999 9999 9999 9999  940 9999 9999  948  963  987
655LUBANG  2020 62   980  941  899  910  941  959 9999 9999  938  948  955
655LUBANG  2020 63   968 9999 9999  929  956  971  972  959
655LUBANG  2020 71  9999 9999 9999  935  946  952  939 9999 9999 9999  984
655LUBANG  2020 72  1009 1009  983  963 9999 9999  944  957  967  969  973
655LUBANG  2020 73   977  994 1014 1013 1009 1017 1038 1012 1003
655LUBANG  2020 81  1029 1031 1036 1023  984 9999 9999 1036 1052 9999 9999
655LUBANG  2020 82   961  981 1003  992  988 1000 1034 1034 1018 1013 1007
655LUBANG  2020 83  1004 9999 1006  982  984 1004 1034 1033 1022
655LUBANG  2020 91  1031 1032 9999  981  997 1021 1009  960  956  980  991
655LUBANG  2020 92   983  998  998 1017 9999 9999 9999 1032 1030 1021 1010
655LUBANG  2020 93  1002 1017 1034 1025 1007  995 1012 1046
655LUBANG  2020101  1059 1035 1030 1040 9999 1023 1005  983  991 1024 1042
655LUBANG  2020102  1040 1037 9999 1065 1067 1070 1057 1068 1092 1074 1073
655LUBANG  2020103  1086 9999 1094 9999 1071 9999 9999 9999 1032
655LUBANG  2020111  1038 9999 9999 1017 1021 1015  982  992 1037 1048 1081
655LUBANG  2020112  1058 1028  986  950  941  955  970 9999  957  963  939
655LUBANG  2020113   919  921  934 9999  954  955  937  945
655LUBANG  2020121   971  988  989  967  929  944  956  973 1004  991  969
655LUBANG  2020122   966  959  959  949  917  895  895  894  900  927  931
655LUBANG  2020123   939  939  949  959  969  990  997  999 9999
655LUBANG  2021 11   895  895  902  920  938  971  990  949  891  853  858
655LUBANG  2021 12   861  893  904  919  962  966  927  910  915 9999  925
655LUBANG  2021 13   959  927  907  879  863  855  827  799  809
655LUBANG  2021 21   845  863  881 9999  880  870  859  868  895  900  888
655LUBANG  2021 22   881  875  873  878  886  890 9999  783  777  823 9999
655LUBANG  2021 23   913 9999  941 9999 9999  911
655LUBANG  2021 31   912 9999  860  837  840  843 9999  858  852  859  879
655LUBANG  2021 32  9999  884 9999 9999 9999 9999  953  960  964  962 9999
655LUBANG  2021 33   883  894  902  908 9999  957  988 1004  998
655LUBANG  2021 41   973  945  933  944  937 9999  923 9999 9999 9999 9999
655LUBANG  2021 42   931  935  956  963  952  960  979  994 1001  969 9999
655LUBANG  2021 43   966  962  972  959 9999  923  945  922
655LUBANG  2021 51   934  929  917  923  933  927  925  932  946  949  946
655LUBANG  2021 52   935  924  909  903  904  902  909  911  917  958  974
655LUBANG  2021 53  9999  949  942  934  914  917  936  936  946
655LUBANG  2021 61   965  959  932  941  969  972  957  946  974  986  968
655LUBANG  2021 62   942  955  975  973  959  962  975  998 1022 1028 1017
655LUBANG  2021 63  9999 9999 1003  998  988  983  998 1015
