680MACQUARI      LAT=54 29.0S  LONG=158 58.0E
680MACQUARI1993121  9999 9999 9999 9999 9999 9999 9999 9999 9999 9999 9999
680MACQUARI1993122  9999 9999 9999 9999 9999 9999 9999 9999 9999 9999 9999
680MACQUARI1993123  9999 9999 9999 9999 9999 9999  540  590  730
680MACQUARI1994 11   884  903  857  812  844  936  913  975  945  749 9999
680MACQUARI1994 12  9999 9999 9999 9999 9999 9999  894  902  856  772  744
680MACQUARI1994 13   706  671 9999 9999 9999 9999 9999  661  646
680MACQUARI1994 21   676  609  662  651  585  638  684  610  625  788  851
680MACQUARI1994 22   745  660 9999 9999  934 1022  834  724  684  707  813
680MACQUARI1994 23   810  792  774  812  880 9999
680MACQUARI1994 31  9999 9999 9999 9999 9999 9999 9999 9999 9999  713  656
680MACQUARI1994 32   597  613  657  736  832  769  733  700  720  775  687
680MACQUARI1994 33   607  650  648 9999 9999 9999 9999 9999 9999
680MACQUARI1994 41  9999 9999 9999 9999  621  621  770  816  786  687  762
680MACQUARI1994 42   896  832  815  829  744  848 1020  957  791 9999 9999
680MACQUARI1994 43  9999 9999 9999 9999 9999 9999 9999 9999
680MACQUARI1994 51  9999 9999 9999 9999 9999 9999 9999 9999 9999 9999 9999
680MACQUARI1994 52  9999 9999 9999 9999 9999 9999 9999 9999 9999 9999 9999
680MACQUARI1994 53  9999 9999 9999 9999 1040 1053  849  664  568
680MACQUARI1994 61   431  393  423  577  656  615  551  543  631  721  740
680MACQUARI1994 62   745 9999 9999 9999 9999 9999 9999 9999 9999 9999 9999
680MACQUARI1994 63  9999 9999 9999 9999 9999 9999 9999 9999
680MACQUARI1994 71   581  593  753  950  915  871  815  765  815  680  464
680MACQUARI1994 72   445  512  546  594  496  508  655  689  689  570  437
680MACQUARI1994 73   452 9999 9999 9999 9999 9999 9999 9999 9999
680MACQUARI1994 81  9999 9999 9999 9999 9999 9999 9999 9999 9999 9999 9999
680MACQUARI1994 82  9999 9999 9999 9999 9999 9999 9999 9999 9999 9999 9999
680MACQUARI1994 83  9999 9999 9999 9999 9999 9999  675  643  697
680MACQUARI1994 91   675  632  715  781  786  699  580 9999 9999 9999 9999
680MACQUARI1994 92  9999 9999 9999 9999 9999 9999 9999 9999 9999 9999 9999
680MACQUARI1994 93  9999 9999 9999 9999 9999 9999 9999 9999
680MACQUARI1994101  9999 9999 9999 9999 9999 9999 9999 9999 9999 9999 9999
680MACQUARI1994102  9999 9999 9999 9999 9999 9999 9999 9999 9999 9999 9999
680MACQUARI1994103  9999 9999 9999 9999 9999 9999 9999 9999 9999
680MACQUARI1994111  9999 9999 9999 9999 9999 9999 9999 9999 9999 9999 9999
680MACQUARI1994112  9999 9999 9999 9999 9999 9999 9999 9999 9999 9999 9999
680MACQUARI1994113  9999 9999 9999 9999 9999 9999 9999 9999
680MACQUARI1994121  9999 9999 9999 9999 9999 9999 9999 9999 9999 9999 9999
680MACQUARI1994122   752  789  769  724  806  951  950  787  813  921  803
680MACQUARI1994123   829  777  684  747  731  761  894  836  746
680MACQUARI1995 11   654  517  563  635  642  628  588  524  458  453  573
680MACQUARI1995 12   595  577  594  699  712  676  575  484  586  796  594
680MACQUARI1995 13   443  527  544  552  510  445  400  468  537
680MACQUARI1995 21   502  566  528  440  512  593  657  708  696  698  636
680MACQUARI1995 22   582  591  521  486  610  711  669  634  707  756  687
680MACQUARI1995 23   721  803  731  605  644  683
680MACQUARI1995 31   651  641  573  620  634  607  641  687  703  724  711
680MACQUARI1995 32   731  697  700  535  541  668  702  735  759  781  668
680MACQUARI1995 33   569  635  638  570  548  551  604  672  625
680MACQUARI1995 41   681  609  332  331  410  472  533  513  582  622  573
680MACQUARI1995 42   503  360  345  365  335  325  419  552  597  550  495
680MACQUARI1995 43   507  569  634  577  492  516  580  595
680MACQUARI1995 51   522  569  630  615  581  550  535  475  465  587  659
680MACQUARI1995 52   663  806  849  885  849  706  600  591  662  628  556
680MACQUARI1995 53   617  698  761  762  623  594  532  506  477
680MACQUARI1995 61   458  454  456  529  548  446  386  388  339  310  318
680MACQUARI1995 62   316  360  403  488  472  422  407  532  563  450  457
680MACQUARI1995 63   492  482  542  625  537  488  508  624
680MACQUARI1995 71   669  684  800  926  873  727  700  709  711  748  779
680MACQUARI1995 72   776  682  629  654  565  646  825  785  667  649  684
680MACQUARI1995 73   654  640  630  633  590  611  640  505  364
680MACQUARI1995 81   274  275  305  337  390  373  411  527  574  492  475
680MACQUARI1995 82   524  480  554  731  870  899  864  882  846  707  804
680MACQUARI1995 83   875  582  570  676  653  618  709  814  784
680MACQUARI1995 91   706  636  713  744  687  590  601  612  577  560  625
680MACQUARI1995 92   640  672  747  586  578  580  617  759  885  995  963
680MACQUARI1995 93   718  482  394  451  509  468  487  513
680MACQUARI1995101   607  625  512  514  635  760  782  661  646  760  727
680MACQUARI1995102   653  716  869  774  718  851  747  719  715  681  577
680MACQUARI1995103   589  711  723  699  649  571  654  631  615
680MACQUARI1995111   588  587  615  582  563  516  465  561  744  864  752
680MACQUARI1995112   679  641  686  764  719  652  689  632  545  526  545
680MACQUARI1995113   593  619  602  607  671  765  739  696
680MACQUARI1995121   705  727  779  755  678  703  678  669  779  868  764
680MACQUARI1995122   776  860  866  854  794  718  688  684  726  676  666
680MACQUARI1995123   686  681  771  870  871  866  805  649  570
680MACQUARI1996 11   486  476  465  414  354  378 9999 9999 9999 9999 9999
680MACQUARI1996 12  9999 9999 9999 9999 9999 9999 9999 9999 9999  783  672
680MACQUARI1996 13   512  466  484  506  558  689  728  705  709
680MACQUARI1996 21   797  931  937  785  574  458  450  475  541  674  725
680MACQUARI1996 22   634  644  649  718  844  903  783  625  605  695  609
680MACQUARI1996 23   616  654  785  869  835  864  952
680MACQUARI1996 31   972  896  824  761  766  857  892  881  870  817  882
680MACQUARI1996 32   935 1035 1003  861  904  886  832  879  984 1085  977
680MACQUARI1996 33   795  723  689  763  768  834  940  836  934
680MACQUARI1996 41  1085 1074  969  853  762  751  780  692  585 9999 9999
680MACQUARI1996 42   653  676  786  802  752  705  600  617  735  774  721
680MACQUARI1996 43   765  814  893  960  865  729  752  812
680MACQUARI1996 51   836  777  695  589  646  765  886  825 9999 9999 9999
680MACQUARI1996 52  9999 9999 9999 9999 9999 9999 9999 9999 9999 9999 9999
680MACQUARI1996 53  9999 9999 9999 9999 9999 9999 9999 9999 9999
680MACQUARI1996 61  9999  764  676  838  946  945  993  935  742  544  499
680MACQUARI1996 62   533  618  735  680  620  623  686  711  625  435  380
680MACQUARI1996 63   531  665  812  849  757  764  797  712
680MACQUARI1996 71   682  600  468  420  519  637  540  515  568  548  561
680MACQUARI1996 72   628  594  520  583  585  494  534  661  722  749  787
680MACQUARI1996 73   764  721  643  618  657  588  458  455  599
680MACQUARI1996 81   745  771  803  830  787  778  692  600  611  612 9999
680MACQUARI1996 82  9999 9999 9999 9999 9999 9999 9999 9999 9999 9999 9999
680MACQUARI1996 83  9999 9999 9999 9999 9999 9999 9999 9999 9999
680MACQUARI1996 91  9999 9999 9999 9999 9999 9999 9999 9999 9999 9999 9999
680MACQUARI1996 92  9999 9999 9999 9999 9999 9999 9999 9999 9999 9999 9999
680MACQUARI1996 93  9999 9999 9999 9999 9999 9999 9999 9999
680MACQUARI1996101  9999 9999 9999 9999 9999 9999 9999 9999 9999 9999 9999
680MACQUARI1996102  9999 9999 9999 9999 9999 9999 9999 9999 9999 9999 9999
680MACQUARI1996103  9999 9999 9999 9999 9999 9999 9999 9999 9999
680MACQUARI1996111  9999 9999 9999 9999 9999 9999 9999 9999 9999 9999 9999
680MACQUARI1996112  9999 9999 9999 9999 9999 9999 9999 9999 9999 9999 9999
680MACQUARI1996113  9999 9999 9999 9999 9999 9999 9999 9999
680MACQUARI1996121  9999  798  648  573  549  570  723  689  619  737  655
680MACQUARI1996122   584  661  614  635  721  752  819  872  780  790  909
680MACQUARI1996123   812  719  824  843  760  722  796  749  715
680MACQUARI1997 11   744  721  660  704  785  810  785  754  673  566  512
680MACQUARI1997 12   519  579  605  630  660  667  635  656  770  793  541
680MACQUARI1997 13   638  654  546  563  634  567  402  391  494
680MACQUARI1997 21   665  691  633  603  647  656  676  725  696  686  709
680MACQUARI1997 22   723  712  698  775  714  659  721  726  786  915  876
680MACQUARI1997 23   868  966  965  898  842  870
680MACQUARI1997 31   888  675  586  655  603  481  542  733  735  636  571
680MACQUARI1997 32   735  902  989  954  749  669  693  669  593  577  630
680MACQUARI1997 33   734  836  782  730  695  656  728  686  527
680MACQUARI1997 41   453  666  937 1039 1031  925  761  773  816  778  800
680MACQUARI1997 42   763  723  728  797  857  821  780  776  730  765  711
680MACQUARI1997 43   743  760  802  868  836  727  744  694
680MACQUARI1997 51  9999 9999 9999 9999 9999 9999 9999 9999 9999 9999 9999
680MACQUARI1997 52  9999 9999 9999 9999 9999 9999 9999 9999 9999 9999 9999
680MACQUARI1997 53  9999 9999 9999 9999 9999 9999 9999 9999 9999
680MACQUARI1997 61  9999 9999 9999 9999 9999 9999 9999 9999 9999 9999 9999
680MACQUARI1997 62  9999 9999 9999 9999 9999 9999 9999 9999 9999 9999 9999
680MACQUARI1997 63  9999 9999 9999 9999 9999 9999 9999 9999
680MACQUARI1997 71  9999 9999 9999 9999 9999 9999 9999 9999 9999 9999 9999
680MACQUARI1997 72  9999 9999 9999 9999 9999 9999 9999 9999 9999 9999 9999
680MACQUARI1997 73  9999 9999 9999 9999 9999 9999 9999 9999 9999
680MACQUARI1997 81  9999 9999 9999 9999 9999 9999 9999 9999 9999 9999 9999
680MACQUARI1997 82  9999 9999 9999 9999 9999 9999 9999 9999 9999 9999 9999
680MACQUARI1997 83  9999 9999 9999 9999 9999 9999 9999 9999 9999
680MACQUARI1997 91  9999 9999 9999 9999 9999 9999 9999 9999 9999 9999 9999
680MACQUARI1997 92  9999 9999 9999 9999 9999 9999 9999 9999 9999 9999 9999
680MACQUARI1997 93  9999 9999 9999 9999 9999 9999 9999 9999
680MACQUARI1997101  9999 9999 9999 9999 9999 9999 9999 9999 9999 9999 9999
680MACQUARI1997102  9999 9999 9999 9999 9999 9999 9999 9999 9999 9999 9999
680MACQUARI1997103  9999 9999 9999 9999 9999 9999 9999 9999 9999
680MACQUARI1997111  9999 9999 9999 9999 9999 9999 9999 9999 9999 9999 9999
680MACQUARI1997112  9999 9999 9999 9999 9999 9999 9999 9999 9999 9999 9999
680MACQUARI1997113  9999 9999  767  882  863  778  708  653
680MACQUARI1997121   623  610  624  653  529  493  591  637  618  635  776
680MACQUARI1997122   702  578  718  784  813  928  789  583  534  669  826
680MACQUARI1997123   793  661  620  708  686  583  606  639  592
680MACQUARI1998 11   600  637  612  597  638  672  735  573  533  616  639
680MACQUARI1998 12   594  661  747  681  636  693  655  556  559  540  561
680MACQUARI1998 13   597  548  531  524  602  633  725  716  569
680MACQUARI1998 21   484  524  651  603  502  461  564  794  728  606  609
680MACQUARI1998 22   714  839  719  524  529  641  709  690  683  777  727
680MACQUARI1998 23   644  633  597  603  694  666
680MACQUARI1998 31   578  485  533  658  564  417  411  428  517  601  615
680MACQUARI1998 32   746  877  831  690  742  798  829  792  755  712  746
680MACQUARI1998 33   739  737  557  466  494  638  847  847  795
680MACQUARI1998 41   748  841  781  819  866  650  575  738  769  626  579
680MACQUARI1998 42   673  750  654  613  642  728  641  383  358  469  448
680MACQUARI1998 43   411  416  446  471  480  487  595  752
680MACQUARI1998 51   771  670  545  537  498  499  516  575  618  724  777
680MACQUARI1998 52   582  578  723  802  638  554  524  517  395  465  614
680MACQUARI1998 53   591  535  561  668  901  963  992  840  778
680MACQUARI1998 61   852  710  646  505  502  552  564  551  511  537  625
680MACQUARI1998 62   724  776  746  710  639  729  761  674  703  653  547
680MACQUARI1998 63   513  552  638  691  661  597  588  693
680MACQUARI1998 71   732  778  697  523  656  824  796  767  690  721  789
680MACQUARI1998 72   813  793  727  796  876  759  590  571  603  598  714
680MACQUARI1998 73   782  672  547  542  672  825  901  882  881
680MACQUARI1998 81   757  624  622  696  689  527  482  685  806  829  775
680MACQUARI1998 82   694  705  680  663  596  485  547  616  619  728  918
680MACQUARI1998 83   921  713  560  530  622  712  606  630  674
680MACQUARI1998 91   746  672  654  752  810  890  781  662  700  617  606
680MACQUARI1998 92   683  833  965  996  951  909  733  680  827  697  714
680MACQUARI1998 93   896  751  603  686  743  855  936  870
680MACQUARI1998101   821  779  761  829  823  898  856  696  672  620  591
680MACQUARI1998102   648  674  627  668  717  779  934  849  677  670  634
680MACQUARI1998103   653  866  816  694  562  546  584  581  404
680MACQUARI1998111   363  416  486  550  595  506  537  686  706  625  582
680MACQUARI1998112   521  490  617  766  756  641  563  597  653  636 9999
680MACQUARI1998113   678  599  525  531  633  643  570 9999
680MACQUARI1998121  9999 9999 9999 9999 9999 9999 9999 9999 9999 9999 9999
680MACQUARI1998122  9999 9999 9999 9999 9999 9999 9999 9999 9999 9999 9999
680MACQUARI1998123  9999 9999 9999 9999 9999 9999 9999 9999 9999
680MACQUARI1999 11  9999 9999 9999 9999 9999 9999 9999 9999 9999 9999 9999
680MACQUARI1999 12  9999 9999 9999 9999 9999 9999 9999 9999 9999 9999 9999
680MACQUARI1999 13  9999 9999 9999 9999 9999 9999 9999 9999  508
680MACQUARI1999 21   455  410  454  470  489  522  517  504  357  384  519
680MACQUARI1999 22   565  532  574  721  764  734  672  618  620  578  488
680MACQUARI1999 23   563  620  657  736  851  694
680MACQUARI1999 31   600  531  503  622  614  634  588  477  539  575  547
680MACQUARI1999 32   538  472  508  690  749  749  740  635  438  509  672
680MACQUARI1999 33   591  620  670  690  679  511 9999 9999 9999
680MACQUARI1999 41  9999 9999 9999 9999 9999 9999 9999 9999 9999 9999 9999
680MACQUARI1999 42  9999 9999 9999 9999 9999 9999 9999 9999 9999 9999 9999
680MACQUARI1999 43  9999 9999 9999 9999 9999 9999 9999 9999
680MACQUARI1999 51  9999 9999 9999 9999 9999 9999 9999 9999 9999 9999 9999
680MACQUARI1999 52  9999 9999 9999 9999 9999 9999 9999  638  635  707  659
680MACQUARI1999 53   575  554  706  984 1034  901  671  618  710
680MACQUARI1999 61   742  797  749  791  709  697  774  742  694  756  661
680MACQUARI1999 62   513  564  702  780  808 9999 9999 9999 9999 9999 9999
680MACQUARI1999 63  9999 9999 9999 9999 9999 9999 9999 9999
680MACQUARI1999 71  9999 9999 9999 9999 9999 9999 9999 9999 9999 9999 9999
680MACQUARI1999 72  9999 9999 9999 9999 9999 9999 9999 9999 9999 9999  861
680MACQUARI1999 73   867  879  717  654  697  596  531  584  567
680MACQUARI1999 81   532  583  593  651  634  597  606  621  658  645  561
680MACQUARI1999 82   611  693  707  668  644  728  840  940  911  856  763
680MACQUARI1999 83   768  616  558  598  541  534  555  491  540
680MACQUARI1999 91   671  649  783  872  756  585  601  697  728  598  539
680MACQUARI1999 92   596  616  607  642  743  872  926  850  769  771  688
680MACQUARI1999 93   720  794  764  667  640  756  635  525
680MACQUARI1999101   645  722  874  817  666  660  769  865  931  876  919
680MACQUARI1999102   823  654  561  580  645  681  745  709  739  840  824
680MACQUARI1999103   725  608  561  795  942  839  763  760  885
680MACQUARI1999111   700  543  488  409  433  547  609  599  536  572  632
680MACQUARI1999112   666  795  891  778 9999 9999 9999 9999 9999 9999 9999
680MACQUARI1999113  9999 9999 9999 9999 9999 9999 9999 9999
680MACQUARI1999121  9999 9999 9999 9999 9999 9999 9999 9999 9999 9999 9999
680MACQUARI1999122  9999 9999 9999 9999 9999 9999 9999 9999 9999 9999 9999
680MACQUARI1999123   688  682  700  668  693  712  658  733  801
680MACQUARI2000 11   774  713  777  811  849  889  846  787  682  675  600
680MACQUARI2000 12   536  591  623  721  813  768  788  797  813  868  864
680MACQUARI2000 13   684  630  652  704  800  874  798  742  728
680MACQUARI2000 21   648  719  807  889  991  883  771  732  669  772  834
680MACQUARI2000 22   751  596  527  532  590  590  589  652  719  582  525
680MACQUARI2000 23   671  638  528  774  867  772  710
680MACQUARI2000 31   723  822  896  853  816  688  651  633  615  643  578
680MACQUARI2000 32   490  637  862  819  770  726  711  710  668  547  634
680MACQUARI2000 33   669  516  499  522  474  626  827  799  736
680MACQUARI2000 41   612  565  767  789  691  647  524  480  600  659  660
680MACQUARI2000 42   580  548  641  637  540  559  553  619  651  585  602
680MACQUARI2000 43   663  666  661  653  640  684  752  738
680MACQUARI2000 51   673  584  619  622  659  658  631  723  700  552  562
680MACQUARI2000 52   532  591  735  743  759  761  763  784  806  825  814
680MACQUARI2000 53   820  706  636  527  526  571  568  567  516
680MACQUARI2000 61   479  444  419  467  513  585  665  710  724  594  448
680MACQUARI2000 62   507  581  672  797  842  783  729  658  582  587  654
680MACQUARI2000 63   645  627  595  538  495  587  644  600
680MACQUARI2000 71   557  501  441  417  410  437  450  447  450  483  559
680MACQUARI2000 72   557  557  656  520  417  431  480  587  684  699  677
680MACQUARI2000 73   693  770  747  736  774  767  780  662  543
680MACQUARI2000 81  9999 9999 9999 9999 9999 9999  661  661  803  850  833
680MACQUARI2000 82   845  737  785  830  716  547  621  731  692  661  594
680MACQUARI2000 83   560  545  535  558  577  581  628  716  773
680MACQUARI2000 91   757  729  737  778  877  994 1001  890  793  842  904
680MACQUARI2000 92   852  853  908  889  856 1034 1143 1085  950 1003 1053
680MACQUARI2000 93   820  706  688  644  705  772  862  973
680MACQUARI2000101  1016  994 1018 1049 1008  868  940 1058 1015  949  821
680MACQUARI2000102   853  936  992 1032  948  834  806  850  814  780  745
680MACQUARI2000103   665  713  724  828  849  664  660  690  729
680MACQUARI2000111   652  615  643  745  787  755  713  688  658  622  666
680MACQUARI2000112   748  855  869  886  813  776  785  959 1000  897  902
680MACQUARI2000113   947  820  825  842  785  800  841  800
680MACQUARI2000121   806  798  834  843  851  846  799  771  768  797  956
680MACQUARI2000122  1032  947  865  849  843  824  848  942  956  761  841
680MACQUARI2000123  1089 1117 1071 1003  972  942  870  750  697
680MACQUARI2001 11   646  626  628  636  601  573  551  526  578  661  708
680MACQUARI2001 12   645  543  667  791  760  686  660  627  810  890  868
680MACQUARI2001 13   867  852  801  667  713  840  815  779  796
680MACQUARI2001 21   764  897  925  870  736  748  774  813  953  909  729
680MACQUARI2001 22   670  851  912  854  830  760  717  735  661  727  699
680MACQUARI2001 23   789  798  691  701  755  726
680MACQUARI2001 31   629  630  667  689  636  642  631  467  476  629  654
680MACQUARI2001 32   756  867  647  545  612  681  598  530  698  762  632
680MACQUARI2001 33   623  703  760  959  939  810  726  757  729
680MACQUARI2001 41   723  745  783  966  885  671  671  833  877  882  933
680MACQUARI2001 42   923  867  917  870  760  700  733  816  780  767  686
680MACQUARI2001 43   539  517  655  763  807  765  677  632
680MACQUARI2001 51   646  672  692  694  689  674  630  632  700  650  672
680MACQUARI2001 52   795  828  830  859  844  821  911  958  931  786  765
680MACQUARI2001 53   798  770  744  704  700  639  715  797  770
680MACQUARI2001 61   665  598  588  613  658  653  668  757  681  699  694
680MACQUARI2001 62   728  761  670  639  644  626  694  736  774  865 1012
680MACQUARI2001 63   920  908  982  813  786  680  558  576
680MACQUARI2001 71   544  549  522  504  509  567  593  596  577  521  539
680MACQUARI2001 72   576  666  685  729  834  870  728  616  572  600  679
680MACQUARI2001 73   641  612  668  726  846  754  568  603  713
680MACQUARI2001 81   801  760  851  847  684  629  747  879  879  881  947
680MACQUARI2001 82   947  789  810  887 1095 1200 1093 1053 1016  965  825
680MACQUARI2001 83   763  780  761  657  640  669  669  658  537
680MACQUARI2001 91   542  552  599  667  760  726  611  568  607  625  593
680MACQUARI2001 92   607  744  844  878  846  823  764  759  819  724  584
680MACQUARI2001 93   553  707  765  674  687  682  747  736
680MACQUARI2001101   692  523  551 9999 9999 9999 9999 9999 9999 9999 9999
680MACQUARI2001102  9999 9999 9999 9999 9999 9999 9999 9999 9999 9999 9999
680MACQUARI2001103  9999 9999 9999 9999 9999 9999 9999 9999 9999
680MACQUARI2001111  9999 9999 9999 9999 9999 9999 9999  796  770  750  740
680MACQUARI2001112   778  829  903  935  872  967 1016  883  747  751  831
680MACQUARI2001113   786  757  769  822  907  858  838  920
680MACQUARI2001121   994  879  711  735  847  958  910  810  871  985  980
680MACQUARI2001122   953  953 1039 1074  981  869  788  752  783  780  789
680MACQUARI2001123   811  888  981 1015  994  931  912  927  880
680MACQUARI2002 11   894  918  874  789  720  706  670  595  486  428  453
680MACQUARI2002 12   529  616  641  624  657  704  651  613  705  676  630
680MACQUARI2002 13   704  599  564  597  586  687  704  680  551
680MACQUARI2002 21   481  605  565  431  409  463  555  673  669  594  563
680MACQUARI2002 22   519  504  500  585  728  770  717  660  837 1067 1109
680MACQUARI2002 23  1012  894  859  891  859  857
680MACQUARI2002 31   965 1036  900  691  678  848  905  801  711  617  622
680MACQUARI2002 32   765  915  996 9999 9999 9999 1108  982  861  882  857
680MACQUARI2002 33   818  721  738  897  964  984  965  775  619
680MACQUARI2002 41   666  759  857  940  955  935  804  726  751  749  734
680MACQUARI2002 42   784  860  798  766  751  704  593  610  672  575  557
680MACQUARI2002 43   729  777  732  710  623  671  885 1034
680MACQUARI2002 51   984  963  958  881  935  965  945  906  890  805  718
680MACQUARI2002 52   767  837  792  741  720  653  584  548  497  579  692
680MACQUARI2002 53   710  679  616  650  673  652  627  609  677
680MACQUARI2002 61   791  832  793  836  712  636  698  849  994 1088 1052
680MACQUARI2002 62   842  610  543  620  646  663  627  697  840  946  947
680MACQUARI2002 63   919  994 9999 9999 9999 9999 9999 9999
680MACQUARI2002 71   837  856  815  811  863  918  898  896  907  818  666
680MACQUARI2002 72   613  622  578  536  574  738  895  931  860  768  777
680MACQUARI2002 73   778  622  555  581  611  685  704  666  678
680MACQUARI2002 81   578  612  657  591  660  879  966  844  837  829  769
680MACQUARI2002 82   710  647  577  656  818  939  994  975  837  867  829
680MACQUARI2002 83   768  789  731  667  681  667  670  715  851
680MACQUARI2002 91   806  755  925 1030  996  962  986 1021 1076  932  872
680MACQUARI2002 92   823  866  926  932 1070 1138 1225 1125 1056 1036  958
680MACQUARI2002 93   864  816  921  980  959  949  969  984
680MACQUARI2002101   824  778  845  775  669  644  714  797  637  548  548
680MACQUARI2002102   554  616  642  669  787  826  808  908  878  764  788
680MACQUARI2002103   871  947  929  843  796  886 1001  999  928
680MACQUARI2002111   775  796  885  957  920  833 1006 1169 1202 1050  838
680MACQUARI2002112   915 1027 1007  829  749  811  796  772  836  865  858
680MACQUARI2002113   881  869  977 1078  981  819  794  776
680MACQUARI2002121   767  775  827  977 1161 1169 1082 1050 1091 1177 1180
680MACQUARI2002122  1217 1177 1009  877  833  889  940  993  999  985 1077
680MACQUARI2002123  1081 1026  909  895  822  754  750  810  790
680MACQUARI2003 11   785  840  852  929  919  861  864  847  834  771  675
680MACQUARI2003 12   614  642  748  831  789  804  992 1054  942  936  852
680MACQUARI2003 13   799  771  933 1019  954  919  986 1145 1054
680MACQUARI2003 21   901  852  749  769  826  752  724  831  918  881  872
680MACQUARI2003 22   947  903  909  875  832  845  798  744  643  657  704
680MACQUARI2003 23   660  746  834  790  766  875
680MACQUARI2003 31   896  828  907  909  817  718  672  608  595  633  736
680MACQUARI2003 32   862 1009  897  801  717  711  760  690  654  659  661
680MACQUARI2003 33   634  599  654  658  649  630  647  763  740
680MACQUARI2003 41   726  736  620  610  572  562  721  843  788  652  546
680MACQUARI2003 42   526  712  911  841 9999 9999 9999 9999 9999 9999 9999
680MACQUARI2003 43  9999 9999 9999 9999 9999 9999 9999 9999
680MACQUARI2003 51  9999 9999 9999 9999 9999 9999 9999 9999 9999 9999 9999
680MACQUARI2003 52  9999 9999 9999 9999 9999 9999 9999 9999 9999 9999 9999
680MACQUARI2003 53  9999  798  706  737  819  903  988  999 1064
680MACQUARI2003 61   899  750  859  841  734  839  856  732  658  618  589
680MACQUARI2003 62   670  735  843  819  734  815  904  872  787  720  639
680MACQUARI2003 63   732  730  680  718  704  648  709  767
680MACQUARI2003 71   856  824  674  615  687  669  570  649  662  542  530
680MACQUARI2003 72   643  706  741  841  756  721  625  582  608  562  534
680MACQUARI2003 73   577  682  736  662  635  603  660  643  551
680MACQUARI2003 81   552  693  750  662  676  863  844  745  636  566  459
680MACQUARI2003 82   422  545  687  607  521  590  521  470  522  379  287
680MACQUARI2003 83   382  490  642  685  609  570  547  593  609
680MACQUARI2003 91   681  712  619  679  689  575  414  215  197  189  268
680MACQUARI2003 92   483  585  528  582  799  963  931  833  772  778  846
680MACQUARI2003 93   923  964  867  709  553  645  720  732
680MACQUARI2003101   783  823  747  629  596  749  848  797  690  584  643
680MACQUARI2003102   699  739  828  880  906  844  754  860  983  891  738
680MACQUARI2003103   623  483  414  485  584  616  654  792  938
680MACQUARI2003111   947  909  884  850  768  773  722  697  827  927  931
680MACQUARI2003112   829  903 1013  893  696  596  678  796  799  777  821
680MACQUARI2003113   756  640  589  612  672  706  694  746
680MACQUARI2003121   672  521  535  661  747  672  573  517  518  625  701
680MACQUARI2003122   678  730  696  495  520  473  373  521  641  494  476
680MACQUARI2003123   489  522  672  762  731  620  582  646  689
680MACQUARI2004 11   630  640  609  636  731  733  834  997  953  795 9999
680MACQUARI2004 12  9999 9999  863  868  754  733  658  546 9999 9999 9999
680MACQUARI2004 13  9999 9999 9999 9999 9999 9999 9999 9999 9999
680MACQUARI2004 21  9999 9999 9999 9999 9999 9999 9999 9999 9999 9999 9999
680MACQUARI2004 22  9999 9999 9999 9999 9999 9999 9999 9999 9999 9999 9999
680MACQUARI2004 23  9999 9999 9999 9999 9999 9999 9999
680MACQUARI2004 31  9999 9999 9999 9999 9999 9999 9999 9999 9999 9999  991
680MACQUARI2004 32  1054 1003  915  966  968  926  841  874  967  946  848
680MACQUARI2004 33   739  748  915  920  708  599  597  695  848
680MACQUARI2004 41  1005  998  826  620  497  526  559  691  824  753  639
680MACQUARI2004 42   666  740  765  589  510  508  470  507  591  634  621
680MACQUARI2004 43   559  633  751  760  665  687  673  738
680MACQUARI2004 51   835  843  998 1043  952  929  871  702  562  580  580
680MACQUARI2004 52   575  576  649  753  711  655  723  863  870  819  781
680MACQUARI2004 53   630  669  789  786  724  706  806  969 1020
680MACQUARI2004 61   912  923  994  923  780  635  632  657  677 9999 9999
680MACQUARI2004 62  9999 9999 9999 9999 9999 9999 9999 9999 9999 9999 9999
680MACQUARI2004 63  9999 9999 9999 9999 9999 9999 9999 9999
680MACQUARI2004 71  9999 9999 9999 9999 9999 9999 9999 9999 9999 9999 9999
680MACQUARI2004 72  9999 9999 9999 9999 9999 9999 9999 9999 9999 9999 9999
680MACQUARI2004 73  9999 9999 9999 9999 9999 9999 9999 9999 9999
680MACQUARI2004 81  9999 9999 9999 9999 9999 9999 9999 9999 9999 9999 9999
680MACQUARI2004 82  1027  954  834  760  785  701  653  728  905  987  734
680MACQUARI2004 83   650  631  544  506  529  589  645  688  678
680MACQUARI2004 91   606  667  767  725  675  649  670  783  781  703  679
680MACQUARI2004 92   723  819  907  947  938  843  641  580  685  676  672
680MACQUARI2004 93   668  634  630  558  553  700  794  689
680MACQUARI2004101   549  628  776  882  785  648  674  693  642  699  751
680MACQUARI2004102   793  794  693  534  462  518  517  516  500  499  552
680MACQUARI2004103   552  601  632  551  619  662  657  608  570
680MACQUARI2004111   717  708  629  537  540  599  503  504  547  516  530
680MACQUARI2004112   634  751  851  890  875  793  838  841  796  811  773
680MACQUARI2004113   776  874  806  785  915 1025 1010  952
680MACQUARI2004121   932  844  666  594  606  595  600  628  695  723  753
680MACQUARI2004122   740  692  805  904  843  650  629  722  649  602  562
680MACQUARI2004123   510  573  624  640  678  649  552  461  501
680MACQUARI2005 11   501  448  442  482  515  546  532  525  506  475  600
680MACQUARI2005 12   792  799  736  652  710  675  573  739  783  689  694
680MACQUARI2005 13   683  639  566  619  517  475  611  672  675
680MACQUARI2005 21   630  526  438  487  527  614  718  752  720  593  562
680MACQUARI2005 22   573  556  680  777  827  767  846  865  662  590  540
680MACQUARI2005 23   553  533  600  599  506  549
680MACQUARI2005 31   674  780  799  723  702  804  805  744  753  620  615
680MACQUARI2005 32   574  621  678  682  657  574  480  477  476  526  587
680MACQUARI2005 33   646  701  708  816  883 9999 9999 9999 9999
680MACQUARI2005 41  9999 9999 9999 9999 9999 9999  669  628  835 1005 1075
680MACQUARI2005 42   917  878  888  832  863  839  886 1092 1006  926  835
680MACQUARI2005 43   658  793  959  943  882 1034 1192 1218
680MACQUARI2005 51  1097  984  917 9999 9999 9999 9999 9999 9999 9999 9999
680MACQUARI2005 52  9999 9999 9999 9999 9999 9999 9999  711  737  857 1059
680MACQUARI2005 53  1102  980  941 1125 1185 1034  886  914  987
680MACQUARI2005 61  1001  928  903  920  847  803  713  692  721  732  678
680MACQUARI2005 62   668  623  594  640  683  759  806  833  870  811  769
680MACQUARI2005 63   761  661  610  752  831  790  710  659
680MACQUARI2005 71   681  829  814  713  663  704  683  692  742  876  849
680MACQUARI2005 72   859  817  775  722  782  735  704  724  681  658  744
680MACQUARI2005 73   771  834  877  849  706  551  492  560  690
680MACQUARI2005 81   784  778  779  750  734  743  840  785  735  671  686
680MACQUARI2005 82   831  841  861  971  867  744  832  820  781  687  638
680MACQUARI2005 83   800  780  704  686  773  726  692  744  809
680MACQUARI2005 91   700  564  565  573  610  577  525  548  614  624  585
680MACQUARI2005 92   552  637  700  709  705  623  525  561  638  652  624
680MACQUARI2005 93   679  750  792  802  677  562  650  676
680MACQUARI2005101   622  781  903  789  893  923  829  792  706  716  849
680MACQUARI2005102   764  747  801  805  720  594  529  589  629  670  738
680MACQUARI2005103   739  715  735  843  883  707  597  660  730
680MACQUARI2005111   798  836  802  844  788  831  740  737  846  889  823
680MACQUARI2005112   789  776  852  921  872  948  970  906  824  778  730
680MACQUARI2005113   678  637  623  680  638  563  535  592
680MACQUARI2005121   678  726  745  707  717  837  901  916  849  689  580
680MACQUARI2005122   546  594  649  672  710  723  712  724  729  753  749
680MACQUARI2005123   741  874  905  812  730  805  916  903  833
680MACQUARI2006 11   888  940  911  807  723  891  935  711  668  792  775
680MACQUARI2006 12   859  922  891  766  792  763  602  578  576  579  722
680MACQUARI2006 13   773  788  825  824  737  665  706  806  772
680MACQUARI2006 21   771  794  774  740  794  941  869  746  768  763  806
680MACQUARI2006 22   823  975  988  893  766  697  818  876  931  966  808
680MACQUARI2006 23   806  845  884  867  913  933
680MACQUARI2006 31   816  689  710  878  996 1091 1071 1004 1069 1004  801
680MACQUARI2006 32   846 1007  860  717  680  759  809  791  803  777  728
680MACQUARI2006 33   632  532  568  680  652  632  695  806  840
680MACQUARI2006 41   730  738  841  853  826  905  994  935  777  691  809
680MACQUARI2006 42   921  809  671  575  597  702  821  891  888  810  842
680MACQUARI2006 43   840  715  588  560  597  668  763  794
680MACQUARI2006 51   811  934 1019 1024  989  896  874  864  920  864  790
680MACQUARI2006 52   957 1004  885  928  878  872  789  743  715  588  541
680MACQUARI2006 53   569  627  582  565  645  680  678  641  625
680MACQUARI2006 61   610  675  668  672  740  713  668  725  777  826  880
680MACQUARI2006 62   834  912  900  812  713  651  639  680  589  540  619
680MACQUARI2006 63   706  675  649  668  724  686  736  848
680MACQUARI2006 71   915  873  659  577  747  954 1034  964  958  858  856
680MACQUARI2006 72   864  732  608  565  606  615  539  570  569  646  774
680MACQUARI2006 73   784  629  426  342  399  557  640  666  631
680MACQUARI2006 81   639  716  762  770  793  746  714  851  878  851  946
680MACQUARI2006 82   762  611  686  793  825  939 1062 1024  824  704  767
680MACQUARI2006 83   881  787  753  792  955 1048  949  871  964
680MACQUARI2006 91  1151 1030  917  784  838  824  738  741  653  619  673
680MACQUARI2006 92   697  875  921  883  818  814  814  873  974  863  829
680MACQUARI2006 93   751  762  731  626  630  722  662  597
680MACQUARI2006101   642  629  502  506  567  665  691  718  690  766  826
680MACQUARI2006102   879  867  758  619  510  658  900  810  647  663  654
680MACQUARI2006103   547  633  661  740  750  723  692  614  539
680MACQUARI2006111   551  700  784  612  516  627  696  702  847  954  817
680MACQUARI2006112   709  810  877  849  727  681  696  682  721  760  853
680MACQUARI2006113   894  900  891  860  999 1016  819  679
680MACQUARI2006121   805  922  859  822  838  876  814  719  758  756  884
680MACQUARI2006122   848  767  861  827  779  841  857  767  660  626  732
680MACQUARI2006123   731  649  643  646  706  650  556  523  531
680MACQUARI2007 11   505  529  634  798  775  665  707  642  549  551  654
680MACQUARI2007 12   740  839  885  773  629  651  657  718  798  817  799
680MACQUARI2007 13   834  847  775  814  977 1009  926  920  872
680MACQUARI2007 21   740  730  727  673  719  715  725  717  584  586  595
680MACQUARI2007 22   649  666  683  632  655  627  657  705  682  681  615
680MACQUARI2007 23   645  878  952  773  640  680
680MACQUARI2007 31   611  539  702  756  640  657  758  729  705  737  885
680MACQUARI2007 32   995  894  818  853  900  902  885 9999 9999 9999 9999
680MACQUARI2007 33  9999 9999 9999 9999 9999 9999 9999 9999 9999
680MACQUARI2007 41  9999 9999 9999 9999 9999 9999 9999 9999 9999 9999 9999
680MACQUARI2007 42  9999 9999 9999 9999 9999 9999 9999 9999 9999 9999 9999
680MACQUARI2007 43  9999 9999  565  564  593  614  659  684
680MACQUARI2007 51   688  748  918 1066 1081  969  797  839  831  819  836
680MACQUARI2007 52   772  659  674  782  753  703  648  695  750  593  576
680MACQUARI2007 53   667  760  835  770  762  802  822  972  908
680MACQUARI2007 61   791  824  967 1083 1199 1179 1027  889  915 1034 1012
680MACQUARI2007 62   979  872  773  728  762  747  750  873  878 1005 1015
680MACQUARI2007 63   833  609  551  621  655  662  719  885
680MACQUARI2007 71   934  819  734  699  616  562  548  453  408  437  470
680MACQUARI2007 72   543  505  459  506  584  612  519  522  572  635  752
680MACQUARI2007 73   786  848  801  748  654  548  536  638  733
680MACQUARI2007 81   800  781  763  802  833  870  917 1056 1220 1213  972
680MACQUARI2007 82   762  672  629  677  748  793  818  874  869  735  704
680MACQUARI2007 83   786  861  769  731  721  672  714  788  726
680MACQUARI2007 91   729  821  639  546  618  706  777  758  841  907  824
680MACQUARI2007 92   827  783  745  818  723  766  825  809  788  785  754
680MACQUARI2007 93   710  558  441  479  656  779  850  960
680MACQUARI2007101   780  616  824  907  819  795  792  716  561  529  652
680MACQUARI2007102   800  820  843  839  736  633  713  883  852  743  767
680MACQUARI2007103   882  912  695  423  495  660  749  676  586
680MACQUARI2007111   592  666  678  626  545  525  517  509  513  627  776
680MACQUARI2007112   772  679  715  725  717  665  575  619  690  730  798
680MACQUARI2007113   859  851  808  739  708  723  686  703
680MACQUARI2007121   688  678  620  720  572  491  643  692  754  738  554
680MACQUARI2007122   514  510  606  802  869  806  746  707  749  889 1002
680MACQUARI2007123  1016 1011  980 1027  956  947  892  719  766
680MACQUARI2008 11   850  807  736  759  790  899  901  826  731  749  851
680MACQUARI2008 12   749  839  863  749  750  766  716  678  667  709  751
680MACQUARI2008 13   744  711  670  705  807  845  755  692  698
680MACQUARI2008 21   690  733  612  520  604  677  713  539  529  623  629
680MACQUARI2008 22   645  667  650  648  699  585  528  637  630  497  622
680MACQUARI2008 23   864  856  795  715  636  612  584
680MACQUARI2008 31   524  478  575  614  639  741  806  735  657  820  715
680MACQUARI2008 32   664  737  888  756  660  748  704  672  812  779  726
680MACQUARI2008 33   710  682  797  832  705  703  804  897  886
680MACQUARI2008 41   792  862  895  857  856  685  582  576  680  593  524
680MACQUARI2008 42   649  771  742  755  846  775  583  652  818  769  684
680MACQUARI2008 43   618  611  667  699  792  828  719  648
680MACQUARI2008 51   561  514  510  573  672  742  750  760  794  700  691
680MACQUARI2008 52   792  790  670  570  617  782  849  863  892  817  702
680MACQUARI2008 53   620  555  496  555  651  760  685  605  560
680MACQUARI2008 61   651  775  696  736  921  917  836  793  679  698  838
680MACQUARI2008 62   897  879  809  798  712  695  774  779  857  828  932
680MACQUARI2008 63  1009  965  928  896  793  762  884  944
680MACQUARI2008 71  1074 1121  973  799  735  691  646  638  708 9999 9999
680MACQUARI2008 72  9999 9999 9999 9999 9999 9999 9999 9999 9999 9999 9999
680MACQUARI2008 73  9999 9999 9999 9999 9999 9999 9999 9999 9999
