699TANJONG       LAT=01 15.7N  LONG=103 51.2E
699TANJONG 1984 11  1873 1879 1886 1891 1954 1951 1926 2056 2054 1904 1817
699TANJONG 1984 12  1772 1766 1767 1678 1632 1710 1729 1698 1701 1724 1771
699TANJONG 1984 13  1794 1818 1857 1898 1810 1758 1766 1763 1836
699TANJONG 1984 21  1885 1792 1777 1821 1830 1883 2044 1994 1806 1743 1733
699TANJONG 1984 22  1728 1744 1729 1728 1756 1717 1729 1762 1716 1702 1710
699TANJONG 1984 23  1692 1673 1674 1695 1759 1783 1803
699TANJONG 1984 31  1898 1937 1902 1948 1888 1742 1684 1662 1669 1638 1610
699TANJONG 1984 32  1621 1629 1649 1639 1615 1610 1589 1587 1579 1579 1639
699TANJONG 1984 33  1680 1683 1664 1677 1673 1647 1644 1637 1602
699TANJONG 1984 41  1621 1615 1583 1601 1631 1648 1653 1680 1696 1664 1705
699TANJONG 1984 42  1711 1697 1671 1659 1630 1657 1638 1643 1654 1615 1602
699TANJONG 1984 43  1584 1609 1645 1655 1655 1647 1635 1620
699TANJONG 1984 51  1622 1645 1678 1642 1656 1672 1704 1739 1697 1690 1692
699TANJONG 1984 52  1667 1662 1685 1671 1633 1640 1647 1625 1610 1600 1624
699TANJONG 1984 53  1646 1646 1671 1708 1627 1645 1704 1741 1689
699TANJONG 1984 61  1652 1658 1700 1683 1605 1612 1649 1665 1672 1622 1667
699TANJONG 1984 62  1774 1736 1653 1610 1575 1554 1580 1527 1463 1512 1582
699TANJONG 1984 63  1577 1511 1524 1548 1589 1632 1647 1681
699TANJONG 1984 71  1694 1677 1683 1663 1656 1686 1687 1628 1634 1651 1662
699TANJONG 1984 72  1662 1662 1670 1701 1682 1635 1564 1519 1529 1539 1563
699TANJONG 1984 73  1584 1579 1615 1620 1576 1605 1655 1662 1651
699TANJONG 1984 81  1644 1605 1541 1561 1563 1586 1574 1533 1539 1592 1609
699TANJONG 1984 82  1606 1632 1616 1613 1639 1649 1609 1571 1611 1644 1659
699TANJONG 1984 83  1663 1647 1628 1657 1660 1615 1549 1525 1501
699TANJONG 1984 91  1531 1555 1548 1586 1587 1600 1659 1666 1705 1696 1680
699TANJONG 1984 92  1643 1645 1594 1590 1626 1633 1638 1609 1619 1601 1592
699TANJONG 1984 93  1653 1688 1687 1658 1614 1624 1637 1624
699TANJONG 1984101  1675 1670 1639 1646 1614 1629 1646 1644 1657 1621 1623
699TANJONG 1984102  1627 1625 1617 1677 1654 1677 1676 1675 1665 1719 1775
699TANJONG 1984103  1822 1794 1743 1737 1671 1677 1772 1795 1791
699TANJONG 1984111  1765 1760 1809 1848 1842 1799 1724 1704 1770 1829 1787
699TANJONG 1984112  1767 1765 1747 1725 1769 1816 1802 1818 1915 1930 1882
699TANJONG 1984113  1893 1981 2060 1969 1886 1881 1869 1855
699TANJONG 1984121  1940 1969 1866 1799 1814 1908 1939 1921 1939 1885 1834
699TANJONG 1984122  1845 1839 1790 1762 1778 1747 1744 1772 1798 1780 1831
699TANJONG 1984123  1908 1962 1951 1918 1912 1904 1912 1912 1892
699TANJONG 1985 11  1848 1816 1775 1764 1752 1742 1731 1751 1805 1810 1757
699TANJONG 1985 12  1761 1766 1789 1795 1724 1710 1753 1800 1799 1767 1715
699TANJONG 1985 13  1713 1726 1738 1757 1785 1808 1848 1932 1987
699TANJONG 1985 21  1862 1742 1800 1780 1726 1711 1682 1682 1690 1616 1603
699TANJONG 1985 22  1610 1653 1675 1691 1708 1684 1693 1713 1703 1667 1720
699TANJONG 1985 23  1772 1759 1734 1735 1703 1666
699TANJONG 1985 31  1665 1665 1654 1683 1719 1787 1813 1766 1802 1868 1857
699TANJONG 1985 32  1870 1896 1894 1941 1949 1887 1839 1864 1853 1819 1802
699TANJONG 1985 33  1800 1787 1723 1677 1685 1663 1660 1657 1683
699TANJONG 1985 41  1715 1739 1819 1858 1818 1708 1637 1650 1640 1622 1594
699TANJONG 1985 42  1567 1564 1562 1587 1597 1670 1682 1638 1659 1669 1654
699TANJONG 1985 43  1634 1651 1634 1615 1608 1628 1647 1676
699TANJONG 1985 51  1662 1678 1673 1660 1663 1638 1650 1672 1670 1641 1638
699TANJONG 1985 52  1631 1613 1619 1631 1649 1681 1674 1640 1610 1616 1669
699TANJONG 1985 53  1636 1582 1596 1571 1593 1619 1598 1585 1600
699TANJONG 1985 61  1586 1609 1620 1621 1604 1607 1577 1537 1573 1565 1557
699TANJONG 1985 62  1550 1526 1558 1580 1476 1466 1492 1560 1627 1652 1637
699TANJONG 1985 63  1624 1639 1606 1528 1501 1518 1544 1545
699TANJONG 1985 71  1518 1542 1552 1569 1602 1610 1572 1576 1550 1572 1610
699TANJONG 1985 72  1620 1563 1565 1611 1627 1626 1602 1635 1629 1627 1640
699TANJONG 1985 73  1622 1588 1569 1564 1536 1524 1527 1564 1620
699TANJONG 1985 81  1629 1617 1583 1597 1581 1571 1549 1524 1446 1434 1526
699TANJONG 1985 82  1534 1511 1568 1576 1593 1628 1603 1568 1537 1516 1560
699TANJONG 1985 83  1577 1550 1509 1538 1554 1591 1623 1635 1614
699TANJONG 1985 91  1559 1545 1563 1551 1517 1569 1615 1593 1581 1617 1637
699TANJONG 1985 92  1608 1633 1675 1668 1652 1640 1641 1611 1652 1660 1598
699TANJONG 1985 93  1585 1628 1654 1674 1631 1606 1630 1691
699TANJONG 1985101  1685 1665 1604 1645 1703 1737 1678 1624 1634 1680 1647
699TANJONG 1985102  1589 1626 1631 1597 1606 1615 1691 1709 1660 1592 1635
699TANJONG 1985103  1744 1810 1779 1718 1682 1685 1682 1671 1684
699TANJONG 1985111  1734 1784 1749 1714 1750 1804 1749 1744 1757 1758 1734
699TANJONG 1985112  1718 1704 1747 1745 1720 1698 1683 1720 1763 1730 1683
699TANJONG 1985113  1666 1646 1679 1675 1725 1732 1752 1766
699TANJONG 1985121  1763 1778 1775 1752 1763 1772 1778 1734 1702 1676 1695
699TANJONG 1985122  1717 1783 1795 1868 1910 1838 1805 1774 1778 1807 1835
699TANJONG 1985123  1958 1959 1845 1817 1810 1828 1791 1718 1722
699TANJONG 1986 11  1812 1918 1887 1896 2070 2111 2042 2074 2062 2001 1940
699TANJONG 1986 12  1833 1828 1826 1823 1792 1730 1658 1634 1656 1653 1640
699TANJONG 1986 13  1684 1711 1706 1770 1864 1838 1747 1703 1698
699TANJONG 1986 21  1664 1621 1621 1595 1579 1609 1665 1797 1827 1777 1798
699TANJONG 1986 22  1758 1661 1585 1568 1602 1620 1606 1588 1599 1644 1694
699TANJONG 1986 23  1745 1821 1863 1829 1808 1881
699TANJONG 1986 31  1941 2068 2186 2085 1960 1894 1906 1854 1817 1818 1741
699TANJONG 1986 32  1682 1666 1640 1602 1602 1597 1565 1576 1578 1571 1623
699TANJONG 1986 33  1673 1688 1732 1715 1682 1672 1676 1662 1611
699TANJONG 1986 41  1622 1621 1601 1626 1703 1748 1772 1744 1686 1649 1686
699TANJONG 1986 42  1693 1680 1647 1638 1657 1656 1595 1564 1588 1653 1635
699TANJONG 1986 43  1603 1586 1562 1600 1619 1589 1602 1555
699TANJONG 1986 51  1495 1488 1476 1498 1491 1460 1490 1537 1510 1475 1518
699TANJONG 1986 52  1541 1524 1522 1509 1497 1472 1446 1483 1560 1571 1585
699TANJONG 1986 53  1558 1527 1575 1638 1659 1644 1612 1581 1539
699TANJONG 1986 61  1515 1516 1540 1525 1523 1524 1564 1567 1551 1579 1543
699TANJONG 1986 62  1562 1598 1644 1643 1573 1498 1469 1529 1568 1543 1486
699TANJONG 1986 63  1501 1537 1569 1560 1534 1516 1502 1486
699TANJONG 1986 71  1389 1401 1438 1424 1477 1510 1503 1527 1540 1534 1448
699TANJONG 1986 72  1475 1562 1499 1467 1509 1464 1471 1518 1515 1528 1603
699TANJONG 1986 73  1623 1581 1565 1590 1570 1570 1535 1514 1501
699TANJONG 1986 81  1472 1500 1538 1544 1575 1588 1562 1613 1663 1596 1549
699TANJONG 1986 82  1617 1638 1607 1542 1562 1571 1553 1602 1575 1529 1550
699TANJONG 1986 83  1585 1544 1483 1470 1536 1538 1476 1500 1539
699TANJONG 1986 91  1532 1515 1461 1494 1557 1613 1593 1590 1636 1617 1588
699TANJONG 1986 92  1492 1528 1544 1569 1578 1585 1583 1538 1535 1602 1709
699TANJONG 1986 93  1673 1645 1674 1622 1598 1577 1568 1542
699TANJONG 1986101  1613 1625 1607 1602 1586 1597 1603 1637 1648 1609 1622
699TANJONG 1986102  1646 1631 1643 1652 1614 1619 1619 1650 1675 1646 1594
699TANJONG 1986103  1610 1669 1675 1593 1596 1627 1594 1645 1672
699TANJONG 1986111  1617 1667 1749 1729 1704 1729 1716 1690 1713 1730 1653
699TANJONG 1986112  1610 1639 1596 1611 1654 1666 1670 1675 1713 1771 1843
699TANJONG 1986113  1838 1805 1793 1777 1805 1810 1842 1880
699TANJONG 1986121  1806 1755 1690 1708 1768 1762 1763 1799 1764 1768 1847
699TANJONG 1986122  1794 1723 1691 1732 1736 1670 1634 1684 1790 1793 1718
699TANJONG 1986123  1747 1724 1728 1773 1787 1800 1790 1763 1720
699TANJONG 1987 11  1724 1769 1729 1685 1739 1818 1865 1860 1847 1814 1796
699TANJONG 1987 12  1802 1884 1840 1756 1722 1765 1751 1727 1774 1771 1744
699TANJONG 1987 13  1724 1769 1914 1842 1766 1837 1809 1756 1825
699TANJONG 1987 21  1876 1806 1790 1831 1821 1756 1697 1671 1638 1600 1548
699TANJONG 1987 22  1560 1607 1618 1632 1644 1630 1620 1618 1675 1704 1621
699TANJONG 1987 23  1568 1612 1610 1597 1638 1654
699TANJONG 1987 31  1706 1765 1773 1744 1635 1553 1550 1519 1474 1470 1491
699TANJONG 1987 32  1518 1552 1528 1486 1514 1535 1521 1498 1502 1509 1496
699TANJONG 1987 33  1434 1416 1502 1591 1634 1612 1582 1660 1727
699TANJONG 1987 41  1677 1585 1547 1541 1510 1463 1409 1406 1447 1493 1478
699TANJONG 1987 42  1489 1518 1515 1558 1638 1682 1688 1646 1608 1583 1578
699TANJONG 1987 43  1573 1569 1522 1498 1521 1554 1558 1521
699TANJONG 1987 51  1514 1555 1513 1497 1462 1452 1486 1514 1520 1525 1521
699TANJONG 1987 52  1508 1521 1535 1525 1516 1500 1482 1523 1530 1514 1519
699TANJONG 1987 53  1543 1526 1520 1489 1479 1497 1498 1500 1524
699TANJONG 1987 61  1535 1541 1537 1508 1456 1446 1462 1466 1502 1494 1456
699TANJONG 1987 62  1433 1480 1497 1482 1509 1526 1510 1517 1565 1547 1570
699TANJONG 1987 63  1532 1447 1464 1452 1417 1466 1474 1476
699TANJONG 1987 71  1481 1480 1489 1519 1522 1516 1509 1469 1477 1508 1519
699TANJONG 1987 72  1514 1478 1501 1473 9999 9999 9999 9999 9999 9999 1435
699TANJONG 1987 73  1473 1488 1463 1498 1481 1449 1452 1471 1504
699TANJONG 1987 81  1485 1456 1444 1461 1484 1484 1506 1521 1579 1593 1604
699TANJONG 1987 82  1614 1544 1483 1410 1381 1433 1517 1477 1387 1341 1397
699TANJONG 1987 83  1476 1532 1577 1549 1498 1479 1485 1486 1460
699TANJONG 1987 91  1462 1482 1489 1491 1443 1447 1536 1592 1550 1504 1484
699TANJONG 1987 92  1489 1517 1508 1466 1494 1499 1529 1581 1590 1611 1580
699TANJONG 1987 93  1550 1580 1588 1574 1548 1538 1508 1529
699TANJONG 1987101  1580 1577 1546 1602 1632 1591 1589 1597 1600 1581 1558
699TANJONG 1987102  1560 1572 1523 1504 1503 1529 1577 1588 1554 1547 1568
699TANJONG 1987103  1654 1666 1654 1698 1727 1729 1688 1695 1712
699TANJONG 1987111  1686 1660 1657 1599 1588 1622 1672 1725 1707 1675 1654
699TANJONG 1987112  1661 1644 1628 1619 1622 1617 1623 1630 1684 1733 1706
699TANJONG 1987113  1687 1712 1671 1646 1620 1640 1714 1843
699TANJONG 1987121  1955 1949 1916 1890 1882 2044 2113 1944 1849 1848 1831
699TANJONG 1987122  1913 1910 1839 1785 1830 1997 1985 1876 1871 1967 1984
699TANJONG 1987123  1936 1886 1872 1836 1801 1749 1710 1717 1743
699TANJONG 1988 11  1717 1671 1701 1712 1779 1798 1708 1655 1688 1762 1836
699TANJONG 1988 12  1821 1783 1753 1711 1742 1814 1776 1740 1800 1806 1757
699TANJONG 1988 13  1752 1721 1674 1672 1641 1722 1739 1684 1653
699TANJONG 1988 21  1645 1621 1648 1682 1655 1632 1671 1692 1691 1675 1710
699TANJONG 1988 22  1717 1672 1681 1739 1745 1748 1829 1851 1786 1797 1797
699TANJONG 1988 23  1711 1750 1756 1684 1643 1677 1700
699TANJONG 1988 31  1704 1741 1777 1756 1785 1852 1886 1865 1876 1824 1719
699TANJONG 1988 32  1632 1629 1623 1620 1629 1646 1643 1661 1660 1684 1728
699TANJONG 1988 33  1723 1676 1603 1561 1623 1633 1617 1669 1663
699TANJONG 1988 41  9999 9999 9999 9999 1659 1618 1635 1671 1694 1736 1747
699TANJONG 1988 42  1739 1748 1733 1738 1705 1697 1713 1687 1635 1596 1577
699TANJONG 1988 43  1537 1596 1683 1642 1629 1647 1595 1553
699TANJONG 1988 51  1572 1602 1545 1556 1609 1590 1573 1596 1603 1613 1597
699TANJONG 1988 52  1587 1606 1615 1631 1617 1650 1640 1595 1601 1586 1569
699TANJONG 1988 53  1589 1583 1571 1564 1576 1625 1651 1630 1641
699TANJONG 1988 61  1625 1632 1733 1763 1734 1724 1731 1714 1663 1653 1602
699TANJONG 1988 62  1524 1502 1485 1506 1558 1568 1574 1579 1613 1635 1554
699TANJONG 1988 63  1474 1504 1536 1562 1561 1503 1522 1599
699TANJONG 1988 71  1657 1666 1673 1659 1616 1612 1614 1603 1619 1597 1525
699TANJONG 1988 72  1523 1596 1618 1645 1686 1707 1681 1588 1575 1646 1648
699TANJONG 1988 73  1553 1535 1529 1516 1526 1559 1554 1537 1603
699TANJONG 1988 81  1640 1607 1638 1678 1616 1602 1625 1622 1618 1614 1606
699TANJONG 1988 82  1617 1595 1583 1647 1671 1650 1644 1601 1601 1603 1570
699TANJONG 1988 83  1579 1651 1679 1647 1678 1717 1715 1721 1699
699TANJONG 1988 91  1652 1629 1550 1551 1591 1620 1625 1662 1686 1659 1657
699TANJONG 1988 92  1635 1651 1685 1668 1650 1738 1681 1623 1664 1588 1569
699TANJONG 1988 93  1689 1777 1799 1754 1662 1586 1637 1738
699TANJONG 1988101  1724 1681 1661 1668 1676 1636 1647 1707 1725 1628 1613
699TANJONG 1988102  1723 1776 1797 1741 1667 1759 1838 1863 1817 1757 1733
699TANJONG 1988103  1747 1744 1764 1774 1756 1737 1849 1932 1968
699TANJONG 1988111  1938 1907 1956 1968 1937 1896 1846 1849 1885 1882 1857
699TANJONG 1988112  1843 1910 2004 1987 1999 2060 2086 2036 1958 1844 1826
699TANJONG 1988113  1847 1880 1855 1835 1940 2075 2085 1895
699TANJONG 1988121  1829 1940 1925 1837 1932 1929 1810 1732 1768 1858 1882
699TANJONG 1988122  1905 1895 1871 1866 1890 1867 1785 1802 1843 1830 1797
699TANJONG 1988123  1760 1712 1721 1781 1809 1823 1774 1722 1784
699TANJONG 1989 11  1874 1839 1796 1770 1749 1727 1744 1732 1746 1766 1737
699TANJONG 1989 12  1726 1749 1849 2001 1947 1888 1831 1798 1832 1821 1794
699TANJONG 1989 13  1814 1870 1853 1805 1788 1805 1788 1791 1789
699TANJONG 1989 21  1758 1750 1786 1796 1802 1836 1831 1785 1742 1751 1798
699TANJONG 1989 22  1848 1803 1704 1653 1632 1613 1630 1654 1680 1722 1729
699TANJONG 1989 23  1749 1769 1754 1791 1775 1715
699TANJONG 1989 31  1686 1683 1648 1624 1679 1771 1852 1891 1987 1954 1840
699TANJONG 1989 32  1771 1716 1692 1679 1634 1605 1615 1634 1631 1655 1664
699TANJONG 1989 33  1627 1653 1681 1685 1691 1750 1785 1712 1624
699TANJONG 1989 41  1589 1616 1640 1613 1591 1579 1557 1570 1593 1649 1648
699TANJONG 1989 42  1587 1530 1567 1563 1567 1603 1588 1553 1566 1552 1535
699TANJONG 1989 43  1566 1589 1589 1603 1602 1608 1641 1651
699TANJONG 1989 51  1658 1664 1632 1576 1589 1621 1655 1682 1672 1650 1653
699TANJONG 1989 52  1649 1621 1647 1655 1569 1587 1631 1627 1576 1620 1655
699TANJONG 1989 53  1660 1650 1603 1612 1640 1626 1648 1693 1659
699TANJONG 1989 61  1632 1624 1629 1636 1635 1650 1633 1594 1562 1552 1596
699TANJONG 1989 62  1625 1611 1601 1534 1533 1578 1576 1516 1519 1573 1583
699TANJONG 1989 63  1542 1511 1576 1593 1612 1632 1638 1639
699TANJONG 1989 71  1629 1619 1636 1647 1668 1643 1649 1663 1620 1562 1585
699TANJONG 1989 72  1645 1671 1636 1603 1606 1599 1579 1568 1601 1663 1676
699TANJONG 1989 73  1644 1671 1647 1621 1615 1603 1582 1515 1539
699TANJONG 1989 81  1613 1623 1632 1628 1633 1622 1643 1620 1580 1577 1590
699TANJONG 1989 82  1610 1602 1582 1606 1659 1628 1611 1660 1701 1699 1681
699TANJONG 1989 83  1664 1656 1641 1629 1698 1659 1638 1721 1709
699TANJONG 1989 91  1691 1659 1591 1571 1601 1598 9999 9999 9999 9999 9999
699TANJONG 1989 92  9999 9999 9999 1707 1736 1705 1709 1674 1622 1636 1628
699TANJONG 1989 93  1602 1586 1618 1629 1643 1604 1626 1628
699TANJONG 1989101  1614 1582 1599 1648 1733 1748 1721 1727 1721 1726 1763
699TANJONG 1989102  1788 1784 1776 1802 1809 1817 1792 1778 1764 1793 1766
699TANJONG 1989103  1795 1827 1796 1744 1724 1722 1728 1721 1694
699TANJONG 1989111  1697 1716 1694 1707 9999 9999 9999 9999 9999 9999 9999
699TANJONG 1989112  9999 9999 9999 9999 1865 1850 1920 1989 2014 1947 1841
699TANJONG 1989113  1890 1970 1942 1875 1827 1907 2055 2077
699TANJONG 1989121  2040 2048 2007 1906 1858 1847 1807 1831 1814 1763 1773
699TANJONG 1989122  1843 1916 1947 1912 1879 1879 1907 1905 1878 1776 1736
699TANJONG 1989123  1742 1750 1754 1756 1765 1777 1746 1746 1750
699TANJONG 1990 11  1764 1777 1820 1815 1807 1839 1827 1747 1679 1736 1807
699TANJONG 1990 12  1802 1804 1787 1759 1762 1798 1772 1687 1752 1835 1819
699TANJONG 1990 13  1834 1869 1838 1845 1917 1927 1885 1843 1841
699TANJONG 1990 21  1896 1913 1806 1798 1907 1898 1854 1832 1868 1865 1819
699TANJONG 1990 22  1809 1782 1733 1688 1674 1657 1638 1614 1617 1642 1654
699TANJONG 1990 23  1664 1725 1794 1785 1731 1694
699TANJONG 1990 31  1746 1778 1776 1768 1708 1696 1701 1718 1757 1765 1717
699TANJONG 1990 32  1707 1749 1733 1668 1668 1762 1792 1753 1685 1626 1628
699TANJONG 1990 33  1626 1616 1611 1634 1634 1609 1629 1635 1623
699TANJONG 1990 41  1601 1555 1573 1650 1735 1745 1675 1645 1734 1732 1645
699TANJONG 1990 42  1592 1575 1585 1569 1543 1553 1562 1590 1617 1639 1600
699TANJONG 1990 43  1616 1628 1660 1710 1745 1756 1760 1750
699TANJONG 1990 51  1724 1655 1608 1595 1605 1633 1642 1640 1644 1655 1633
699TANJONG 1990 52  1625 1618 1595 1604 1609 1608 1592 1610 1614 1646 1666
699TANJONG 1990 53  1636 1638 1659 1644 1622 1634 1667 1675 1641
699TANJONG 1990 61  1577 1589 1611 1648 1642 1593 1595 1526 1496 1476 1516
699TANJONG 1990 62  1569 1586 1575 1556 1564 1621 1658 1592 1597 1645 1660
699TANJONG 1990 63  1633 1644 1639 1626 1619 1624 1604 1591
699TANJONG 1990 71  1587 1603 1612 1578 1537 1583 1602 1578 1608 1600 1561
699TANJONG 1990 72  1517 1573 1615 1567 1528 1547 1606 1600 1578 1630 1639
699TANJONG 1990 73  1643 1661 1649 1605 1614 1578 1540 1525 1512
699TANJONG 1990 81  1550 1561 1564 1593 1625 1640 1679 1671 1644 1576 1558
699TANJONG 1990 82  1568 1571 1577 1525 1508 1505 1526 1589 1618 1596 1581
699TANJONG 1990 83  1569 1585 1585 1588 1591 1545 1480 1533 1666
699TANJONG 1990 91  1705 1686 1594 1558 1633 1664 1674 1607 1638 1651 1645
699TANJONG 1990 92  1662 1682 1681 1598 1557 1565 1574 1607 1752 1767 1653
699TANJONG 1990 93  1624 1616 1632 1622 1588 1557 1594 1633
699TANJONG 1990101  1609 1580 1463 1492 1627 1658 1663 1676 1714 1745 1717
699TANJONG 1990102  1661 1722 1752 1691 1699 1702 1689 1700 1718 1679 1658
699TANJONG 1990103  1675 1668 1682 1689 1646 1657 1702 1722 1730
699TANJONG 1990111  1688 1610 1617 1662 1643 1616 1603 1650 1651 9999 9999
699TANJONG 1990112  9999 1734 1758 1728 1657 1725 1794 9999 9999 9999 9999
699TANJONG 1990113  1804 1860 1846 1854 9999 9999 9999 9999
699TANJONG 1990121  1901 1969 1897 1828 1955 1991 1913 1881 1832 1788 1757
699TANJONG 1990122  1709 1671 1684 1765 1736 1655 1655 1670 1675 1715 1783
699TANJONG 1990123  1794 9999 9999 9999 9999 9999 1780 1702 1675
699TANJONG 1991 11  1696 1734 1745 1713 1691 1683 1662 1646 1708 1720 1651
699TANJONG 1991 12  1665 1749 1805 1835 1865 1840 1792 1773 1720 1673 1719
699TANJONG 1991 13  1755 1748 1701 1673 1739 1793 1780 1820 1881
699TANJONG 1991 21  1886 9999 9999 9999 9999 9999 9999 9999 1613 1573 1584
699TANJONG 1991 22  1601 1610 1589 1578 1617 1646 1638 1653 1737 1788 1788
699TANJONG 1991 23  1813 1846 1795 1755 1739 1677
699TANJONG 1991 31  1663 1684 1637 1575 1539 1577 1598 1545 1520 1522 9999
699TANJONG 1991 32  9999 9999 1641 1666 1659 1659 1676 1662 1619 1632 1606
699TANJONG 1991 33  1571 9999 9999 9999 9999 9999 9999 9999 1562
699TANJONG 1991 41  9999 9999 9999 9999 9999 9999 9999 9999 9999 9999 1530
699TANJONG 1991 42  1514 1524 1558 1577 1542 1548 1592 1598 1590 1596 1582
699TANJONG 1991 43  1590 1626 1662 1611 1597 1579 1541 1528
699TANJONG 1991 51  1506 1492 1507 1525 1528 1546 1578 1572 1573 1575 1582
699TANJONG 1991 52  1604 1607 1610 1617 1596 1594 1603 1590 1558 1543 1513
699TANJONG 1991 53  1521 1534 1525 1522 1550 1558 1599 1614 1590
699TANJONG 1991 61  1580 1595 1568 1481 1506 1519 1488 1480 1458 1486 1529
699TANJONG 1991 62  1523 1539 1556 1510 1457 1467 1494 1471 1463 1433 1401
699TANJONG 1991 63  1419 1478 1488 1499 1547 1548 1507 1490
699TANJONG 1991 71  1490 1483 1486 1503 1494 1482 1433 1424 1491 1460 1344
699TANJONG 1991 72  1334 1474 1555 1585 1574 1540 1509 1433 1407 1447 1437
699TANJONG 1991 73  1346 1352 1425 1503 1506 1474 1528 1513 1507
699TANJONG 1991 81  1516 1499 1440 1416 1442 1448 1511 1537 1523 1512 1483
699TANJONG 1991 82  1479 1496 1447 1432 1457 1426 1387 1394 1435 1487 1484
699TANJONG 1991 83  1488 1477 1525 1559 1466 1460 1538 1551 1524
699TANJONG 1991 91  1511 1460 1496 1499 1465 1456 1476 1520 1546 1526 1521
699TANJONG 1991 92  1525 1527 1559 1574 1576 1548 1523 1543 1592 1635 1622
699TANJONG 1991 93  1633 1617 1599 1605 1605 1589 1564 1583
699TANJONG 1991101  1579 1588 1620 1647 1662 1624 1596 1611 1624 1692 1724
699TANJONG 1991102  1674 1646 1600 1584 1554 1581 1607 1644 1652 1609 1659
699TANJONG 1991103  1749 1747 1739 1733 1782 1835 1744 1651 1709
699TANJONG 1991111  1766 1750 1743 1749 1735 1668 1619 1625 1666 1699 1745
699TANJONG 1991112  1762 1781 1805 1830 1819 1740 1814 1886 1819 1832 1763
699TANJONG 1991113  1739 1797 1824 1750 1674 1699 1708 1675
699TANJONG 1991121  9999 9999 9999 9999 1780 1744 1753 1795 1799 1731 1715
699TANJONG 1991122  1778 1845 1878 1829 1780 1823 1827 1827 1874 1834 1802
699TANJONG 1991123  1756 1729 1741 1709 1679 1623 1614 1685 1636
699TANJONG 1992 11  1631 1702 1691 1621 1600 1651 9999 9999 9999 9999 9999
699TANJONG 1992 12  9999 9999 9999 9999 9999 1744 1755 1698 1673 1700 1793
699TANJONG 1992 13  1768 1644 1593 1630 1696 1673 1565 1502 1521
699TANJONG 1992 21  1561 1556 1494 1522 1554 1577 1559 1530 1551 1552 1513
699TANJONG 1992 22  1477 1444 1450 1486 1510 1495 1478 1508 1511 1564 1621
699TANJONG 1992 23  1619 1707 1775 1682 1551 1535 1509
699TANJONG 1992 31  1447 1437 1451 1450 1415 1418 1481 1525 1535 1548 1560
699TANJONG 1992 32  1580 1561 1533 1522 1536 1531 1534 1547 1540 1547 1585
699TANJONG 1992 33  1569 1519 1506 1495 1468 1483 1519 1566 1543
699TANJONG 1992 41  1496 1472 1479 1446 1464 1474 1507 1505 1447 1452 1460
699TANJONG 1992 42  1459 1463 1483 1518 1591 1652 1597 1520 1514 1503 1488
699TANJONG 1992 43  1504 1523 1518 1488 1472 1505 1478 1451
699TANJONG 1992 51  1491 1499 1502 1528 1556 1516 1487 1525 1507 1531 1555
699TANJONG 1992 52  1568 1592 1566 1564 1575 1561 1553 1556 1558 1539 1542
699TANJONG 1992 53  1540 1550 1526 1505 1533 1515 1500 1521 1521
699TANJONG 1992 61  1515 1537 1561 1586 1630 1617 1602 1589 1515 1496 1529
699TANJONG 1992 62  1460 1467 1526 1515 1494 1532 1523 1480 1498 1501 1446
699TANJONG 1992 63  1409 1434 1411 1403 1419 1432 1492 1563
699TANJONG 1992 71  1589 1598 1547 1537 1549 1524 9999 9999 9999 9999 9999
699TANJONG 1992 72  9999 9999 9999 9999 9999 9999 9999 9999 9999 9999 9999
699TANJONG 1992 73  9999 9999 9999 9999 9999 9999 9999 9999 9999
699TANJONG 1992 81  9999 9999 9999 9999 9999 9999 1505 1545 1492 1457 1535
699TANJONG 1992 82  9999 9999 9999 9999 9999 9999 1479 1519 1518 1528 1544
699TANJONG 1992 83  1583 1554 1544 1597 1626 1620 1601 1605 1600
699TANJONG 1992 91  1576 1597 1585 1530 1591 1602 1533 1542 1568 1550 1533
699TANJONG 1992 92  1557 1562 1548 1540 1517 1552 1611 1558 1560 1628 1679
699TANJONG 1992 93  1704 1704 1660 1659 1661 1604 1562 1596
699TANJONG 1992101  1654 1639 1596 1602 1595 1592 1586 1599 1620 1615 1610
699TANJONG 1992102  1600 1615 1641 1650 1665 1696 1690 1656 1635 1656 1722
699TANJONG 1992103  1699 1629 1634 1653 1661 1606 1555 1633 1732
699TANJONG 1992111  1727 1750 1726 1724 1723 1662 1636 1696 1792 1968 1875
699TANJONG 1992112  1780 1851 1821 1828 1921 1860 1769 1723 1750 1772 1788
699TANJONG 1992113  1715 1725 1819 1901 1866 1833 1892 1903
699TANJONG 1992121  1896 1950 1959 1863 1861 1804 1761 1750 1725 1733 1752
699TANJONG 1992122  1730 1727 1742 1801 1864 1858 1830 1798 1742 1721 1728
699TANJONG 1992123  1727 1727 1699 1661 1676 1711 1677 1671 1693
699TANJONG 1993 11  1713 1693 1642 1656 1711 1747 1727 1729 1753 1796 1807
699TANJONG 1993 12  1790 1732 1694 1693 1736 1801 1820 1766 1796 1817 1772
699TANJONG 1993 13  1738 1744 1757 1731 1779 1920 1934 1852 1839
699TANJONG 1993 21  1860 1922 1908 1818 1779 1767 1763 1757 1741 1765 1795
699TANJONG 1993 22  1791 1764 1699 1616 1542 1568 1597 1532 1488 1506 1531
699TANJONG 1993 23  1566 1622 1615 1583 1614 1591
699TANJONG 1993 31  1630 1683 1636 1599 1680 1665 1636 1723 1732 1679 1668
699TANJONG 1993 32  1664 1638 1583 1532 1483 1510 1520 1547 1605 1674 1733
699TANJONG 1993 33  1741 1697 1643 1563 1532 1531 1542 1508 1452
699TANJONG 1993 41  1444 1509 1524 1553 1557 1527 1557 1617 1643 1670 1675
699TANJONG 1993 42  1639 1672 1631 1565 1556 1588 1582 1581 1559 1559 1574
699TANJONG 1993 43  1538 1531 1562 1604 1597 1553 1532 1552
699TANJONG 1993 51  1557 1548 1554 1549 1525 1513 1534 1569 1551 1494 1490
699TANJONG 1993 52  1512 1529 1541 1539 1532 1519 1504 1534 1562 1560 1551
699TANJONG 1993 53  1541 1553 1578 1549 1535 1539 1475 1466 1509
699TANJONG 1993 61  1479 1480 1519 1527 1499 1494 1500 1520 1483 1481 1472
699TANJONG 1993 62  1478 1509 1504 1463 1468 1474 1450 1457 1434 1436 1456
699TANJONG 1993 63  1453 1431 1468 1501 1443 1473 1548 1575
699TANJONG 1993 71  1567 1539 1560 1553 1511 1445 1492 1525 1438 1436 1485
699TANJONG 1993 72  1502 1552 1574 1595 1631 1587 1584 1553 1523 1562 1556
699TANJONG 1993 73  1534 1564 1571 1544 1478 1447 1459 1525 1520
699TANJONG 1993 81  1525 1543 1547 1561 1579 1539 1508 1515 1487 1521 1538
699TANJONG 1993 82  1476 1522 1588 1597 1601 1605 1614 1612 1573 1556 1582
699TANJONG 1993 83  1632 1634 1571 1539 1527 1577 1637 1646 1648
699TANJONG 1993 91  1620 1610 1588 1620 1605 1548 1523 1523 1530 1563 1614
699TANJONG 1993 92  1600 1511 1520 1573 1584 1558 1574 1627 1617 1599 1616
699TANJONG 1993 93  1606 1622 1619 1603 1604 1598 1602 1621
699TANJONG 1993101  1635 1610 1608 1610 1660 1755 1734 1729 1739 1695 1706
699TANJONG 1993102  1699 1704 1737 1707 1667 1715 1708 1717 1749 1702 1676
699TANJONG 1993103  1675 1665 1656 1667 1687 1678 1692 1766 1741
699TANJONG 1993111  1784 1837 1811 1760 1785 1775 1798 1752 1700 1667 1634
699TANJONG 1993112  1623 1655 1679 1672 1686 1697 1694 1713 1683 1704 1780
699TANJONG 1993113  1789 1765 1755 1772 1813 1798 1774 1739
699TANJONG 1993121  1746 1767 1747 1744 1699 1752 1892 1846 1726 1759 1772
699TANJONG 1993122  1799 1775 1767 1809 1858 1925 1937 1866 1884 1929 2014
699TANJONG 1993123  2054 2025 2013 1979 1928 1894 1843 1793 1795
699TANJONG 1994 11  1879 1884 1795 1756 1788 1821 1816 1730 1697 9999 9999
699TANJONG 1994 12  9999 9999 9999 9999 9999 9999 9999 9999 9999 9999 9999
699TANJONG 1994 13  9999 9999 9999 9999 9999 9999 9999 9999 9999
699TANJONG 1994 21  9999 1692 1727 1721 1658 1620 1606 1627 1610 1647 1643
699TANJONG 1994 22  1584 1587 1632 1616 1595 1616 1595 1544 1525 1549 1588
699TANJONG 1994 23  1603 1600 1636 1660 1709 1787
699TANJONG 1994 31  1852 1886 1900 1839 1694 1655 1606 1609 1625 1613 1593
699TANJONG 1994 32  1596 1608 1681 1763 1769 1728 1721 1689 1667 1656 1634
699TANJONG 1994 33  1665 1779 1801 1789 1771 1750 1718 1723 1722
699TANJONG 1994 41  1694 1666 1662 1654 1626 1619 1614 1579 1571 1572 1585
699TANJONG 1994 42  1600 1620 1673 1707 1691 1670 1680 1632 1627 1626 1638
699TANJONG 1994 43  1634 1615 1603 1607 1638 1664 1656 1633
699TANJONG 1994 51  1632 1588 1604 1593 1521 1527 1559 1596 1619 1614 1588
699TANJONG 1994 52  1592 1582 1577 1585 1605 1568 1542 1567 1586 1622 1599
699TANJONG 1994 53  1574 1636 1655 1587 1588 1609 1602 1564 1557
699TANJONG 1994 61  1579 1576 1522 1515 1610 1609 1499 1460 1481 9999 9999
699TANJONG 1994 62  9999 9999 9999 9999 9999 1362 1362 9999 9999 9999 9999
699TANJONG 1994 63  1497 1501 1530 1549 1519 1505 1501 1450
699TANJONG 1994 71  1483 1484 1422 1421 1449 1438 1416 1440 1462 1413 1463
699TANJONG 1994 72  1517 1501 1514 1512 1510 1527 1511 1494 1523 1552 1536
699TANJONG 1994 73  1492 1502 1463 1419 1420 1419 1429 1454 1439
699TANJONG 1994 81  1484 1524 1487 1441 1476 1534 1561 1531 1502 1514 1567
699TANJONG 1994 82  1546 1475 1442 1431 1470 1528 1556 1567 1576 1578 1580
699TANJONG 1994 83  1564 1575 1554 1576 1589 1499 1499 1536 1541
699TANJONG 1994 91  1551 1512 1519 1514 1498 1521 1573 1586 1543 1524 1532
699TANJONG 1994 92  1536 1536 1556 1592 1617 1625 1517 1527 1590 1592 1589
699TANJONG 1994 93  1583 1568 1577 1595 1579 1617 1654 1658
699TANJONG 1994101  1660 1683 1683 1692 1722 1709 1677 1703 1699 1687 1663
699TANJONG 1994102  1573 1512 1539 1584 1576 1566 1596 1620 1635 1716 1824
699TANJONG 1994103  1788 1772 1749 1726 1735 1705 1700 1725 1779
699TANJONG 1994111  1814 1793 1760 1783 1756 1733 1807 1869 1787 1740 1793
699TANJONG 1994112  1767 1748 1784 1805 1754 1724 1734 1722 1768 1820 1813
699TANJONG 1994113  1753 1756 1789 1830 1770 1723 1727 1696
699TANJONG 1994121  1680 1674 1696 1736 1729 1709 1715 1751 1728 1667 1646
699TANJONG 1994122  1639 1636 1672 1671 1683 1758 9999 9999 9999 9999 9999
699TANJONG 1994123  9999 9999 1776 1760 1751 1799 1808 1737 1730
699TANJONG 1995 11  1814 1864 1797 1745 1945 2174 2010 1811 1813 1775 1688
699TANJONG 1995 12  1671 1756 1829 1799 1792 1854 1892 1828 1800 1751 1672
699TANJONG 1995 13  1665 1683 1682 1669 1690 1769 1858 1925 2013
699TANJONG 1995 21  2104 2059 2001 2020 2020 2029 1927 1798 1747 1764 1793
699TANJONG 1995 22  1699 1618 1621 9999 9999 9999 9999 9999 9999 9999 9999
699TANJONG 1995 23  9999 9999 1685 1681 9999 9999
699TANJONG 1995 31  9999 9999 9999 9999 9999 9999 9999 9999 1606 1582 1565
699TANJONG 1995 32  1609 1629 1636 1622 1613 1613 1656 1748 1778 1702 1671
699TANJONG 1995 33  1662 1628 1578 1597 1640 1669 1665 1642 1650
699TANJONG 1995 41  1647 1640 1660 1689 1677 1634 9999 9999 9999 9999 9999
699TANJONG 1995 42  9999 9999 9999 9999 9999 9999 9999 9999 9999 1667 1617
699TANJONG 1995 43  1608 1634 1652 1654 1678 1616 1633 9999
699TANJONG 1995 51  9999 9999 9999 9999 9999 9999 9999 9999 9999 9999 9999
699TANJONG 1995 52  9999 9999 9999 9999 9999 9999 9999 9999 9999 9999 9999
699TANJONG 1995 53  9999 9999 9999 9999 9999 9999 9999 9999 9999
699TANJONG 1995 61  9999 9999 9999 9999 9999 9999 9999 9999 9999 9999 9999
699TANJONG 1995 62  9999 9999 9999 9999 9999 9999 9999 9999 9999 9999 9999
699TANJONG 1995 63  9999 9999 9999 9999 9999 9999 9999 9999
699TANJONG 1995 71  1531 1505 1557 1566 1548 1592 1578 1562 1552 1537 1563
699TANJONG 1995 72  1621 1601 1596 1615 1613 1658 1609 1518 1522 1520 1546
699TANJONG 1995 73  1554 9999 9999 1661 1692 1656 9999 9999 9999
699TANJONG 1995 81  9999 9999 9999 1555 1540 1515 1503 1551 1578 1609 1561
699TANJONG 1995 82  1563 1612 1617 1557 1544 1555 1557 1527 1481 1493 1526
699TANJONG 1995 83  1585 1580 1544 1547 1524 1531 1522 1563 9999
699TANJONG 1995 91  9999 9999 9999 9999 9999 9999 9999 9999 9999 9999 9999
699TANJONG 1995 92  9999 9999 9999 9999 9999 9999 9999 9999 9999 9999 9999
699TANJONG 1995 93  9999 9999 9999 9999 9999 9999 9999 9999
699TANJONG 1995101  9999 9999 9999 9999 9999 9999 9999 9999 9999 9999 9999
699TANJONG 1995102  9999 9999 9999 9999 9999 9999 9999 9999 9999 9999 9999
699TANJONG 1995103  9999 9999 9999 9999 9999 9999 9999 9999 9999
699TANJONG 1995111  9999 9999 9999 9999 9999 9999 9999 9999 9999 9999 1694
699TANJONG 1995112  1772 1775 1766 1803 1831 1814 1789 1799 1820 1809 1799
699TANJONG 1995113  1856 1990 2038 1907 1824 9999 9999 9999
699TANJONG 1995121  9999 9999 9999 9999 1928 1947 1929 1922 1945 1960 9999
699TANJONG 1995122  9999 9999 9999 9999 9999 9999 9999 9999 1761 1824 1897
699TANJONG 1995123  1889 1945 2007 1931 1881 1956 2069 2050 1938
699TANJONG 1996 11  1862 1831 1799 1804 1762 1749 1778 1821 1863 1818 1703
699TANJONG 1996 12  1721 1720 1737 1711 1712 1735 1669 1680 1756 1763 1740
699TANJONG 1996 13  1720 1701 1704 1701 1734 1770 1790 1810 1807
699TANJONG 1996 21  1818 1913 1929 1852 1875 1929 1880 1771 1842 1952 1872
699TANJONG 1996 22  1758 1694 1659 1642 1650 1680 1689 1727 1826 1906 1926
699TANJONG 1996 23  1899 1841 1792 1745 1695 1680 1655
699TANJONG 1996 31  1652 1736 1731 1683 1677 1650 1608 1581 1573 1591 1620
699TANJONG 1996 32  1624 1602 1611 1602 1606 1587 1579 1565 9999 9999 9999
699TANJONG 1996 33  9999 9999 9999 9999 9999 9999 9999 9999 9999
699TANJONG 1996 41  9999 9999 9999 9999 9999 9999 9999 1616 1601 1616 1605
699TANJONG 1996 42  1629 1648 1616 1578 1582 1579 1544 1492 1462 1491 1536
699TANJONG 1996 43  1587 1604 1614 1613 1614 1559 1462 1477
699TANJONG 1996 51  1455 1428 1479 1530 1547 1536 1511 1448 1463 1478 1469
699TANJONG 1996 52  1497 1495 1501 1534 1535 1543 1590 1633 1669 1689 1654
699TANJONG 1996 53  1605 1560 1478 1472 1507 1503 1541 1574 1560
699TANJONG 1996 61  1550 1525 1541 1560 1529 1527 1537 1517 1505 1519 1499
699TANJONG 1996 62  1500 1499 1485 1492 1481 1382 1404 1501 1492 1495 1499
699TANJONG 1996 63  1481 1467 1464 1501 1537 1533 1527 1541
699TANJONG 1996 71  1574 1590 1586 1602 1586 1564 1563 1562 1534 1551 1539
699TANJONG 1996 72  1574 1548 1559 1555 1504 1532 1551 1537 1538 1495 1420
699TANJONG 1996 73  1420 1480 1542 1530 1477 1513 1531 1578 1601
699TANJONG 1996 81  1597 1538 1464 1493 1529 1529 1497 1491 1524 1528 1501
699TANJONG 1996 82  1510 1527 1559 1620 1585 1577 1579 1540 1557 1541 1510
699TANJONG 1996 83  1559 1627 1662 1678 1697 1652 1593 1580 1569
699TANJONG 1996 91  1587 1536 1561 1580 1557 1543 1557 1537 1540 1567 1570
699TANJONG 1996 92  1531 1498 1582 1627 1555 1493 1467 1492 1525 1563 1554
699TANJONG 1996 93  1601 1602 1599 1658 1633 1629 1659 1619
699TANJONG 1996101  1639 1615 1576 1607 1623 1582 1584 1590 1610 1641 1634
699TANJONG 1996102  1616 1667 1710 1728 1710 1657 1659 1746 1747 1649 1563
699TANJONG 1996103  1629 1730 1713 1701 1755 1755 1592 1583 1651
699TANJONG 1996111  1699 1640 1584 1665 1665 1659 1695 1700 1660 1627 1607
699TANJONG 1996112  1633 1687 1732 1700 1722 1768 1813 1809 1796 1780 1766
699TANJONG 1996113  1718 1730 1725 1729 1732 1765 1749 1694
699TANJONG 1996121  1702 1737 1763 1776 1795 1813 1850 1818 1801 1839 1906
699TANJONG 1996122  1896 1860 1832 1817 1827 1817 1794 1761 1741 1721 1688
699TANJONG 1996123  1765 1831 1810 1803 1806 1768 1726 1724 1734
699TANJONG 1997 11  1762 1750 1688 1664 1728 1796 1778 1810 1869 1903 1945
699TANJONG 1997 12  1956 1878 1796 1749 1753 1755 1728 1701 1668 1664 1676
699TANJONG 1997 13  1664 1650 1688 1793 1845 1839 1815 1745 1667
699TANJONG 1997 21  1654 1653 1616 1602 1627 1672 1727 1738 1750 1744 1727
699TANJONG 1997 22  1733 1746 1729 1734 1762 1823 1883 1951 1932 1844 1847
699TANJONG 1997 23  1865 1765 1762 1766 1752 1738
699TANJONG 1997 31  1700 1705 1738 1736 1735 1748 1758 1782 1766 1701 1651
699TANJONG 1997 32  1622 1594 1602 1586 1551 1558 1538 1546 1597 1635 1639
699TANJONG 1997 33  1639 1677 1739 1759 1736 1785 1755 1737 1789
699TANJONG 1997 41  1724 1564 1559 1626 1626 1617 1619 1530 1500 1521 1510
699TANJONG 1997 42  1566 1536 1483 1520 1550 1516 1517 1548 1589 1634 1641
699TANJONG 1997 43  1647 1653 1652 1656 1692 1761 1719 1659
699TANJONG 1997 51  1648 1620 1606 1619 1607 1614 1612 1601 1633 1672 1620
699TANJONG 1997 52  1613 1620 1588 1582 1565 1533 1588 1564 1550 1579 1583
699TANJONG 1997 53  1536 1552 1570 1606 1650 1598 1521 1543 1597
699TANJONG 1997 61  1602 1595 1550 1537 1590 1617 1602 1596 1588 1561 1561
699TANJONG 1997 62  1561 1564 1588 1611 1598 1589 1578 1569 1578 1584 1601
699TANJONG 1997 63  1619 1635 1589 1612 1567 1576 1605 1592
699TANJONG 1997 71  1593 1628 1555 1561 1520 1522 1503 1493 1487 1477 1485
699TANJONG 1997 72  1481 1486 1528 1549 1624 1651 1622 1669 1628 1604 1606
699TANJONG 1997 73  1636 1642 1619 1563 1546 1557 1554 1546 1537
699TANJONG 1997 81  1523 1524 1542 1609 1644 1546 1504 1523 1511 1492 1481
699TANJONG 1997 82  1487 1502 1493 1503 1498 1489 1519 1540 1498 1464 1489
699TANJONG 1997 83  1476 1434 1551 1635 1636 1643 1628 1564 1582
699TANJONG 1997 91  1599 1614 1647 1621 1589 1588 1588 1602 1613 1599 1589
699TANJONG 1997 92  1607 1617 1631 1642 1676 1677 1643 1597 1634 1646 1650
699TANJONG 1997 93  1674 1653 1654 1684 1730 1707 1645 1638
699TANJONG 1997101  1623 1634 1635 1622 1632 1682 1659 1604 1545 1573 1650
699TANJONG 1997102  1669 1640 1645 1637 1628 1644 1642 1648 1651 1616 1608
699TANJONG 1997103  1589 1560 1552 1560 1584 1590 1579 1613 1726
699TANJONG 1997111  1798 1714 1648 1829 1899 1767 1741 1716 1702 1673 1649
699TANJONG 1997112  1659 1663 1641 1617 1617 1633 1666 1653 1591 1557 1549
699TANJONG 1997113  1563 1585 1545 1525 1552 1600 1607 1629
699TANJONG 1997121  1681 1738 1777 1782 1764 1765 1786 1793 1823 1820 1828
699TANJONG 1997122  1818 1793 1847 1870 1824 1756 1758 1712 1646 1608 1579
699TANJONG 1997123  1594 1680 1728 1740 1737 1753 1731 1721 1743
699TANJONG 1998 11  1741 1761 1748 1702 1728 1776 1738 1701 1719 1684 1659
699TANJONG 1998 12  1690 1704 1656 1626 1646 1606 1609 1688 1754 1761 1741
699TANJONG 1998 13  1715 1785 1852 1810 1803 1889 1977 1969 1835
699TANJONG 1998 21  1792 1819 1739 1730 1750 1717 1689 1766 1777 1719 1694
699TANJONG 1998 22  1698 1706 1667 1616 1616 1595 1557 1580 1557 1538 1586
699TANJONG 1998 23  1640 1653 1658 1742 1751 1708
699TANJONG 1998 31  1777 1811 1763 1706 1686 1690 1656 1601 1589 1571 1577
699TANJONG 1998 32  1583 1603 1634 1647 1644 1630 1651 1652 1643 1647 1638
699TANJONG 1998 33  1667 1699 1722 1757 1751 1770 1779 1761 1685
699TANJONG 1998 41  1677 1690 1717 1719 1652 1666 1658 1650 1656 1630 1608
699TANJONG 1998 42  1580 1587 1576 1583 1576 1600 1631 1645 1651 1609 1598
699TANJONG 1998 43  1588 1592 1620 1630 1624 1610 1562 1556
699TANJONG 1998 51  1602 1601 1584 1592 1604 1631 1683 1675 1630 1612 1656
699TANJONG 1998 52  1649 1630 1616 1563 1563 1559 1540 1542 1563 1559 1574
699TANJONG 1998 53  1566 1518 1545 1591 1608 1614 1618 1612 1638
699TANJONG 1998 61  1643 1613 1619 1598 1592 1606 1552 1543 1542 1524 1632
699TANJONG 1998 62  1671 1654 1660 1597 1561 1588 1586 1568 1580 1545 1537
699TANJONG 1998 63  1587 1581 1567 1551 1589 1631 1610 1624
699TANJONG 1998 71  1621 1608 1574 1579 1568 1532 1564 1560 1577 1565 1550
699TANJONG 1998 72  1545 1571 1605 1625 1601 1584 1607 1567 1562 1554 1540
699TANJONG 1998 73  1563 1575 1582 1581 1585 1604 1593 1597 1565
699TANJONG 1998 81  1541 1547 1548 1525 1515 1591 1636 1643 1604 1590 1627
699TANJONG 1998 82  1631 1623 1633 1606 1576 1592 1632 1601 1618 1649 1628
699TANJONG 1998 83  1645 1645 1636 1640 1594 1552 1566 1571 1508
699TANJONG 1998 91  1542 1623 1593 1610 1664 1690 1701 1660 1606 1583 1610
699TANJONG 1998 92  1600 1540 1539 1548 1579 1601 1648 1640 1633 1664 1720
699TANJONG 1998 93  1719 1685 1668 1716 1728 1691 1672 1648
699TANJONG 1998101  1661 1726 1731 1735 1764 1771 1749 1761 1748 1770 1757
699TANJONG 1998102  1730 1751 1739 1671 1586 1597 1600 1692 1761 1732 1701
699TANJONG 1998103  1739 1772 1744 1687 1711 1777 1810 1750 1739
699TANJONG 1998111  1750 1723 1708 1727 1734 1746 1772 1781 1802 1833 1865
699TANJONG 1998112  1832 1784 1794 1748 1709 1709 1767 1722 1629 1661 1783
699TANJONG 1998113  1849 1877 1897 1803 1781 1839 1815 1754
699TANJONG 1998121  1715 1723 1751 1784 1815 1828 1876 1970 1973 1868 1816
699TANJONG 1998122  1927 1970 1889 1904 1921 1978 1918 1813 1793 1833 1855
699TANJONG 1998123  1849 1850 1892 1904 1831 1878 1938 1913 1868
699TANJONG 1999 11  1896 1913 1909 1927 1946 1906 1869 1926 1916 1789 1752
699TANJONG 1999 12  1808 1871 1899 1936 2013 2000 1916 1907 1909 1904 1817
699TANJONG 1999 13  1787 1811 1794 1773 1743 1716 1703 1730 1710
699TANJONG 1999 21  1666 1729 1880 2027 1932 1851 1886 1881 1837 1780 1717
699TANJONG 1999 22  1736 1774 1724 1724 1771 1782 1740 1759 1828 1789 1745
699TANJONG 1999 23  1786 1739 1740 1730 1700 1765
699TANJONG 1999 31  1792 1729 1703 1694 1723 1677 1639 1643 1607 1592 1612
699TANJONG 1999 32  1630 1628 1635 1674 1739 1794 1729 1667 1653 1652 1671
699TANJONG 1999 33  1716 1683 1665 1665 1692 1705 1731 1695 1702
699TANJONG 1999 41  1705 1712 1749 1734 1707 1748 1779 1763 1698 1629 1635
699TANJONG 1999 42  1656 1655 1677 1640 1625 1640 1677 1695 1710 1670 1619
699TANJONG 1999 43  1614 1642 1625 1581 1565 1574 9999 9999
699TANJONG 1999 51  9999 9999 9999 1789 1757 1695 1645 1591 1578 1598 1626
699TANJONG 1999 52  1649 1691 1685 1651 1671 1680 1667 1646 9999 9999 9999
699TANJONG 1999 53  9999 9999 9999 9999 9999 9999 9999 9999 9999
699TANJONG 1999 61  9999 9999 1545 1559 1547 1582 1573 1577 1616 1629 1634
699TANJONG 1999 62  1591 1584 1601 1599 1588 1572 1568 1578 1576 1596 1596
699TANJONG 1999 63  1555 1564 1553 1547 1561 1576 1563 1528
699TANJONG 1999 71  1512 1585 1622 1586 1612 1607 1545 1529 1541 1529 1501
699TANJONG 1999 72  1519 1545 1568 1579 1560 1579 1589 1560 1548 1496 1483
699TANJONG 1999 73  1495 1412 1389 1474 1521 1558 1585 1591 1578
699TANJONG 1999 81  1580 1550 1540 1545 1589 1592 1568 1575 1636 1628 1591
699TANJONG 1999 82  1612 1660 1656 1593 1595 1620 1619 1600 1572 1573 1574
699TANJONG 1999 83  1599 1647 1646 1622 1635 1632 1594 1633 1643
699TANJONG 1999 91  1614 1637 1634 1551 1551 1639 1673 1716 1698 1635 1605
699TANJONG 1999 92  1623 1630 1592 1534 1559 1631 1645 1583 1579 1606 1644
699TANJONG 1999 93  1679 1709 1733 1768 1780 1738 1759 1759
699TANJONG 1999101  1732 1708 1712 1699 1722 1693 1671 1748 1749 1728 1774
699TANJONG 1999102  1797 1734 1682 1672 1691 1752 1749 1730 1817 1889 1896
699TANJONG 1999103  1863 1766 1796 1859 1856 1815 1807 1766 1720
699TANJONG 1999111  1723 1734 1714 1739 1751 1775 1799 1801 1799 1802 1761
699TANJONG 1999112  1701 1728 1750 1723 1761 1790 1834 1844 1870 1889 1807
699TANJONG 1999113  1801 1852 1844 1857 1852 1813 1848 1871
699TANJONG 1999121  1853 1873 1821 1775 1813 1832 1934 1992 1999 1975 1950
699TANJONG 1999122  1913 1858 1822 9999 9999 9999 1813 1961 2153 2219 2359
699TANJONG 1999123  2356 2211 2110 2047 2007 1938 1901 1931 1922
699TANJONG 2000 11  1844 1824 1858 1830 1757 1679 1718 1800 1813 1754 1745
699TANJONG 2000 12  1757 1727 1726 1731 1726 1702 1748 1861 1961 1940 1853
699TANJONG 2000 13  1806 1834 1908 1988 1959 2022 2007 2003 2065
699TANJONG 2000 21  2059 1966 1881 1850 1895 1873 1875 1926 1929 1808 1716
699TANJONG 2000 22  1760 1768 1748 1771 1806 1795 1744 1738 1756 1751 1735
699TANJONG 2000 23  1684 1645 1695 1861 1926 1820 1806
699TANJONG 2000 31  1859 1839 1851 1849 1798 1779 1747 1746 1760 1743 1726
699TANJONG 2000 32  1691 1690 1700 1705 1726 1755 1763 1731 1725 1728 1700
699TANJONG 2000 33  1715 1749 1800 1761 1739 1745 1719 1712 1681
699TANJONG 2000 41  1639 1615 1601 1602 1626 1639 1670 1691 1704 1710 1703
699TANJONG 2000 42  1670 1641 1653 1636 1644 1646 1626 1640 1675 1682 1647
699TANJONG 2000 43  1630 1608 1578 1578 1576 1581 1598 1579
699TANJONG 2000 51  1590 1639 1630 1630 1649 1641 1675 1683 1653 1619 1593
699TANJONG 2000 52  1551 1548 1581 1586 1569 1609 1617 1618 1632 1654 1680
699TANJONG 2000 53  1706 1686 1653 1642 1618 1585 1601 1566 1531
699TANJONG 2000 61  1589 1645 1684 1705 1712 1638 1606 1549 1470 1519 1546
699TANJONG 2000 62  1502 1515 1531 1522 1549 1613 1612 1597 1624 1606 1600
699TANJONG 2000 63  1582 1585 1573 1573 1612 1635 1636 1626
699TANJONG 2000 71  1649 1654 1623 1584 1562 1596 1613 1595 1601 1587 1589
699TANJONG 2000 72  1672 1673 1617 1574 1569 1585 1651 1662 1629 1628 1621
699TANJONG 2000 73  1594 1578 1546 1548 1571 1592 1620 1650 1643
699TANJONG 2000 81  1628 1600 1576 1592 1561 1610 1649 1646 1648 1652 1608
699TANJONG 2000 82  1560 1568 1584 1576 1521 1591 1628 1619 1548 1460 1437
699TANJONG 2000 83  1462 1544 1605 1651 1625 1591 1624 1657 1641
699TANJONG 2000 91  1636 1656 1668 1567 1562 1620 1597 1574 1573 1549 1614
699TANJONG 2000 92  1730 1743 1729 1737 1738 1769 1779 1749 1751 1740 1724
699TANJONG 2000 93  1692 1685 1710 1681 1663 1676 1695 1715
699TANJONG 2000101  1706 1672 1677 1665 1563 1554 1578 1601 1605 1616 1592
699TANJONG 2000102  1619 1637 1681 1777 1810 1814 1780 1735 1729 1717 1742
699TANJONG 2000103  1735 1720 1729 1732 1718 1687 1672 1755 1823
699TANJONG 2000111  1874 1962 1916 1797 1784 1821 1818 1822 1850 1806 1791
699TANJONG 2000112  1814 1829 1863 1873 1834 1805 1861 1839 1823 1930 1933
699TANJONG 2000113  1826 1798 1806 1783 1812 1869 1845 1759
699TANJONG 2000121  1748 1813 1802 1818 1855 1889 1878 1821 1828 1861 1823
699TANJONG 2000122  1810 1764 1823 1896 1897 1864 9999 9999 9999 1789 1902
699TANJONG 2000123  1988 1961 1878 1839 1822 1801 1771 1817 1908
699TANJONG 2001 11  1947 1829 1749 1761 1796 1829 1803 1822 1840 1807 1798
699TANJONG 2001 12  1819 1802 1852 1940 1950 1840 1765 1835 1858 1837 1821
699TANJONG 2001 13  1757 1736 1717 1698 1727 1794 9999 9999 9999
699TANJONG 2001 21  9999 9999 9999 9999 9999 1816 1796 1817 1846 1838 1881
699TANJONG 2001 22  1895 1856 1958 2072 1954 1809 1771 1740 1766 1770 1734
699TANJONG 2001 23  1690 1691 1719 1753 1727 1739
699TANJONG 2001 31  1826 1905 1812 1774 1811 1739 1694 1725 1743 1732 1729
699TANJONG 2001 32  1771 1812 1721 1706 1704 1666 1665 1662 1646 1649 1680
699TANJONG 2001 33  1659 1593 1567 1573 1580 1599 1643 1677 1661
699TANJONG 2001 41  1696 1729 1703 1700 1699 1681 1662 1645 1656 1657 1610
699TANJONG 2001 42  1643 1669 1676 1679 1674 1635 1625 1629 1618 1630 1633
699TANJONG 2001 43  1629 1616 1630 1675 1691 1655 1635 1650
699TANJONG 2001 51  1672 1655 1642 1663 9999 9999 9999 9999 9999 9999 9999
699TANJONG 2001 52  9999 9999 9999 9999 9999 9999 9999 9999 9999 9999 9999
699TANJONG 2001 53  9999 9999 9999 9999 9999 9999 9999 9999 9999
699TANJONG 2001 61  9999 9999 9999 9999 9999 9999 9999 9999 9999 9999 9999
699TANJONG 2001 62  9999 9999 9999 9999 9999 9999 9999 9999 9999 9999 9999
699TANJONG 2001 63  9999 9999 9999 9999 9999 9999 9999 9999
699TANJONG 2001 71  9999 9999 1468 1571 1530 1466 1520 1585 1646 1671 1638
699TANJONG 2001 72  1619 1587 1610 1590 1565 1583 1574 1592 1615 1622 1653
699TANJONG 2001 73  1703 1705 1651 1607 1628 1617 1635 1650 1611
699TANJONG 2001 81  1576 1628 1650 1668 1587 1537 1652 1626 1559 1559 1581
699TANJONG 2001 82  1613 1630 1596 1563 1540 1569 1621 1694 1717 1663 1631
699TANJONG 2001 83  1649 1667 1621 1596 1570 1576 1622 1590 1595
699TANJONG 2001 91  1672 1680 1617 1595 1652 1650 1650 1637 1611 1656 1648
699TANJONG 2001 92  1635 1670 1717 1721 1717 1718 1717 1684 1664 1710 1743
699TANJONG 2001 93  1718 1695 1681 1690 1712 1723 1705 1730
699TANJONG 2001101  1733 1703 1639 1646 1684 1671 1637 1619 1672 1739 1726
699TANJONG 2001102  1713 1731 1753 1795 1746 1746 1753 1727 1738 1736 1759
699TANJONG 2001103  1803 1799 1779 1759 1753 1731 1725 1707 1645
699TANJONG 2001111  1678 1715 1723 1764 1769 1730 1769 1794 1820 1860 1839
699TANJONG 2001112  1802 1870 1884 1871 1981 2011 1969 1962 1974 1966 1908
699TANJONG 2001113  1879 1870 1877 1896 1904 1777 1730 1772
699TANJONG 2001121  1801 1840 1847 1808 1802 1823 1855 1790 1734 1801 1845
699TANJONG 2001122  1838 1856 1863 1835 1767 1786 1876 1932 1931 1923 1937
699TANJONG 2001123  1983 2007 1979 1930 9999 9999 1983 1984 9999
699TANJONG 2002 11  9999 9999 9999 9999 9999 9999 9999 9999 9999 9999 9999
699TANJONG 2002 12  9999 9999 9999 9999 9999 9999 9999 9999 9999 9999 9999
699TANJONG 2002 13  9999 9999 9999 9999 9999 9999 9999 9999 9999
699TANJONG 2002 21  9999 9999 9999 9999 9999 9999 1690 1649 1660 1693 1802
699TANJONG 2002 22  1892 1814 1773 1793 1786 1794 1797 1822 1831 1732 1679
699TANJONG 2002 23  1705 1735 1765 1773 1770 1747
699TANJONG 2002 31  1745 1735 1744 1760 1690 1674 1787 1812 1739 1732 1726
699TANJONG 2002 32  1711 1683 1641 1625 1611 1626 1714 1785 1720 1638 1627
699TANJONG 2002 33  1608 1607 1640 1654 1676 1712 1695 1625 1652
699TANJONG 2002 41  1679 1663 1622 1628 1605 1556 1533 1545 1572 1554 1633
699TANJONG 2002 42  1705 1770 1743 1694 1656 1649 1686 1684 1662 1650 1641
699TANJONG 2002 43  1653 1681 1675 1690 1708 1699 1734 1737
699TANJONG 2002 51  1714 1707 1741 1730 1678 1644 1589 1578 1606 1604 1600
699TANJONG 2002 52  1632 1647 1639 1623 1623 1637 1636 1600 1598 1563 1547
699TANJONG 2002 53  1577 1593 1612 1607 1605 1656 1698 1684 1663
699TANJONG 2002 61  1631 1623 1593 1558 1589 1626 1614 1602 1640 1683 1675
699TANJONG 2002 62  1641 1630 1618 1624 1602 1575 1560 1570 1544 1513 1554
699TANJONG 2002 63  1591 1607 1622 1610 1649 1628 1584 1611
699TANJONG 2002 71  1552 1507 1525 1523 1470 1457 1490 1502 1535 1545 1578
699TANJONG 2002 72  1578 1603 1605 1573 1603 1622 1613 1589 1567 1596 1607
699TANJONG 2002 73  1572 1552 1598 1605 1624 1657 1603 1619 1690
699TANJONG 2002 81  1673 1612 1570 1540 1538 1596 1639 1633 1640 1606 1568
699TANJONG 2002 82  1551 1571 1563 1507 1506 1543 1522 1520 1627 1733 1760
699TANJONG 2002 83  1736 1680 1687 1666 1619 1613 1622 1639 1587
699TANJONG 2002 91  1598 1592 1541 1531 1595 1685 1677 1591 1596 1609 1585
699TANJONG 2002 92  1633 1639 1564 1567 1535 1475 1508 1583 1598 1593 1621
699TANJONG 2002 93  1663 1679 1719 1756 1701 1640 1599 1579
699TANJONG 2002101  1607 1646 1683 1691 1684 1673 1678 1726 1802 1843 1813
699TANJONG 2002102  1751 1736 1727 1698 1668 1647 1635 1631 1624 1621 1622
699TANJONG 2002103  1648 1695 1682 1688 1711 1712 1687 1697 1699
699TANJONG 2002111  1721 1767 1765 1798 1878 1853 1788 1799 1849 1795 1729
699TANJONG 2002112  1728 1742 1719 1671 1657 1685 1767 1723 1673 1692 1752
699TANJONG 2002113  1783 1812 1868 1852 1811 1763 1726 1745
699TANJONG 2002121  1777 1784 1769 1757 1727 1733 1741 1770 1811 1818 1774
699TANJONG 2002122  1762 1843 1908 1830 1814 1815 1799 1780 1756 1720 1737
699TANJONG 2002123  1800 1833 1819 1812 1768 1803 1888 1898 1899
699TANJONG 2003 11  1923 1930 1879 1890 1923 1851 1860 2020 1972 1858 1904
699TANJONG 2003 12  1964 1872 1800 1836 1888 1895 1872 1851 1858 1802 1703
699TANJONG 2003 13  1698 1732 1737 1715 1724 1847 1962 1869 1788
699TANJONG 2003 21  1795 1901 1943 1937 1959 2000 1922 1819 1784 1761 1779
699TANJONG 2003 22  1817 1799 1708 1710 1701 1749 1777 1770 1765 1759 1704
699TANJONG 2003 23  1670 1684 1717 1724 1678 1665
699TANJONG 2003 31  1675 1687 1666 1647 1640 1617 1634 1696 1774 1792 1833
699TANJONG 2003 32  1841 1791 1742 1707 1686 1697 1712 1716 1724 1709 1727
699TANJONG 2003 33  1763 1746 1733 1743 1698 1682 1654 1632 1636
699TANJONG 2003 41  1616 1585 1565 1575 1563 1589 1614 1611 1622 1636 1602
699TANJONG 2003 42  1577 1619 1657 1661 1655 1638 1618 1631 1655 1669 1661
699TANJONG 2003 43  1608 1578 1610 1634 1654 1645 1652 1640
699TANJONG 2003 51  1648 1644 1589 1588 1621 1643 1604 1560 1593 1604 1636
699TANJONG 2003 52  1627 1663 1641 1652 1689 1672 1624 1619 1619 1631 1629
699TANJONG 2003 53  1617 1589 1574 1559 1537 1519 1490 1522 1564
699TANJONG 2003 61  1604 1632 1656 1660 1653 1656 1633 1589 1584 1569 1544
699TANJONG 2003 62  1548 1576 1580 1580 1573 1554 1567 1597 1620 1611 1615
699TANJONG 2003 63  1601 1568 1533 1528 1519 1527 1521 1558
699TANJONG 2003 71  1590 1567 1589 1566 1554 1566 1547 1538 1597 1590 1583
699TANJONG 2003 72  1581 1598 1623 1648 1625 1561 1549 1525 1468 1438 1433
699TANJONG 2003 73  1453 1501 1586 1578 1587 1612 1581 1577 1620
699TANJONG 2003 81  1608 1537 1471 1503 1540 1513 1564 1601 1567 1596 1617
699TANJONG 2003 82  1621 1643 1637 1646 1612 1503 1517 1572 1590 1588 1639
699TANJONG 2003 83  1610 1564 1633 1687 1710 1672 1666 1630 1564
699TANJONG 2003 91  1626 1553 1520 1578 1609 1603 1608 1549 1507 1629 1669
699TANJONG 2003 92  1643 1644 1643 1608 1617 1621 1618 1572 1529 1574 1598
699TANJONG 2003 93  1641 1687 1653 1685 1743 1736 1735 1746
699TANJONG 2003101  1744 1755 1722 1739 1752 1691 1695 1719 1767 1725 1667
699TANJONG 2003102  1607 1649 1668 1632 1666 1672 1695 1736 1713 1697 1763
699TANJONG 2003103  1836 1895 1814 1787 1856 1848 1813 1788 1746
699TANJONG 2003111  1735 1743 1742 1761 1769 1703 1713 1736 1726 1740 1755
699TANJONG 2003112  1774 1775 1791 1872 1862 1811 1796 1770 1761 1761 1804
699TANJONG 2003113  1847 1802 1803 1918 1999 2022 1987 1957
699TANJONG 2003121  1952 1888 1925 1932 1855 1867 1931 1921 1829 1789 1845
699TANJONG 2003122  1897 1977 2011 1994 1949 1919 1925 1987 2133 2045 1913
699TANJONG 2003123  1893 1845 1828 1868 1942 1900 1830 1851 1846
699TANJONG 2004 11  1825 1797 1790 1751 1711 1708 1734 1726 1712 1730 1725
699TANJONG 2004 12  9999 9999 1782 1751 1708 1727 1724 1692 1663 1747 1905
699TANJONG 2004 13  2016 1998 2018 1962 1834 1854 1778 1710 1723
699TANJONG 2004 21  1685 1568 1565 1596 1670 1730 1826 1836 1892 1970 1916
699TANJONG 2004 22  1879 1916 1884 1777 1683 1662 1678 1693 1696 1655 1625
699TANJONG 2004 23  1660 1656 1595 1604 1656 1670 1616
699TANJONG 2004 31  1572 1595 1611 1669 1756 1839 2010 2083 1909 1819 9999
699TANJONG 2004 32  9999 1670 1651 1684 1644 1617 1662 1706 1721 1722 1709
699TANJONG 2004 33  1724 1701 1682 1687 1663 1683 1654 1614 1644
699TANJONG 2004 41  1656 1644 1676 1674 1649 1666 1662 1655 1665 1701 1680
699TANJONG 2004 42  1611 1628 1645 1602 1589 1615 1611 1618 1650 1651 1636
699TANJONG 2004 43  1633 1588 1609 1612 1590 1633 1650 1641
699TANJONG 2004 51  1643 1636 1670 1690 1669 1658 1622 1598 1634 1648 1623
699TANJONG 2004 52  1606 1636 1658 1637 1621 1646 1637 1627 1592 1556 1603
699TANJONG 2004 53  1586 1532 1585 1657 1655 1657 1652 1633 1599
699TANJONG 2004 61  1649 1639 1635 1663 1662 1685 1663 1663 1676 1666 1663
699TANJONG 2004 62  1640 1632 1633 1635 1602 1604 1589 1543 9999 9999 9999
699TANJONG 2004 63  1457 1532 1550 1486 1512 1549 1582 1570
699TANJONG 2004 71  1559 1565 1614 1633 1641 1651 1634 1572 1546 1574 1592
699TANJONG 2004 72  1595 1627 1632 1615 1593 1533 1531 1597 1611 1546 1628
699TANJONG 2004 73  1652 1581 1579 1606 1565 1641 1658 1618 9999
699TANJONG 2004 81  9999 9999 1608 1633 1563 1553 9999 9999 9999 9999 9999
699TANJONG 2004 82  1521 1522 1509 1537 1572 1573 1569 1565 1604 1638 1607
699TANJONG 2004 83  1582 1595 1535 1511 1558 1578 1576 1621 1653
699TANJONG 2004 91  1649 1639 1631 1649 1664 1636 1630 1612 1613 1625 1656
699TANJONG 2004 92  1665 1653 1665 1692 1676 1674 1682 1665 1644 1630 1645
699TANJONG 2004 93  1659 1660 1688 1696 1698 1757 1762 1631
699TANJONG 2004101  1607 1674 1662 1610 1623 1666 1727 1716 1700 1730 1692
699TANJONG 2004102  1734 1801 1801 1764 1773 1820 1826 1804 1814 1812 1798
699TANJONG 2004103  1782 1805 1861 1916 1948 1886 1822 1834 1800
699TANJONG 2004111  1802 1823 1803 1790 1715 1705 1744 1719 1711 1712 1719
699TANJONG 2004112  1767 1775 1738 1752 1804 1847 1874 1936 1917 1890 1879
699TANJONG 2004113  1888 1827 1810 1813 1830 1785 1809 1847
699TANJONG 2004121  1834 1777 1777 1784 1852 1923 1851 1804 1864 1898 1911
699TANJONG 2004122  1937 1970 1905 1815 1801 1848 1815 1754 1789 1796 1738
699TANJONG 2004123  1710 1733 1791 1778 1785 1833 1873 1870 1943
699TANJONG 2005 11  2042 2027 1882 1852 1871 1856 1789 1819 1870 1825 1778
699TANJONG 2005 12  1805 1851 1874 1894 1879 1840 1773 1696 1685 1704 1721
699TANJONG 2005 13  1698 1660 1644 1658 1645 1649 1645 1648 1634
699TANJONG 2005 21  1683 1690 1647 1644 1655 1643 1668 1700 1704 1729 1786
699TANJONG 2005 22  1770 1693 1701 1703 1669 1631 1574 1606 1713 1766 1735
699TANJONG 2005 23  1696 1671 1676 1657 1612 1615
699TANJONG 2005 31  1661 1686 1674 1750 1921 1994 1851 1708 1692 1666 1613
699TANJONG 2005 32  1629 1655 1700 1732 1675 1680 1740 1717 1613 1596 1634
699TANJONG 2005 33  1626 1658 1750 1701 1609 1610 1647 1626 1576
699TANJONG 2005 41  1574 1578 1655 1711 1741 1650 1641 1644 1571 1587 1580
699TANJONG 2005 42  1588 1597 1626 1625 1615 1602 1635 9999 9999 9999 9999
699TANJONG 2005 43  9999 9999 9999 9999 1594 1573 1573 1601
699TANJONG 2005 51  1582 1568 1605 1595 1572 1549 1543 1519 1525 1512 1492
699TANJONG 2005 52  1473 1548 1568 1527 1535 1549 1550 1588 1608 1621 1620
699TANJONG 2005 53  1644 1642 1607 1578 1594 1620 1584 1589 1604
699TANJONG 2005 61  1585 1612 1619 1626 1610 1603 9999 9999 9999 1662 1654
699TANJONG 2005 62  1610 1555 1593 1553 1560 1602 1592 1600 1600 1558 1529
699TANJONG 2005 63  1559 1580 1568 1571 1555 1548 1539 1520
699TANJONG 2005 71  1590 1594 1548 1542 1567 1569 1576 1590 1639 1639 1599
699TANJONG 2005 72  1575 1603 1647 1610 1543 1558 1569 1487 1453 1518 1594
699TANJONG 2005 73  1624 1617 1612 1524 1532 1560 1540 1524 1577
699TANJONG 2005 81  1631 1609 1572 1540 1553 1524 1514 1523 1509 1542 1548
699TANJONG 2005 82  1465 1466 1551 1577 1610 1623 1554 1572 1632 1613 1590
699TANJONG 2005 83  1603 1590 1598 1571 1550 1519 1519 1538 1604
699TANJONG 2005 91  1659 1629 1643 1687 1707 1715 1684 1598 1645 1699 1687
699TANJONG 2005 92  1699 1672 1660 1740 1677 1596 1629 1677 1637 1665 1691
699TANJONG 2005 93  1617 1552 1517 1515 1585 1701 1705 1700
699TANJONG 2005101  9999 9999 9999 1587 1596 1655 1676 1671 1706 1712 1676
699TANJONG 2005102  1724 1760 1761 1774 1748 1702 1762 1812 1744 1715 1758
699TANJONG 2005103  1734 1751 1765 1721 1725 1687 1698 1706 1706
699TANJONG 2005111  1717 1753 1763 1755 1738 1695 1674 1713 1713 1670 1673
699TANJONG 2005112  1672 1657 1653 1675 1734 1760 1770 1894 2078 2085 9999
699TANJONG 2005113  9999 1883 1858 1863 1851 1836 1849 1818
699TANJONG 2005121  1787 1724 1725 1770 1773 1804 1848 1854 1888 1899 1855
699TANJONG 2005122  1888 1862 1800 1830 1927 2020 2066 2013 1929 1905 2021
699TANJONG 2005123  2074 1875 1785 1814 1837 1798 1766 1774 1834
699TANJONG 2006 11  1891 1905 1870 1844 1853 1899 2005 2042 1973 2024 1950
699TANJONG 2006 12  1817 1764 1758 1746 1728 1702 1675 1675 1675 1665 1742
699TANJONG 2006 13  1876 1920 1805 1770 1858 1883 1883 1845 1820
699TANJONG 2006 21  1840 1853 1800 1827 1863 1784 1783 1885 1842 1764 1728
699TANJONG 2006 22  1777 1828 1778 1687 1669 1689 1707 1715 1768 1828 1806
699TANJONG 2006 23  1812 1821 1760 1694 1731 1777
699TANJONG 2006 31  1776 1838 1910 1838 1717 1646 1625 1627 1608 1612 1624
699TANJONG 2006 32  1631 1653 1633 1642 1739 1773 1753 1716 1711 1675 1622
699TANJONG 2006 33  1607 1635 1659 1654 1630 1639 1686 1710 1653
699TANJONG 2006 41  1627 1646 1649 1640 1617 1620 1624 1605 1586 1595 1572
699TANJONG 2006 42  1612 1626 1616 1615 1646 1713 1732 1705 1689 1668 1654
699TANJONG 2006 43  1647 1659 1655 1638 1573 1595 1621 1612
699TANJONG 2006 51  1592 1583 1606 1597 1574 1546 1556 1633 1667 1645 1631
699TANJONG 2006 52  1633 1620 1630 1630 1662 1711 1739 1757 1775 1724 1645
699TANJONG 2006 53  1582 1665 1697 1639 1590 1542 1568 1577 1565
699TANJONG 2006 61  1552 1545 1563 1574 1558 1550 1546 1512 1473 1469 1463
699TANJONG 2006 62  1490 1539 1570 1570 1542 1554 1604 1650 1605 1618 1649
699TANJONG 2006 63  1612 1586 1548 1559 1522 1499 1537 1539
699TANJONG 2006 71  1525 1521 1541 1573 1563 1513 1517 1556 1535 1508 1485
699TANJONG 2006 72  1465 1526 1573 1546 1578 1644 1621 1582 1535 1536 1546
699TANJONG 2006 73  1542 1530 1550 1582 1593 1616 1613 1588 1521
699TANJONG 2006 81  1557 1580 1513 1496 1561 1587 1536 1521 1565 1619 1628
699TANJONG 2006 82  1600 1559 1545 1546 1602 1648 1619 1567 1572 1589 1572
699TANJONG 2006 83  1578 1619 1638 1620 1610 1603 1612 1636 1555
699TANJONG 2006 91  1532 1570 1553 1569 1584 1652 1712 1697 1694 1679 1664
699TANJONG 2006 92  1679 1687 1687 1668 1631 1565 1554 1580 1644 1657 1621
699TANJONG 2006 93  1646 1626 1571 1633 1682 1677 1677 1572
699TANJONG 2006101  1463 1546 1669 1704 1736 1721 1708 1718 1707 1705 1720
699TANJONG 2006102  1709 1689 1668 1663 1674 1687 9999 1693 1721 1709 1691
699TANJONG 2006103  1712 1761 1771 1727 1679 1674 1746 1808 1805
699TANJONG 2006111  1788 1820 1851 1837 1831 1822 1812 1791 1757 1750 1727
699TANJONG 2006112  1774 1738 1658 1683 1728 1752 1752 1720 1686 1678 1629
699TANJONG 2006113  1641 1671 1684 1673 1661 1655 1675 1689
699TANJONG 2006121  1736 1751 1779 1831 1792 1821 1835 1832 1827 1808 1801
699TANJONG 2006122  1773 1734 1751 1841 1937 2083 2136 2033 1982 2146 2219
699TANJONG 2006123  2088 1973 1948 1956 1971 1991 1885 1802 1804
699TANJONG 2007 11  1786 1805 1795 1799 1855 1834 1819 1886 1909 1907 1933
699TANJONG 2007 12  9999 9999 9999 9999 1736 1714 1713 1761 1802 1790 1815
699TANJONG 2007 13  1819 1853 1892 1900 1895 1971 1915 1796 1775
699TANJONG 2007 21  1807 1832 1797 1742 1727 1726 1735 1691 1656 1651 1632
699TANJONG 2007 22  1626 1616 1577 1600 1645 1636 1627 1653 1652 1610 1613
699TANJONG 2007 23  1624 1651 1634 1626 1649 1684
699TANJONG 2007 31  1633 1632 1691 1691 1657 1647 1671 1671 1680 1757 1800
699TANJONG 2007 32  1740 1667 1617 1619 1637 1656 1685 1683 1691 1759 1792
699TANJONG 2007 33  1716 1687 1673 1644 1643 1645 1650 1653 1647
699TANJONG 2007 41  1587 1576 1611 1680 1734 1758 1780 1799 1766 1722 1705
699TANJONG 2007 42  1733 1715 1683 1664 1653 1627 1636 1622 1642 1670 1653
699TANJONG 2007 43  1655 1646 1643 1641 1675 1653 1622 1644
699TANJONG 2007 51  1642 1612 1685 1669 1574 1571 1623 1631 1629 1623 1635
699TANJONG 2007 52  1669 1694 1699 1672 1667 1661 1656 1628 1613 1585 1551
699TANJONG 2007 53  1532 1546 1550 1542 1545 1544 1553 1542 1547
699TANJONG 2007 61  1562 1568 1592 1592 1578 1555 1590 1576 1576 1594 1572
699TANJONG 2007 62  1555 1612 1637 1610 1633 1626 1621 1658 1640 1640 1667
699TANJONG 2007 63  1558 1509 1484 1465 1550 1566 1515 1541
699TANJONG 2007 71  1541 1531 1544 1546 1522 1548 1552 1530 1467 1468 1516
699TANJONG 2007 72  1506 1530 1575 1589 1610 1619 1631 1627 1638 1640 1611
699TANJONG 2007 73  1551 1514 1547 1589 1565 1601 1609 1572 1564
699TANJONG 2007 81  1579 1572 1557 1524 1534 1575 1573 1510 1475 1533 1614
699TANJONG 2007 82  1623 1610 1602 1552 1525 1543 1541 1533 1485 1531 1565
699TANJONG 2007 83  1560 1566 1580 1603 1637 1617 1598 1654 1690
699TANJONG 2007 91  1691 1679 1571 1516 1581 1643 1636 1574 1629 1607 1554
699TANJONG 2007 92  1598 1680 1677 1653 1607 1576 1587 1615 1547 1561 1631
699TANJONG 2007 93  1645 1636 1692 1703 1647 1623 1614 1626
699TANJONG 2007101  1590 1539 1575 1666 1713 1735 1689 1611 1606 1653 1690
699TANJONG 2007102  1677 1673 1684 1696 1700 1720 1765 1769 1767 1793 1720
699TANJONG 2007103  1681 1709 1725 1741 1747 1767 1794 1785 1717
699TANJONG 2007111  1734 1770 1818 1838 1790 1785 1853 1851 1810 1808 1857
699TANJONG 2007112  1846 1834 1846 1867 1847 1821 1828 1853 1874 1873 1875
699TANJONG 2007113  1884 1931 1979 1965 1944 1972 2017 2000
699TANJONG 2007121  1923 1889 1940 2007 2001 1865 1852 1958 1983 1911 1841
699TANJONG 2007122  1830 1826 1828 1807 1809 1777 1775 1858 1803 1739 1753
699TANJONG 2007123  1782 1837 1866 1861 1840 1865 1899 1946 2067
699TANJONG 2008 11  2053 2004 1964 1933 1906 1889 1857 1836 1788 1743 1710
699TANJONG 2008 12  1674 1704 1764 1769 1804 1888 1885 1892 1838 1854 1917
699TANJONG 2008 13  1925 1839 1791 1845 1880 1855 1808 1775 1813
699TANJONG 2008 21  1783 1752 1788 1861 1833 1793 1852 1895 1912 1902 1841
699TANJONG 2008 22  1829 1898 1881 1846 1849 1854 1824 1868 1943 1938 1865
699TANJONG 2008 23  1814 1794 1754 1736 1760 1806 1781
699TANJONG 2008 31  1784 1868 1847 1829 1846 1745 1750 1807 1854 1860 1827
699TANJONG 2008 32  1817 1731 1706 1718 1712 1691 1707 1717 1687 1709 1694
699TANJONG 2008 33  1661 1707 1770 1732 1713 1727 1686 1638 1647
699TANJONG 2008 41  1655 1668 1713 1720 1730 1699 1698 1701 1681 1670 1671
699TANJONG 2008 42  1656 1619 1685 1703 1696 1674 1698 1713 1734 1748 1724
699TANJONG 2008 43  1759 1720 1702 1668 1696 1757 1733 1700
699TANJONG 2008 51  1678 1680 1665 1679 1656 1662 1640 1625 1611 1596 1612
699TANJONG 2008 52  1613 1622 1668 1724 1734 1702 1692 1677 1656 1690 1708
699TANJONG 2008 53  1691 1690 1702 1683 1613 1613 1626 1607 1595
699TANJONG 2008 61  1607 1628 1610 1636 1683 1669 1630 1582 1603 1586 1515
699TANJONG 2008 62  1549 1616 1571 1607 1586 1595 1600 1579 1558 1550 1501
699TANJONG 2008 63  1495 1513 1547 1591 1576 1612 1646 1601
699TANJONG 2008 71  1567 1601 1605 1551 1602 1650 1658 1626 1623 1618 1558
699TANJONG 2008 72  1588 1630 1605 1568 1586 1617 1620 1636 1686 1662 1643
699TANJONG 2008 73  1602 1627 1592 1556 1548 1583 1587 1574 1623
699TANJONG 2008 81  1648 1660 1649 1629 1598 1581 1588 1603 1623 1584 1588
699TANJONG 2008 82  1603 1594 1627 1616 1631 1669 1648 1611 1632 1636 1619
699TANJONG 2008 83  1625 1641 1630 1668 1674 1659 1669 1698 1682
699TANJONG 2008 91  1702 1722 1687 1690 1660 1594 1624 1653 1583 1516 1566
699TANJONG 2008 92  1627 1662 1658 1573 1583 1623 1674 1657 1648 1633 1593
699TANJONG 2008 93  1556 1521 1572 1569 1570 1632 1644 1621
699TANJONG 2008101  1644 1754 1761 1713 1696 1677 1645 1649 1668 1721 1724
699TANJONG 2008102  1744 1751 1775 1804 1800 1793 1810 1825 1828 1831 1773
699TANJONG 2008103  1705 1650 1672 1682 1716 1737 1739 1716 1700
699TANJONG 2008111  1735 1750 1673 1714 1746 1738 1712 1725 1762 1794 1900
699TANJONG 2008112  2042 2047 1963 1887 1901 1895 1877 1908 1895 1862 1835
699TANJONG 2008113  1894 1897 1895 1866 1851 1907 1944 1970
699TANJONG 2008121  1998 1978 1962 1962 1956 1968 1955 1932 1964 1990 2011
699TANJONG 2008122  1925 1898 1921 1993 2001 1935 1948 1993 1948 1898 1963
699TANJONG 2008123  2004 1889 1755 1796 1834 1801 1761 1791 1835
699TANJONG 2009 11  1864 1916 1946 1906 1905 1920 1922 1977 2023 2035 2001
699TANJONG 2009 12  2018 2119 2127 2060 2023 1969 1889 1846 1806 1730 1716
699TANJONG 2009 13  1753 1833 1892 1820 1764 1880 1867 1800 1882
699TANJONG 2009 21  1862 1774 1728 1728 1736 1752 1776 1776 1779 1804 1800
699TANJONG 2009 22  1741 1679 1636 1617 1646 1681 1682 1665 1669 1712 1737
699TANJONG 2009 23  1730 1706 1707 1730 1704 1689
699TANJONG 2009 31  1706 1742 1719 1716 1696 1726 1707 1710 1733 1762 1768
699TANJONG 2009 32  1730 1693 1724 1815 1771 1692 1696 1671 1634 1617 1594
699TANJONG 2009 33  1627 1609 1619 1642 1640 1646 1721 1778 1769
699TANJONG 2009 41  1792 1780 1767 1756 1768 1802 1799 1770 1795 1797 1752
699TANJONG 2009 42  1727 1673 1678 1622 1526 1564 1586 1541 1558 1591 1615
699TANJONG 2009 43  1630 1587 1592 1641 1680 1701 1717 1709
699TANJONG 2009 51  1729 1723 1701 1716 1731 1670 1673 1715 1678 1674 1705
699TANJONG 2009 52  1708 1724 1724 1696 1673 1655 1609 1661 1661 1618 1611
699TANJONG 2009 53  1643 1655 1687 1675 1657 1704 1685 1675 1702
699TANJONG 2009 61  1711 1674 1567 1521 1584 1643 1646 1629 1594 1615 1668
699TANJONG 2009 62  1692 1655 1630 1636 1603 1623 1657 1638 1648 1671 1670
699TANJONG 2009 63  1699 1691 1694 1684 1642 1657 1649 1636
699TANJONG 2009 71  1636 1610 1557 1590 1584 1577 1626 1654 1656 1637 1550
699TANJONG 2009 72  1447 1468 1609 1566 1513 1573 1622 1596 1609 1665 1648
699TANJONG 2009 73  1660 1653 1644 1612 1572 1531 1483 1478 1531
699TANJONG 2009 81  1553 1533 1507 1557 1594 1583 1612 1613 1582 1559 1595
699TANJONG 2009 82  1650 1675 1681 1655 1643 1641 1704 1720 1704 1697 1705
699TANJONG 2009 83  1675 1670 1657 1678 1615 1531 1629 1636 1618
699TANJONG 2009 91  1599 1632 1654 1628 1618 1620 1656 1696 1648 1645 1668
699TANJONG 2009 92  1692 1686 1683 1698 1732 1734 1713 1671 1635 1658 1639
699TANJONG 2009 93  1620 1593 1580 1625 1671 1580 1556 1666
699TANJONG 2009101  1750 1854 1815 1727 1667 1650 1702 1748 1760 1745 1744
699TANJONG 2009102  1765 1754 1773 1806 1763 1685 1715 1779 1760 1736 1712
699TANJONG 2009103  1676 1687 1725 1748 1776 1805 1792 1794 1822
699TANJONG 2009111  1800 1827 1858 2024 2025 1914 1911 1913 1832 1756 1743
699TANJONG 2009112  1707 1671 1646 1724 1722 1745 1887 1953 1924 1995 1996
699TANJONG 2009113  1898 1876 1830 1834 1884 1887 1869 1828
699TANJONG 2009121  1827 1833 1860 1950 1936 1871 1868 1858 1860 1835 1829
699TANJONG 2009122  1832 1810 1774 1718 1754 1810 1823 1852 1930 1964 1980
699TANJONG 2009123  1927 1824 1788 1807 1776 1760 1773 1753 1789
699TANJONG 2010 11  1846 1835 1772 1789 1818 1762 1773 1828 1805 1746 1751
699TANJONG 2010 12  1812 1910 1937 1855 1849 1915 1950 1876 1782 1726 1737
699TANJONG 2010 13  1763 1755 1750 1788 1840 1771 1788 1838 1800
699TANJONG 2010 21  1733 1732 1733 1726 1677 1641 1678 1668 1661 1678 1668
699TANJONG 2010 22  1679 1743 1751 1694 1745 1890 1901 1831 1829 1819 1762
699TANJONG 2010 23  1708 1703 1669 1672 1687 1702
699TANJONG 2010 31  1675 1659 1663 1682 1672 1672 1672 1651 1690 9999 9999
699TANJONG 2010 32  9999 9999 9999 9999 1763 1811 1830 1809 1733 1699 1720
699TANJONG 2010 33  1679 1655 1679 1780 1845 1844 1878 1825 1777
699TANJONG 2010 41  1772 1780 1766 1698 1665 1644 1665 1666 1685 1675 1711
699TANJONG 2010 42  1746 1742 1722 1731 1700 1739 1730 1725 1760 1749 1737
699TANJONG 2010 43  1708 1729 1775 1739 1682 1704 1741 1736
699TANJONG 2010 51  1748 1728 1721 1746 1712 1684 1678 1667 1637 1650 1662
699TANJONG 2010 52  1687 1684 1680 1697 1725 1745 1769 1747 1707 1672 1646
699TANJONG 2010 53  1603 1612 1626 1637 1638 1652 1671 1642 1645
699TANJONG 2010 61  1641 1595 1595 1644 1652 1679 1702 1647 1679 1696 1669
699TANJONG 2010 62  1651 1653 1646 1631 1568 1587 1593 1627 1649 1623 1617
699TANJONG 2010 63  1597 1582 1556 1588 1597 1597 1610 1637
699TANJONG 2010 71  1662 1647 1587 1577 1613 1633 1629 1570 1591 1615 1637
699TANJONG 2010 72  1659 1676 1692 1717 1690 1651 1633 1666 1674 1628 1595
699TANJONG 2010 73  1613 1651 1721 1653 1676 1636 1673 1644 1611
699TANJONG 2010 81  1550 1552 1625 1634 1593 1640 1639 1579 1638 1701 1739
699TANJONG 2010 82  1775 1765 1734 1693 1687 1700 1680 1658 1597 1622 1679
699TANJONG 2010 83  1718 1682 1704 1721 1662 1624 1656 1663 1671
699TANJONG 2010 91  1662 1639 1654 1663 1667 1670 1700 1719 1678 1638 1706
699TANJONG 2010 92  1699 1709 1758 1719 1649 1654 1696 1706 1733 1699 1697
699TANJONG 2010 93  1709 1677 1675 1705 1714 1723 1772 1798
699TANJONG 2010101  1788 1806 1793 1812 1892 1892 1802 1788 1786 1731 1763
699TANJONG 2010102  1817 1776 1755 1756 1765 1755 1793 1810 1829 1802 1837
699TANJONG 2010103  1905 1888 1862 1910 1889 1851 1963 2065 1978
699TANJONG 2010111  1941 1970 2000 1955 1962 1961 1917 1934 1935 1910 1877
699TANJONG 2010112  1890 1921 1895 1880 1882 1846 1813 1848 1868 1859 1871
699TANJONG 2010113  1894 1920 1894 1901 1938 1918 1887 1920
699TANJONG 2010121  1940 1966 1996 1952 1904 1878 1922 1990 1976 1910 1849
699TANJONG 2010122  1834 1806 1755 1776 1804 1931 2041 1960 1895 1927 1962
699TANJONG 2010123  1936 1898 1859 1955 2053 2029 1925 1902 1945
699TANJONG 2011 11  1967 1921 1877 1866 1895 1920 1967 2052 2042 1988 1911
699TANJONG 2011 12  1921 1976 1907 1869 1959 2016 1909 1827 1897 1960 1992
699TANJONG 2011 13  1953 1944 2009 1994 1936 2000 2057 2030 1978
699TANJONG 2011 21  1950 1975 2012 1949 1898 1871 1794 1738 1736 1752 1736
699TANJONG 2011 22  1755 1784 1792 1859 1875 1826 1850 1867 1841 1858 1833
699TANJONG 2011 23  1819 1815 1796 1814 1757 1702
699TANJONG 2011 31  1729 1772 1795 1827 1827 1788 1756 1790 1846 1863 1841
699TANJONG 2011 32  1846 1807 1769 1781 1859 1875 1801 1834 1854 1775 1725
699TANJONG 2011 33  1782 1787 1767 1794 1862 1926 1963 1905 1919
699TANJONG 2011 41  1905 1862 1842 1833 1833 1795 1733 1762 1787 1770 1771
699TANJONG 2011 42  1771 1756 1749 1743 1691 1673 1658 1657 1682 1682 1695
699TANJONG 2011 43  1719 1770 1754 1718 1675 1692 1703 1632
699TANJONG 2011 51  1607 1600 1657 1675 1647 1658 1662 1670 1693 1650 1639
699TANJONG 2011 52  1654 1662 1675 1669 1666 1695 1695 1674 1693 1693 1670
699TANJONG 2011 53  1660 1672 1632 1658 1685 1677 1680 1665 1684
699TANJONG 2011 61  1691 1694 1728 1749 1676 1609 1646 1656 1609 1592 1591
699TANJONG 2011 62  1613 1630 1625 1626 1587 1557 1553 1577 1633 1633 1581
699TANJONG 2011 63  1553 1590 1577 1589 1627 1594 1605 1624
699TANJONG 2011 71  1629 1673 1662 1645 1671 1694 1636 1584 1578 1597 1585
699TANJONG 2011 72  1595 1632 1652 1644 1588 1606 1623 1617 1608 1628 1643
699TANJONG 2011 73  1611 1621 1646 1624 1587 1548 1569 1594 1646
699TANJONG 2011 81  1724 1735 1713 1671 1620 1637 1611 1573 1596 1642 1660
699TANJONG 2011 82  1720 1746 1727 1703 1709 1682 1683 1720 1690 1650 1653
699TANJONG 2011 83  1626 1635 1655 1594 1606 1676 1645 1617 1651
699TANJONG 2011 91  1648 1660 1655 1620 1609 1644 1648 1638 1666 1675 1645
699TANJONG 2011 92  1687 1739 1725 1633 1630 1667 1646 1594 1570 1567 1563
699TANJONG 2011 93  1642 1720 1731 1680 1659 1708 1718 1681
699TANJONG 2011101  1726 1702 1692 1660 1681 1777 1860 1808 1707 1726 1699
699TANJONG 2011102  1692 1724 1721 1709 1723 1745 1805 1815 1766 1781 1824
699TANJONG 2011103  1838 1839 1858 1859 1821 1808 1842 1939 1951
699TANJONG 2011111  1906 1850 1820 1789 1720 1690 1705 1663 1682 1778 1884
699TANJONG 2011112  1909 1854 1856 1889 1827 1812 1800 1829 1866 1938 1920
699TANJONG 2011113  1890 1944 1967 1932 1888 1898 1908 1873
699TANJONG 2011121  1892 1892 1865 1907 1841 1802 1853 1852 1930 2035 2082
699TANJONG 2011122  2038 2007 2008 1994 2027 2111 2145 2137 2034 1945 1973
699TANJONG 2011123  2068 2170 2204 2100 2036 2044 2008 1963 1872
699TANJONG 2012 11  1866 1899 1893 1875 1876 1855 1925 2043 2039 1982 1994
699TANJONG 2012 12  1976 1895 1824 1820 1794 1783 1766 1730 1734 1751 1807
699TANJONG 2012 13  1826 1839 1921 2008 1975 1849 1823 1884 1863
699TANJONG 2012 21  1819 1818 1812 1797 1793 1758 1761 1803 1811 1806 1835
699TANJONG 2012 22  1913 1889 1782 1749 1749 1760 1812 1876 1907 1900 1891
699TANJONG 2012 23  1865 1802 1756 1759 1732 1774 1812
699TANJONG 2012 31  1831 1816 1782 1763 1747 1780 1790 1759 1723 1781 1840
699TANJONG 2012 32  1849 1926 1925 1858 1812 1807 1770 1742 1736 1740 1727
699TANJONG 2012 33  1690 1723 1856 1923 1887 1839 1819 1778 1715
699TANJONG 2012 41  1746 1697 1675 1687 1745 1716 1730 1747 1761 1739 1700
699TANJONG 2012 42  1716 1728 1679 1655 1675 1653 1663 1652 1617 1595 1613
699TANJONG 2012 43  1668 1650 1597 1581 1594 1621 1656 1649
699TANJONG 2012 51  1657 1670 1625 1622 1630 1632 1624 1677 1686 1702 1675
699TANJONG 2012 52  1629 1593 1621 1649 1625 1610 1648 1685 1687 1658 1645
699TANJONG 2012 53  1608 1627 1666 1733 1748 1727 1712 1719 1710
699TANJONG 2012 61  1720 1718 1733 1742 1716 1710 1730 1673 1552 1600 1624
699TANJONG 2012 62  1575 1599 1560 1514 1503 1538 1590 1597 1592 1604 1657
699TANJONG 2012 63  1663 1655 1654 1633 1573 1572 1617 1642
699TANJONG 2012 71  1677 1723 1710 1693 1686 1672 1695 1696 1680 1680 1643
699TANJONG 2012 72  1607 1612 1626 1630 1645 1614 1597 1632 1644 1655 1626
699TANJONG 2012 73  1589 1576 1582 1636 1671 1649 1627 1645 1637
699TANJONG 2012 81  1620 1645 1671 1693 1693 1666 1654 1619 1629 1641 1630
699TANJONG 2012 82  1632 1628 1650 1688 1672 1651 1693 1730 1715 1694 1719
699TANJONG 2012 83  1673 1682 1674 1659 1680 1632 1681 1707 1693
699TANJONG 2012 91  1698 1718 1725 1717 1630 1657 1751 1747 1674 1635 1666
699TANJONG 2012 92  1645 1634 1654 1724 1778 1771 1793 1809 1796 1781 1719
699TANJONG 2012 93  1697 1686 1706 1686 1642 1666 1787 1801
699TANJONG 2012101  1787 1732 1755 1769 1772 1763 1707 1755 1824 1840 1849
699TANJONG 2012102  1880 1839 1819 1826 1841 1846 1884 1857 1795 1802 1817
699TANJONG 2012103  1803 1834 1877 1845 1799 1768 1807 1834 1810
699TANJONG 2012111  1780 1793 1783 1803 1803 1843 1837 1842 1829 1806 1813
699TANJONG 2012112  1821 1823 1803 1818 1845 1829 1828 1845 1861 1832 1799
699TANJONG 2012113  1794 1768 1772 1754 1748 1789 1788 1794
699TANJONG 2012121  1830 1838 1837 1822 1819 1862 1878 1873 1872 1910 1938
699TANJONG 2012122  1990 1949 1883 1893 1903 1928 1910 1884 1865 1827 1856
699TANJONG 2012123  1994 2066 1959 1876 1924 1936 1907 1893 1973
699TANJONG 2013 11  2004 1934 1936 1967 1930 1911 1907 1853 1851 1902 1979
699TANJONG 2013 12  1922 1899 1983 2007 1942 1926 2077 2071 1889 1849 1871
699TANJONG 2013 13  1864 1840 1826 1813 1828 1862 1861 1834 1861
699TANJONG 2013 21  1905 1893 1934 1856 1745 1729 1736 1764 1820 1869 1894
699TANJONG 2013 22  1927 2007 1929 1850 1918 1921 1843 1762 1816 1868 1881
699TANJONG 2013 23  1875 1920 1958 1909 1843 1844
699TANJONG 2013 31  1819 1774 1827 1887 1872 1858 1885 1894 1853 1792 1766
699TANJONG 2013 32  1737 1680 1711 1754 1773 1759 1734 1738 1699 1680 1698
699TANJONG 2013 33  1703 1700 1712 1703 1703 1684 1706 1760 1769
699TANJONG 2013 41  1758 1759 1750 1729 1722 1710 1707 1789 1806 1786 1860
699TANJONG 2013 42  1852 1804 1774 1779 1799 1751 1711 1695 1711 1698 1712
699TANJONG 2013 43  1694 1704 1727 1728 1765 1761 1746 1753
699TANJONG 2013 51  1751 1755 1760 1735 1743 1789 1778 1734 1703 1677 1671
699TANJONG 2013 52  1701 1716 1761 1720 1680 1715 1660 1666 1694 1690 1671
699TANJONG 2013 53  1666 1678 1696 1702 1724 1717 1701 1735 1749
699TANJONG 2013 61  1728 1744 1714 1695 1723 1719 1705 1706 1644 1650 1625
699TANJONG 2013 62  1610 1674 1676 1664 1695 1697 1697 1703 1652 1634 1662
699TANJONG 2013 63  1676 1708 1726 1686 1661 1654 1661 1616
699TANJONG 2013 71  1612 1631 1661 1680 1658 1657 1716 1701 1668 1675 1704
699TANJONG 2013 72  1710 1692 1602 1614 1712 1662 1572 1606 1687 1716 1717
699TANJONG 2013 73  1748 1757 1697 1671 1669 1672 1635 1632 1630
699TANJONG 2013 81  1561 1538 1646 1690 1687 1692 1667 1661 1665 1687 1668
699TANJONG 2013 82  1646 1644 1662 1650 1675 1678 1689 1652 1600 1624 1635
699TANJONG 2013 83  1612 1655 1686 1690 1695 1661 1632 1672 1713
699TANJONG 2013 91  1725 1711 1693 1691 1674 1654 1660 1711 1714 1653 1688
699TANJONG 2013 92  1745 1708 1661 1642 1691 1706 1670 1684 1706 1736 1705
699TANJONG 2013 93  1716 1728 1703 1686 1713 1730 1707 1717
699TANJONG 2013101  1825 1843 1773 1761 1713 1695 1737 1780 1799 1827 1831
699TANJONG 2013102  1773 1757 1689 1677 1801 1985 1973 1863 1894 1866 1816
699TANJONG 2013103  1851 1853 1859 1898 1866 1823 1828 1855 1897
699TANJONG 2013111  1899 1844 1862 1882 1853 1817 1848 1913 1910 1814 1812
699TANJONG 2013112  1840 1851 1834 1798 1787 1822 1891 1913 1853 1832 1859
699TANJONG 2013113  1828 1817 1804 1818 1819 1766 1860 1991
699TANJONG 2013121  2034 2034 1987 1905 1962 2031 1991 1877 1829 1873 1868
699TANJONG 2013122  1861 1860 1825 1823 1850 1867 1958 2076 2059 1993 2024
699TANJONG 2013123  2051 2051 2050 2026 2051 2145 2060 1982 2012
699TANJONG 2014 11  1995 1948 1862 1833 1926 1922 1792 1761 1822 1866 1839
699TANJONG 2014 12  1820 1898 1958 1977 1894 1854 1932 1967 1867 1894 1973
699TANJONG 2014 13  1940 1864 1790 1780 1796 1805 1789 1797 1778
699TANJONG 2014 21  1758 1753 1743 1760 1772 1713 1689 1713 1736 1731 1745
699TANJONG 2014 22  1813 1843 1879 1941 1850 1783 1755 1755 1890 1951 1814
699TANJONG 2014 23  1778 1803 1753 1744 1789 1774
699TANJONG 2014 31  1734 1692 1705 1695 1672 1707 1718 1690 1705 1742 1767
699TANJONG 2014 32  1741 1727 1747 1857 1853 1760 1746 1704 1679 1725 1790
699TANJONG 2014 33  1788 1746 1769 1773 1748 1715 1662 1650 1655
699TANJONG 2014 41  1608 1622 1636 1639 1646 1649 1611 1606 1638 1677 1664
699TANJONG 2014 42  1635 1634 1643 1661 1627 1621 1629 1658 1676 1644 1614
699TANJONG 2014 43  1622 1631 1634 1654 1658 1652 1666 1673
699TANJONG 2014 51  1654 1665 1669 1686 1721 1711 1663 1600 1620 1657 1632
699TANJONG 2014 52  1585 1577 1534 1539 1581 1601 1576 1559 1572 1597 1591
699TANJONG 2014 53  1555 1564 1617 1622 1590 1617 1638 1616 1591
699TANJONG 2014 61  1615 1602 1613 1632 1558 1544 1583 1616 1605 1591 1570
699TANJONG 2014 62  1561 1583 1639 1646 1623 1640 1614 1602 1539 1528 1497
699TANJONG 2014 63  1527 1559 1578 1586 1525 1530 1552 1565
699TANJONG 2014 71  1574 1569 1576 1586 1585 1582 1547 1513 1549 1634 1672
699TANJONG 2014 72  1633 1627 1673 1690 1663 1583 1527 1568 1614 1598 1567
699TANJONG 2014 73  1534 1521 1562 1583 1591 1589 1616 1596 1539
699TANJONG 2014 81  1549 1566 1570 1577 1579 1589 1614 1612 1637 1678 1658
699TANJONG 2014 82  1643 1624 1580 1565 1599 1624 1637 1592 1574 1611 1659
699TANJONG 2014 83  1694 1659 1625 1607 1604 1607 1612 1657 1646
699TANJONG 2014 91  1673 1684 1637 1646 1617 1584 1627 1654 1663 1664 1641
699TANJONG 2014 92  1635 1606 1582 1559 1554 1623 1655 1680 1678 1576 1595
699TANJONG 2014 93  1676 1691 1666 1722 1702 1667 1668 1671
699TANJONG 2014101  1670 1652 1688 1681 1624 1673 1792 1771 1766 1870 1845
699TANJONG 2014102  1813 1819 1817 1833 1782 1779 1785 1743 1756 1767 1719
699TANJONG 2014103  1720 1718 1690 1713 1733 1749 1764 1764 1747
699TANJONG 2014111  1735 1752 1789 1804 1756 1701 1739 1711 1691 1749 1736
699TANJONG 2014112  1738 1771 1768 1741 1761 1842 1872 1867 1823 1796 1805
699TANJONG 2014113  1863 1830 1794 1815 1789 1771 1741 1686
699TANJONG 2014121  1678 1746 1745 1672 1738 1806 1868 1874 1911 1915 1881
699TANJONG 2014122  1890 1943 1950 1905 1893 1952 2030 1897 1878 2013 2099
699TANJONG 2014123  2032 1883 1917 1945 1905 1913 1977 2001 1961
699TANJONG 2015 11  1985 1990 1912 1851 1820 1825 1844 1884 1840 1805 1860
699TANJONG 2015 12  1925 1950 1956 1952 1920 1928 1922 1873 1862 1842 1843
699TANJONG 2015 13  1904 1842 1730 1718 1737 1788 1793 1764 1802
699TANJONG 2015 21  1858 1837 1792 1856 1921 1911 1873 1851 1903 1860 1719
699TANJONG 2015 22  1728 1766 1704 1646 1638 1677 1726 1711 1705 1691 1703
699TANJONG 2015 23  1725 1702 1682 1659 1649 1647
699TANJONG 2015 31  1687 1712 1668 1649 1670 1678 1677 1693 1709 1735 1764
699TANJONG 2015 32  1682 1666 1673 1640 1636 1624 1632 1616 1596 1634 1635
699TANJONG 2015 33  1663 1716 1765 1788 1754 1770 1768 1738 1692
699TANJONG 2015 41  1641 1612 1583 1598 1593 1565 1629 1717 1695 1650 1675
699TANJONG 2015 42  1686 1703 1803 1848 1735 1653 1657 1609 1596 1606 1623
699TANJONG 2015 43  1651 1647 1655 1703 1677 1627 1627 1618
699TANJONG 2015 51  1596 1573 1515 1532 1573 1588 1592 1560 1540 1590 1608
699TANJONG 2015 52  1587 1581 1610 1602 1583 1628 1595 1557 1570 1570 1546
699TANJONG 2015 53  1515 1538 1554 1507 1541 1587 1536 1558 1613
699TANJONG 2015 61  1609 1597 1595 1631 1651 1640 1615 1615 1596 1583 1613
699TANJONG 2015 62  1592 1583 1559 1568 1545 1577 1586 1535 1535 1491 1485
699TANJONG 2015 63  1475 1475 1514 1528 1510 1518 1515 1519
699TANJONG 2015 71  1494 1459 1490 1470 1467 1521 1539 1521 1543 1528 1533
699TANJONG 2015 72  1583 1615 1591 1605 1643 1648 1615 1588 1575 1601 1584
699TANJONG 2015 73  9999 9999 9999 9999 9999 9999 9999 9999 9999
699TANJONG 2015 81  1643 1673 1609 1572 1622 1651 1617 1625 1628 1659 1670
699TANJONG 2015 82  1605 1644 1688 1660 1637 1601 1571 1578 1566 1545 1566
699TANJONG 2015 83  1578 1540 1571 1622 1683 1707 1658 1651 1631
699TANJONG 2015 91  1636 1646 1648 1646 1624 1605 1576 1597 1595 1557 1591
699TANJONG 2015 92  1637 1641 1615 1584 1649 1734 1746 1742 1722 1672 1634
699TANJONG 2015 93  1601 1606 1629 1663 1713 1709 1697 1719
699TANJONG 2015101  1696 1678 1686 1653 1650 1682 1700 1669 1665 1676 1659
699TANJONG 2015102  1667 1694 1743 1777 1770 1806 1799 1733 1709 1713 1731
699TANJONG 2015103  1790 1792 1774 1758 1766 1772 1793 1783 1741
699TANJONG 2015111  1725 1743 1736 1711 1734 1733 1730 1726 1712 1733 1734
699TANJONG 2015112  1675 1661 1714 1767 1751 1678 1717 1770 1780 1755 1743
699TANJONG 2015113  1747 1768 1791 1860 1912 1861 1814 1858
699TANJONG 2015121  1849 1823 1803 1781 1787 1771 1834 1856 1796 1814 1850
699TANJONG 2015122  1874 1823 1822 1854 1925 2055 2102 1976 1913 1920 1876
699TANJONG 2015123  1834 1849 1864 1873 1884 1927 1933 1895 1972
699TANJONG 2016 11  2024 1856 1767 1792 1786 1769 1759 1769 1769 1721 1711
699TANJONG 2016 12  1775 1821 1841 1805 1772 1748 1786 1797 1773 1756 1790
699TANJONG 2016 13  1837 1952 2131 2071 1902 1885 1886 1843 1865
699TANJONG 2016 21  1838 1839 1889 1886 1926 2127 2340 2139 1942 1901 1861
699TANJONG 2016 22  1826 1782 1746 1791 1873 1857 1857 1913 1955 1920 1830
699TANJONG 2016 23  1812 1914 1977 1920 1920 1987 2006
699TANJONG 2016 31  1978 1895 1808 1795 1766 1768 1764 1717 1719 1725 1744
699TANJONG 2016 32  1786 1781 1759 1819 1768 1703 1693 1706 1714 1736 1690
699TANJONG 2016 33  1662 1655 1700 1803 1884 1958 1915 1779 1736
699TANJONG 2016 41  1755 1736 1693 1675 1680 1688 1665 1663 1676 1685 1675
699TANJONG 2016 42  1676 1638 1609 1602 1630 1640 1629 1681 1721 1658 1630
699TANJONG 2016 43  1667 1681 1664 1614 1613 1629 1641 1660
699TANJONG 2016 51  1639 1629 1656 1702 1703 1686 1703 1679 1658 1693 1700
699TANJONG 2016 52  1671 1695 1649 1646 1689 1710 1719 1696 1693 1652 1631
699TANJONG 2016 53  1697 1661 1642 1659 1647 1649 1713 1675 1652
699TANJONG 2016 61  1665 1660 1650 1608 1618 1638 1654 1642 1638 1641 1599
699TANJONG 2016 62  1583 1611 1616 1591 1636 1631 1596 1622 1678 1622 1569
699TANJONG 2016 63  1611 1605 1585 1602 1576 1637 1661 1680
699TANJONG 2016 71  1685 1662 1664 1676 1680 1666 1648 1626 1594 1612 1585
699TANJONG 2016 72  1622 1612 1606 1627 1626 1618 1627 1650 1631 1639 1673
699TANJONG 2016 73  1661 1655 1628 1585 1648 1682 1677 1708 1730
699TANJONG 2016 81  1641 1586 1613 1615 1638 1649 1619 1623 1614 1581 1542
699TANJONG 2016 82  1527 1529 1516 1552 1595 1564 1569 1568 1619 1626 1592
699TANJONG 2016 83  1641 1631 1597 1633 1693 1695 1723 1727 1716
699TANJONG 2016 91  1693 1673 1691 1696 1647 1615 1582 1612 1638 1638 1628
699TANJONG 2016 92  1582 1604 1652 1689 1703 1762 1771 1730 1734 1744 1695
699TANJONG 2016 93  1727 1810 1789 1773 1775 1734 1704 1713
699TANJONG 2016101  1686 1668 1669 1728 1710 1668 1573 1596 1631 1712 1707
699TANJONG 2016102  1740 1743 1744 1771 1748 1721 1743 1768 1794 1761 1721
699TANJONG 2016103  1687 1739 1760 1701 1694 1684 1727 1703 1685
699TANJONG 2016111  1729 1819 1863 1848 1778 1771 1795 1776 1751 1773 1789
699TANJONG 2016112  1798 1827 1831 1861 1838 1844 1815 1799 1804 1770 1728
699TANJONG 2016113  1734 1773 1809 1829 1843 1938 1918 1863
699TANJONG 2016121  1891 1939 1918 1873 1844 1907 1899 1874 1896 1940 1873
699TANJONG 2016122  1821 1813 1832 1833 1856 1925 1903 1847 1896 1893 1866
699TANJONG 2016123  1900 1884 1854 1885 1992 2036 1949 1944 1961
699TANJONG 2017 11  1659 1561 1530 1422 1415 1456 1488 1534 1548 1512 1430
699TANJONG 2017 12  1343 1336 1367 1585 1868 1912 1921 1896 1892 1966 2011
699TANJONG 2017 13  1982 1893 1848 1919 2052 2009 1859 1864 1955
699TANJONG 2017 21  9999 1783 1815 1784 1827 1856 1796 1773 1872 2028 2104
699TANJONG 2017 22  2106 2059 1993 1937 1918 1900 1884 1837 1757 1708 1708
699TANJONG 2017 23  1708 1723 1828 1912 1957 2002
699TANJONG 2017 31  1959 1970 1967 1862 1778 1750 1738 1760 1780 1764 1737
699TANJONG 2017 32  1723 1725 1676 1701 1743 1719 1702 1734 1701 1710 1733
699TANJONG 2017 33  1709 1686 1720 1761 1812 1816 1764 1751 1758
699TANJONG 2017 41  1758 1776 1804 1763 1772 1752 1746 1737 1707 1695 1678
699TANJONG 2017 42  1666 1651 1704 1741 1721 1728 1694 1646 1619 1602 1588
699TANJONG 2017 43  1607 1655 1687 1689 1715 1710 1699 1690
699TANJONG 2017 51  1720 1699 1671 1659 1636 1626 1664 1665 1681 1687 1655
699TANJONG 2017 52  1684 1693 1660 1642 1607 1623 1650 1610 1622 1642 1633
699TANJONG 2017 53  1662 1676 1668 1666 1685 1699 1719 1707 1719
699TANJONG 2017 61  1677 1633 1606 1582 1585 1599 1644 1672 1685 1648 1624
699TANJONG 2017 62  1647 1672 1642 1668 1696 1684 1604 1568 1598 1631 1648
699TANJONG 2017 63  1645 1659 1680 1697 1686 1685 1654 1650
699TANJONG 2017 71  1645 1654 1598 1610 1596 1586 1627 1634 1631 1662 1612
699TANJONG 2017 72  1551 1578 1600 1549 1532 1609 1626 1649 1661 1662 1688
699TANJONG 2017 73  1665 1632 1640 1611 1638 1623 1609 1619 1606
699TANJONG 2017 81  1613 1561 1529 1544 1598 1652 1688 1661 1638 1689 1710
699TANJONG 2017 82  1664 1624 1648 1632 1605 1671 1729 1719 1748 1739 1645
699TANJONG 2017 83  1679 1745 1722 1695 1730 1762 1688 1667 1719
699TANJONG 2017 91  1669 1671 1684 1687 1710 1739 1757 1737 1719 1706 1668
699TANJONG 2017 92  1709 1724 1646 1633 1679 1750 1772 1763 1687 1639 1692
699TANJONG 2017 93  1707 1672 1707 1764 1686 1681 1735 1681
699TANJONG 2017101  1643 1674 1739 1760 1824 1816 1817 1810 1821 1787 1821
699TANJONG 2017102  1811 1737 1770 1756 1735 1821 1903 1887 1866 1857 1849
699TANJONG 2017103  1842 1857 1836 1830 1865 1899 1943 1977 1914
699TANJONG 2017111  1835 1853 1918 1891 1882 1914 1896 1887 1934 1879 1823
699TANJONG 2017112  1783 1810 1805 1797 1820 1792 1778 1787 1790 1781 1849
699TANJONG 2017113  1925 1970 1952 1938 1975 1964 1890 1902
699TANJONG 2017121  1929 1901 1842 1854 1929 1966 1951 2018 2095 1963 1916
699TANJONG 2017122  1921 1857 1820 1859 1969 2178 2184 2151 2210 2133 2005
699TANJONG 2017123  1982 2071 2057 1893 1802 1862 1889 1991 2048
699TANJONG 2018 11  2007 1962 1939 1876 1813 1830 1834 1769 1770 1866 1978
699TANJONG 2018 12  2071 2043 1915 1865 1845 1890 1883 1850 1793 1790 1801
699TANJONG 2018 13  1799 1797 1770 1783 1788 1743 1753 1845 1907
699TANJONG 2018 21  9999 2059 2076 2041 2003 1964 1921 1852 1799 1755 1796
699TANJONG 2018 22  1851 1831 1741 1695 1747 1754 1747 1749 1737 1749 1826
699TANJONG 2018 23  1823 1780 1799 1845 1822 2033
699TANJONG 2018 31  1826 1728 1762 1732 1692 1691 1701 1691 1825 1955 1887
699TANJONG 2018 32  1825 1765 1715 1698 1682 1704 1715 1699 1669 1690 1797
699TANJONG 2018 33  1901 1846 1727 1745 1765 1760 1728 1723 1769
699TANJONG 2018 41  1805 1765 1720 1708 1701 1698 1751 1845 1803 1734 1766
699TANJONG 2018 42  1772 1729 1681 1676 1663 1702 1712 1710 1725 1709 1698
699TANJONG 2018 43  1674 1625 1663 1685 1665 1651 1669 1699
699TANJONG 2018 51  1694 1649 1656 1681 1645 1624 1618 1619 1653 1664 1641
699TANJONG 2018 52  1647 1656 1700 1722 1682 1662 1683 1682 1661 1652 1668
699TANJONG 2018 53  1654 1650 1674 1700 1666 1637 1687 1644 1622
699TANJONG 2018 61  1614 1599 1631 1610 1597 1610 1628 1605 1562 1575 1577
699TANJONG 2018 62  1581 1631 1640 1569 1596 1623 1611 1633 1657 1662 1650
699TANJONG 2018 63  1619 1556 1543 1578 1588 1607 1612 1597
699TANJONG 2018 71  1587 1560 1550 1528 1510 1521 1552 1588 1579 1541 1573
699TANJONG 2018 72  1646 1635 1637 1648 1623 1618 1605 1643 1683 1622 1592
699TANJONG 2018 73  1635 1635 1608 1623 1644 1657 1686 1699 1666
699TANJONG 2018 81  1620 1587 1619 1636 1573 1605 1646 1618 1622 1663 1658
699TANJONG 2018 82  1656 1657 1662 1636 1613 1574 1574 1633 1653 1662 1636
699TANJONG 2018 83  1603 1640 1636 1653 1682 1692 1647 1669 1677
699TANJONG 2018 91  1605 1585 1596 1588 1590 1632 1630 1609 1674 1698 1649
699TANJONG 2018 92  1622 1651 1701 1726 1643 1634 1707 1689 1714 1732 1683
699TANJONG 2018 93  1690 1725 1719 1711 1722 1749 1769 1822
699TANJONG 2018101  1827 1816 1829 1820 1838 1875 1870 1832 1801 1810 1841
699TANJONG 2018102  1790 1724 1674 1729 1745 1727 1683 1669 1690 1711 1763
699TANJONG 2018103  1797 1770 1719 1763 1778 1789 1847 1913 1881
699TANJONG 2018111  1852 1859 1854 1884 1944 1932 1820 1797 1817 1808 1776
699TANJONG 2018112  1759 1765 1798 1776 1718 1722 1753 1765 1783 1811 1830
699TANJONG 2018113  1839 1805 1791 1804 1844 1911 1942 1891
699TANJONG 2018121  1853 1868 1822 1794 1829 1815 1766 1771 1801 1811 1824
699TANJONG 2018122  9999 1978 1948 1872 1862 1870 1903 1887 1817 1810 1831
699TANJONG 2018123  1816 1840 1805 1765 1808 1893 1898 1892 1968
699TANJONG 2019 11  2055 2007 1877 1852 1927 1908 1924 1888 1820 1827 1814
699TANJONG 2019 12  1800 1886 1906 1829 1795 1888 1958 1911 1874 1869 1887
699TANJONG 2019 13  1987 1977 1868 1913 1976 1903 1867 1875 1840
699TANJONG 2019 21  1834 1824 1802 1750 1748 1775 1769 1742 1755 1776 1750
699TANJONG 2019 22  1790 1842 1830 1770 1734 1713 1718 1724 1694 1778 1737
699TANJONG 2019 23  1730 1721 1712 1797 1831 1738
699TANJONG 2019 31  1717 1708 1691 1701 1714 1651 1648 1735 1692 1641 1683
699TANJONG 2019 32  1717 1749 1741 1727 1768 1759 1762 1817 1817 1785 1750
699TANJONG 2019 33  1754 1752 1770 1769 1758 1685 1688 1693 1649
699TANJONG 2019 41  1668 1679 1656 1715 1764 1753 1740 1766 1760 1719 1670
699TANJONG 2019 42  1666 1649 1632 1670 1684 1697 1741 1746 1728 1729 1751
699TANJONG 2019 43  1761 1729 1687 1653 1615 1635 1660 1679
699TANJONG 2019 51  1685 1694 1698 1672 1637 1613 1671 1670 1653 1693 1742
699TANJONG 2019 52  1738 1731 1733 1731 1686 1632 1637 1629 1617 1638 1651
699TANJONG 2019 53  1644 1672 1663 1650 1690 1732 1724 1695 1725
699TANJONG 2019 61  1707 1685 1677 1678 1688 2127 1883 1564 1588 1580 1619
699TANJONG 2019 62  1535 1532 1583 1580 1576 1634 1650 1643 1677 1695 1632
699TANJONG 2019 63  1608 1569 1626 1638 1490 1559 1611 1584
699TANJONG 2019 71  1577 1581 1592 1604 1680 1706 1639 1598 1573 1587 1630
699TANJONG 2019 72  1607 1580 1587 1557 1525 1548 1575 1622 1659 1675 1642
699TANJONG 2019 73  1634 1607 1581 1594 1629 1588 1568 1536 1500
699TANJONG 2019 81  1513 1547 1597 1567 1551 1566 1565 1537 1532 1500 1549
699TANJONG 2019 82  1615 1592 1592 1547 1519 1575 1611 1570 1562 1596 1602
699TANJONG 2019 83  1614 1631 1597 1615 1652 1574 1531 1546 1633
699TANJONG 2019 91  1641 1585 1607 1584 1558 1611 1613 1575 1596 1614 1625
699TANJONG 2019 92  1629 1602 1579 1640 1676 1669 1654 1694 1704 1666 1700
699TANJONG 2019 93  1762 1823 1820 1752 1752 1782 1763 1728
699TANJONG 2019101  1698 1653 1646 1629 1652 1659 1621 1625 1640 1658 1687
699TANJONG 2019102  1709 1722 1730 1710 1717 1740 1759 1795 1809 1809 1759
699TANJONG 2019103  1717 1740 1779 1767 1753 1728 1754 1779 1709
699TANJONG 2019111  1700 1753 1716 1714 1735 1749 1764 1760 1815 1786 1763
699TANJONG 2019112  1817 1844 1855 1875 1799 1737 1786 1839 1886 1851 1806
699TANJONG 2019113  1824 1826 1857 1861 1785 1824 1878 1863
699TANJONG 2019121  1860 1913 2009 2008 1910 2058 2210 2193 2061 1977 1936
699TANJONG 2019122  1929 1952 1881 1827 1826 1807 1768 1776 1840 1837 1731
699TANJONG 2019123  1759 1823 1766 1719 1771 1839 1788 1761 1861
699TANJONG 2020 11  1908 1861 1832 1879 1914 1828 1756 1786 1805 1765 1705
699TANJONG 2020 12  1748 1837 1883 1842 1734 1722 1793 1812 1802 1791 1755
699TANJONG 2020 13  1729 1713 1674 1685 1702 1735 1740 1780 1921
699TANJONG 2020 21  1973 1862 1752 1741 1790 1819 1778 1775 1901 1908 1844
699TANJONG 2020 22  1807 1799 1743 1705 1686 1709 1832 1921 1892 1974 1965
699TANJONG 2020 23  1936 1938 1826 1781 1844 1843 1723
699TANJONG 2020 31  1685 1731 1726 1678 1631 1641 1687 1687 1700 1737 1759
699TANJONG 2020 32  1735 1687 1674 1771 1769 1680 1664 1637 1650 1685 1674
699TANJONG 2020 33  1623 1655 1686 1665 1634 1637 1669 1654 1625
699TANJONG 2020 41  1633 1671 1683 1719 1728 1724 1705 1712 1731 1760 1734
699TANJONG 2020 42  1716 1748 1758 1757 1729 1696 1671 1656 1668 1659 1679
699TANJONG 2020 43  1674 1704 1737 1760 1775 1814 1816 1752
699TANJONG 2020 51  1684 1685 1671 1690 1664 1628 1643 1614 1611 1648 1656
699TANJONG 2020 52  1639 1624 1651 1645 1690 1675 1625 1670 1658 1650 1649
699TANJONG 2020 53  1594 1594 1627 1623 1603 1660 1693 1686 1675
699TANJONG 2020 61  1662 1674 1710 1693 1599 1569 1663 1683 1652 1666 1661
699TANJONG 2020 62  1672 1582 1578 1666 1708 1697 1655 1642 1633 1637 1651
699TANJONG 2020 63  1646 1580 1615 1647 1621 1609 1620 1615
699TANJONG 2020 71  1651 1648 1662 1686 1679 1713 1687 1666 1630 1612 1637
699TANJONG 2020 72  1655 1605 1596 1648 1657 1669 1667 1653 1678 1705 1708
699TANJONG 2020 73  1690 1708 1725 1710 1672 1663 1633 1590 1553
699TANJONG 2020 81  1531 1578 1651 1702 1665 1687 1707 1677 1640 1646 1609
699TANJONG 2020 82  1599 1618 1629 1650 1626 1634 1645 1677 1716 1757 1713
699TANJONG 2020 83  1687 1760 1727 1640 1600 1609 1636 1686 1705
699TANJONG 2020 91  1683 1708 1705 1687 1658 1684 1715 1705 1692 1682 1694
699TANJONG 2020 92  1670 1632 1614 1653 1612 1614 1618 1695 1818 1744 1718
699TANJONG 2020 93  1706 1694 1725 1663 1628 1670 1744 1777
699TANJONG 2020101  1771 1723 1659 1700 1723 1761 1736 1672 1715 1760 1738
699TANJONG 2020102  1733 1751 1801 1802 1770 1796 1859 1884 1909 1916 1876
699TANJONG 2020103  1932 1911 1853 1832 1892 1855 1791 1893 1920
699TANJONG 2020111  1872 1930 1911 1865 1852 1831 1850 1913 1936 1842 1865
699TANJONG 2020112  1988 2038 1972 1954 2001 9999 1932 1856 1826 1820 1828
699TANJONG 2020113  9999 9999 1830 1860 1899 1862 1831 1873
699TANJONG 2020121  1885 1912 2046 2111 2061 2021 2016 2030 2009 1976 1921
699TANJONG 2020122  1898 1886 1854 1872 1892 1896 1902 1956 2087 2097 2040
699TANJONG 2020123  2018 1947 1947 1931 1878 1867 1836 1928 9999
