708SALVADOr      LAT=12 58. S  LONG=038 31. W
708SALVADOr2004101  9999 9999 2221 2221 2233 2249 2261 2280 2289 2287 2272
708SALVADOr2004102  2254 2243 2242 2222 2179 2165 2180 2198 2197 2203 2229
708SALVADOr2004103  2286 2313 2308 2298 2242 2188 2157 2166 2177
708SALVADOr2004111  2190 2210 2237 2233 2216 2218 2228 2234 2240 2251 2252
708SALVADOr2004112  2262 2276 2235 2211 2225 2219 2232 2263 2264 2247 2229
708SALVADOr2004113  2232 2244 2266 2276 2268 2253 2222 2181
708SALVADOr2004121  2158 2167 2190 2214 2246 2264 2270 2252 2217 2196 2165
708SALVADOr2004122  2129 2127 2142 2179 2229 2241 2236 2228 2207 2188 2163
708SALVADOr2004123  2161 2171 2179 2194 2216 2217 2189 2187 2217
708SALVADOr2005 11  2245 2252 2254 2248 2242 2227 2212 2212 2216 2221 2233
708SALVADOr2005 12  2236 2239 2237 2233 2246 2251 2255 2243 2210 2197 2196
708SALVADOr2005 13  2211 2237 2274 2291 2287 2299 2350 2356 2326
708SALVADOr2005 21  2284 2249 2247 2236 2224 2219 2248 2337 2386 2399 2395
708SALVADOr2005 22  2342 2265 2221 2185 2138 2126 2136 2164 2217 2235 2224
708SALVADOr2005 23  2217 2202 2202 2219 2228 2213
708SALVADOr2005 31  2208 2208 2201 2203 2214 2221 2239 2266 2286 2306 2314
708SALVADOr2005 32  2320 2287 2257 2254 2244 2247 2255 2262 2252 2234 2247
708SALVADOr2005 33  2276 2295 2323 2344 2337 2324 2318 2316 2314
708SALVADOr2005 41  2315 2296 2283 2283 2284 2297 2294 2299 2328 2350 2360
708SALVADOr2005 42  2349 2330 2308 2297 2306 2294 2290 2311 2307 2304 2317
708SALVADOr2005 43  2321 2319 2297 2288 2303 2357 2388 2400
708SALVADOr2005 51  2416 2480 2500 2506 2481 2444 2401 2372 2331 2307 2277
708SALVADOr2005 52  2273 2302 2314 2322 2319 2319 2320 2316 2300 2281 2261
708SALVADOr2005 53  2250 2240 2237 2220 2212 2266 2318 2337 2334
708SALVADOr2005 61  2324 2303 2294 2299 2277 2261 2271 2282 2282 2279 2270
708SALVADOr2005 62  2266 2279 2283 2270 2243 2241 2258 2248 2227 2213 2229
708SALVADOr2005 63  2303 2353 2349 2357 2351 2302 2274 2263
708SALVADOr2005 71  2243 2229 2216 2209 2205 2215 2230 2270 2329 2326 2320
708SALVADOr2005 72  2349 2368 2357 2303 2267 2248 2219 2212 2226 2227 2241
708SALVADOr2005 73  2265 2273 2284 2279 2256 2225 2195 2193 2214
708SALVADOr2005 81  2247 2253 2237 2239 2228 2221 2226 2237 2246 2254 2256
708SALVADOr2005 82  2235 2244 2266 2280 2274 2260 2272 2273 2266 2271 2273
708SALVADOr2005 83  2276 2259 2245 2225 2195 2180 2195 2221 2230
708SALVADOr2005 91  2240 2239 2230 2218 2203 2212 2217 2208 2205 2199 2200
708SALVADOr2005 92  2188 2188 2204 2208 2208 2224 2257 2279 2292 2291 2273
708SALVADOr2005 93  2275 2277 2254 2230 2213 2202 2215 2234
708SALVADOr2005101  2255 2270 2275 2280 2256 2220 2196 2182 2181 2192 2208
708SALVADOr2005102  2217 2222 2226 2231 2229 2223 2209 2187 2168 2183 2202
708SALVADOr2005103  2214 2225 2232 2238 2237 2244 2258 2248 2235
708SALVADOr2005111  2230 2217 2204 2218 2239 2248 2257 2265 2272 2272 2271
708SALVADOr2005112  2301 2350 2364 2320 2273 2241 2192 2172 2171 2159 2179
708SALVADOr2005113  2217 2245 2251 2265 2254 2219 2186 2153
708SALVADOr2005121  2143 2185 2233 2288 2312 2314 2315 2297 2267 2259 2271
708SALVADOr2005122  2259 2252 2246 2256 2246 2248 2236 2228 2236 2236 2248
708SALVADOr2005123  2251 2260 2282 2272 2249 2235 2224 2237 2253
708SALVADOr2006 11  2271 2287 2294 2290 2271 2246 2236 2225 2221 2219 2215
708SALVADOr2006 12  2210 2215 2228 2225 2230 2243 2245 2239 2236 2251 2245
708SALVADOr2006 13  2239 2232 2215 2203 2199 2207 2234 2280 2309
708SALVADOr2006 21  2324 2313 2294 2288 2275 2276 2266 2243 2244 2243 2231
708SALVADOr2006 22  2239 2252 2278 2310 2334 2333 2319 2301 2301 2314 2297
708SALVADOr2006 23  2260 2242 2253 2261 2265 2272
708SALVADOr2006 31  2275 2280 2275 2272 2273 2256 2232 2223 2238 2262 2273
708SALVADOr2006 32  2269 2294 2320 2325 2316 2326 2318 2302 2281 2263 2252
708SALVADOr2006 33  2245 2252 2268 2287 2293 2309 2334 2328 2293
708SALVADOr2006 41  2248 2261 2299 2308 2316 2331 2372 2401 2400 2378 2349
708SALVADOr2006 42  2321 2286 2281 2287 2277 2280 2305 2307 2340 2400 2399
708SALVADOr2006 43  2385 2395 2411 2408 2392 2349 2322 2347
708SALVADOr2006 51  2352 2325 2318 2318 2314 2332 2397 2451 2483 2502 2463
708SALVADOr2006 52  2400 2353 2334 2338 2347 2368 2399 2423 2427 2409 2400
708SALVADOr2006 53  2389 2342 2322 2338 2349 2349 2340 2332 2318
708SALVADOr2006 61  2291 2267 2291 2334 2354 2356 2333 2299 2255 2223 2223
708SALVADOr2006 62  2218 2221 2261 2311 2313 2310 2316 2302 2289 2285 2264
708SALVADOr2006 63  2246 2230 2203 2194 2193 2206 2240 2288
708SALVADOr2006 71  2312 2303 2303 2293 2289 2282 2220 2170 2159 2170 2195
708SALVADOr2006 72  2222 2253 2295 2319 2306 2285 2267 2244 2212 2183 2209
708SALVADOr2006 73  2263 2263 2257 2264 2260 2242 2235 2216 2202
708SALVADOr2006 81  2205 2221 2236 2247 2251 2256 2274 2286 2291 2276 2275
708SALVADOr2006 82  2260 2242 2238 2231 2215 2186 2173 2178 2193 2197 2184
708SALVADOr2006 83  9999 9999 9999 9999 9999 9999 9999 9999 9999
708SALVADOr2006 91  9999 9999 9999 9999 9999 9999 9999 9999 9999 9999 9999
708SALVADOr2006 92  9999 9999 9999 9999 9999 9999 9999 9999 9999 9999 9999
708SALVADOr2006 93  9999 9999 9999 9999 9999 2287 2289 2279
708SALVADOr2006101  2275 2289 2296 2297 2283 2261 2229 2226 2223 2201 2198
708SALVADOr2006102  2233 2256 2265 2267 2273 2268 2268 2264 2256 2270 2274
708SALVADOr2006103  2251 2256 2263 2288 2305 2308 2294 2281 2284
708SALVADOr2006111  2293 2306 2316 2306 2293 2259 2256 2257 2267 2309 2326
708SALVADOr2006112  2342 2365 2344 2313 2325 2358 2325 2274 2227 2192 2183
708SALVADOr2006113  2181 2188 2229 2280 2300 2289 2288 2273
708SALVADOr2006121  2250 2226 2221 2220 2224 2229 2255 2241 2205 2204 2217
708SALVADOr2006122  2216 2219 2229 2235 2222 2193 2161 2140 2147 2142 2156
708SALVADOr2006123  2194 2232 2257 2272 2266 2255 2244 2232 2234
708SALVADOr2007 11  2233 2231 2232 2234 2220 2211 2202 2190 2191 2197 2188
708SALVADOr2007 12  2177 2183 2194 2195 2189 2182 2210 2254 2275 2276 2275
708SALVADOr2007 13  2275 2259 2246 2256 2272 2270 2250 2217 2203
708SALVADOr2007 21  2211 2221 2258 2270 2257 2254 2275 2286 2272 2259 2281
708SALVADOr2007 22  2293 2280 2285 2295 2300 2312 2343 2331 2308 2283 2253
708SALVADOr2007 23  2227 2220 2249 2264 2265 2278
708SALVADOr2007 31  2302 2326 2307 2277 2287 2298 2278 2266 2264 2263 2262
708SALVADOr2007 32  2265 2265 2270 2266 2274 2284 2274 2277 2266 2257 2224
708SALVADOr2007 33  2205 2215 2253 2286 2289 2287 2307 2316 2322
708SALVADOr2007 41  2326 2325 2323 2312 2289 2269 2255 2270 2306 2302 2286
708SALVADOr2007 42  2277 2290 2320 2328 2325 2326 2327 2325 2291 2293 2317
708SALVADOr2007 43  2320 2315 2305 2306 2315 2310 2289 2297
708SALVADOr2007 51  2311 2329 2347 2360 2365 2369 2356 2351 2330 2329 2372
708SALVADOr2007 52  2374 2373 2354 2372 2357 2326 2301 2289 2304 2326 2338
708SALVADOr2007 53  2354 2344 2339 2394 2405 2359 2327 2339 2365
708SALVADOr2007 61  2373 2362 2357 2367 2395 2399 2379 2352 2360 2363 2356
708SALVADOr2007 62  2328 2296 2290 2292 2290 2276 2270 2283 2301 2303 2301
708SALVADOr2007 63  2284 2266 2267 2265 2260 2238 2222 2220
708SALVADOr2007 71  2235 2250 2268 2289 2297 2296 2308 2305 2279 2241 2223
708SALVADOr2007 72  2216 2214 2233 2270 2310 2328 2321 2309 2269 2258 2271
708SALVADOr2007 73  2271 2274 2268 2222 2204 2204 2253 2342 2357
708SALVADOr2007 81  2354 2364 2367 2341 2315 2314 2299 2267 2245 2247 2261
708SALVADOr2007 82  2273 2271 2280 2279 2278 2260 2249 2238 2219 2214 2216
708SALVADOr2007 83  2237 2260 2279 2267 2268 2280 2269 2261 2250
708SALVADOr2007 91  2232 2235 2231 2219 2217 2222 2218 2229 2235 2228 2224
708SALVADOr2007 92  2224 2223 2231 2231 2226 2230 2202 2190 2229 2242 2222
708SALVADOr2007 93  2215 2216 2218 2203 2188 2192 2192 2201
708SALVADOr2007101  2231 2236 2251 2256 2252 2244 2236 2249 2255 2246 2246
708SALVADOr2007102  2224 2203 2194 2189 2186 2202 2217 2211 2227 2245 2241
708SALVADOr2007103  2222 2212 2205 2215 2219 2212 2198 2209 2226
708SALVADOr2007111  2226 2223 2212 2208 2207 2186 2165 2184 2206 2206 2218
708SALVADOr2007112  2206 2178 2163 2175 2183 2204 2254 2291 2308 2285 2244
708SALVADOr2007113  2228 2240 2229 2230 2245 2246 2254 2259
708SALVADOr2007121  2262 2248 2251 2257 2241 2234 2221 2197 2172 2169 2169
708SALVADOr2007122  2188 2234 2260 2260 2254 2247 2239 2233 2232 2211 2192
708SALVADOr2007123  2186 2187 2201 2226 2241 2257 2265 2270 2257
708SALVADOr2008 11  2234 2214 2198 2182 2175 2196 2210 2215 2219 2234 2235
708SALVADOr2008 12  2246 2273 2284 2279 2249 2226 2214 2213 2228 2247 2230
708SALVADOr2008 13  2242 2304 2342 2380 2390 2365 2353 2358 2355
708SALVADOr2008 21  2325 2286 2237 2218 2224 2220 2231 2264 2294 2310 2304
708SALVADOr2008 22  2308 2311 2315 2306 2294 2301 2321 2316 2315 2330 2330
708SALVADOr2008 23  2321 2311 2313 2324 2326 2334 2358
708SALVADOr2008 31  2387 2378 2357 2332 2322 2326 2318 2310 2322 2323 2330
708SALVADOr2008 32  2361 2366 2365 2370 2364 2358 2380 2378 2380 2385 2378
708SALVADOr2008 33  2369 2357 2347 2325 2327 2351 2358 2368 2398
708SALVADOr2008 41  2458 2465 2451 2440 2417 2374 9999 9999 2288 2317 2354
708SALVADOr2008 42  2363 2344 2325 2323 2315 2311 2324 2343 2361 2361 2351
708SALVADOr2008 43  2345 2321 2300 2296 2295 2296 2308 2332
708SALVADOr2008 51  2350 2372 2395 2382 2355 2360 2350 2353 2379 2384 2407
708SALVADOr2008 52  2440 2421 2390 2355 2329 2319 2342 2348 2340 2335 2336
708SALVADOr2008 53  2344 2346 2337 2333 2325 2308 2310 2322 2331
708SALVADOr2008 61  2321 2315 2318 2310 2317 2316 2336 2361 2341 2317 2301
708SALVADOr2008 62  2281 2266 2261 2250 2247 2254 2275 2316 2324 2331 2346
708SALVADOr2008 63  2355 2352 2352 2366 2368 2364 2356 2325
708SALVADOr2008 71  2287 2252 2246 2260 2267 2293 2306 2308 2319 2325 2303
708SALVADOr2008 72  2284 2293 2302 2285 2262 2271 2294 2285 2277 2274 2247
708SALVADOr2008 73  2245 2252 2252 2259 2268 2290 2299 2289 2284
708SALVADOr2008 81  2305 2310 2289 2268 2228 2209 2218 2223 2231 2242 2231
708SALVADOr2008 82  2225 2236 2263 2256 2253 2249 2251 2257 2248 2238 2237
708SALVADOr2008 83  2226 2211 2210 2230 2259 2272 2282 2277 2270
708SALVADOr2008 91  2288 2289 2267 2249 2245 2244 2218 2194 2201 2222 2242
708SALVADOr2008 92  2264 2292 2296 2276 2259 2257 2260 2265 2294 2305 2310
708SALVADOr2008 93  2301 2279 2258 2256 2249 2246 2242 2248
708SALVADOr2008101  2260 2256 2235 2200 2195 2202 2213 2229 2244 2285 2316
708SALVADOr2008102  2340 2327 2326 2309 2271 2234 2204 2199 2187 2193 2221
708SALVADOr2008103  2255 2247 2241 2218 2208 2208 2186 2165 2171
708SALVADOr2008111  2164 2181 2223 2229 2236 2265 2280 2273 2272 2269 2258
708SALVADOr2008112  2249 2242 2230 2226 2243 2244 2238 2261 2286 2302 2306
708SALVADOr2008113  2295 2304 2308 2291 2257 2232 2224 2229
708SALVADOr2008121  2220 2220 2231 2228 2216 2241 2265 2286 2320 2331 2297
708SALVADOr2008122  2271 2236 2211 2233 2254 2269 2284 2285 2271 2244 2229
708SALVADOr2008123  2210 2214 2217 2213 2217 2214 2210 2214 2227
708SALVADOr2009 11  2246 2264 2261 2244 2226 2203 2202 2211 2220 2234 2254
708SALVADOr2009 12  2276 2285 2278 2260 2234 2235 2227 2212 2203 2213 2224
708SALVADOr2009 13  2232 2243 2273 2290 2288 2293 2293 2283 2272
708SALVADOr2009 21  2253 2234 2233 2240 2252 2256 2263 2264 2263 2280 2278
708SALVADOr2009 22  2277 2276 2264 2256 2256 2257 2275 2277 2272 2291 2294
708SALVADOr2009 23  2294 2318 2324 2318 2302 2283
708SALVADOr2009 31  2283 2278 2272 2272 2272 2268 2273 2285 2315 2329 2315
708SALVADOr2009 32  2305 2298 2291 2273 2251 2236 2249 2279 2332 2378 2382
708SALVADOr2009 33  2395 2409 2393 2374 2364 2361 2351 2344 2346
708SALVADOr2009 41  2319 2306 2315 2330 2344 2355 2364 2362 2346 2345 2341
708SALVADOr2009 42  2325 2318 2347 2381 2376 2367 2379 2407 2439 2451 2443
708SALVADOr2009 43  2446 2437 2399 2361 2326 2335 2350 2358
708SALVADOr2009 51  2350 2360 2413 2439 2431 2422 2407 2404 2401 2386 2386
708SALVADOr2009 52  2400 2428 2431 2413 2374 2366 2404 2449 2453 2450 2450
708SALVADOr2009 53  2405 2391 2389 2384 2368 2351 2344 2342 2357
708SALVADOr2009 61  2394 2388 2339 2325 2358 2390 2401 2440 2479 2445 2397
708SALVADOr2009 62  2393 2384 2382 2395 2413 2407 2390 2369 2348 2339 2336
708SALVADOr2009 63  2334 2324 2319 2330 2329 2318 2298 2290
708SALVADOr2009 71  2309 2307 2292 2292 2287 2286 2288 2312 2321 2322 2305
708SALVADOr2009 72  2284 2261 2233 2255 2292 2297 2312 2321 2311 2297 2292
708SALVADOr2009 73  2318 2323 2304 2287 2271 2252 2241 2245 2257
708SALVADOr2009 81  2277 2300 2309 2305 2303 2312 2328 2316 2303 2296 2282
708SALVADOr2009 82  2261 2248 2264 2287 2292 2302 2303 2318 2320 2300 2264
708SALVADOr2009 83  2254 2268 2270 2256 2261 2258 2248 2262 2274
708SALVADOr2009 91  2264 2253 2248 2256 2253 2235 2210 2215 2219 2215 2222
708SALVADOr2009 92  2218 2222 2242 2257 2269 2279 2296 2291 2276 2251 2216
708SALVADOr2009 93  2195 2200 2199 2198 2223 2258 2278 2283
708SALVADOr2009101  2285 2310 2315 2291 2292 2304 2311 2300 2275 2263 2302
708SALVADOr2009102  2352 2362 2334 2316 2316 2304 2291 2276 2249 2239 2238
708SALVADOr2009103  2253 2270 2283 2286 2289 2264 2256 2255 2256
708SALVADOr2009111  2240 2233 2241 2240 2222 2209 2208 2215 2234 9999 9999
708SALVADOr2009112  9999 9999 9999 9999 9999 9999 9999 9999 9999 9999 9999
708SALVADOr2009113  9999 9999 9999 9999 9999 9999 9999 9999
708SALVADOr2009121  9999 9999 9999 9999 9999 9999 9999 2257 2273 2279 2275
708SALVADOr2009122  2272 2274 2259 2241 2244 2259 2269 2275 2286 2297 2306
708SALVADOr2009123  2295 2277 2280 2273 2260 2231 2225 2230 2237
708SALVADOr2010 11  2233 2213 2232 2253 2271 2284 2276 2270 2267 2267 2272
708SALVADOr2010 12  2273 2270 2292 2305 2309 2315 2323 2328 2333 2325 2306
708SALVADOr2010 13  2297 2270 2246 2237 2260 2276 2294 2288 2295
708SALVADOr2010 21  2291 2291 2297 2298 2296 2274 2268 2281 2294 2316 2332
708SALVADOr2010 22  2326 2324 2344 2351 2352 2345 2334 2294 2278 2282 2295
708SALVADOr2010 23  2308 2332 2336 2340 2338 2332
708SALVADOr2010 31  2334 2338 2347 2372 2389 2370 2331 2299 2287 2288 2290
708SALVADOr2010 32  2272 2261 2264 2273 2273 2287 2285 2282 2293 2310 2306
708SALVADOr2010 33  2310 2323 2340 2348 2357 2352 2351 2354 2354
708SALVADOr2010 41  2346 2339 2349 2362 2347 2337 2344 2358 2361 2401 2470
708SALVADOr2010 42  2530 2525 2488 2433 2393 2345 2314 2299 2325 2355 2385
708SALVADOr2010 43  2374 2364 2350 2346 2360 2370 2379 2400
708SALVADOr2010 51  2407 2411 2408 2412 2424 2403 2365 2357 2367 2359 2339
708SALVADOr2010 52  2318 2331 2326 2337 2387 2386 2368 2386 2394 2388 2363
708SALVADOr2010 53  2331 2303 2295 2311 2322 2323 2346 2359 2345
708SALVADOr2010 61  2324 2339 2360 2362 2327 2324 2324 2345 2363 2371 2367
708SALVADOr2010 62  2375 2383 2396 2394 2380 2369 2359 2321 2274 2242 2211
708SALVADOr2010 63  2179 2178 2236 2311 2327 2331 2347 2354
708SALVADOr2010 71  2338 2335 2349 2336 2317 2313 2301 2281 2272 2259 2255
708SALVADOr2010 72  2271 2284 2292 2299 2295 2292 2305 2311 2327 2323 2305
708SALVADOr2010 73  2302 2307 2268 2256 2254 2255 2275 2302 2301
708SALVADOr2010 81  2310 2297 2275 2265 2251 2256 2252 2270 2343 2362 2329
708SALVADOr2010 82  2333 2317 2301 2275 2272 2298 2310 2306 2300 2305 2294
708SALVADOr2010 83  2305 2306 2272 2247 2249 2247 2245 2244 2237
708SALVADOr2010 91  2235 2239 2241 2218 2231 2248 2265 2287 2286 2297 2319
708SALVADOr2010 92  2324 2297 2255 2247 2259 2264 2255 2240 2236 2261 2271
708SALVADOr2010 93  2271 2283 2248 2221 2215 2205 2192 2188
708SALVADOr2010101  2196 2205 2221 2245 2272 2298 2296 2285 2279 2253 2260
708SALVADOr2010102  2279 2275 2293 2328 2338 2328 2324 2317 2326 2335 2334
708SALVADOr2010103  2358 2381 2377 2339 2325 2296 2269 2266 2277
708SALVADOr2010111  2275 2282 2276 2270 9999 9999 9999 9999 9999 9999 9999
708SALVADOr2010112  9999 9999 9999 9999 9999 9999 9999 9999 9999 9999 2279
708SALVADOr2010113  2252 2249 2248 2245 2254 2255 2247 2252
708SALVADOr2010121  2241 2227 2234 2228 2225 2221 2240 2269 2304 9999 9999
708SALVADOr2010122  9999 9999 9999 9999 2245 2234 2229 2230 2216 2213 2243
708SALVADOr2010123  2267 2273 2273 2276 2274 2293 2288 2264 2239
708SALVADOr2011 11  2230 2246 2258 2269 2265 2265 2281 2288 2292 2290 2273
708SALVADOr2011 12  2249 2230 2217 2229 2230 2224 2253 2291 2300 2309 2315
708SALVADOr2011 13  2312 2304 2295 2284 2273 2261 2268 2271 2276
708SALVADOr2011 21  2289 2292 2289 2294 2301 2304 2307 2308 2302 2299 2292
708SALVADOr2011 22  2282 2272 2283 2307 2330 2345 2351 2354 2348 2318 2293
708SALVADOr2011 23  2293 2288 2266 2244 2272 2294
708SALVADOr2011 31  2292 2288 2297 2307 2307 2314 2322 2319 2318 2323 2309
708SALVADOr2011 32  2287 2269 2264 2238 2225 2235 2287 2337 2378 2436 2430
708SALVADOr2011 33  2390 2355 2336 2318 2316 2314 2299 2279 2282
708SALVADOr2011 41  2287 2281 2284 2299 2283 2273 2291 2296 2290 2315 2338
708SALVADOr2011 42  2383 2398 2390 2399 2423 2402 2359 2333 2336 2334 2345
708SALVADOr2011 43  2365 2376 2369 2382 2396 2412 2418 2399
708SALVADOr2011 51  2396 2372 2341 2324 2307 2321 2358 2412 2453 2484 2484
708SALVADOr2011 52  2486 2484 2470 2471 2461 2421 2406 2428 2411 2389 2396
708SALVADOr2011 53  2390 2388 2371 2366 2347 2313 2308 2308 2316
708SALVADOr2011 61  2342 2366 2389 2398 2393 2397 2378 2385 2372 2354 2333
708SALVADOr2011 62  2342 2359 2370 2392 2416 2418 2387 2341 2306 2297 2286
708SALVADOr2011 63  2285 2303 2306 2290 2281 2271 2264 2255
708SALVADOr2011 71  2280 2307 2330 2359 2344 2327 2313 2303 2309 2339 2372
708SALVADOr2011 72  2377 2348 2327 2314 2298 2281 2280 2272 2268 2256 2240
708SALVADOr2011 73  2232 2221 2223 2221 2248 2259 2258 2263 2266
708SALVADOr2011 81  2238 2225 2222 2201 2192 2216 2243 9999 9999 9999 2286
708SALVADOr2011 82  2254 2280 2279 9999 9999 2274 2265 2245 2241 2208 2191
708SALVADOr2011 83  2191 2187 2184 2208 2248 2263 2289 2291 2267
708SALVADOr2011 91  2237 2218 2239 2264 2264 2266 2274 2261 2260 2255 2220
708SALVADOr2011 92  2206 2217 2244 2267 2284 2291 2291 2279 2254 2243 2240
708SALVADOr2011 93  9999 9999 9999 9999 2272 2278 2253 2243
708SALVADOr2011101  2247 2232 2217 2192 2184 2211 2231 2236 2246 2261 2258
708SALVADOr2011102  2243 2224 2227 2223 2225 2251 2285 2342 2387 2399 2383
708SALVADOr2011103  2356 2352 2339 2296 2265 2253 2252 2255 2254
708SALVADOr2011111  2277 2340 2373 2380 2385 2367 2343 2340 2333 2296 2261
708SALVADOr2011112  2264 2260 2255 2255 2251 2251 2245 2254 2272 2276 2292
708SALVADOr2011113  2279 2254 2236 2228 2230 2226 2227 2249
708SALVADOr2011121  2284 2296 2275 2242 2227 2237 2261 2270 2275 2300 2305
708SALVADOr2011122  2290 2287 9999 9999 2271 2262 2248 2251 2227 2226 2228
708SALVADOr2011123  2225 2222 2245 2266 2268 2282 2274 2264 2274
708SALVADOr2012 11  2259 2250 2242 2233 2224 2231 2236 2228 2241 2246 2261
708SALVADOr2012 12  2280 2283 2275 2279 2286 2275 2255 2253 2254 2266 2277
708SALVADOr2012 13  2291 2285 2266 2266 2267 2240 2221 2219 2230
708SALVADOr2012 21  2216 2206 2210 2215 2202 2201 2217 2242 2252 2239 2208
708SALVADOr2012 22  2192 2189 2186 2198 2205 2226 2246 2265 2285 2282 2271
708SALVADOr2012 23  2262 2263 2252 2226 2216 2211 2204
708SALVADOr2012 31  2202 9999 9999 9999 9999 9999 9999 9999 2301 2289 2293
708SALVADOr2012 32  2288 2279 2273 2260 2256 2249 2254 2250 2264 9999 9999
708SALVADOr2012 33  2296 2293 2278 2248 2227 2214 2217 2251 2285
708SALVADOr2012 41  2298 2306 2326 2348 2373 2388 2366 2337 2327 2329 2330
708SALVADOr2012 42  2334 2341 2349 2356 9999 9999 9999 2371 2386 2375 2361
708SALVADOr2012 43  2335 2311 2293 2282 2284 2291 2298 2303
708SALVADOr2012 51  2308 2318 2322 2340 2370 2398 2396 2375 2352 2344 2340
708SALVADOr2012 52  2331 2322 2308 2307 2302 2338 2384 2413 2414 2408 2376
708SALVADOr2012 53  2356 2344 2317 2299 2283 2253 2249 2245 2248
708SALVADOr2012 61  2255 2242 2241 2239 2237 2253 2251 2272 2294 2318 2328
708SALVADOr2012 62  2329 2325 2315 2311 2302 2305 2302 2289 2282 2273 2272
708SALVADOr2012 63  2260 2252 2286 2313 2334 2336 2316 2312
708SALVADOr2012 71  2306 2285 2271 2303 2323 2319 2314 2308 2297 2309 2336
708SALVADOr2012 72  2330 2324 2331 2318 2294 2289 2277 2275 2273 2293 2308
708SALVADOr2012 73  2307 2315 2321 2314 2289 2267 2273 2285 2296
708SALVADOr2012 81  2304 2315 2329 2320 2319 2317 2303 2303 2293 2283 2299
708SALVADOr2012 82  2298 2275 2288 2294 2281 2276 2276 2277 2275 2272 2276
708SALVADOr2012 83  2268 2255 2245 2225 2196 2181 2197 2200 2194
708SALVADOr2012 91  2219 2260 2285 2267 2243 2222 2207 2200 2214 2246 2248
708SALVADOr2012 92  2244 2230 2211 2206 2222 2236 2255 2252 2235 2210 2198
708SALVADOr2012 93  2179 2191 2234 2262 2294 2340 2346 2325
708SALVADOr2012101  2326 2358 2341 2310 2295 2268 2243 2235 2237 2243 2256
708SALVADOr2012102  2241 2222 2219 2220 2228 2245 2252 2276 2282 2264 2243
708SALVADOr2012103  2220 2214 2213 2209 2212 2245 2258 2244 2266
708SALVADOr2012111  2286 2266 2251 2263 2276 2294 2308 2301 2297 2297 2274
708SALVADOr2012112  2265 2261 2249 2239 2238 2252 2259 2276 2310 2301 2276
708SALVADOr2012113  9999 9999 9999 9999 2216 2244 2253 2238
708SALVADOr2012121  2227 2249 2262 2269 2269 2271 2276 2260 2247 2236 2238
708SALVADOr2012122  2240 2213 2210 2218 2226 2237 2239 2228 2206 2207 2219
708SALVADOr2012123  2219 2223 2234 2235 2246 2246 2237 2265 2284
708SALVADOr2013 11  2284 2295 2307 2311 2301 2286 2273 2272 2279 2285 2295
708SALVADOr2013 12  2273 2250 2255 2282 2298 2288 2271 2253 2231 2210 2204
708SALVADOr2013 13  2232 2258 2275 2271 2269 2276 2276 2284 2297
708SALVADOr2013 21  2297 2292 2291 2302 2301 2271 2241 2228 2236 2263 2279
708SALVADOr2013 22  2290 2295 2283 2278 2272 2256 2244 2238 2230 2247 2278
708SALVADOr2013 23  2284 2279 2274 2297 2305 2295
708SALVADOr2013 31  2283 2274 2281 2300 2313 2316 2303 2295 2284 2282 2300
708SALVADOr2013 32  2320 2327 2298 2270 2266 2288 2327 2343 2355 2357 2373
708SALVADOr2013 33  2378 2365 2366 2352 2338 2331 2315 2309 2327
708SALVADOr2013 41  2356 2371 2365 2349 2345 2339 2300 2289 2311 2325 2323
708SALVADOr2013 42  2322 2325 2323 2322 2339 2325 2319 2346 2406 2439 2470
708SALVADOr2013 43  2474 2458 2431 2403 2384 2367 2367 2363
708SALVADOr2013 51  2357 2354 2360 2357 2350 2339 2314 2314 2343 2376 2405
708SALVADOr2013 52  2426 2427 2415 2382 2369 2372 2367 2357 2378 2400 2405
708SALVADOr2013 53  2386 2358 2339 2345 2353 2366 2358 2329 2312
708SALVADOr2013 61  2306 2323 2327 2310 2310 2318 2307 2293 2300 2308 2329
708SALVADOr2013 62  2324 2332 2349 2346 2336 2339 2336 2317 2303 2300 2303
708SALVADOr2013 63  2303 2297 2317 2357 2360 2353 2354 2345
708SALVADOr2013 71  2320 2309 2315 2321 2334 2348 2346 2350 2332 2334 2360
708SALVADOr2013 72  2345 2324 2317 2318 2301 2281 2271 2272 2289 2292 2284
708SALVADOr2013 73  2276 2277 2299 2313 2326 2358 2390 2388 2390
708SALVADOr2013 81  2379 2349 2325 2309 2301 2300 2306 2315 2323 2316 2323
708SALVADOr2013 82  2311 2289 2267 2259 2268 2302 2330 2339 2342 2336 2310
708SALVADOr2013 83  2306 2300 2252 2248 2235 2214 2205 2264 2340
708SALVADOr2013 91  2358 2366 2339 2298 2248 2227 2218 2212 2230 2245 2276
708SALVADOr2013 92  2280 2260 2245 2229 2237 2249 2226 2187 2177 2191 2211
708SALVADOr2013 93  2203 2195 2214 2205 2194 2215 2253 2290
708SALVADOr2013101  2324 2318 2270 2230 2236 2241 2211 2221 2288 2328 2340
708SALVADOr2013102  2324 2302 2295 2278 2259 2231 2217 2200 2171 2166 2171
708SALVADOr2013103  2184 2182 2187 2205 2238 2272 2271 2280 2304
708SALVADOr2013111  2307 2302 2311 2315 2309 2254 2219 2200 2214 2228 2237
708SALVADOr2013112  2254 2265 2249 2234 2236 2240 2230 2241 2242 2257 2286
708SALVADOr2013113  2316 2318 2301 2313 2321 2307 2276 2247
708SALVADOr2013121  2243 2241 2225 2225 2249 2266 2257 2245 2251 2270 2278
708SALVADOr2013122  2279 2276 2251 2242 2244 2245 2268 2275 2262 2260 2238
708SALVADOr2013123  2201 2189 2180 2191 2188 2167 2199 2236 2246
708SALVADOr2014 11  2240 2242 2241 2246 2263 2299 2324 2337 2351 2342 2318
708SALVADOr2014 12  2308 2291 2274 2266 2264 2277 2283 2288 2275 2270 2274
708SALVADOr2014 13  2279 2284 2278 2264 2267 2269 2278 2285 2297
708SALVADOr2014 21  2318 2328 2336 2325 2304 2293 2279 2279 2275 2264 2253
708SALVADOr2014 22  2257 2283 2290 2288 2283 2281 2276 2276 2277 2285 2293
708SALVADOr2014 23  2290 2286 2288 2269 2272 2286
708SALVADOr2014 31  2288 2285 2283 2280 2280 2294 2303 2292 2267 2251 2256
708SALVADOr2014 32  2268 2268 2272 2277 2282 2281 2277 2263 2257 2270 2261
708SALVADOr2014 33  2261 2275 2297 2337 2352 2364 2378 2369 2359
708SALVADOr2014 41  2349 2337 2318 2300 2284 2274 2311 2359 2365 2362 2341
708SALVADOr2014 42  2330 2327 2314 2301 2314 2328 2346 2371 2387 2392 2400
708SALVADOr2014 43  2395 2387 2373 2380 2431 2452 2445 2434
708SALVADOr2014 51  2421 2398 2367 2346 2355 2361 2341 2324 2337 2331 2327
708SALVADOr2014 52  2360 2379 2378 2369 2357 2335 2325 2319 2320 2324 2332
708SALVADOr2014 53  2320 2300 2275 2265 2263 2259 2277 2321 2372
708SALVADOr2014 61  2390 2388 2366 2327 2322 2317 2289 2276 2281 2296 2314
708SALVADOr2014 62  2316 2294 2283 2298 2302 2295 2279 2256 2253 2259 2258
708SALVADOr2014 63  2270 2282 2302 2328 2327 2307 2276 2264
708SALVADOr2014 71  2265 2274 2260 2266 2280 2268 2258 2252 2248 2243 2236
708SALVADOr2014 72  2237 2251 2289 2309 2302 2288 2255 2243 2230 2216 2228
708SALVADOr2014 73  2225 2229 2248 2258 2263 2248 2242 2264 2289
708SALVADOr2014 81  2315 2308 2287 2274 2256 2261 2288 2273 2251 2243 2261
708SALVADOr2014 82  2251 2248 2244 2254 2268 2257 2248 2263 2265 2261 2260
708SALVADOr2014 83  2251 2244 2247 2242 2247 2244 2230 2227 2229
708SALVADOr2014 91  2256 2276 2284 2297 2314 2320 2312 2297 2279 2256 2228
708SALVADOr2014 92  2216 2193 2184 2183 2207 2221 2223 2226 2221 2229 2225
708SALVADOr2014 93  2239 2271 2277 2273 2285 2267 2252 2261
708SALVADOr2014101  2251 2244 2259 2331 2354 2342 2316 2306 2287 2269 2240
708SALVADOr2014102  2200 2165 2165 2169 2166 2181 2207 2227 2244 2242 2234
708SALVADOr2014103  2233 2268 2282 2271 2266 2246 2222 2203 2198
708SALVADOr2014111  2208 2222 2230 2240 2245 2221 2227 2264 2280 2270 2270
708SALVADOr2014112  2275 2272 2268 2271 2266 2291 2344 2350 2346 2331 2297
708SALVADOr2014113  2285 2263 2253 2241 2243 2238 2239 2260
708SALVADOr2014121  2263 2264 2275 2284 2278 2242 2195 2187 2199 2218 2248
708SALVADOr2014122  2258 2259 2243 2230 2218 2190 2167 2184 2203 2217 2221
708SALVADOr2014123  2226 2223 2202 2191 2207 2240 2256 2247 2235
708SALVADOr2015 11  2216 2194 2184 2182 2170 2178 2190 2212 2240 2254 2241
708SALVADOr2015 12  2206 2188 2191 2191 2195 2216 2233 2247 2256 2285 2306
708SALVADOr2015 13  2280 2267 2276 2267 2259 2256 2272 2277 2266
708SALVADOr2015 21  2260 2255 2258 2265 2277 2286 2285 2265 2244 2245 2249
708SALVADOr2015 22  2257 2270 2289 2299 2285 2269 2275 2294 2317 2350 2359
708SALVADOr2015 23  2350 2333 2311 2306 2325 2337
708SALVADOr2015 31  2320 2302 2311 2332 2348 2353 2350 2342 2321 2307 2290
708SALVADOr2015 32  2280 2292 2315 2316 2313 2315 2311 2331 2344 2338 2324
708SALVADOr2015 33  2300 2281 2260 2280 2312 2312 2336 2362 2359
708SALVADOr2015 41  2357 2363 2374 2414 2438 2411 2381 2361 2401 2432 2423
708SALVADOr2015 42  2419 2428 2422 2418 2418 2382 2348 2358 2358 2343 2303
708SALVADOr2015 43  2278 2272 2301 2334 2357 2398 2436 2430
708SALVADOr2015 51  2435 2420 2398 2391 2376 2345 2337 2327 2369 2423 2420
708SALVADOr2015 52  2388 2354 2358 2413 2428 2419 2425 2404 2355 2335 2336
708SALVADOr2015 53  2328 2328 2323 2319 2279 2273 2279 2271 2261
708SALVADOr2015 61  2284 2315 2370 2394 2381 2361 2350 2341 2328 2316 2304
708SALVADOr2015 62  2284 2271 2265 2256 2248 2270 2298 2319 2333 2348 2353
708SALVADOr2015 63  2359 2368 2351 2353 2381 2370 2353 2328
708SALVADOr2015 71  2314 2309 2286 2261 2256 2280 2343 2367 2349 2332 2311
708SALVADOr2015 72  2300 2290 2251 2242 2246 2236 2251 2259 2260 2287 2302
708SALVADOr2015 73  2299 2302 2299 2277 2270 2271 2277 2285 2279
708SALVADOr2015 81  2285 2306 2305 2297 2286 2280 2270 2283 2292 2275 2285
708SALVADOr2015 82  2300 2276 2257 2229 2212 2224 2231 2237 2269 2251 2242
708SALVADOr2015 83  2272 2297 2291 2299 2293 2268 2266 2283 2302
708SALVADOr2015 91  2329 2325 2295 2280 2261 2232 2252 2261 2238 2252 2293
708SALVADOr2015 92  2283 2276 2262 2261 2267 2273 2284 2283 2284 2263 2243
708SALVADOr2015 93  2221 2204 2209 2215 2218 2217 2215 2225
708SALVADOr2015101  2218 2212 2209 2231 2247 2244 2259 2288 2315 2326 2305
708SALVADOr2015102  2279 2267 2247 2235 2239 2261 2284 2308 2319 2350 2373
708SALVADOr2015103  2361 2332 2308 2307 2326 2327 2314 2313 2312
708SALVADOr2015111  2303 2279 2255 2242 2243 2228 2199 2213 2261 2273 2278
708SALVADOr2015112  2301 2287 2265 2250 2245 2235 2258 2286 2281 2279 2267
708SALVADOr2015113  2263 2274 2272 2254 2236 2257 2267 2238
708SALVADOr2015121  2218 2221 2252 2263 2247 2228 2224 2217 2214 2221 2227
708SALVADOr2015122  2237 2243 2250 2255 2253 2242 2240 2241 2258 2271 2268
708SALVADOr2015123  2258 2267 2265 2243 2228 2232 2243 2227 2228
708SALVADOr2016 11  2252 2263 2276 2280 2274 2284 2291 2285 2281 2258 2240
708SALVADOr2016 12  2249 2247 2227 2226 2239 2233 2232 2229 2224 2237 2235
708SALVADOr2016 13  2225 2220 2231 2264 2282 2272 2285 2313 2327
708SALVADOr2016 21  2320 2314 2323 2335 2311 2280 2284 2302 2322 2342 2342
708SALVADOr2016 22  2336 2322 2293 2279 2279 2298 2306 2297 2269 2270 2284
708SALVADOr2016 23  2286 2282 2284 2277 2274 2283 2289
708SALVADOr2016 31  2280 2269 2280 2306 2314 2332 2350 2374 2399 2394 2365
708SALVADOr2016 32  2314 2301 2299 2296 2301 2305 2314 2340 2362 2358 2344
708SALVADOr2016 33  2330 2325 2332 2335 2332 2332 2323 2317 2311
708SALVADOr2016 41  2305 2315 2332 2337 2333 2356 2386 2390 2359 2344 2342
708SALVADOr2016 42  2338 2332 2337 2348 2350 2350 2352 2333 2316 2310 2307
708SALVADOr2016 43  2298 2297 2308 2323 2311 2290 2268 2269
708SALVADOr2016 51  2288 2303 2352 2411 2432 2411 2392 2375 2365 2346 2323
708SALVADOr2016 52  2308 2295 2301 2333 2343 2336 2320 2307 2299 2290 2297
708SALVADOr2016 53  2328 2346 2377 2419 2414 2387 2378 2370 2353
708SALVADOr2016 61  2333 2323 2301 2288 2267 2244 2235 2227 2237 2265 2301
708SALVADOr2016 62  2308 2319 2390 2447 2447 2424 2416 2391 2358 2327 2308
708SALVADOr2016 63  2312 2329 2343 2369 2356 2319 2304 2284
708SALVADOr2016 71  2254 2245 2244 2230 2236 2249 2252 2250 2241 2247 2255
708SALVADOr2016 72  2264 2278 2273 2252 2260 2275 2251 2238 2268 2271 2270
708SALVADOr2016 73  2301 2342 2350 2325 2297 2266 2227 2218 2231
708SALVADOr2016 81  2246 2237 2230 2257 2266 2258 2242 2240 2236 2242 2228
708SALVADOr2016 82  2188 2181 2205 2238 2271 2278 2247 2229 2231 2223 2229
708SALVADOr2016 83  2238 2272 2293 2293 2287 2295 2284 2244 2218
708SALVADOr2016 91  2212 2206 2196 2196 2197 2193 2206 2202 2195 2191 2193
708SALVADOr2016 92  2209 2233 2248 2238 2233 2240 2248 2239 2225 2221 2240
708SALVADOr2016 93  2301 2322 2304 2290 2282 2288 2301 2292
708SALVADOr2016101  2263 2262 2295 2332 2318 2302 2292 2273 2255 2232 2233
708SALVADOr2016102  2244 2262 2263 2254 2248 2234 2225 2216 2189 2171 2166
708SALVADOr2016103  2171 2198 2212 2222 2245 2261 2218 2182 2183
708SALVADOr2016111  2194 2182 2178 2219 2245 2253 2247 2236 2236 2252 2284
708SALVADOr2016112  2299 2284 2268 2265 2258 2247 2259 2279 2304 2303 2317
708SALVADOr2016113  2330 2338 2310 2287 2268 2239 2235 2251
708SALVADOr2016121  2236 2236 2242 2237 2225 2223 2244 2233 2225 2218 2222
708SALVADOr2016122  2232 2218 2198 2194 2193 2226 2275 2275 2274 2280 2268
708SALVADOr2016123  2271 2264 2251 9999 9999 2176 2204 2209 2227
708SALVADOr2017 11  2234 2262 2256 2225 2201 2214 2237 2248 2257 2274 2284
708SALVADOr2017 12  2267 2253 2259 2266 2270 2267 2269 2271 2271 2268 2253
708SALVADOr2017 13  2242 2237 2237 2245 2242 2245 2249 2254 2258
708SALVADOr2017 21  2271 2271 2260 2243 2217 2195 2179 2180 2180 2187 2219
708SALVADOr2017 22  2245 2254 2262 2277 2288 2280 2258 2248 2250 2250 2241
708SALVADOr2017 23  2249 2271 2289 2299 2299 2289
708SALVADOr2017 31  2274 2266 2271 2282 2297 2303 2293 2285 2282 2300 2328
708SALVADOr2017 32  2337 2339 2340 2328 2297 2289 2294 2304 2304 2290 2302
708SALVADOr2017 33  2355 2392 2407 2406 2375 2333 2320 2327 2329
708SALVADOr2017 41  2338 2333 2332 2340 2344 2337 2343 2341 2332 2309 2298
708SALVADOr2017 42  2299 2310 2334 2349 2342 2325 2329 2365 2420 2448 2435
708SALVADOr2017 43  2402 2369 2355 2353 2339 2320 2314 2327
708SALVADOr2017 51  2360 2383 2398 2416 2411 2399 2374 2350 2336 2329 2328
708SALVADOr2017 52  2347 2363 2363 2351 2338 2350 2370 2392 2377 2356 2353
708SALVADOr2017 53  2349 2306 2259 2240 2231 2215 2225 2242 2246
708SALVADOr2017 61  2249 2259 2260 2259 2287 2303 2300 2279 2250 2254 2248
708SALVADOr2017 62  2239 2273 2293 2303 2320 2337 2343 2336 2327 2303 2304
708SALVADOr2017 63  2307 2321 2330 2337 2351 2341 2328 2309
708SALVADOr2017 71  2299 2295 2299 2319 2335 2323 2317 2320 2303 2284 2262
708SALVADOr2017 72  2247 2229 2217 2219 2219 2214 2222 2232 2226 2222 2225
708SALVADOr2017 73  2245 2270 2310 2341 2329 2297 2274 2268 2260
708SALVADOr2017 81  2258 2241 2227 2236 2222 2214 2217 2241 2285 2308 2294
708SALVADOr2017 82  2284 2276 2282 2287 2279 2268 2257 2237 2229 2216 2213
708SALVADOr2017 83  2247 2270 2286 2301 2299 2293 2285 2260 2245
708SALVADOr2017 91  2222 2203 2231 2265 2274 2275 2271 2265 2262 2245 2213
708SALVADOr2017 92  2202 2210 2223 2228 2223 2206 2192 2187 2181 2185 2208
708SALVADOr2017 93  2228 2235 2237 2237 2234 2215 2196 2187
708SALVADOr2017101  2191 2206 2205 2186 2206 2245 2264 2261 2242 2231 2226
708SALVADOr2017102  2214 2215 2208 2218 2230 2246 2238 2223 2228 2234 2227
708SALVADOr2017103  2218 2213 2208 2211 2237 2259 2275 2270 2260
708SALVADOr2017111  2247 2236 2241 2262 2278 2279 2268 2258 2268 2269 2277
708SALVADOr2017112  2285 2273 2237 2233 2256 2265 2274 2280 2272 2266 2247
708SALVADOr2017113  2233 2236 2244 2265 2279 2294 2316 2290
708SALVADOr2017121  2279 2251 2235 2245 2252 2249 2252 2284 2310 2281 2240
708SALVADOr2017122  2224 2214 2208 2218 2230 2251 2267 2261 2251 2255 2242
708SALVADOr2017123  2227 2233 2257 2265 2254 2243 2221 2208 2200
708SALVADOr2018 11  2216 2239 2243 2227 2205 2208 2220 2228 2249 2262 2270
708SALVADOr2018 12  2264 2243 2215 2198 2199 2196 2196 2198 2207 2221 2237
708SALVADOr2018 13  2249 2251 2249 2247 2231 2206 2205 2223 2228
708SALVADOr2018 21  2236 2272 2300 2296 2278 2274 2292 2284 2239 2236 2242
708SALVADOr2018 22  2267 2284 2274 2270 2269 2282 2296 2345 2388 2393 2353
708SALVADOr2018 23  2311 2285 2272 2261 2256 2270
708SALVADOr2018 31  2296 2307 2314 2316 2308 2295 2287 2272 2247 2236 2240
708SALVADOr2018 32  2270 2276 2270 2276 2293 2313 2310 2305 2309 2298 2275
708SALVADOr2018 33  2260 2255 2267 2289 2295 2319 2354 2367 2369
708SALVADOr2018 41  2354 2346 2373 2384 2356 2328 2308 2316 2344 2366 2380
708SALVADOr2018 42  2374 2370 2371 2346 2328 2312 2312 2349 2386 2393 2374
708SALVADOr2018 43  2346 2329 2310 2315 2328 2338 2337 2327
708SALVADOr2018 51  2344 2338 2319 2324 2340 2363 2358 2350 2361 2369 2371
708SALVADOr2018 52  2374 2381 2362 2354 2345 2337 2351 2369 2377 2360 2341
708SALVADOr2018 53  2340 2339 2375 2416 2417 2401 2380 2376 2358
708SALVADOr2018 61  2327 2304 2287 2265 2281 2311 2317 2312 2314 2330 2353
708SALVADOr2018 62  2347 2304 2281 2263 2257 2258 2269 2280 2312 2359 2363
708SALVADOr2018 63  2328 2289 2255 2242 2242 2256 2284 2305
708SALVADOr2018 71  2338 2358 2356 2337 2344 2333 2305 2306 2302 2281 2273
708SALVADOr2018 72  2267 2257 2265 2304 2339 2345 2322 2294 2260 2244 2243
708SALVADOr2018 73  2236 2242 2236 2234 2255 2272 2264 2279 2286
708SALVADOr2018 81  2290 2283 2267 2274 2275 2252 2250 2248 2258 2273 2273
708SALVADOr2018 82  2278 2277 2284 2296 2281 2268 2280 2298 2280 2240 2227
708SALVADOr2018 83  2239 2246 2230 2218 2238 2268 2289 2302 2310
708SALVADOr2018 91  2309 2307 2314 2303 2267 2223 2238 2301 2336 2340 2328
708SALVADOr2018 92  2296 2270 2269 2269 2256 2230 2220 2205 2191 2184 2214
708SALVADOr2018 93  2242 2247 2248 2242 2253 2272 2255 2235
708SALVADOr2018101  2233 2235 2246 2254 2248 2248 2249 2258 2259 2257 2266
708SALVADOr2018102  2259 2241 2232 2236 2252 2255 2266 2302 2328 2344 2334
708SALVADOr2018103  2337 2308 2283 2286 2287 2288 2252 2245 2264
708SALVADOr2018111  2269 2277 2285 2279 2266 2264 2246 2229 2214 2234 2255
708SALVADOr2018112  2248 2230 2213 2222 2226 2216 2218 2235 2237 2235 2233
708SALVADOr2018113  2249 2266 2270 2285 2293 2293 2297 2307
708SALVADOr2018121  2319 2323 2317 2288 2282 2276 2264 2281 2310 2305 2298
708SALVADOr2018122  2292 2304 2307 2282 2270 2267 2258 2272 2279 2270 2269
708SALVADOr2018123  2257 2237 2236 2245 2252 2261 2262 2254 2258
708SALVADOr2019 11  2229 2199 2182 2195 2211 2210 2218 2240 2263 2275 2305
708SALVADOr2019 12  2330 2321 2294 2280 2273 2278 2276 2275 2263 2237 2237
708SALVADOr2019 13  2253 2269 2278 2274 2270 2259 2248 2255 2266
708SALVADOr2019 21  2263 2258 2258 2253 2246 2235 2254 2277 2273 2273 2281
708SALVADOr2019 22  2277 2283 2263 2253 2269 2279 2278 2305 2326 2326 2317
708SALVADOr2019 23  2309 2315 2330 2319 2294 2283
708SALVADOr2019 31  2276 2282 2296 2296 2299 2317 2340 2340 2335 2336 2326
708SALVADOr2019 32  2305 2298 2301 2299 2297 2300 2325 2347 2352 2342 2338
708SALVADOr2019 33  2360 2372 2382 2385 2369 2375 2376 2394 2410
708SALVADOr2019 41  2418 2427 2452 2444 2399 2371 2361 2354 2353 2347 2333
708SALVADOr2019 42  2334 2367 2412 2432 2432 2412 2401 2382 2353 2350 2353
708SALVADOr2019 43  2335 2321 2321 2324 2325 2330 2332 2324
708SALVADOr2019 51  2322 2320 2317 2319 2344 2353 2360 2349 2346 2385 2412
708SALVADOr2019 52  2403 2400 2406 2399 2374 2348 2350 2350 2342 2333 2327
708SALVADOr2019 53  2318 2306 2305 2317 2310 2328 2366 2377 2379
708SALVADOr2019 61  2367 2356 2332 2311 2311 2380 2419 2417 2402 2384 2370
708SALVADOr2019 62  2360 2328 2297 2282 2266 2234 2277 2304 2296 2284 2309
708SALVADOr2019 63  2328 2325 2327 2319 2295 2283 2282 2274
708SALVADOr2019 71  2267 2284 2300 2310 2297 2266 2283 2357 2418 2436 2428
708SALVADOr2019 72  2421 2398 2366 2341 2320 2305 2310 2338 2357 2371 2373
708SALVADOr2019 73  2342 2315 2278 2247 2241 2244 2248 2249 2244
708SALVADOr2019 81  2239 2249 2265 2260 2239 2232 2240 2234 2241 2252 2248
708SALVADOr2019 82  2246 2245 2246 2245 2285 2336 2354 2351 2323 2288 2270
708SALVADOr2019 83  2254 2245 2237 2257 2295 2334 2354 2341 2329
708SALVADOr2019 91  2317 2293 2243 2223 2217 2211 2219 2251 2274 2277 2288
708SALVADOr2019 92  2282 2277 2259 2245 2239 2245 2265 2276 2272 2249 2241
708SALVADOr2019 93  2234 2250 2307 2342 2354 2341 2320 2305
708SALVADOr2019101  2311 2308 2278 2256 2259 2275 2260 2230 2232 2231 2248
708SALVADOr2019102  2286 2299 2302 2276 2239 2218 2199 2209 2237 2249 2274
708SALVADOr2019103  2293 2290 2305 2315 2312 2328 2322 2319 2311
708SALVADOr2019111  2288 2255 2247 2258 2252 2253 2259 2281 2285 2274 2273
708SALVADOr2019112  2287 2297 2293 2296 2288 2275 2271 2273 2279 2306 2330
708SALVADOr2019113  2341 2331 2316 2330 2321 2299 2288 2279
708SALVADOr2019121  2269 2272 2260 2243 2253 2272 2271 2264 2242 2250 2256
708SALVADOr2019122  2268 2278 2268 2273 2279 2272 2262 2263 2260 2260 2276
708SALVADOr2019123  2257 2239 2237 2242 2242 2242 2274 2318 2324
708SALVADOr2020 11  2302 2288 2270 2235 2205 2204 2198 2206 2213 2225 2232
708SALVADOr2020 12  2240 2249 2246 2243 2265 2284 2274 2286 2298 2305 2295
708SALVADOr2020 13  2262 2245 2264 2273 2267 2259 2258 2259 2277
708SALVADOr2020 21  2276 2264 2262 2252 2258 2267 2286 2294 2307 2329 2327
708SALVADOr2020 22  2313 2300 2285 2275 2290 2322 2331 2315 2302 2303 2291
708SALVADOr2020 23  2274 2281 2314 2344 2358 2364 2354
708SALVADOr2020 31  2357 2344 2321 2329 2345 2351 2346 2373 2428 2448 2448
708SALVADOr2020 32  2440 2418 2373 2338 2343 2346 2348 2343 2324 2297 2306
708SALVADOr2020 33  2342 2413 2455 2464 2463 2452 2429 2392 2379
708SALVADOr2020 41  2368 2349 2347 2332 2318 2342 2395 2418 2425 2418 2428
708SALVADOr2020 42  2420 2401 2420 2461 2451 2427 2405 2395 2435 2461 2472
708SALVADOr2020 43  2495 2484 2462 2438 2424 2401 2386 2397
708SALVADOr2020 51  2376 2356 2340 2335 2371 2390 2376 2377 2438 2466 2423
708SALVADOr2020 52  2397 2402 2391 2370 2331 2309 2328 2357 2394 2415 2407
708SALVADOr2020 53  2367 2342 2354 2353 2355 2370 2380 2420 2468
708SALVADOr2020 61  2483 2449 2408 2384 2376 2369 2377 2382 2383 2369 2345
708SALVADOr2020 62  2313 2301 2319 2326 2331 2345 2360 2340 2296 2306 2341
708SALVADOr2020 63  2340 2331 2326 2311 2322 2334 2344 2320
708SALVADOr2020 71  2300 2295 2277 2284 2286 2296 2323 2343 2345 2347 2337
708SALVADOr2020 72  2328 2315 2310 2314 2296 2285 2300 2319 2346 2386 2400
708SALVADOr2020 73  2384 2346 2316 2309 2291 2279 2284 2285 2284
708SALVADOr2020 81  2281 2310 2338 2350 2352 2340 2342 2332 2318 2308 2294
708SALVADOr2020 82  2280 2272 2277 2286 2277 2277 2314 2329 2324 2339 2340
708SALVADOr2020 83  2360 2414 2435 2432 2432 2418 2386 2327 2305
708SALVADOr2020 91  2287 2261 2251 2254 2274 2289 2292 2289 2272 2221 2189
708SALVADOr2020 92  2198 2223 2240 2249 2246 2243 2259 2260 2267 2270 2233
708SALVADOr2020 93  2209 2230 2264 2294 2306 2319 2305 2264
708SALVADOr2020101  2259 2281 2284 2262 2251 2256 2246 2235 2240 2268 2255
708SALVADOr2020102  2224 2256 2279 2288 2301 2285 2302 2319 2278 2276 2275
708SALVADOr2020103  2247 2250 2261 2259 2255 2239 2230 2224 2225
708SALVADOr2020111  2246 2273 2334 2355 2347 2330 2303 2287 2298 2317 2319
708SALVADOr2020112  2325 2306 2271 2256 2268 2251 2248 2261 2261 2251 2255
708SALVADOr2020113  2277 2286 2305 2321 2310 2295 2280 2285
708SALVADOr2020121  2274 2260 2245 2241 2245 2238 2253 2274 2264 2258 2256
708SALVADOr2020122  2259 2260 2262 2278 2285 2287 2293 2296 2283 2278 2273
708SALVADOr2020123  2282 2303 2304 2278 2264 2265 2268 2265 2259
708SALVADOr2021 11  2272 2267 2278 2281 2276 2281 2292 2301 2293 2274 2260
708SALVADOr2021 12  2253 2267 2269 2270 2276 2283 2269 2257 2251 2239 2221
708SALVADOr2021 13  2219 2245 2256 2268 2292 2301 2293 2281 2283
708SALVADOr2021 21  2295 2304 2294 2302 2310 2306 2293 2286 2302 2314 2340
708SALVADOr2021 22  2359 2371 2398 2400 2384 2357 2319 2282 2246 2226 2225
708SALVADOr2021 23  2232 2235 2266 2304 2332 2362
708SALVADOr2021 31  2369 2358 2349 2332 2338 2349 2333 2302 2293 2296 2313
708SALVADOr2021 32  2338 2363 2356 2345 2354 2337 2313 2306 2299 2297 2292
708SALVADOr2021 33  2299 9999 9999 9999 9999 9999 9999 9999 9999
708SALVADOr2021 41  9999 9999 9999 9999 9999 9999 9999 9999 9999 9999 9999
708SALVADOr2021 42  9999 9999 2317 2330 2356 2384 2386 2386 2367 2346 2337
708SALVADOr2021 43  2339 2362 2402 2427 2420 2386 2339 2336
708SALVADOr2021 51  2380 2416 2444 2457 2450 2438 2415 2386 2375 2404 2423
708SALVADOr2021 52  2423 2425 2432 2432 2429 2416 2406 2400 2389 2384 2363
708SALVADOr2021 53  2338 2330 2319 2302 2297 2300 2292 2311 2320
708SALVADOr2021 61  2327 2333 2334 2312 2311 2347 2370 2369 2370 2349 2331
708SALVADOr2021 62  2327 2326 2342 2366 2357 2320 2307 2313 2331 2349 2320
708SALVADOr2021 63  2302 2305 2306 2316 2316 2321 2301 2282
