731PUERTO M      LAT=42 45.8S  LONG=065 01.8W
731PUERTO M2010 31  9999 9999 9999 9999 9999 9999 9999 9999 9999 9999 9999
731PUERTO M2010 32  9999 9999 9999 3889 3424 3631 3801 3609 3439 3724 3793
731PUERTO M2010 33  3929 3781 3389 3597 3641 3635 3753 3557 3574
731PUERTO M2010 41  3792 4025 3909 3309 3277 3485 3706 3458 3512 3637 3755
731PUERTO M2010 42  3913 3762 3534 3687 3805 3850 3840 3941 3994 3943 3758
731PUERTO M2010 43  3612 3648 3703 3676 3797 3790 3689 3778
731PUERTO M2010 51  3868 3893 3792 3653 3699 3811 3694 3606 3548 3184 3109
731PUERTO M2010 52  3452 3634 3940 3798 3404 3550 3605 3693 3575 3479 3687
731PUERTO M2010 53  3628 3606 3901 3786 3283 3532 3919 3930 3604
731PUERTO M2010 61  3455 3579 3671 3583 3492 3941 4145 3604 3096 2861 3025
731PUERTO M2010 62  3297 3547 3747 4050 3736 3711 3936 4002 3905 3631 3442
731PUERTO M2010 63  3498 3774 3905 3597 3523 3561 3654 3716
731PUERTO M2010 71  3753 3599 3469 3702 3844 3525 3251 3516 3687 3738 4184
731PUERTO M2010 72  4323 4059 3793 3478 3328 3444 3209 3289 3893 3730 3635
731PUERTO M2010 73  3679 3578 3454 3548 3650 3723 3724 3770 4012
731PUERTO M2010 81  3945 3612 3267 3091 3019 3181 3621 3604 3646 3706 3749
731PUERTO M2010 82  4038 3553 3379 3283 3229 3532 3629 3628 3423 3606 3665
731PUERTO M2010 83  3627 3637 3582 3519 3581 3784 3720 3223 3752
731PUERTO M2010 91  3583 3113 3495 3686 3813 3949 3553 3434 3533 3540 3589
731PUERTO M2010 92  3645 3480 3530 3672 3647 3538 3432 3597 3636 3712 3758
731PUERTO M2010 93  3519 3584 3710 3718 3432 3430 3637 3638
731PUERTO M2010101  3497 3561 3666 3674 3554 3434 3485 3506 3323 3449 3775
731PUERTO M2010102  3776 3862 3726 3449 3472 3146 3223 3370 3679 3709 3492
731PUERTO M2010103  3605 3698 3671 3585 3323 3385 3609 3798 3706
731PUERTO M2010111  3586 3613 3605 3695 3586 3603 4060 4041 3946 3713 3437
731PUERTO M2010112  3492 3646 3531 3283 3175 3401 3625 3713 3630 3600 3520
731PUERTO M2010113  3718 3777 3710 3822 3772 3389 3664 3694
731PUERTO M2010121  3722 3945 3746 3883 3802 3648 3833 3786 3748 3969 3852
731PUERTO M2010122  3665 4058 4276 3653 3672 3839 3623 3585 3715 3750 3685
731PUERTO M2010123  3693 3713 3757 3698 3766 3680 3595 3599 3680
731PUERTO M2011 11  3789 3702 3601 3671 3705 3677 3824 3938 3531 3533 3773
731PUERTO M2011 12  3694 3769 3835 3599 3812 3852 3600 3715 3721 3627 3656
731PUERTO M2011 13  3719 3804 3875 3799 3776 3798 3599 3719 3847
731PUERTO M2011 21  3621 3630 3822 3849 4018 3744 3724 3668 3618 3532 3482
731PUERTO M2011 22  3566 3686 3600 3747 3883 3790 3497 3429 3376 3564 3856
731PUERTO M2011 23  3950 3771 3531 3791 3559 3595
731PUERTO M2011 31  3590 3731 3685 3582 3621 3663 3823 3686 3651 3764 3868
731PUERTO M2011 32  3957 3847 3523 3415 3552 3774 3823 3718 3780 3720 3845
731PUERTO M2011 33  3824 3666 3637 3830 3893 3762 3689 3777 3806
731PUERTO M2011 41  3903 3699 3964 4047 3850 3709 3879 3745 3669 3811 3915
731PUERTO M2011 42  3818 3912 4078 3739 3604 3587 3687 3798 3813 3456 3552
731PUERTO M2011 43  3765 3931 3933 3677 3848 3740 3581 3823
731PUERTO M2011 51  3743 3709 3712 3871 4397 4113 3910 4080 3643 3647 3749
731PUERTO M2011 52  3583 3551 3607 3476 3551 3592 3625 3823 3693 3732 3861
731PUERTO M2011 53  3529 3802 3812 3388 3005 3474 3733 3561 3662
731PUERTO M2011 61  3814 4194 3905 3426 3747 3762 3521 3567 3703 3518 3604
731PUERTO M2011 62  3773 3585 3606 3839 3810 3734 3332 3598 3793 3657 3683
731PUERTO M2011 63  3839 3971 3582 3484 3870 3740 3806 4198
731PUERTO M2011 71  4145 4103 3624 3793 3692 3482 3618 3660 3737 3751 3570
731PUERTO M2011 72  3607 3576 3614 3814 3810 3711 3553 3448 3461 3548 3616
731PUERTO M2011 73  3607 3574 3797 3747 3480 3787 3779 3669 3510
731PUERTO M2011 81  3480 3751 3722 3313 3623 3800 3510 3214 2865 3193 3599
731PUERTO M2011 82  3781 3765 3534 3641 3627 3570 3715 4122 4005 3397 3206
731PUERTO M2011 83  3422 3675 3583 3198 3331 3567 3585 3699 3430
731PUERTO M2011 91  2861 3244 3580 3558 3804 3906 3693 3600 3662 3687 3472
731PUERTO M2011 92  3570 3620 3381 3490 3616 3499 3424 3718 3671 3891 3628
731PUERTO M2011 93  3148 3177 3516 3588 3378 3541 3693 3620
731PUERTO M2011101  3656 3575 3386 3430 3610 3486 3311 3262 3124 3398 3630
731PUERTO M2011102  3528 3492 3720 3877 3675 3512 3519 3518 3661 3680 3704
731PUERTO M2011103  3531 3699 3597 3476 3517 3723 3761 3655 3518
731PUERTO M2011111  3521 3598 3596 3610 3619 3602 3724 3744 3766 3735 3607
731PUERTO M2011112  3532 3707 3748 3700 3679 3568 3487 3644 3630 3765 3718
731PUERTO M2011113  3623 3638 3685 3696 3616 3748 3738 3685
731PUERTO M2011121  3686 3659 3667 3580 3564 3516 3602 3551 3481 3731 3784
731PUERTO M2011122  3675 3525 3529 3524 3350 3485 3666 3631 3701 3811 3891
731PUERTO M2011123  3831 3673 3797 3805 3643 3650 3786 3765 3800
731PUERTO M2012 11  3809 3699 3695 3689 3847 3825 3422 3723 3701 3706 3798
731PUERTO M2012 12  3672 3641 3816 3941 3695 3508 3690 3810 3773 3676 3640
731PUERTO M2012 13  3795 3906 3550 3436 3621 3718 3720 3763 3839
731PUERTO M2012 21  3818 3740 3678 3872 3813 3848 3781 3907 3436 3490 3804
731PUERTO M2012 22  3982 3801 3752 3832 3789 3785 3846 3814 3846 3738 3759
731PUERTO M2012 23  3878 3817 3685 3618 3560 3738 3674
731PUERTO M2012 31  3504 3531 3637 3645 3714 3628 3690 3696 3623 3870 3625
731PUERTO M2012 32  3588 3731 3536 3461 3695 3920 3908 3799 3663 4012 3883
731PUERTO M2012 33  3756 3834 4056 4007 3473 3653 3818 3764 3720
731PUERTO M2012 41  3748 3584 3520 3821 3939 4109 3979 3791 3712 3757 3629
731PUERTO M2012 42  3698 3830 3757 3718 3664 3730 3759 3833 4209 4200 3775
731PUERTO M2012 43  3509 3615 3740 3633 3558 3501 3382 3232
731PUERTO M2012 51  3374 3597 3773 3814 3572 3297 3742 3752 3649 3813 4021
731PUERTO M2012 52  3718 3652 3709 3503 3502 3683 3545 3198 3605 3659 3788
731PUERTO M2012 53  3819 3807 3862 3646 3470 3788 4070 3906 3884
731PUERTO M2012 61  3734 3682 3704 3756 4301 4178 4210 4013 3666 4006 3833
731PUERTO M2012 62  3780 3824 3826 3928 3519 3486 3680 3889 3671 3699 3767
731PUERTO M2012 63  3882 3822 3558 3565 3747 3598 3591 3669
731PUERTO M2012 71  3826 3976 3513 3738 3897 3717 3416 3646 3696 3662 3672
731PUERTO M2012 72  3741 4108 3805 3109 3481 3467 3332 3699 3713 3657 3542
731PUERTO M2012 73  3715 3647 3751 4101 3688 3712 3918 3535 3305
731PUERTO M2012 81  3475 3608 3591 3646 3707 3638 3638 3614 3702 3683 3412
731PUERTO M2012 82  3552 3466 3543 3885 3452 3329 3494 3613 3630 3384 3653
731PUERTO M2012 83  3755 3723 3542 3159 2878 3082 3556 3586 3598
731PUERTO M2012 91  3765 3582 3128 3508 3477 3615 3729 3686 3520 3569 3606
731PUERTO M2012 92  3618 3567 3561 3584 3672 3636 3429 3352 3744 3894 3720
731PUERTO M2012 93  3838 3999 3526 3203 3213 3473 3472 3532
731PUERTO M2012101  3564 3521 3424 3431 3618 3642 3557 3608 3954 3530 3387
731PUERTO M2012102  3598 3614 3634 3625 3636 3654 3703 3809 3806 3701 3595
731PUERTO M2012103  3575 3637 3625 3760 3664 3626 3687 3587 3681
731PUERTO M2012111  3691 3659 3640 3683 3712 3620 3656 3612 3853 3604 3567
731PUERTO M2012112  3562 3487 3515 3760 3695 3482 3675 3763 3610 3512 3652
731PUERTO M2012113  3741 3810 3687 3705 4066 3883 3452 3569
731PUERTO M2012121  3638 3670 3839 3707 3653 3743 3815 3878 3820 3766 3789
731PUERTO M2012122  3862 3814 3755 3753 3769 3899 3623 3529 3714 3783 3721
731PUERTO M2012123  3678 3724 3947 3944 3640 3582 3722 3924 3933
731PUERTO M2013 11  3715 3387 3509 3660 3620 3715 3809 3789 3710 3621 3715
731PUERTO M2013 12  3850 3714 3581 3679 3879 3683 3532 3523 3382 3388 3598
731PUERTO M2013 13  3832 3969 3896 3817 3642 3679 3635 3702 3726
731PUERTO M2013 21  3918 3982 3647 3865 3689 3728 3827 3694 3678 3784 3693
731PUERTO M2013 22  3965 3942 3676 3753 3910 3963 3787 3783 3882 3744 3637
731PUERTO M2013 23  3745 3912 3723 3582 3571 3583
731PUERTO M2013 31  3656 3713 3656 3575 3508 3810 4001 3685 3702 3884 3834
731PUERTO M2013 32  3939 3845 3611 3474 3387 3308 3247 3246 3444 3712 3739
731PUERTO M2013 33  3708 3584 3723 3643 3653 3685 3760 3859 3809
731PUERTO M2013 41  3589 3685 3559 3560 3837 3826 3897 3818 3580 3590 3888
731PUERTO M2013 42  3985 3919 3882 3720 3470 3671 3720 3821 3751 3657 3830
731PUERTO M2013 43  3721 3679 3725 3710 3861 3764 3728 3779
731PUERTO M2013 51  3799 3761 3626 3801 3757 3874 3838 3881 3826 3801 3773
731PUERTO M2013 52  3636 3973 4204 4155 3725 3571 3676 3552 3462 3579 3562
731PUERTO M2013 53  3779 4115 3845 3838 3712 3756 3896 3778 3801
731PUERTO M2013 61  3953 3843 3701 3854 3845 3599 3860 3951 3705 3805 3821
731PUERTO M2013 62  3781 3974 3744 3244 3677 3522 3920 3729 3601 3965 4034
731PUERTO M2013 63  3743 3679 3704 3758 3746 3724 3937 3888
731PUERTO M2013 71  3465 3381 3659 3728 3729 3705 3661 3511 3605 3806 3780
731PUERTO M2013 72  3561 3637 3887 3768 3977 4329 3865 3782 4494 4254 3527
731PUERTO M2013 73  3647 3512 3597 3746 3685 3700 3758 3691 3724
731PUERTO M2013 81  3750 3514 3332 3554 3783 3601 3666 3977 3534 3349 3899
731PUERTO M2013 82  3927 3686 3274 3522 3702 3408 3564 3619 3665 4048 4106
731PUERTO M2013 83  3880 3547 3143 2847 3367 3733 3822 3761 3601
731PUERTO M2013 91  3654 3642 3523 3235 3211 3572 3584 3485 3562 3811 3762
731PUERTO M2013 92  3707 3703 3530 3481 3449 3409 3498 3582 3795 3723 3640
731PUERTO M2013 93  3576 3533 3273 3648 3875 3602 3386 3204
731PUERTO M2013101  2997 3127 3397 3433 3459 3490 3517 3561 3649 3738 3507
731PUERTO M2013102  3362 3462 3564 3700 3757 3651 3696 3795 4071 3837 3721
731PUERTO M2013103  3747 3540 3475 3666 3669 3740 3573 3337 3601
731PUERTO M2013111  3703 3576 3653 3649 3718 3719 3782 3828 3669 3486 3686
731PUERTO M2013112  3779 3770 3761 3772 3709 3764 3782 3629 3711 3607 3409
731PUERTO M2013113  3631 3792 3732 3377 3539 4010 3999 3594
731PUERTO M2013121  3651 3791 3745 4175 4163 3732 3808 3752 3516 3463 3638
731PUERTO M2013122  3716 3732 3714 3812 3773 3764 3693 3674 3643 3648 3677
731PUERTO M2013123  3729 3752 3653 3838 3863 3781 3783 3736 3707
731PUERTO M2014 11  3847 4117 4254 3791 3641 3753 3813 3748 3842 3904 3680
731PUERTO M2014 12  3464 3586 3732 3847 3801 3777 3790 3649 3716 3826 3838
731PUERTO M2014 13  3825 3698 3553 3711 3784 3774 3600 3829 3915
731PUERTO M2014 21  3727 3811 3833 3680 3805 3766 3759 3773 3714 3746 3825
731PUERTO M2014 22  3800 3708 3445 3348 3445 3465 3639 3739 3531 3548 3765
731PUERTO M2014 23  3955 3832 3327 3317 3478 3738
731PUERTO M2014 31  3621 3547 3511 3572 3736 3726 3729 3579 3807 3727 3783
731PUERTO M2014 32  3887 3570 3692 3914 3819 3866 3709 3486 3944 4269 3731
731PUERTO M2014 33  3935 3743 3450 3382 3535 3765 3729 3751 3911
731PUERTO M2014 41  3746 3550 3647 3705 3605 3531 3599 3816 3836 3776 3970
731PUERTO M2014 42  4138 3625 3621 3615 3796 3788 3895 4112 3999 3822 3630
731PUERTO M2014 43  3684 3441 3298 3280 3628 3737 3533 3529
731PUERTO M2014 51  3792 3776 3507 3582 3732 3922 3933 3478 3353 3717 3590
731PUERTO M2014 52  3509 3872 4096 3967 3700 3881 3819 3707 3611 3705 3782
731PUERTO M2014 53  3702 3733 3614 3703 3743 3637 3701 3761 3687
731PUERTO M2014 61  3668 3968 3964 3855 3890 3984 3978 3797 3661 3528 3627
731PUERTO M2014 62  3785 3745 3578 3587 3806 4006 3676 3546 3667 3843 3819
731PUERTO M2014 63  3697 3643 3767 3632 3592 3501 3598 3664
731PUERTO M2014 71  3630 3778 3675 3772 3669 3607 4012 4009 3889 3541 3514
731PUERTO M2014 72  3562 3502 3463 3760 3880 3646 3518 3658 3645 3713 3609
731PUERTO M2014 73  3731 4020 4090 3798 3346 2964 3443 3519 3495
731PUERTO M2014 81  3629 3654 3819 3727 3458 3726 3772 3438 3525 3822 3893
731PUERTO M2014 82  3951 3898 3712 3568 3580 3592 3865 3741 3520 3633 3537
731PUERTO M2014 83  3584 3651 3520 3460 3374 3382 3640 3633 3527
731PUERTO M2014 91  3481 3453 3405 3487 3653 3776 3849 3752 9999 9999 9999
731PUERTO M2014 92  9999 9999 9999 9999 9999 9999 9999 9999 9999 9999 9999
731PUERTO M2014 93  9999 9999 9999 9999 9999 9999 9999 9999
731PUERTO M2014101  9999 9999 9999 9999 9999 3592 3706 3719 3683 3639 3731
731PUERTO M2014102  3739 3844 4028 3682 3668 3713 3730 3461 3226 3522 3684
731PUERTO M2014103  3623 3649 3811 3870 3761 3702 3823 3896 3899
731PUERTO M2014111  3557 3265 3278 3610 3659 3545 3635 3822 3841 3668 3693
731PUERTO M2014112  3665 3570 3736 3820 3513 3506 3817 3790 3609 3490 3704
731PUERTO M2014113  3830 3777 3690 3762 3598 3555 3736 3562
731PUERTO M2014121  3530 3680 3772 3656 3649 3667 3726 3869 3859 3836 3661
731PUERTO M2014122  3858 3862 3661 3537 3664 3631 3644 3927 3912 3793 3597
731PUERTO M2014123  3683 3783 3725 3747 3819 3801 3663 3706 3892
731PUERTO M2015 11  4104 3876 3745 3613 3777 3817 3863 3822 3779 3705 3796
731PUERTO M2015 12  3892 3816 3722 3502 3929 3810 3781 3734 3600 3655 3558
731PUERTO M2015 13  3722 3775 3827 3724 3786 3872 3551 3442 3674
731PUERTO M2015 21  3828 3726 3697 3739 3728 3777 3715 3700 3893 3766 3847
731PUERTO M2015 22  4024 3806 3519 3522 3742 3698 3758 3808 3627 3621 3685
731PUERTO M2015 23  3667 3904 3645 3651 3879 3697
731PUERTO M2015 31  3734 3743 3712 3680 3630 3744 3815 3807 3715 3682 3903
731PUERTO M2015 32  3825 3795 3758 3666 3732 3767 3648 3797 4045 3947 3799
731PUERTO M2015 33  3892 3786 3626 3587 3539 3629 3744 3822 3705
731PUERTO M2015 41  3725 3894 4033 4075 3835 3652 3652 3592 3603 3669 3601
731PUERTO M2015 42  3565 3755 3854 3808 3637 3739 3806 3992 4152 3756 3679
731PUERTO M2015 43  3880 3864 3675 3915 3644 3218 3339 3516
731PUERTO M2015 51  3769 4131 4119 4187 4034 3619 3463 3640 3479 3362 3342
731PUERTO M2015 52  3323 3509 3689 3736 3694 3812 3772 3678 3676 3713 3775
731PUERTO M2015 53  4026 4033 4120 3881 3555 3552 3619 3835 3795
731PUERTO M2015 61  3710 3836 3881 3805 3771 3905 3819 3866 3786 3851 4022
731PUERTO M2015 62  3854 3852 3870 3865 4066 4173 3597 3539 3640 3841 4106
731PUERTO M2015 63  3419 3346 3565 3711 3584 3600 4026 4063
731PUERTO M2015 71  3926 3709 3648 3573 3624 3794 3637 3595 3822 3874 3650
731PUERTO M2015 72  3765 3673 3818 3648 3712 3454 3570 3813 3920 3639 3614
731PUERTO M2015 73  3678 3600 3354 3600 3708 3782 3681 3533 3717
731PUERTO M2015 81  3673 3692 3769 3642 3390 3610 3834 3683 3636 3784 3719
731PUERTO M2015 82  3770 3381 3282 3735 3508 3662 4048 3829 3360 3658 3948
731PUERTO M2015 83  3584 3271 3491 3641 3575 3564 3703 3745 3907
731PUERTO M2015 91  3638 3656 3721 3621 3603 3844 3643 3754 3864 4109 3909
731PUERTO M2015 92  3818 3777 3858 3903 3852 4054 3699 3817 3765 3559 3492
731PUERTO M2015 93  3514 3602 3516 3509 3454 3776 3746 3584
731PUERTO M2015101  3880 3660 3102 2974 3332 3620 3775 3755 3582 3470 3368
731PUERTO M2015102  3345 3550 3919 3890 3580 3505 3597 3842 3913 3786 3783
731PUERTO M2015103  3537 3414 3344 3380 3502 3569 3761 3622 3676
731PUERTO M2015111  3774 3758 3885 3699 3678 3515 3589 3661 3632 3515 3573
731PUERTO M2015112  3711 3714 3690 3773 3725 3498 3667 3746 3558 3766 3774
731PUERTO M2015113  3677 3659 3773 3788 3764 3726 3628 3762
731PUERTO M2015121  3863 3509 3632 3842 3515 3190 3575 3786 3902 3898 3895
731PUERTO M2015122  3917 3854 3765 3520 3638 3791 3727 3510 3679 3783 3798
731PUERTO M2015123  3781 3727 3805 3868 3809 3785 3794 3687 3661
731PUERTO M2016 11  3512 3466 3676 3749 3686 3790 3780 4002 3707 3720 3838
731PUERTO M2016 12  4014 3916 3760 3708 3584 3703 3665 3699 3652 3655 3862
731PUERTO M2016 13  3643 3560 3839 3793 3675 3702 3751 3744 3573
731PUERTO M2016 21  3549 3683 3642 3852 3762 3576 3564 3637 3761 3803 3756
731PUERTO M2016 22  3847 3864 3871 3732 3770 3822 3705 3646 3564 3730 3801
731PUERTO M2016 23  3809 3846 3833 3923 3845 3720 3718
731PUERTO M2016 31  3559 3525 3677 3840 3624 3704 3784 3972 3927 3478 3829
731PUERTO M2016 32  3806 3717 3876 3825 3682 3739 4015 3752 3623 3786 3739
731PUERTO M2016 33  3760 4018 3516 3299 3409 3680 3724 3688 3733
731PUERTO M2016 41  3672 3659 3945 3667 3405 3405 3738 3821 3781 3640 3551
731PUERTO M2016 42  3489 3573 3752 3849 4000 4025 3746 3523 3734 3908 3738
731PUERTO M2016 43  3858 3916 4075 3846 3491 3872 3721 3460
731PUERTO M2016 51  3778 3776 3531 3799 3753 3569 3472 3554 3809 3742 3585
731PUERTO M2016 52  3427 3470 3713 3642 3422 3492 3514 3517 3557 3544 3847
731PUERTO M2016 53  3689 3722 3802 3503 3308 3194 3300 3523 3720
731PUERTO M2016 61  3742 3650 3771 3778 3554 3858 4138 3966 3797 3680 3727
731PUERTO M2016 62  3609 3680 3752 3578 3554 3654 3798 3621 3438 3620 3693
731PUERTO M2016 63  3664 3646 3531 3533 3477 3488 3688 3776
731PUERTO M2016 71  3714 3709 3462 3720 3869 3814 3786 3646 3550 3681 3726
731PUERTO M2016 72  3746 3738 3710 3642 3479 3006 2902 3263 3241 3550 3697
731PUERTO M2016 73  3872 3857 3637 3653 3591 3251 3227 3578 3727
731PUERTO M2016 81  3643 3572 3657 3689 3767 3654 3533 3642 3618 3782 3631
731PUERTO M2016 82  3952 3973 3768 3774 3820 3739 3613 3704 3578 3405 3594
731PUERTO M2016 83  3690 3812 3722 3754 3684 3374 3072 3446 3872
731PUERTO M2016 91  3883 3736 3521 3314 3239 3343 3407 3673 3855 3709 3637
731PUERTO M2016 92  3658 3705 3394 3501 3760 3711 3557 3313 3399 3720 3908
731PUERTO M2016 93  3664 3478 3634 3575 3758 3631 3467 3435
731PUERTO M2016101  3504 3473 3382 3462 3606 3553 3588 3533 3613 3564 3573
731PUERTO M2016102  3622 3690 3769 3725 3699 3710 3576 3408 3436 3645 3820
731PUERTO M2016103  3739 3446 3417 3743 3500 3425 3710 3661 3704
731PUERTO M2016111  3828 3676 3791 3772 3722 3875 3728 3635 3696 4071 4116
731PUERTO M2016112  3637 3666 3790 3944 3888 3565 3627 3858 3849 3538 3611
731PUERTO M2016113  3628 3614 3718 3771 3681 3627 3687 3713
731PUERTO M2016121  3753 3837 3551 3757 3971 3833 3835 3719 3691 3810 3790
731PUERTO M2016122  4010 4275 3643 3500 3749 3809 3712 3722 3772 3791 3771
731PUERTO M2016123  3758 3663 3871 3735 3678 3811 3853 3819 3840
731PUERTO M2017 11  3862 3695 3767 3908 3947 3607 3868 3738 3792 3854 3844
731PUERTO M2017 12  3816 3863 3810 3693 3760 3895 3856 3697 3683 3768 3693
731PUERTO M2017 13  3719 3899 3649 3535 3721 3804 3798 3857 3818
731PUERTO M2017 21  3672 3664 3914 3972 3600 3525 3690 3685 3694 3626 3696
731PUERTO M2017 22  3822 3603 3732 3764 3754 3766 3909 3789 3746 3727 3779
731PUERTO M2017 23  3771 3814 3616 3710 3844 3790
731PUERTO M2017 31  3900 3968 3805 3730 3695 3762 3533 3623 3815 3889 3761
731PUERTO M2017 32  3613 3736 3961 4069 3817 3570 3708 3720 3678 3663 3667
731PUERTO M2017 33  3746 3799 3767 3778 3719 3603 3603 3769 3717
731PUERTO M2017 41  3647 3714 3730 3793 3957 3902 3847 3616 3527 3781 4133
731PUERTO M2017 42  3909 3893 3802 3627 3575 3545 3459 3632 3762 3939 3880
731PUERTO M2017 43  3732 3487 3594 3861 3922 3879 3745 3788
731PUERTO M2017 51  3681 3755 3758 3713 3963 3621 3858 3801 3749 3642 3679
731PUERTO M2017 52  3828 3749 3546 3576 3648 3644 3738 3676 3610 3804 3918
731PUERTO M2017 53  3734 3656 3986 4189 3690 3646 3715 3493 3657
731PUERTO M2017 61  3720 3624 3725 4021 3876 3769 3970 3819 3719 4084 4037
731PUERTO M2017 62  3811 3875 3503 3707 3931 3886 3775 3720 3617 3710 3714
731PUERTO M2017 63  3958 3957 3792 3699 3598 3468 3873 3918
731PUERTO M2017 71  3518 3577 3679 3674 3731 3693 3678 3533 3769 3758 3682
731PUERTO M2017 72  3710 3648 3795 4041 3788 3627 3662 3809 3791 3538 3572
731PUERTO M2017 73  3695 3609 3573 3408 3517 3850 3805 3591 3500
731PUERTO M2017 81  3659 3685 3728 3649 3641 3769 3483 3283 2892 3052 3474
731PUERTO M2017 82  3681 3750 3896 3958 3844 3878 3780 3844 3588 3251 3483
731PUERTO M2017 83  3619 3553 3716 3584 3613 3650 3691 3584 3473
731PUERTO M2017 91  3703 3713 3650 3573 3427 3625 3556 3700 3651 3503 3735
731PUERTO M2017 92  3617 3796 3832 3596 3606 3741 3725 3798 3647 3513 3654
731PUERTO M2017 93  3523 3426 3728 3663 3531 3579 3636 3799
731PUERTO M2017101  3684 3643 3768 3675 3773 3796 3600 3630 3672 3822 3665
731PUERTO M2017102  3524 3530 3735 3774 3701 3720 3734 3736 3765 3590 3210
731PUERTO M2017103  3472 3738 3746 3733 3589 3602 3577 3924 3765
731PUERTO M2017111  3505 3636 3716 3816 3673 3476 3469 3652 3659 3648 3635
731PUERTO M2017112  3755 3690 3707 3805 3686 4085 4021 4220 4182 3854 3717
731PUERTO M2017113  3944 3750 3671 3859 3772 3516 3777 3721
731PUERTO M2017121  3661 3666 3600 3337 3617 3933 3848 3740 3736 3772 3654
731PUERTO M2017122  3837 3607 3670 3770 3922 3864 3614 3691 3706 3709 3740
731PUERTO M2017123  3740 3611 3878 3927 3636 3665 3770 3852 3821
731PUERTO M2018 11  3795 3813 3798 3786 3837 3797 3673 3647 3675 3650 3677
731PUERTO M2018 12  3836 3816 3730 3800 3747 3758 3746 3665 3742 3776 3881
731PUERTO M2018 13  3995 3750 3536 3602 3761 3747 3725 3944 3978
731PUERTO M2018 21  3733 3762 3822 3841 3842 3740 3774 3832 3991 4103 3699
731PUERTO M2018 22  3620 3658 3745 3799 3784 3749 3796 3888 3733 3586 3778
731PUERTO M2018 23  3715 3546 3684 3886 3864 3707
731PUERTO M2018 31  3813 3818 3916 3961 3795 3724 3857 3911 3968 3862 3643
731PUERTO M2018 32  3681 3705 3840 3820 3756 3863 3734 3949 4027 3335 3369
731PUERTO M2018 33  3896 3973 3646 3608 3758 3856 3830 3623 3807
731PUERTO M2018 41  3696 3650 3871 3753 3806 3759 3644 3792 3592 3752 3856
731PUERTO M2018 42  3967 3661 3362 3508 3654 3828 3662 3718 3859 3774 3788
731PUERTO M2018 43  3767 3650 3647 3798 3896 3787 3768 3991
731PUERTO M2018 51  3632 3698 3901 3931 3774 3762 3683 3671 3810 3909 3871
731PUERTO M2018 52  3810 3692 3765 3875 3768 3749 3651 3318 3438 3728 3761
731PUERTO M2018 53  3758 3556 3560 3618 3763 3744 3817 3917 3833
731PUERTO M2018 61  3817 3759 3565 3439 3553 3833 3796 3562 3802 3862 3735
731PUERTO M2018 62  3667 3649 3418 3121 3481 3776 3792 3795 3745 4033 4188
731PUERTO M2018 63  4281 3829 3674 3707 3664 3572 3651 3817
731PUERTO M2018 71  3830 4055 3690 3550 3530 3368 3376 3432 3264 3341 3674
731PUERTO M2018 72  3858 3971 3997 3968 3644 3513 3576 3556 3405 3447 3801
731PUERTO M2018 73  3648 3503 3640 3641 3534 3545 3703 4056 3780
731PUERTO M2018 81  3663 3512 3229 3530 3790 3736 3766 3510 2873 3047 3569
731PUERTO M2018 82  3609 3626 3568 3503 3620 3668 3779 3662 3391 3665 3758
731PUERTO M2018 83  3753 3746 3529 3648 3686 3670 3818 3946 3673
731PUERTO M2018 91  3082 3223 3450 3563 3863 3654 3665 3567 3533 3367 3389
731PUERTO M2018 92  3564 3549 3688 3788 3581 3575 3777 3798 3683 3694 3766
731PUERTO M2018 93  3680 3631 3589 3574 3310 3233 3661 3906
731PUERTO M2018101  3804 3729 3827 3847 3525 3567 3719 3718 3882 4046 3612
731PUERTO M2018102  3540 3630 3778 3726 3670 3927 3766 3386 3331 3556 3704
731PUERTO M2018103  3510 3474 3502 3398 3440 3620 3752 3883 3766
731PUERTO M2018111  3486 3545 3443 3270 3629 3672 3513 3730 3967 3817 3629
731PUERTO M2018112  3540 3672 3788 4037 3836 3801 3656 3672 3788 3907 3838
731PUERTO M2018113  3560 3649 3773 3788 3770 3680 3659 3871
731PUERTO M2018121  3783 3518 3600 3861 3804 3511 3652 3865 3881 3752 3774
731PUERTO M2018122  3696 3647 3811 3676 3953 3972 3803 3914 3739 3657 3790
731PUERTO M2018123  3782 3744 3867 3718 3661 3705 3687 3689 3600
731PUERTO M2019 11  3810 3799 3781 3834 3806 3759 3819 3816 4032 3637 3509
731PUERTO M2019 12  3820 3792 3630 3728 3984 3739 3580 3592 3744 3903 3858
731PUERTO M2019 13  3787 3644 3874 3775 3556 3766 3917 3948 3835
731PUERTO M2019 21  3844 3684 3521 3622 3513 3754 3785 3672 3814 4043 3981
731PUERTO M2019 22  3525 3648 3757 3791 3768 3852 3967 3725 3800 4028 3754
731PUERTO M2019 23  3805 4067 4000 3807 3820 3745
731PUERTO M2019 31  3707 3535 3493 3638 3579 3648 4017 3714 3402 3492 3683
731PUERTO M2019 32  3826 3468 3439 3459 3391 3463 3925 4115 3596 3520 3683
731PUERTO M2019 33  3907 3740 3523 3598 3495 3652 3699 3786 3791
731PUERTO M2019 41  3820 3826 3839 3989 3824 3811 9999 9999 9999 9999 9999
731PUERTO M2019 42  9999 9999 9999 9999 9999 9999 9999 9999 9999 9999 9999
731PUERTO M2019 43  9999 3650 3464 3381 3672 3746 3991 4007
731PUERTO M2019 51  3709 4196 4195 3646 3668 3654 3582 3672 3725 3718 3569
731PUERTO M2019 52  3734 3736 3470 3670 3561 3507 3704 3815 3782 3719 3687
731PUERTO M2019 53  3801 3709 3836 3843 3751 3876 3750 3634 3598
731PUERTO M2019 61  3594 3489 3452 3363 3581 3776 3868 3841 3780 3909 3829
731PUERTO M2019 62  3783 3679 3692 3688 3486 3561 3868 3941 3863 3730 3715
731PUERTO M2019 63  3714 3605 3820 3714 4078 3984 3658 3767
731PUERTO M2019 71  3644 4028 3999 3747 3473 3500 3664 3656 3601 3604 3575
731PUERTO M2019 72  3573 3465 3531 3571 3593 3759 3663 3560 3760 3914 3841
731PUERTO M2019 73  3802 3704 3402 3534 3519 3486 3823 3824 3705
731PUERTO M2019 81  3894 3813 3539 3648 3835 3852 4026 3860 3573 3956 4091
731PUERTO M2019 82  3773 3466 3473 3616 3606 3867 3703 3494 3427 3164 3335
731PUERTO M2019 83  3432 3397 3547 3469 3346 3512 3876 3899 3751
731PUERTO M2019 91  3969 4185 4260 3919 3396 3373 3387 3473 3700 3647 3461
731PUERTO M2019 92  3776 3407 3550 3828 3848 3771 3741 3933 3841 3945 3775
731PUERTO M2019 93  3539 3613 3653 3622 3407 3628 3719 3843
731PUERTO M2019101  3880 3652 3431 3512 3735 3602 3740 3927 3753 3752 3964
731PUERTO M2019102  3821 4064 3581 3234 3230 3287 3483 3436 3487 3764 3774
731PUERTO M2019103  3650 3553 3582 3605 3657 3663 3702 3701 3471
731PUERTO M2019111  3654 3687 3650 3865 3808 3831 3951 3792 3713 3447 3360
731PUERTO M2019112  3615 3631 3651 3581 3705 3710 3741 3601 3751 3747 3649
731PUERTO M2019113  3471 3361 3616 3751 3850 3888 3892 3964
731PUERTO M2019121  3766 3656 3810 3736 3808 4035 3887 3845 3747 3778 3879
731PUERTO M2019122  4023 3749 3681 3626 3772 3688 3683 3802 3620 3510 3590
731PUERTO M2019123  3774 3900 3746 3680 3724 3733 3671 3822 3843
731PUERTO M2020 11  3570 3456 3662 3797 3626 3720 3726 3728 3875 3901 3808
731PUERTO M2020 12  3719 3618 3745 4136 4167 3719 3707 3747 3860 3826 3786
731PUERTO M2020 13  3791 3802 3779 3870 3764 3858 3908 3717 3921
731PUERTO M2020 21  3859 3741 3635 3818 3871 3848 3708 3693 3555 3528 3546
731PUERTO M2020 22  3651 3802 3680 3850 3958 3876 3705 4040 4299 3788 3539
731PUERTO M2020 23  3700 3995 4025 3810 3861 3903 3718
731PUERTO M2020 31  3683 3795 3880 3717 3667 3477 3560 4029 3883 3573 3723
731PUERTO M2020 32  3820 3761 3820 3657 3744 3891 3674 3855 3766 3921 3922
731PUERTO M2020 33  3716 3858 3629 3363 3782 3964 3817 3679 3600
731PUERTO M2020 41  3756 3643 3625 3864 3893 4029 3640 3559 3402 3520 3829
731PUERTO M2020 42  3880 3830 3757 3626 3609 3674 3726 3797 4001 3907 3905
731PUERTO M2020 43  3774 3875 3936 3430 3380 3731 3750 3665
731PUERTO M2020 51  3659 3277 3546 3944 3919 3665 3668 3770 3875 3967 3943
731PUERTO M2020 52  3971 3879 3632 3759 3839 3830 3460 3815 3852 3676 3507
731PUERTO M2020 53  3447 3895 3832 3328 3668 3889 3828 3803 3751
731PUERTO M2020 61  3584 3885 3657 3381 3778 3726 3657 3657 3640 3889 4027
731PUERTO M2020 62  4130 4043 3658 3513 3488 3727 3725 3746 3720 3704 3722
731PUERTO M2020 63  3805 3932 3917 3845 3785 3784 3671 3640
731PUERTO M2020 71  3627 3585 3697 3829 3785 3687 3376 3145 3494 3785 3852
731PUERTO M2020 72  4177 4132 3838 3547 3581 3504 3652 3768 3666 3612 3481
731PUERTO M2020 73  3486 3679 3857 3954 3942 4008 3817 3700 3598
731PUERTO M2020 81  3298 3487 3461 3596 3621 3776 3750 3637 3893 3851 3915
731PUERTO M2020 82  3855 3926 3784 3710 3914 4030 4023 3715 3538 3574 3528
731PUERTO M2020 83  3688 3838 3810 3574 3578 3735 3905 4022 3870
731PUERTO M2020 91  3321 3273 3577 3746 3502 3355 3438 3477 3623 3456 3715
731PUERTO M2020 92  3747 3751 3563 3785 3541 3462 4172 4314 4099 3506 3501
731PUERTO M2020 93  3586 3554 3695 3741 3687 3609 3747 3666
731PUERTO M2020101  4147 3940 3211 3119 3371 3596 3714 3685 3598 3651 3642
731PUERTO M2020102  3637 3665 3687 3442 3636 3776 3708 3801 3886 3379 3228
731PUERTO M2020103  3578 3697 3614 3585 3682 3812 3740 3676 3657
731PUERTO M2020111  3618 3669 3683 3592 3688 3759 3434 3414 3689 3779 3575
731PUERTO M2020112  3582 3705 3759 3709 3831 3865 3787 3632 3632 3659 3600
731PUERTO M2020113  3601 3638 3620 3688 3624 3782 3721 3644
731PUERTO M2020121  3782 3887 4003 3840 3541 3628 3640 3726 3758 3703 3661
731PUERTO M2020122  3808 3760 3939 4055 3816 3793 3858 3806 3603 3669 3676
731PUERTO M2020123  3674 3737 3729 3699 3684 3743 3841 4013 3845
731PUERTO M2021 11  3733 3713 3821 3854 3657 3515 3727 3817 3712 3776 3919
731PUERTO M2021 12  3908 3773 3573 3918 4043 3831 3794 3766 3663 3718 3771
731PUERTO M2021 13  3873 3749 3815 3877 3896 3894 3979 3900 3548
731PUERTO M2021 21  3533 3757 3811 3703 3860 3949 3649 3417 3434 3384 3248
731PUERTO M2021 22  3595 3609 3914 3771 3526 3646 3819 4219 3905 3717 3897
731PUERTO M2021 23  3885 3816 3963 3861 3659 3629
731PUERTO M2021 31  3839 3798 3665 3680 3435 3519 3902 3887 3384 3602 3881
731PUERTO M2021 32  3892 4003 3865 3577 4017 3845 3528 3763 4015 3747 3620
731PUERTO M2021 33  3734 3845 3785 3657 3542 3688 3762 3586 3825
731PUERTO M2021 41  3654 3576 3659 3706 3843 3665 3542 3719 3778 3607 3692
731PUERTO M2021 42  3806 3771 3765 3823 3815 3810 3555 3602 3847 3781 3866
731PUERTO M2021 43  3863 3705 3494 3566 3744 3872 3914 3954
731PUERTO M2021 51  3915 3831 4054 3926 3902 3945 3545 3372 3783 3967 3716
731PUERTO M2021 52  3739 3873 3873 3788 3787 3598 3325 3248 3492 3694 3708
731PUERTO M2021 53  3604 3728 4261 4088 4046 4171 4241 4108 3856
731PUERTO M2021 61  3853 3855 3647 3620 3696 3590 3474 3408 3549 3784 3780
731PUERTO M2021 62  3851 3961 3944 3869 3629 3512 3377 3418 3596 3558 3657
731PUERTO M2021 63  3671 3713 3836 4194 3863 3637 3618 3498
