738SANTA MA      LAT=11 14.1N  LONG=074 13.3W
738SANTA MA2012101  1509 1495 1479 1413 1390 1443 1477 1522 1504 1501 1492
738SANTA MA2012102  1490 1490 1500 1482 1519 1535 1528 1531 1554 1549 1557
738SANTA MA2012103  1579 1581 1600 1589 1560 1505 1499 1464 1426
738SANTA MA2012111  1438 1425 1421 1398 1392 1405 1414 1428 1417 1396 1362
738SANTA MA2012112  1312 1326 1382 1365 1375 1424 1440 1450 1490 1471 1446
738SANTA MA2012113  1463 1486 1496 1463 1418 1394 1402 1406
738SANTA MA2012121  1429 1434 1423 1427 1398 1417 1449 1447 1437 1346 1319
738SANTA MA2012122  1281 1268 1284 1317 1363 1344 1317 1311 1296 1266 1252
738SANTA MA2012123  1247 1198 1230 1285 1283 1291 1298 1267 1239
738SANTA MA2013 11  1208 1194 1220 1247 1243 1212 1200 1202 1170 1144 1123
738SANTA MA2013 12  1123 1160 1194 1194 1219 1217 1206 1209 1198 1192 1191
738SANTA MA2013 13  1194 1190 1215 1229 1244 1263 1269 1292 1297
738SANTA MA2013 21  1298 1287 1272 1294 1333 1339 1340 1337 1338 1321 1292
738SANTA MA2013 22  1253 1233 1255 1288 1316 1315 1310 1294 1264 1245 1218
738SANTA MA2013 23  1239 1255 1294 1339 1334 1352
738SANTA MA2013 31  1339 1370 1360 1322 1301 1322 1326 1372 1454 1436 1439
738SANTA MA2013 32  1442 1424 1393 1363 1360 1355 1347 1356 1388 1405 1426
738SANTA MA2013 33  1429 1416 1439 1433 1377 1336 1324 1303 1252
738SANTA MA2013 41  1240 1251 1313 1362 1346 1349 1361 1346 1323 1306 1285
738SANTA MA2013 42  1279 1264 1257 1260 1277 1275 1268 1252 1238 1274 1306
738SANTA MA2013 43  1305 1298 1282 1256 1205 1208 1237 1260
738SANTA MA2013 51  1307 1323 1376 1415 1432 1406 1412 1405 1375 1383 1402
738SANTA MA2013 52  1417 1390 1374 1343 1334 1367 1406 1438 1433 1450 1476
738SANTA MA2013 53  1470 1447 1449 1446 1403 1408 1416 1445 1441
738SANTA MA2013 61  1451 1464 1451 1433 1419 1437 1438 1391 1361 1346 1330
738SANTA MA2013 62  1345 1363 1382 1422 1461 1439 1404 1378 1371 1367 1365
738SANTA MA2013 63  1351 1335 1352 1398 1409 1403 1438 1456
738SANTA MA2013 71  1447 1429 1396 1375 1344 1331 1325 1339 1356 1350 1358
738SANTA MA2013 72  1426 1426 1391 1395 1386 1374 1355 1348 1366 1371 1341
738SANTA MA2013 73  1339 1375 1374 1355 1342 1377 1387 1378 1399
738SANTA MA2013 81  1401 1397 1405 1375 1358 1367 1362 1376 1412 1438 1409
738SANTA MA2013 82  1427 1463 1454 1424 1411 1404 1392 1422 1422 1411 1405
738SANTA MA2013 83  1410 1387 1367 1377 1385 1409 1385 1358 1418
738SANTA MA2013 91  1437 1411 1406 1403 1429 1423 1394 1428 1429 1424 1419
738SANTA MA2013 92  1406 1442 1450 1405 1398 1427 1407 1413 1426 1422 1429
738SANTA MA2013 93  1403 1385 1368 1348 1373 1398 1420 1449
738SANTA MA2013101  1481 1484 1449 1429 1488 1522 1513 1485 1483 1475 1450
738SANTA MA2013102  1502 1510 1501 1548 1567 1526 1525 1485 1467 1444 1447
738SANTA MA2013103  1472 1487 1450 1428 1464 1494 1486 1461 1440
738SANTA MA2013111  1444 1420 1447 1486 1505 1495 1466 1461 1489 1481 1448
738SANTA MA2013112  1435 1400 1382 1389 1400 1397 1362 1346 1390 1370 1372
738SANTA MA2013113  1383 1391 1399 1396 1386 1387 1360 1326
738SANTA MA2013121  1277 1283 1325 1374 1403 1374 1307 1290 1289 1324 1327
738SANTA MA2013122  1321 1316 1304 1279 1276 1305 1317 1316 1297 1296 1283
738SANTA MA2013123  1268 1239 1280 1332 1341 1334 1310 1302 1284
738SANTA MA2014 11  1255 1249 1256 1296 1305 1327 1336 1325 1312 1254 1221
738SANTA MA2014 12  1191 1195 1209 1225 1278 1307 1304 1302 1308 1317 1325
738SANTA MA2014 13  1344 1299 1278 1304 1301 1311 1300 1285 1272
738SANTA MA2014 21  1269 1259 1258 1266 1244 1221 1241 1255 1235 1229 1234
738SANTA MA2014 22  1241 1279 1329 1353 1319 1284 1259 1243 1249 1266 1256
738SANTA MA2014 23  1253 1269 1275 1303 1353 1370
738SANTA MA2014 31  1355 1341 1328 1312 1301 1279 1281 1283 1285 1293 1305
738SANTA MA2014 32  1336 1330 1339 1332 1309 1312 1329 1334 1327 1311 1290
738SANTA MA2014 33  1288 1316 1357 1377 1345 1296 1274 1244 1243
738SANTA MA2014 41  1277 1266 1242 1270 1272 1255 1261 1301 1308 1307 1298
738SANTA MA2014 42  1245 1227 1232 1251 1293 1348 1318 1301 1299 1307 1363
738SANTA MA2014 43  1413 1426 1434 1416 1430 1439 1415 1386
738SANTA MA2014 51  1357 1362 1369 1358 1379 1429 1449 1431 1410 1395 1388
738SANTA MA2014 52  1393 1403 1391 1345 1341 1344 1351 1373 1374 1379 1383
738SANTA MA2014 53  1360 1331 1344 1334 1321 1327 1332 1381 1393
738SANTA MA2014 61  1384 1395 1422 1421 1412 1410 1371 1352 1370 1371 1349
738SANTA MA2014 62  1349 1335 1323 1346 1370 1371 1390 1383 1364 1383 1393
738SANTA MA2014 63  1376 1329 1314 1332 1365 1360 1349 1336
738SANTA MA2014 71  1358 1415 1426 1387 1379 1384 1363 1368 1348 1330 1324
738SANTA MA2014 72  1334 1360 1362 1369 1411 1431 1403 1387 1378 1372 1385
738SANTA MA2014 73  1364 1349 1340 1339 1350 1408 1411 1391 1411
738SANTA MA2014 81  1419 1399 1400 1425 1399 1370 1390 1406 1402 1422 1426
738SANTA MA2014 82  1413 1421 1411 1413 1388 1361 1350 1357 1383 1370 1348
738SANTA MA2014 83  1377 1422 1458 1470 1446 1461 1482 1477 1453
738SANTA MA2014 91  1410 1383 1383 1413 1421 1428 1463 1488 1496 1471 1463
738SANTA MA2014 92  1450 1491 1479 1446 1471 1475 1465 1468 1461 1481 1514
738SANTA MA2014 93  1487 1528 1495 1458 1505 1518 1505 1521
738SANTA MA2014101  1516 1477 1444 1427 1447 1459 1463 1489 1503 1500 1511
738SANTA MA2014102  1483 1461 1439 1450 1478 1474 1473 1481 1491 1494 1486
738SANTA MA2014103  1460 1457 1431 1445 1484 1489 1460 1438 1441
738SANTA MA2014111  1491 1501 1449 1398 1362 1353 1380 1419 1444 1452 1471
738SANTA MA2014112  1492 1475 1497 1518 1499 1465 1425 1409 1402 1408 1397
738SANTA MA2014113  1411 1452 1416 1382 1405 1414 1430 1408
738SANTA MA2014121  1353 1351 1344 1341 1411 1425 1432 1476 1459 1453 1457
738SANTA MA2014122  1468 1462 1477 1580 1586 1553 1541 1500 1477 1440 1423
738SANTA MA2014123  1417 1408 1359 1314 1319 1296 1286 1285 1279
738SANTA MA2015 11  1286 1258 1224 1203 1153 1121 1141 1177 1200 1198 1214
738SANTA MA2015 12  1212 1237 1280 1321 1323 1317 1332 1310 1294 1308 1332
738SANTA MA2015 13  1308 1317 1342 1359 1357 1357 1372 1337 1314
738SANTA MA2015 21  1302 1305 1337 1308 1317 1331 1361 1363 1356 1374 1398
738SANTA MA2015 22  1408 1386 1357 1331 1306 1287 1317 1374 1416 1416 1379
738SANTA MA2015 23  1312 1284 1295 1311 1339 1346
738SANTA MA2015 31  1274 1209 1185 1183 1142 1119 1126 1142 1158 1160 1164
738SANTA MA2015 32  1176 1205 1246 1220 1221 1250 1298 1315 1311 1304 1315
738SANTA MA2015 33  1329 1310 1286 1265 1293 1320 1299 1309 1337
738SANTA MA2015 41  1356 1346 1320 1308 1325 1328 1285 1257 1266 1270 1282
738SANTA MA2015 42  1329 1368 1347 1384 1386 1382 1387 1373 1376 1352 1357
738SANTA MA2015 43  1334 1324 1341 1357 1387 1398 1412 1432
738SANTA MA2015 51  1426 1444 1441 1395 1377 1378 1383 1418 1419 1411 1404
738SANTA MA2015 52  1385 1380 1362 1349 1369 1367 1345 1345 1353 1360 1389
738SANTA MA2015 53  1367 1339 1343 1348 1372 1345 1376 1393 1387
738SANTA MA2015 61  1401 1409 1409 1424 1413 1398 1410 1406 1387 1400 1384
738SANTA MA2015 62  1372 1348 1326 1294 1282 1275 1280 1271 1254 1238 1239
738SANTA MA2015 63  1278 1296 1292 1262 1235 1245 1265 1255
738SANTA MA2015 71  1264 1294 1288 1269 1243 1229 1239 1292 1327 1324 1311
738SANTA MA2015 72  1311 1332 1343 1340 1344 1348 1341 1347 1334 1338 1382
738SANTA MA2015 73  1367 1375 1384 1347 1317 1308 1310 1313 1330
738SANTA MA2015 81  1359 1390 1392 1376 1349 1337 1358 1378 1417 1451 1459
738SANTA MA2015 82  1442 1427 1401 1388 1394 1403 1393 1411 1418 1397 1395
738SANTA MA2015 83  1445 1442 1425 1449 1465 1496 1536 1507 1486
738SANTA MA2015 91  1484 1460 1457 1468 1448 1419 1438 1443 1411 1380 1388
738SANTA MA2015 92  1442 1461 1478 1452 1418 1408 1435 1444 1445 1467 1463
738SANTA MA2015 93  1445 1473 1479 1478 1464 1453 1435 1424
738SANTA MA2015101  1428 1434 1454 1446 1458 1432 1417 1417 1413 1389 1395
738SANTA MA2015102  1425 1459 1444 1479 1504 1485 1491 1478 1472 1460 1477
738SANTA MA2015103  1476 1449 1469 1482 1499 1503 1454 1409 1429
738SANTA MA2015111  1440 1432 1466 1501 1481 1467 1442 1453 1485 1470 1432
738SANTA MA2015112  1441 1453 1454 1429 1416 1454 1475 1469 1481 1470 1445
738SANTA MA2015113  1412 1404 1428 1395 1355 1364 1402 1455
738SANTA MA2015121  1475 1473 1470 1455 1448 1429 1396 1373 1382 1392 1426
738SANTA MA2015122  1423 1410 1398 1414 1461 1488 1477 1425 1394 1352 1309
738SANTA MA2015123  1282 1271 1242 1247 1219 1223 1276 1295 1280
738SANTA MA2016 11  1255 1249 1291 1321 1336 1317 1313 1312 1315 1315 1303
738SANTA MA2016 12  1319 1316 1308 1313 1319 1311 1315 1282 1261 1258 1259
738SANTA MA2016 13  1282 1324 1335 1333 1293 1312 1355 1395 1404
738SANTA MA2016 21  1389 1372 1381 1331 1296 1303 1309 1356 1373 1346 1313
738SANTA MA2016 22  1301 1309 1332 1355 1399 1412 1408 1366 1317 1275 1279
738SANTA MA2016 23  1314 1346 1335 1336 1327 1311 1281
738SANTA MA2016 31  1294 1315 1330 1335 1358 1355 1341 1362 1374 1317 1242
738SANTA MA2016 32  1209 1212 1249 1282 1338 1362 1373 1381 1359 1363 1346
738SANTA MA2016 33  1299 1281 1292 1287 1262 1276 1294 1332 1364
738SANTA MA2016 41  1378 1381 1400 1418 1401 1392 1392 1377 1332 1305 1288
738SANTA MA2016 42  1278 1286 1333 1378 1386 1400 1420 1412 1402 1405 1420
738SANTA MA2016 43  1402 1416 1459 1481 1494 1472 1473 1494
738SANTA MA2016 51  1480 1484 9999 9999 9999 9999 9999 9999 9999 9999 9999
738SANTA MA2016 52  9999 9999 9999 9999 9999 9999 9999 9999 9999 9999 9999
738SANTA MA2016 53  9999 9999 9999 9999 9999 9999 9999 9999 9999
738SANTA MA2016 61  9999 9999 9999 9999 9999 9999 9999 9999 9999 9999 9999
738SANTA MA2016 62  9999 9999 9999 9999 9999 9999 9999 9999 9999 9999 9999
738SANTA MA2016 63  9999 9999 9999 9999 9999 9999 9999 9999
738SANTA MA2016 71  9999 9999 9999 9999 9999 9999 9999 9999 9999 9999 9999
738SANTA MA2016 72  9999 9999 1336 1325 1355 1359 1369 1399 1411 1406 1398
738SANTA MA2016 73  1424 1428 1425 1427 1401 1374 1381 1356 1345
738SANTA MA2016 81  1367 1386 1393 1396 1431 1430 1429 1425 1409 1341 1314
738SANTA MA2016 82  1331 1343 1375 1374 1374 1378 1345 1327 1367 1392 1374
738SANTA MA2016 83  1355 1351 1374 1395 1453 1469 1470 1464 1451
738SANTA MA2016 91  1473 1472 1492 1488 1429 1431 1419 1411 1451 1456 1485
738SANTA MA2016 92  1495 1506 1518 1484 1490 1524 1483 1469 1450 1438 1453
738SANTA MA2016 93  1474 1472 1450 1465 1480 1479 1452 1422
738SANTA MA2016101  1441 1432 1476 1516 1503 1507 1482 1485 1502 1506 1519
738SANTA MA2016102  1501 1519 1529 1514 1470 1520 1537 1536 1563 1553 1531
738SANTA MA2016103  1507 1473 1488 1464 1487 1521 1532 1528 1534
738SANTA MA2016111  1538 1543 1539 1543 1535 1518 1499 1509 1551 1543 1507
738SANTA MA2016112  1501 1530 1517 1496 1561 1577 1570 1559 1545 1562 1568
738SANTA MA2016113  1567 1553 1540 1596 1644 1635 1623 1538
738SANTA MA2016121  1482 1451 1444 1463 1457 1413 1385 1364 1353 1368 1367
738SANTA MA2016122  1348 1330 1337 1334 1326 1323 1314 1262 1206 1218 1235
738SANTA MA2016123  1266 1288 1289 1269 1238 1212 1240 1256 1286
738SANTA MA2017 11  1282 1254 1236 1279 1281 1329 1347 1309 1304 1251 1225
738SANTA MA2017 12  1193 1175 1143 1158 1170 1180 1196 1261 1303 1297 1341
738SANTA MA2017 13  1367 1369 1359 1312 1262 1255 1244 1245 1283
738SANTA MA2017 21  1280 1276 1284 1299 1302 1299 1271 1290 1294 1309 1285
738SANTA MA2017 22  1229 1204 1223 1270 1288 1307 1334 1338 1337 1333 1348
738SANTA MA2017 23  1377 1424 1434 1425 1376 1323
738SANTA MA2017 31  1266 1243 1230 1201 1211 1232 1226 1212 1215 1253 1293
738SANTA MA2017 32  1318 1356 1369 1349 1318 1287 1262 1253 1268 1296 1340
738SANTA MA2017 33  1352 1351 1369 1385 1407 1439 1440 1423 1411
738SANTA MA2017 41  1384 1379 1382 1374 1362 1335 1331 1338 1353 1358 1346
738SANTA MA2017 42  1344 1338 1329 1323 1303 1286 1335 1351 1365 1433 1472
738SANTA MA2017 43  1468 1467 1451 1428 1408 1376 1336 1319
738SANTA MA2017 51  1321 1344 1360 1368 1364 1372 1401 1405 1397 1390 1386
738SANTA MA2017 52  1368 1382 1387 1393 1415 1452 1457 1440 1410 1362 1371
738SANTA MA2017 53  1396 1429 1429 1399 1368 1389 1381 1379 1390
738SANTA MA2017 61  1350 1358 1362 1353 1358 1367 1362 1354 1404 1426 1385
738SANTA MA2017 62  1348 1372 1409 1423 1443 1474 1473 1469 1463 1414 1416
738SANTA MA2017 63  1441 1408 1374 1365 1394 1422 1387 1386
738SANTA MA2017 71  1414 1365 1329 1362 1366 1345 1349 1355 1352 1364 1370
738SANTA MA2017 72  1426 1457 1420 1385 1442 1449 1403 1389 1367 1359 1363
738SANTA MA2017 73  1378 1404 1389 1372 1385 1402 1419 1429 1420
738SANTA MA2017 81  1433 1448 1416 1381 1395 1412 1405 1393 1415 1418 1411
738SANTA MA2017 82  1420 1434 1423 1393 1363 1349 1349 1350 1357 1392 1418
738SANTA MA2017 83  1408 1424 1445 1423 1389 1377 1405 1430 1432
738SANTA MA2017 91  1436 1401 1373 1393 1416 1424 1417 1426 1471 1469 1469
738SANTA MA2017 92  1438 1418 1455 1469 1475 1492 1499 1505 1473 1472 1479
738SANTA MA2017 93  1488 1509 1512 1511 1537 1525 1492 1520
738SANTA MA2017101  1549 1602 1565 1519 1547 1567 1571 1511 1490 1469 1451
738SANTA MA2017102  1471 1479 1435 1428 1452 1478 1469 1445 1460 1511 1478
738SANTA MA2017103  1457 1482 1489 1524 1520 1489 1464 1486 1471
738SANTA MA2017111  1475 1480 1399 1416 1477 1489 1502 1522 1533 1574 1589
738SANTA MA2017112  1579 1549 1529 1555 1576 1583 1566 1550 1558 1550 1543
738SANTA MA2017113  1527 1514 1504 1495 1486 1493 1463 1455
738SANTA MA2017121  1468 1455 1440 1416 1378 1339 1326 1367 1416 1461 1433
738SANTA MA2017122  1398 1425 1472 1503 1483 1428 1381 1310 1257 1254 1267
738SANTA MA2017123  1247 1222 1216 1256 1260 1236 1241 1281 1305
738SANTA MA2018 11  1335 1352 1382 1416 1426 1404 1389 1390 1401 1415 1466
738SANTA MA2018 12  1466 1427 1401 1350 1345 1330 1340 1359 1389 1380 1358
738SANTA MA2018 13  1339 1326 1304 1296 1268 1244 1243 1250 1255
738SANTA MA2018 21  1246 1195 1192 1237 1216 1224 1238 1207 1213 1227 1212
738SANTA MA2018 22  1198 1154 1151 1135 1152 1143 1156 1181 1200 1175 1154
738SANTA MA2018 23  1147 1152 1200 1202 1215 1241
738SANTA MA2018 31  1266 1272 1269 1282 1315 1355 1346 1310 1309 1323 1325
738SANTA MA2018 32  1344 1379 1420 1427 1407 1376 1360 1365 1370 1364 1343
738SANTA MA2018 33  1330 1323 1310 1295 1283 1266 1273 1291 1307
738SANTA MA2018 41  1326 1352 1370 1395 1394 1353 1359 1361 1355 1330 1322
738SANTA MA2018 42  1329 1353 1356 1348 1317 1314 1344 1346 1328 1327 1327
738SANTA MA2018 43  1339 1340 1342 1359 1364 1402 1392 1356
738SANTA MA2018 51  1361 1351 1334 1334 1372 1373 1392 1400 1398 1398 1389
738SANTA MA2018 52  1394 1386 1407 1435 1423 1395 1392 1393 1394 1395 1412
738SANTA MA2018 53  1426 1403 1388 1396 1395 1396 1396 1374 1349
738SANTA MA2018 61  1325 1312 1311 1300 1288 1314 1352 1331 1289 1284 1321
738SANTA MA2018 62  1372 1353 1321 1323 1333 1323 1305 1289 1337 1380 1346
738SANTA MA2018 63  1317 1300 1284 1271 1264 1281 1276 1277
738SANTA MA2018 71  1288 1298 1320 1360 1369 1331 1313 1312 1307 1297 1314
738SANTA MA2018 72  1345 1316 1262 1291 1323 1321 1336 1327 1322 1317 1306
738SANTA MA2018 73  1299 1316 1346 1354 1340 1359 1376 1340 1360
738SANTA MA2018 81  1397 1394 1412 1396 1391 1375 1357 1347 1320 1324 1357
738SANTA MA2018 82  1363 1366 1356 1364 1416 1391 1373 1379 1387 1379 1357
738SANTA MA2018 83  1351 1404 1432 1402 1424 1427 1426 1412 1446
738SANTA MA2018 91  1459 1464 1460 1436 1463 1482 1486 1526 1590 1596 1581
738SANTA MA2018 92  1558 1525 1504 1500 1511 1528 1527 1518 1501 1508 1472
738SANTA MA2018 93  1489 1499 1482 1476 1458 1483 1471 1472
738SANTA MA2018101  1484 1485 1543 1541 1558 1570 1595 1590 1532 1507 1516
738SANTA MA2018102  1522 1537 1537 1507 1502 1490 1488 1465 1476 1456 1463
738SANTA MA2018103  1459 1466 1461 1472 1480 1417 1385 1376 1394
738SANTA MA2018111  1386 1383 1429 1450 1442 1466 1480 1452 1404 1369 1365
738SANTA MA2018112  1355 1316 1271 1266 1343 1376 1363 1345 1345 1347 1334
738SANTA MA2018113  1390 1428 1434 1417 1401 1433 1446 1436
738SANTA MA2018121  1442 1440 1404 1352 1348 1352 1332 1300 1281 1288 1262
738SANTA MA2018122  1278 1288 1288 1284 1287 1285 1298 1318 1317 1349 1350
738SANTA MA2018123  1290 1256 1259 1257 1258 1265 1244 1214 1230
738SANTA MA2019 11  1246 1203 1171 1220 1262 1266 1299 1321 1293 1301 1372
738SANTA MA2019 12  1359 1339 1285 1264 1268 1253 1246 1268 1282 1300 1297
738SANTA MA2019 13  1299 1272 1287 1335 1378 1392 1383 1388 1354
738SANTA MA2019 21  1322 1299 1282 1297 1323 1308 1288 1268 1217 1212 1222
738SANTA MA2019 22  1229 1235 1305 1357 1373 1394 1373 1311 1264 1284 1298
738SANTA MA2019 23  1265 1234 1219 1169 1168 1177
738SANTA MA2019 31  1210 1230 1279 1334 1333 1312 1296 1286 1287 1282 1225
738SANTA MA2019 32  1214 1231 1219 1235 1253 1298 1310 1317 1342 1371 1358
738SANTA MA2019 33  1359 1335 1340 1351 1363 1365 1375 1399 1401
738SANTA MA2019 41  1403 1401 1387 1362 1369 1380 1382 1390 1381 1410 1444
738SANTA MA2019 42  1446 1418 1380 1383 1374 1352 1353 1353 1349 1338 1327
738SANTA MA2019 43  1329 1334 1357 1367 1382 1397 1378 1393
738SANTA MA2019 51  1392 1373 1355 1338 1366 1379 1373 1394 1396 1410 1417
738SANTA MA2019 52  1438 1448 1440 1450 1461 1450 1415 1397 1380 1382 1386
738SANTA MA2019 53  1382 1388 1407 1415 1415 1411 1430 1451 1446
738SANTA MA2019 61  1439 1444 1456 1427 1406 1384 1383 1423 1435 1407 1410
738SANTA MA2019 62  1413 1383 1364 1338 1323 1323 1310 1300 1286 1308 1337
738SANTA MA2019 63  1321 1333 1375 1421 1395 1351 1338 1328
738SANTA MA2019 71  1322 1329 1375 1404 1394 1380 1407 1416 1450 1440 1411
738SANTA MA2019 72  1405 1387 1366 1351 1349 1389 1391 1383 1382 1387 1370
738SANTA MA2019 73  1373 1410 1422 1403 1395 1371 1345 1354 1371
738SANTA MA2019 81  1384 1422 1436 1451 1462 1457 1449 1463 1452 1456 1433
738SANTA MA2019 82  1401 1411 1397 1389 1416 1463 1471 1472 1450 1456 1437
738SANTA MA2019 83  1440 1446 1443 1461 1465 1440 1447 1494 1517
738SANTA MA2019 91  1526 1527 1529 1502 1435 1425 1457 1451 1462 1475 1462
738SANTA MA2019 92  1477 1495 1511 1495 1501 1494 1485 1507 1554 1544 1526
738SANTA MA2019 93  1529 1538 1555 1568 1588 1571 1534 1509
738SANTA MA2019101  1523 1530 1528 1515 1507 1531 1536 1542 1535 1535 1565
738SANTA MA2019102  1559 1559 1546 1555 1527 1503 1501 1464 1496 1492 1485
738SANTA MA2019103  1504 1502 1503 1525 1522 1488 1445 1427 1413
738SANTA MA2019111  1389 1370 1394 1415 1424 1375 1360 1383 1391 1401 1434
738SANTA MA2019112  1467 1472 1489 1487 1457 1494 1498 1501 1482 1481 1486
738SANTA MA2019113  1492 1504 1506 1507 1443 1364 1326 1354
738SANTA MA2019121  1383 1369 1393 1432 1437 1409 1369 1370 1373 1375 1327
738SANTA MA2019122  1327 1331 1364 1401 1393 1401 1426 1460 1461 1449 1406
738SANTA MA2019123  1374 1383 1412 1438 1454 1441 1418 1409 1398
738SANTA MA2020 11  1371 1389 1403 1356 1290 1324 1328 1336 1312 1273 1220
738SANTA MA2020 12  1174 1171 1143 1188 1226 1226 1215 1209 1200 1240 1317
738SANTA MA2020 13  1329 1352 1346 1314 1298 1321 1357 1376 1363
738SANTA MA2020 21  1318 1289 1291 1267 1235 1234 1276 1308 1333 1340 1312
738SANTA MA2020 22  1258 1233 1222 1229 1230 1257 1253 1186 1150 1180 1223
738SANTA MA2020 23  1273 1321 1330 1326 1337 1317 1288
738SANTA MA2020 31  1262 1250 1233 1239 1278 1297 1300 1310 1324 1284 1279
738SANTA MA2020 32  1327 1351 1312 1288 1292 1276 1267 1263 1243 1219 1261
738SANTA MA2020 33  1289 1285 1317 1325 1346 1371 1338 1286 1270
738SANTA MA2020 41  1296 1335 1349 1352 1365 1355 1358 1353 1331 1338 1339
738SANTA MA2020 42  1358 1319 1287 1321 1367 1356 1346 1344 1382 1402 1416
738SANTA MA2020 43  1420 1395 1367 1346 1334 1312 1316 1341
738SANTA MA2020 51  1391 1404 1405 1405 1419 1419 1403 1421 1415 1415 1397
738SANTA MA2020 52  1393 1391 1416 1419 1413 1420 1424 1426 1417 9999 9999
738SANTA MA2020 53  9999 9999 9999 9999 9999 9999 9999 9999 9999
738SANTA MA2020 61  9999 9999 9999 1445 1406 1372 1361 1382 1369 1355 1385
738SANTA MA2020 62  1391 1421 1427 1390 1385 1369 1341 1346 1342 1346 1354
738SANTA MA2020 63  1349 1359 1384 1362 1354 1376 1405 1399
738SANTA MA2020 71  1367 1361 1401 1405 1404 1415 1391 1385 1413 1407 1359
738SANTA MA2020 72  1385 1432 1407 1391 1379 1361 1371 1371 1376 1396 1433
738SANTA MA2020 73  1446 1457 1469 1449 1451 1445 1417 1403 1407
738SANTA MA2020 81  1402 1411 1426 1417 1437 1442 1449 1459 1423 1406 1408
738SANTA MA2020 82  1402 1416 1408 1400 1433 1436 1469 1510 1531 1566 1575
738SANTA MA2020 83  1571 1539 1500 1498 1547 1489 1419 1403 1446
738SANTA MA2020 91  1476 1451 1473 1513 1503 1463 1436 1457 1504 1488 1413
738SANTA MA2020 92  1409 1440 1438 1455 1464 1471 1483 1488 1477 1467 1455
738SANTA MA2020 93  1456 1444 1456 1460 1475 1500 1523 1507
738SANTA MA2020101  1532 1578 1585 1575 1596 1584 1574 1530 1532 1570 1550
738SANTA MA2020102  1523 1529 1567 1603 1605 1583 1541 1540 1573 1600 1607
738SANTA MA2020103  1589 1569 1577 1596 1533 1522 1526 1514 1531
738SANTA MA2020111  1539 1586 1621 1604 1555 1552 1596 1596 1544 1513 1518
738SANTA MA2020112  1532 1528 1535 1589 1611 1503 1522 1615 1598 1535 1548
738SANTA MA2020113  1534 1533 1493 1393 1342 1331 1343 1342
738SANTA MA2020121  1356 1401 1412 1387 1339 1344 1365 1377 1383 1355 1337
738SANTA MA2020122  1334 1311 1281 1312 1382 1380 1339 1304 1298 1320 1333
738SANTA MA2020123  1332 1339 1317 1312 1332 1351 1346 1311 1302
738SANTA MA2021 11  1292 1274 1250 1248 1275 1296 1334 1322 1324 1307 1264
738SANTA MA2021 12  1210 1193 1223 1266 1273 1296 1286 1260 1248 1247 1229
738SANTA MA2021 13  1209 1213 1221 1223 1216 1212 1231 1269 1277
738SANTA MA2021 21  1266 1316 1359 1355 1359 1366 1360 1379 1395 1353 1335
738SANTA MA2021 22  1321 1335 1364 1386 1389 1350 1329 1317 1301 1304 1284
738SANTA MA2021 23  1271 1295 1284 1280 1286 1271
738SANTA MA2021 31  1245 1240 1279 1295 1319 1379 1392 1351 1294 1271 1280
738SANTA MA2021 32  1273 1280 1324 1327 1319 1306 1302 1294 1324 1313 1283
738SANTA MA2021 33  1310 1362 1377 1334 1305 1288 1310 1319 1293
738SANTA MA2021 41  1265 1297 1288 1291 1310 1317 1332 1361 1380 1374 1379
738SANTA MA2021 42  1404 1401 1394 1382 1374 1366 1364 1373 1394 1381 1383
738SANTA MA2021 43  1388 1383 1406 1439 1435 1395 1376 1359
738SANTA MA2021 51  1362 1384 1389 1408 1416 1412 1412 1423 1416 1368 1340
738SANTA MA2021 52  1330 1313 1331 1335 1356 1371 1383 1439 1475 1479 1442
738SANTA MA2021 53  1396 1390 1379 1346 1314 1327 1389 1413 1421
738SANTA MA2021 61  1412 1442 1454 1427 1437 1416 1393 1384 1399 1438 1462
738SANTA MA2021 62  1458 1475 1472 1465 1483 1481 1448 1459 1428 1376 1371
738SANTA MA2021 63  1383 1376 1386 1399 1426 1450 1413 1365
