755VIRGINIA      LAT=25 43.9N  LONG=080 09.7W
755VIRGINIA1994 11  9999 9999 9999 9999 9999 9999 9999 9999 9999 9999 9999
755VIRGINIA1994 12  9999 9999 9999 9999 9999 9999 9999 9999 9999 9999 9999
755VIRGINIA1994 13  9999 9999 9999 9999 9999 9999 3302 3317 3297
755VIRGINIA1994 21  3282 3325 3342 3365 3367 3354 3304 3295 3304 3296 3273
755VIRGINIA1994 22  3258 3285 3330 3395 3408 3462 3537 3554 3504 3475 3480
755VIRGINIA1994 23  3504 3481 3455 3475 3490 3475
755VIRGINIA1994 31  3477 3445 3317 3282 3343 3387 3379 3368 3412 3401 3305
755VIRGINIA1994 32  3363 3373 3387 3406 3424 3436 3407 3357 3352 3336 3298
755VIRGINIA1994 33  3334 3356 3321 3263 3289 3275 3178 3187 3265
755VIRGINIA1994 41  3310 3341 3337 3309 3322 3321 3269 3254 3306 3313 3268
755VIRGINIA1994 42  3242 3262 3226 3225 3245 3208 3238 3286 3285 3324 3359
755VIRGINIA1994 43  3389 3437 3421 3390 3393 3391 3382 3383
755VIRGINIA1994 51  3391 3393 3359 3354 3343 3331 3373 3415 3408 3376 3374
755VIRGINIA1994 52  3388 3399 3417 3428 3411 3410 3433 3479 3499 3531 3582
755VIRGINIA1994 53  3596 3581 3549 3498 3443 3450 3474 3438 3418
755VIRGINIA1994 61  3392 3364 3345 3362 3383 3365 3372 3364 3371 3426 3449
755VIRGINIA1994 62  3424 3379 3371 3352 3353 3387 3365 3364 3377 3375 3359
755VIRGINIA1994 63  3355 3363 3328 3284 3290 3335 3386 3430
755VIRGINIA1994 71  3429 3428 3411 3393 3389 3373 3402 3390 3345 3341 3342
755VIRGINIA1994 72  3323 3299 3261 3230 3229 3237 3241 3282 3295 3308 3341
755VIRGINIA1994 73  3360 3364 3356 3364 3371 3385 3361 3357 3381
755VIRGINIA1994 81  3416 3462 3485 3437 3422 3410 3379 3391 3412 3413 3458
755VIRGINIA1994 82  3456 3392 3360 3378 3336 3308 3332 3353 3401 3417 3409
755VIRGINIA1994 83  3382 3383 3408 3428 3436 3424 3423 3434 3417
755VIRGINIA1994 91  3410 3418 3420 3428 3430 3456 3481 3484 3499 3479 3477
755VIRGINIA1994 92  3491 3525 3525 3533 3536 3503 3488 3461 3472 3497 3531
755VIRGINIA1994 93  3579 3614 3580 3546 3474 3457 3500 3515
755VIRGINIA1994101  3549 3592 3569 3547 3570 3602 3615 3599 3584 3573 3582
755VIRGINIA1994102  3584 3558 3591 3631 3663 3722 3719 3675 3610 3572 3589
755VIRGINIA1994103  3560 3533 3556 3551 3534 3559 3574 3568 3560
755VIRGINIA1994111  3525 3459 3429 3451 3456 3446 3423 3441 3507 3542 3530
755VIRGINIA1994112  3527 3535 3705 3923 3812 3689 3645 3655 3733 3713 3640
755VIRGINIA1994113  3632 3665 3634 3575 3581 3546 3484 3441
755VIRGINIA1994121  3436 3439 3477 3516 3503 3448 3402 3392 3443 3488 3478
755VIRGINIA1994122  3443 3452 3489 3519 3654 3677 3617 3615 3650 3682 3641
755VIRGINIA1994123  3641 3643 3653 3639 3623 3648 3661 3630 3563
755VIRGINIA1995 11  3510 3473 3475 3457 3452 3515 3498 3388 3338 3339 3376
755VIRGINIA1995 12  3370 3406 3443 3373 3288 3287 3309 3350 3373 3378 3381
755VIRGINIA1995 13  3379 3297 3265 3284 3319 3361 3368 3349 3289
755VIRGINIA1995 21  3284 3302 3311 3284 3248 3263 3261 3246 3204 3244 3272
755VIRGINIA1995 22  3263 3250 3267 3287 3250 3224 3239 3253 3294 3315 3262
755VIRGINIA1995 23  3255 3295 3300 3300 3283 3287
755VIRGINIA1995 31  3325 3315 3319 3376 3428 3468 3467 3436 3369 3392 3424
755VIRGINIA1995 32  3474 3477 3491 3499 3489 3488 3505 3526 3513 3541 3533
755VIRGINIA1995 33  3521 3530 3546 3535 3482 3467 3485 3497 3500
755VIRGINIA1995 41  3530 3513 3496 3498 3517 3557 3547 3521 3484 3491 3509
755VIRGINIA1995 42  3470 3434 3484 3514 3510 3489 3470 3449 3442 3423 3423
755VIRGINIA1995 43  3478 3524 3507 3482 3442 3448 3434 3415
755VIRGINIA1995 51  3427 3413 3417 3425 3436 3442 3451 3495 3519 3502 3488
755VIRGINIA1995 52  3487 3516 3476 3433 3467 3489 3453 3452 3498 3493 3440
755VIRGINIA1995 53  3423 3456 3452 3419 3444 3446 3431 3419 3416
755VIRGINIA1995 61  3401 3415 3422 3429 3434 3377 3355 3360 3365 3383 3401
755VIRGINIA1995 62  3400 3407 3377 3381 3374 3394 3435 3439 3440 3480 3449
755VIRGINIA1995 63  3370 3367 3370 3368 3388 3404 3432 3452
755VIRGINIA1995 71  3489 3476 3450 3423 3395 3371 3384 3411 3446 3486 3488
755VIRGINIA1995 72  3491 3510 3504 3513 3492 3473 3445 3392 3367 3359 3363
755VIRGINIA1995 73  3370 3366 3342 3357 3383 3389 3431 3437 3450
755VIRGINIA1995 81  3507 3557 3466 3411 3450 3453 3441 3456 3504 3525 3523
755VIRGINIA1995 82  3557 3546 3512 3541 3561 3563 3549 3551 3572 3604 3627
755VIRGINIA1995 83  3652 3622 3568 3512 3473 3463 3458 3498 3504
755VIRGINIA1995 91  3516 3546 3546 3565 3595 3643 3668 3681 3677 3631 3591
755VIRGINIA1995 92  3590 3607 3614 3594 3589 3627 3662 3668 3619 3632 3669
755VIRGINIA1995 93  3638 3639 3635 3626 3658 3708 3733 3713
755VIRGINIA1995101  3697 3727 3777 3756 3613 3515 3509 3524 3505 3492 3503
755VIRGINIA1995102  3546 3617 3658 3630 3599 3663 3698 3671 3704 3680 3697
755VIRGINIA1995103  3739 3697 3658 3626 3619 3547 3462 3472 3505
755VIRGINIA1995111  3494 3460 3443 3421 3455 3499 3525 3520 3496 3512 3503
755VIRGINIA1995112  3486 3539 3576 3524 3456 3496 3544 3525 3520 3533 3531
755VIRGINIA1995113  3554 3564 3507 3455 3483 3482 3397 3329
755VIRGINIA1995121  3336 3340 3364 3391 3390 3386 3414 3432 3449 3413 3378
755VIRGINIA1995122  3486 3533 3481 3431 3458 3506 3518 3501 3449 3464 3526
755VIRGINIA1995123  3545 3498 3466 3475 3493 3485 3448 3474 3460
755VIRGINIA1996 11  3454 3450 3413 3341 3316 3377 3410 3304 3284 3323 3397
755VIRGINIA1996 12  3420 3382 3374 3378 3406 3425 3430 3392 3357 3382 3366
755VIRGINIA1996 13  3406 3465 3457 3498 3421 3346 3411 3401 3377
755VIRGINIA1996 21  3390 3441 3420 3274 3257 3389 3474 3448 3371 3353 3330
755VIRGINIA1996 22  3277 3219 3240 3307 3304 3261 3312 3361 3344 3271 3266
755VIRGINIA1996 23  3249 3224 3209 3216 3225 3256 3299
755VIRGINIA1996 31  3371 3403 3315 3313 3370 3362 3318 3236 3186 3276 3347
755VIRGINIA1996 32  3416 3460 3444 3407 3403 3404 3410 3376 3278 3241 3257
755VIRGINIA1996 33  3263 3276 3277 3234 3202 3192 3190 3264 3359
755VIRGINIA1996 41  3413 3388 3403 3444 3424 3420 3414 3404 3415 3437 3433
755VIRGINIA1996 42  3423 3426 3434 3427 3367 3346 3366 3387 3375 3356 3360
755VIRGINIA1996 43  3359 3338 3358 3378 3370 3371 3389 3403
755VIRGINIA1996 51  3347 3343 3366 3367 3360 3341 3360 3399 3410 3373 3336
755VIRGINIA1996 52  3360 3381 3355 3342 3313 3318 3311 3303 3347 3419 3423
755VIRGINIA1996 53  3403 3361 3349 3380 3374 3359 3362 3369 3382
755VIRGINIA1996 61  3401 3415 3450 3473 3447 3415 3413 3418 3402 3351 3318
755VIRGINIA1996 62  3321 3293 3261 3277 3287 3268 3258 3236 3216 3221 3274
755VIRGINIA1996 63  3339 3342 3303 3277 3310 3359 3372 3396
755VIRGINIA1996 71  3395 3400 3410 3400 3390 3345 3302 3309 3314 3362 3441
755VIRGINIA1996 72  3388 3314 3328 3398 3412 3360 3340 3367 3344 3331 3351
755VIRGINIA1996 73  3355 3293 3290 3334 3353 3347 3382 3419 3426
755VIRGINIA1996 81  3458 3481 3440 3370 3368 3372 3367 3326 3320 3349 3327
755VIRGINIA1996 82  3303 3296 3293 3287 3286 3310 3360 3401 3448 3463 3468
755VIRGINIA1996 83  3434 3412 3420 3416 3404 3398 3378 3407 3424
755VIRGINIA1996 91  3410 3383 3393 3464 3533 3517 3494 3506 3488 3455 3464
755VIRGINIA1996 92  3482 3516 3505 3469 3447 3398 3359 3358 3362 3364 3373
755VIRGINIA1996 93  3400 3452 3466 3481 3480 3477 3486 3468
755VIRGINIA1996101  3430 3440 3452 3481 3513 3552 3690 3670 3525 3455 3469
755VIRGINIA1996102  3588 3625 3640 3681 3668 3649 3659 3652 3647 3648 3616
755VIRGINIA1996103  3589 3587 3599 3573 3523 3497 3502 3497 3483
755VIRGINIA1996111  3503 3517 3535 3579 3575 3542 3551 3542 3534 3529 3502
755VIRGINIA1996112  3517 3540 3587 3693 3762 3726 3664 3632 3638 3642 3608
755VIRGINIA1996113  3600 3572 3544 3419 3350 3383 3455 3521
755VIRGINIA1996121  3464 3407 3378 3370 3380 3357 3401 3383 3334 3351 3426
755VIRGINIA1996122  3462 3463 3459 3469 3514 3560 3577 3493 3394 3434 3482
755VIRGINIA1996123  3465 3407 3349 3359 3327 3302 3322 3304 3330
755VIRGINIA1997 11  3382 3404 3386 3373 3376 3382 3410 3408 3437 3397 3344
755VIRGINIA1997 12  3343 3383 3409 3488 3443 3364 3345 3366 3375 3387 3389
755VIRGINIA1997 13  3368 3360 3343 3344 3427 3459 3427 3428 3390
755VIRGINIA1997 21  3366 3385 3421 3449 3413 3391 3444 3427 3370 3360 3363
755VIRGINIA1997 22  3402 3446 3434 3364 3302 3325 3409 3429 3423 3423 3340
755VIRGINIA1997 23  3270 3289 3375 3439 3394 3324
755VIRGINIA1997 31  3340 3336 3313 3291 3330 3351 3368 3387 3350 3333 3338
755VIRGINIA1997 32  3380 3472 3482 3393 3374 3410 3438 3446 3473 3516 3499
755VIRGINIA1997 33  3497 3479 3438 3391 3368 3400 3358 3317 3311
755VIRGINIA1997 41  3340 3398 3400 3407 3416 3413 3390 3385 3418 3457 3538
755VIRGINIA1997 42  3503 3423 3428 3442 3481 3488 3465 3471 3507 3502 3466
755VIRGINIA1997 43  3482 3483 3498 3523 3581 3577 3493 3488
755VIRGINIA1997 51  3514 3527 3516 3473 3434 3427 3413 3412 3410 3414 3439
755VIRGINIA1997 52  3463 3453 3417 3426 3434 3412 3365 3337 3305 3290 3327
755VIRGINIA1997 53  3357 3369 3366 3356 3370 3424 3456 3475 3515
755VIRGINIA1997 61  3539 3500 3479 3494 3542 3519 3457 3455 3550 3601 3571
755VIRGINIA1997 62  3572 3566 3489 3443 3460 3442 3405 3379 3409 3456 3432
755VIRGINIA1997 63  3406 3392 3367 3355 3379 3406 3418 3405
755VIRGINIA1997 71  3416 3457 3481 3491 3444 3403 3385 3380 3404 3425 3407
755VIRGINIA1997 72  3395 3437 3438 3412 3396 3432 3489 3473 3445 3429 3437
755VIRGINIA1997 73  3436 3393 3344 3355 3403 3393 3361 3386 3396
755VIRGINIA1997 81  3405 3441 3428 3439 3451 3449 3420 3397 3412 3390 3388
755VIRGINIA1997 82  3404 3443 3469 3471 3475 3482 3466 3469 3507 3533 3508
755VIRGINIA1997 83  3455 3425 3395 3411 3480 3536 3535 3534 3554
755VIRGINIA1997 91  3518 3480 3500 3540 3518 3529 3565 3600 3606 3578 3556
755VIRGINIA1997 92  3537 3551 3546 3536 3525 3520 3499 3464 3467 3491 3501
755VIRGINIA1997 93  3473 3455 3513 3550 3485 3404 3342 3373
755VIRGINIA1997101  3428 3454 9999 9999 9999 9999 9999 9999 9999 9999 9999
755VIRGINIA1997102  9999 9999 9999 9999 9999 9999 9999 9999 9999 9999 9999
755VIRGINIA1997103  9999 9999 9999 9999 9999 9999 9999 9999 9999
755VIRGINIA1997111  9999 9999 9999 9999 9999 9999 9999 9999 3536 3560 3547
755VIRGINIA1997112  3535 3522 3432 3356 3338 3311 3319 3335 3367 3394 3401
755VIRGINIA1997113  3385 3356 3335 3371 3409 3436 3411 3369
755VIRGINIA1997121  3331 3323 3357 3395 3384 3342 3313 3310 3342 3368 3371
755VIRGINIA1997122  3356 3366 3367 3359 3347 3465 3493 3435 3400 3398 3388
755VIRGINIA1997123  3341 3362 3347 3340 3350 3349 3397 3348 3270
755VIRGINIA1998 11  3234 3299 3317 3318 3312 3291 3341 3373 3343 3299 3285
755VIRGINIA1998 12  3309 3331 3347 3405 3380 3297 3319 3377 3403 3436 3492
755VIRGINIA1998 13  3478 3417 3371 3431 3464 3407 3415 3466 3529
755VIRGINIA1998 21  3551 3661 3666 3517 3425 3445 3465 3460 3484 3511 3503
755VIRGINIA1998 22  3440 3397 3365 3442 3493 3428 3338 3304 3309 3289 3378
755VIRGINIA1998 23  3386 3304 3315 3376 3485 3483
755VIRGINIA1998 31  3456 3419 3369 3367 3397 3424 3464 3485 3385 3297 3314
755VIRGINIA1998 32  3336 3370 3377 3373 3394 3438 3464 3430 3403 3382 3376
755VIRGINIA1998 33  3387 3392 3416 3431 3456 3441 3379 3381 3395
755VIRGINIA1998 41  3348 3289 3270 3316 3396 3474 3490 3469 3395 3316 3313
755VIRGINIA1998 42  3382 3454 3425 3379 3346 3328 3306 3303 3302 3323 3328
755VIRGINIA1998 43  3338 3335 3337 3361 3362 3348 3374 3393
755VIRGINIA1998 51  3374 3366 3350 3347 3372 3366 3367 3409 3402 3360 3356
755VIRGINIA1998 52  3368 3366 3378 3418 3440 3445 3397 3380 3353 3339 3381
755VIRGINIA1998 53  3442 3428 3436 3454 3439 3409 3397 3431 3435
755VIRGINIA1998 61  3477 3484 3455 3483 3454 3399 3353 3317 3292 3266 3271
755VIRGINIA1998 62  3270 3266 3321 3367 3356 3311 3294 3299 3287 3323 3380
755VIRGINIA1998 63  3454 3471 3436 3396 3415 3424 3390 3406
755VIRGINIA1998 71  3362 3291 3283 3353 3403 3396 3357 3279 3279 3318 3349
755VIRGINIA1998 72  3388 3448 3454 3403 3404 3403 3365 3356 3393 3415 3418
755VIRGINIA1998 73  3417 3417 3424 3403 3396 3397 3404 3404 3393
755VIRGINIA1998 81  3362 3344 3360 3364 3360 3378 3420 3432 3431 3424 3433
755VIRGINIA1998 82  3403 3371 3374 3398 3416 3410 3414 3428 3437 3429 3450
755VIRGINIA1998 83  3503 3579 3632 3600 3489 3446 3487 3514 3513
755VIRGINIA1998 91  3513 3524 3523 3462 3432 3428 3471 3495 3479 3460 3470
755VIRGINIA1998 92  3497 3537 3557 3565 3576 3538 3505 3476 3434 3409 3416
755VIRGINIA1998 93  3464 3532 3671 3544 3431 3426 3444 3472
755VIRGINIA1998101  3440 3440 3442 3409 3424 3443 3471 3469 3473 3435 3447
755VIRGINIA1998102  3437 3450 3491 3485 3474 3496 3531 3523 3485 3464 3470
755VIRGINIA1998103  3548 3601 3609 3623 3597 3590 3592 3555 3528
755VIRGINIA1998111  3546 3557 3554 3605 3607 3453 3479 3514 3503 3487 3428
755VIRGINIA1998112  3355 3399 3457 3431 3427 3418 3398 3373 3375 3349 3311
755VIRGINIA1998113  3288 3292 3364 3349 3328 3329 3381 3398
755VIRGINIA1998121  3347 3342 3377 3363 3330 3330 3346 3330 3308 3333 3361
755VIRGINIA1998122  3353 3340 3343 3361 3374 3432 3491 3501 3432 3377 3336
755VIRGINIA1998123  3342 3389 3411 3448 3462 3468 3513 3520 3478
755VIRGINIA1999 11  3490 3546 3509 3377 3300 3367 3428 3473 3497 3452 3406
755VIRGINIA1999 12  3462 3496 3438 3387 3356 3355 3341 3315 3344 3424 3476
755VIRGINIA1999 13  3474 3403 3328 3349 3366 3385 3400 3411 3428
755VIRGINIA1999 21  3490 3488 3440 3426 3435 3445 3452 3429 3420 3415 3439
755VIRGINIA1999 22  3426 3377 3375 3430 3493 3514 3511 3529 3532 3531 3527
755VIRGINIA1999 23  3540 3529 3549 3534 3507 3492
755VIRGINIA1999 31  3503 3518 3514 3458 3411 3391 3362 3372 3388 3415 3447
755VIRGINIA1999 32  3445 3460 3516 3474 3410 3405 3402 3398 3381 3378 3341
755VIRGINIA1999 33  3301 3279 3287 3290 3286 3293 3291 3310 3375
755VIRGINIA1999 41  3341 3273 3263 3266 3310 3355 3380 3397 3425 3422 3420
755VIRGINIA1999 42  3410 3445 3489 3496 3462 3464 3417 3384 3387 3393 3419
755VIRGINIA1999 43  3413 3437 3510 3519 3501 3470 3483 3535
755VIRGINIA1999 51  3540 3544 3562 3590 3615 3599 3541 3452 3429 3436 3442
755VIRGINIA1999 52  3426 3406 3401 3404 3424 3447 3503 3525 3500 3466 3425
755VIRGINIA1999 53  3411 3444 3411 3376 3387 3391 3373 3366 3381
755VIRGINIA1999 61  3429 3421 3338 3324 3381 3432 3466 3504 3507 3469 3447
755VIRGINIA1999 62  3476 3476 3467 3452 3457 3458 3443 3463 3454 3430 3441
755VIRGINIA1999 63  3497 3503 3480 3442 3425 3401 3393 3381
755VIRGINIA1999 71  3414 3454 3452 3474 3505 3522 3514 3486 3440 3424 3415
755VIRGINIA1999 72  3404 3433 3451 3442 3435 3416 3382 3374 3383 3374 3383
755VIRGINIA1999 73  3380 3372 3359 3358 3379 3419 3475 3506 3498
755VIRGINIA1999 81  3449 3454 3481 3507 3481 3455 3461 3447 3435 3449 3468
755VIRGINIA1999 82  3494 3499 3472 3439 3394 3378 3435 3447 3422 3393 3408
755VIRGINIA1999 83  3465 3514 3526 3512 3545 3626 3665 3624 3560
755VIRGINIA1999 91  3599 3699 3744 3746 3681 3660 3660 3652 3636 3619 3586
755VIRGINIA1999 92  3578 3618 3771 3877 3845 3796 3743 3680 3659 3638 3597
755VIRGINIA1999 93  3607 3642 3668 3648 3603 3574 3581 3573
755VIRGINIA1999101  3581 3587 3599 3605 3575 3562 3573 3621 3647 3617 3605
755VIRGINIA1999102  3617 3615 3625 3846 3768 3572 3564 3633 3669 3664 3680
755VIRGINIA1999103  3714 3716 3680 3665 3660 3648 3648 3641 3589
755VIRGINIA1999111  3585 3619 3532 3498 3502 3531 3538 3563 3553 3526 3526
755VIRGINIA1999112  3553 3615 3593 3588 3664 3670 3663 3638 3583 3573 3610
755VIRGINIA1999113  3587 3560 3572 3575 3566 3550 3562 3567
755VIRGINIA1999121  3551 3557 3622 3615 3567 3487 3420 3410 3420 3417 3413
755VIRGINIA1999122  3462 3457 3426 3377 3373 3436 3493 3489 3438 3420 3381
755VIRGINIA1999123  3378 3354 3387 3418 3485 3537 3490 3419 3400
755VIRGINIA2000 11  3399 3380 3399 3370 3334 3361 3357 3361 3408 3420 3378
755VIRGINIA2000 12  3355 3381 3349 3410 3409 3412 3432 3455 3472 3439 3472
755VIRGINIA2000 13  3487 3501 3432 3395 3371 3391 3393 3365 3369
755VIRGINIA2000 21  3376 3374 3390 3388 3344 3321 3361 3395 3393 3418 3410
755VIRGINIA2000 22  3368 3410 3421 3367 3344 3359 3396 3376 3331 3329 3376
755VIRGINIA2000 23  3396 3390 3409 3398 3351 3342 3350
755VIRGINIA2000 31  3346 3357 3409 3422 3404 3402 3397 3432 3451 3453 3428
755VIRGINIA2000 32  3350 3301 3312 3346 3325 3270 3274 3333 3362 3321 3335
755VIRGINIA2000 33  3436 3499 3479 3461 3511 3497 3414 3377 3344
755VIRGINIA2000 41  3348 3378 3422 3433 3361 3361 3392 3354 3311 3373 3407
755VIRGINIA2000 42  3394 3358 3388 3402 3360 3346 3384 3403 3404 3410 3428
755VIRGINIA2000 43  3460 3477 3480 3429 3443 3462 3428 3422
755VIRGINIA2000 51  3432 3434 3433 3415 3383 3348 3343 3355 3358 3365 3361
755VIRGINIA2000 52  3371 3370 3371 3394 3419 3430 3416 3398 3398 3380 3367
755VIRGINIA2000 53  3368 3380 3389 3385 3367 3376 3410 3429 3443
755VIRGINIA2000 61  3439 3424 3440 3461 3468 3435 3432 3442 3470 3480 3463
755VIRGINIA2000 62  3432 3409 3404 3400 3408 3375 3352 3366 3414 3475 3487
755VIRGINIA2000 63  3518 3527 3521 3526 3515 3459 3427 3440
755VIRGINIA2000 71  3454 3494 3505 3482 3511 3539 3527 3507 3503 3526 3526
755VIRGINIA2000 72  3505 3492 3506 3507 3470 3429 3438 3450 3460 3481 3496
755VIRGINIA2000 73  3494 3508 3525 3548 3571 3584 3568 3535 3521
755VIRGINIA2000 81  3486 3464 3462 3442 3440 3431 3401 3410 3459 3507 3546
755VIRGINIA2000 82  3546 3554 3555 3528 3529 3543 3535 3514 3510 3478 3456
755VIRGINIA2000 83  3480 3529 3508 3482 3487 3485 3501 3539 3546
755VIRGINIA2000 91  3532 3552 3584 3591 3588 3555 3526 3516 3592 3682 3669
755VIRGINIA2000 92  3638 3630 3645 3646 3653 3616 3527 3516 3531 3508 3495
755VIRGINIA2000 93  3499 3512 3539 3564 3564 3594 3642 3661
755VIRGINIA2000101  3662 3675 3699 3649 3571 3550 3552 3597 3623 3720 3765
755VIRGINIA2000102  3750 3739 3712 3668 3658 3682 3680 3669 3665 3656 3666
755VIRGINIA2000103  3673 3685 3730 3764 3731 3686 3669 3633 3572
755VIRGINIA2000111  3573 3610 3577 3578 3626 3642 3594 3603 3630 3614 3605
755VIRGINIA2000112  3603 3572 3553 3543 3560 3544 3506 3498 3463 3426 3500
755VIRGINIA2000113  3544 3550 3523 3453 3420 3390 3410 3432
755VIRGINIA2000121  3439 3424 3421 3453 3544 3619 3631 3586 3536 3543 3525
755VIRGINIA2000122  3474 3460 3441 3432 3458 3418 3370 3361 3316 3353 3364
755VIRGINIA2000123  3400 3443 3469 3474 3468 3476 3450 3378 3328
755VIRGINIA2001 11  3346 3368 3378 3384 3391 3397 3391 3391 3320 3291 3335
755VIRGINIA2001 12  3351 3417 3427 3392 3390 3381 3382 3376 3280 3182 3195
755VIRGINIA2001 13  3209 3282 3315 3353 3376 3361 3370 3341 3287
755VIRGINIA2001 21  3251 3218 3225 3249 3236 3255 3284 3268 3283 3260 3232
755VIRGINIA2001 22  3273 3268 3243 3270 3302 3327 3322 3380 3365 3329 3367
755VIRGINIA2001 23  3386 3406 3398 3353 3339 3362
755VIRGINIA2001 31  3344 3342 3335 3306 3235 3254 3310 3363 3423 3461 3451
755VIRGINIA2001 32  3401 3353 3298 3318 3308 3294 3323 3407 3416 3346 3322
755VIRGINIA2001 33  3356 3380 3352 3350 3326 3360 3403 3336 3295
755VIRGINIA2001 41  3292 3294 3317 3348 3378 3358 3325 3294 3298 3355 3407
755VIRGINIA2001 42  3375 3321 3326 3379 3406 3413 3375 3373 3386 3383 3342
755VIRGINIA2001 43  3344 3315 3318 3322 3334 3375 3381 3383
755VIRGINIA2001 51  3438 3511 3499 3502 3521 3521 3521 3517 3501 3490 3491
755VIRGINIA2001 52  3473 3457 3445 3451 3443 3432 3428 3439 3483 3524 3521
755VIRGINIA2001 53  3525 3520 3459 3423 3417 3437 3438 3381 3363
755VIRGINIA2001 61  3391 3395 3333 3290 3305 3228 3215 3253 3322 3345 3331
755VIRGINIA2001 62  3310 3299 3308 3315 3326 3343 3344 3331 3323 3328 3352
755VIRGINIA2001 63  3396 3406 3411 3393 3359 3360 3399 3392
755VIRGINIA2001 71  3363 3373 3372 3368 3382 3408 3402 3404 3413 3425 3436
755VIRGINIA2001 72  3438 3399 3405 3427 3391 3363 3363 3392 3413 3458 3494
755VIRGINIA2001 73  3459 3406 3378 3350 3315 3297 3312 3358 3393
755VIRGINIA2001 81  3439 3460 3452 3463 3405 3347 3347 3360 3381 3396 3422
755VIRGINIA2001 82  3438 3413 3411 3445 3460 3430 3452 3473 3436 3423 3426
755VIRGINIA2001 83  3406 3357 3335 3345 3353 3376 3452 3472 3454
755VIRGINIA2001 91  3468 3473 3487 3472 3434 3413 3436 3493 3522 3459 3403
755VIRGINIA2001 92  3435 3488 3496 3454 3505 3594 3637 3633 3596 3599 3573
755VIRGINIA2001 93  3566 3558 3532 3479 3482 3524 3575 3616
755VIRGINIA2001101  3677 3696 3690 3681 3642 3597 3546 3553 3586 3625 3668
755VIRGINIA2001102  3635 3617 3556 3537 3559 3564 3622 3699 3711 3687 3650
755VIRGINIA2001103  3643 3624 3590 3562 3569 3622 3689 3729 3746
755VIRGINIA2001111  3751 3745 3715 3711 3763 3707 3652 3675 3663 3613 3619
755VIRGINIA2001112  3615 3612 3603 3612 3632 3649 3674 3617 3562 3571 3555
755VIRGINIA2001113  3523 3510 3476 3459 3460 3478 3494 3498
755VIRGINIA2001121  3497 3476 3466 3470 3481 3490 3483 3470 3459 3464 3458
755VIRGINIA2001122  3434 3437 3448 3439 3451 3449 3436 3455 3428 3444 3494
755VIRGINIA2001123  3541 3519 3523 3497 3465 3501 3489 3443 3432
755VIRGINIA2002 11  3403 3419 3374 3266 3350 3448 3380 3290 3267 3272 3268
755VIRGINIA2002 12  3282 3308 3323 3290 3266 3265 3269 3261 3246 3244 3239
755VIRGINIA2002 13  3268 3299 3285 3271 3270 3267 3287 3305 3323
755VIRGINIA2002 21  3300 3330 3385 3372 3380 3422 3444 3412 3436 3442 3381
755VIRGINIA2002 22  3370 3361 3330 3393 3422 3405 3407 3411 3442 3406 3423
755VIRGINIA2002 23  3468 3415 3420 3510 3508 3440
755VIRGINIA2002 31  3476 3502 3419 3299 3239 3344 3379 3362 3332 3271 3313
755VIRGINIA2002 32  3374 3346 3302 3281 3263 3275 3305 3346 3385 3359 3370
755VIRGINIA2002 33  3397 3399 3394 3383 3392 3417 3414 3410 3407
755VIRGINIA2002 41  3389 3398 3402 3369 3401 3483 3504 3537 3530 3469 3461
755VIRGINIA2002 42  3456 3444 3438 3403 3393 3407 3379 3351 3351 3380 3386
755VIRGINIA2002 43  3396 3374 3351 3353 3354 3354 3354 3355
755VIRGINIA2002 51  3355 3355 3355 3349 3341 3324 3310 3318 3346 3355 3353
755VIRGINIA2002 52  3353 3341 3347 3346 3328 3335 3367 3412 3454 3490 3515
755VIRGINIA2002 53  3568 3588 3590 3601 3612 3617 3631 3608 3575
755VIRGINIA2002 61  3552 3527 3506 3495 3486 3476 3489 3509 3494 3517 3525
755VIRGINIA2002 62  3530 3518 3491 3479 3466 3480 3506 3505 3491 3508 3522
755VIRGINIA2002 63  3515 3520 3515 3477 3404 3376 3387 3399
755VIRGINIA2002 71  3405 3387 3389 3414 3390 3401 3415 3396 3403 3407 3400
755VIRGINIA2002 72  3409 3420 3403 3371 3364 3387 3398 3413 3421 3395 3378
755VIRGINIA2002 73  3359 3379 3390 3399 3426 3442 3496 3521 3525
755VIRGINIA2002 81  3562 3592 3558 3482 3456 3517 3565 3572 3605 3638 3647
755VIRGINIA2002 82  3612 3567 3535 3523 3483 3463 3457 3461 3472 3454 3432
755VIRGINIA2002 83  3430 3452 3476 3502 3507 3496 3522 3568 3594
755VIRGINIA2002 91  3632 3675 3703 3679 3639 3652 3682 3648 3600 3595 3569
755VIRGINIA2002 92  3551 3501 3482 3457 3451 3471 3506 3560 3596 3611 3614
755VIRGINIA2002 93  3587 3551 3556 3570 3555 3548 3545 3570
755VIRGINIA2002101  3575 3580 3606 3646 3630 3581 3581 3591 3611 3633 3642
755VIRGINIA2002102  3621 3587 3634 3742 3777 3720 3677 3700 3658 3608 3547
755VIRGINIA2002103  3519 3496 3502 3555 3595 3612 3593 3577 3575
755VIRGINIA2002111  3554 3536 3576 3578 3585 3489 3414 3454 3491 3528 3500
755VIRGINIA2002112  3463 3447 3457 3525 3576 3501 3371 3350 3431 3512 3481
755VIRGINIA2002113  3396 3409 3463 3461 3439 3388 3349 3408
755VIRGINIA2002121  3395 3381 3386 3399 3381 3360 3332 3400 3540 3540 3436
755VIRGINIA2002122  3396 3422 3409 3416 3404 3409 3407 3425 3431 3388 3369
755VIRGINIA2002123  3388 3455 3425 3370 3374 3377 3391 3449 3496
755VIRGINIA2003 11  3434 3385 3384 3368 3386 3402 3360 3358 3414 3429 3411
755VIRGINIA2003 12  3392 3409 3378 3347 3356 3338 3278 3212 3202 3240 3284
755VIRGINIA2003 13  3290 3219 3235 3321 3330 3326 3329 3300 3288
755VIRGINIA2003 21  3294 3280 3300 3310 3260 3258 3268 3229 3274 3266 3242
755VIRGINIA2003 22  3255 3217 3233 3247 3288 3321 3285 3283 3278 3336 3389
755VIRGINIA2003 23  3289 3209 3210 3271 3328 3325
755VIRGINIA2003 31  3371 3413 3431 3443 3427 3402 3373 3370 3395 3389 3374
755VIRGINIA2003 32  3327 3295 3318 3367 3411 3437 3445 3491 3439 3364 3300
755VIRGINIA2003 33  3294 3341 3355 3365 3430 3420 3388 3342 3260
755VIRGINIA2003 41  3325 3384 3342 3349 3385 3399 3397 3386 3433 3400 3412
755VIRGINIA2003 42  3490 3468 3436 3471 3553 3591 3564 3491 3420 3433 3499
755VIRGINIA2003 43  3516 3563 3586 3567 3544 3520 3510 3538
755VIRGINIA2003 51  3526 3477 3474 3459 3461 3422 3371 3356 3337 3336 3355
755VIRGINIA2003 52  3362 3386 3423 3424 3391 3374 3386 3397 3393 3425 3472
755VIRGINIA2003 53  3450 3430 3422 3415 3364 3298 3292 3323 3340
755VIRGINIA2003 61  3353 3361 3348 3324 3297 3328 3337 3336 3384 3404 3393
755VIRGINIA2003 62  3368 3352 3363 3343 3323 3350 3398 3419 3396 3378 3390
755VIRGINIA2003 63  3379 3371 3352 3367 3400 3417 3395 3353
755VIRGINIA2003 71  3322 3321 3321 3339 3373 3412 3452 3424 3421 3425 3468
755VIRGINIA2003 72  3470 3443 3393 3339 3320 3336 3363 3355 3330 3346 3357
755VIRGINIA2003 73  3349 3335 3316 3320 3296 3328 3403 3422 3391
755VIRGINIA2003 81  3433 3488 3522 3515 3470 3411 3372 3389 3433 3426 3384
755VIRGINIA2003 82  3354 3379 3457 3398 3382 3428 3413 3433 3446 3436 3426
755VIRGINIA2003 83  3459 3473 3485 3495 3505 3466 3449 3452 3437
755VIRGINIA2003 91  3415 3416 3412 3422 3437 3404 3395 3401 3422 3477 3548
755VIRGINIA2003 92  3604 3609 3601 3563 3594 3640 3639 3589 3591 3609 3582
755VIRGINIA2003 93  3549 3526 3543 3591 3576 3592 3605 3590
755VIRGINIA2003101  3613 3670 3728 3724 3658 3628 3634 3568 3526 3536 3540
755VIRGINIA2003102  3540 3530 3537 3553 3543 3556 3592 3593 3556 3556 3566
755VIRGINIA2003103  3602 3587 3565 3532 3538 3547 3499 3484 3500
755VIRGINIA2003111  3513 3547 3624 3657 3620 3598 3589 3608 3605 3623 3687
755VIRGINIA2003112  3712 3662 3627 3587 3537 3496 3529 3509 3508 3538 3518
755VIRGINIA2003113  3549 3523 3495 3477 3477 3480 3451 3461
755VIRGINIA2003121  3489 3467 3493 3493 3465 3423 3387 3452 3522 3531 3484
755VIRGINIA2003122  3443 3459 3479 3416 3419 3400 3377 3361 3321 3324 3380
755VIRGINIA2003123  3427 3436 3411 3380 3403 3435 3433 3379 3344
755VIRGINIA2004 11  3328 3322 3307 3295 3276 3269 3271 3334 3403 3409 3385
755VIRGINIA2004 12  3385 3431 3456 3438 3434 3442 3437 3434 3452 3461 3448
755VIRGINIA2004 13  3414 3417 3447 3450 3422 3344 3334 3391 3466
755VIRGINIA2004 21  3476 3423 3384 3362 3395 3407 3343 3269 3314 3335 3338
755VIRGINIA2004 22  3335 3315 3368 3396 3353 3379 3362 3415 3515 3516 3476
755VIRGINIA2004 23  3440 3451 3456 3475 3377 3361 3454
755VIRGINIA2004 31  3462 3391 3325 3356 3364 3327 3274 3306 3412 3416 3341
755VIRGINIA2004 32  3364 3386 3428 3454 3448 3426 3419 3430 3453 3459 3460
755VIRGINIA2004 33  3467 3474 3509 3486 3450 3416 3418 3470 3522
755VIRGINIA2004 41  3514 3488 3502 3505 3512 3494 3469 3469 3464 3433 3442
755VIRGINIA2004 42  3450 3373 3258 3289 3354 3361 3364 3345 3290 3328 3296
755VIRGINIA2004 43  3225 3245 3277 3292 3326 3376 3392 3413
755VIRGINIA2004 51  3434 3448 3410 3378 3397 3398 3366 3361 3385 3403 3397
755VIRGINIA2004 52  3372 3351 3332 3338 3338 3352 3368 3376 3350 3333 3372
755VIRGINIA2004 53  3385 3385 3372 3355 3347 3392 3413 3416 3420
755VIRGINIA2004 61  3413 3390 3393 3395 3400 3383 3402 3412 3398 3419 3439
755VIRGINIA2004 62  3428 3439 3445 3427 3377 3361 3371 3359 3356 3352 3339
755VIRGINIA2004 63  3312 3313 3323 3335 3335 3341 3357 3364
755VIRGINIA2004 71  3358 3343 3368 3382 3395 3394 3421 3441 3416 3396 3407
755VIRGINIA2004 72  3396 3401 3388 3389 3388 3391 3379 3378 3370 3377 3388
755VIRGINIA2004 73  3421 3451 3394 3340 3362 3367 3372 3411 3432
755VIRGINIA2004 81  3412 3427 3467 3458 3442 3441 3456 3419 3369 3408 3452
755VIRGINIA2004 82  3459 3427 3368 3368 3382 3409 3423 3412 3402 3381 3358
755VIRGINIA2004 83  3342 3332 3337 3353 3347 3363 3397 3392 3400
755VIRGINIA2004 91  3425 3464 3528 3644 3725 3578 3435 3381 3381 3367 3391
755VIRGINIA2004 92  3435 3458 3537 3553 3521 3526 3530 3541 3611 3690 3689
755VIRGINIA2004 93  3644 3640 3721 3745 3683 3559 3455 3435
755VIRGINIA2004101  3431 3429 3441 3441 3455 3490 3526 3586 3623 3631 3609
755VIRGINIA2004102  3613 3637 3612 3619 3557 3522 3530 3512 3468 3476 3547
755VIRGINIA2004103  3596 3653 3724 3738 3691 3624 3612 3623 3603
755VIRGINIA2004111  3552 3501 3479 3502 3559 3576 3593 3589 3601 3637 3620
755VIRGINIA2004112  3614 3551 3495 3531 3558 3550 3552 3558 3547 3498 3504
755VIRGINIA2004113  3544 3550 3482 3433 3480 3467 3412 3420
755VIRGINIA2004121  3410 3404 3405 3409 3384 3373 3364 3341 3359 3404 3370
755VIRGINIA2004122  3295 3274 3280 3292 3402 3428 3445 3444 3380 3388 3443
755VIRGINIA2004123  3450 3410 3463 3408 3315 3368 3442 3473 3447
755VIRGINIA2005 11  3405 3418 3387 3365 3383 3387 3355 3320 3284 3317 3374
755VIRGINIA2005 12  3402 3425 3356 3336 3371 3388 3493 3549 3524 3515 3473
755VIRGINIA2005 13  3421 3369 3446 3550 3517 3522 3511 3538 3540
755VIRGINIA2005 21  3528 3529 3530 3571 3613 3646 3635 3639 3611 3566 3515
755VIRGINIA2005 22  3513 3550 3516 3422 3378 3413 3405 3377 3315 3298 3284
755VIRGINIA2005 23  3301 3334 3336 3364 3409 3413
755VIRGINIA2005 31  3345 3314 3349 3435 3358 3302 3332 3334 3333 3351 3383
755VIRGINIA2005 32  3343 3326 3302 3310 3365 3381 3378 3377 3402 3437 3454
755VIRGINIA2005 33  3417 3378 3381 3409 3443 3423 3392 3415 3435
755VIRGINIA2005 41  3439 3432 3370 3368 3429 3482 3491 3480 3451 3430 3433
755VIRGINIA2005 42  3436 3405 3394 3422 3452 3513 3538 3513 3515 3514 3511
755VIRGINIA2005 43  3487 3437 3393 3388 3373 3364 3397 3417
755VIRGINIA2005 51  3406 3422 3465 3467 3435 3415 3400 3417 3445 3459 3429
755VIRGINIA2005 52  3413 3412 3449 3472 3477 3466 3471 3468 3482 3496 3472
755VIRGINIA2005 53  3460 3471 3500 3514 3496 3478 3500 3529 3530
755VIRGINIA2005 61  3495 3450 3441 3428 3407 3392 3390 3428 3496 3544 3504
755VIRGINIA2005 62  3462 3457 3465 3457 3467 3497 3531 3496 3455 3441 3447
755VIRGINIA2005 63  3473 3514 3534 3509 3464 3457 3452 3434
755VIRGINIA2005 71  3433 3411 3377 3311 3313 3369 3402 3485 3569 3470 3434
755VIRGINIA2005 72  3455 3463 3484 3486 3471 3469 3475 3466 3472 3479 3475
755VIRGINIA2005 73  3453 3446 3441 3422 3390 3372 3347 3324 3327
755VIRGINIA2005 81  3337 3351 3381 3364 3360 3376 3416 3450 3452 3461 3476
755VIRGINIA2005 82  3473 3475 3499 3480 3470 3459 3467 3497 3508 3491 3512
755VIRGINIA2005 83  3525 3515 3592 3638 3540 3475 3414 3453 3474
755VIRGINIA2005 91  3467 3473 3523 3580 3608 3616 3626 3644 3681 3736 3747
755VIRGINIA2005 92  3724 3684 3651 3662 3687 3673 3677 3681 3788 3727 3639
755VIRGINIA2005 93  3618 3579 3562 3567 3595 3627 3627 3613
755VIRGINIA2005101  3635 3654 3686 3764 3812 3774 3739 3678 3626 3586 3590
755VIRGINIA2005102  3584 3582 3619 3689 3759 3736 3689 3658 3617 3572 3539
755VIRGINIA2005103  3616 3652 3407 3497 3570 3554 3554 3569 3618
755VIRGINIA2005111  3661 3597 3539 3566 3568 3527 3485 3472 3496 3494 3499
755VIRGINIA2005112  3496 3479 3466 3483 3434 3339 3354 3441 3483 3495 3456
755VIRGINIA2005113  3446 3456 3416 3380 3427 3426 3411 3348
755VIRGINIA2005121  3324 3330 3346 3360 3363 3350 3389 3408 3365 3350 3392
755VIRGINIA2005122  3396 3380 3401 3432 3419 3377 3318 3313 3351 3410 3450
755VIRGINIA2005123  3464 3481 3477 3386 3294 3318 3349 3337 3327
755VIRGINIA2006 11  3311 3311 3313 3326 3362 3357 3307 3281 3297 3299 3299
755VIRGINIA2006 12  3312 3352 3333 3328 3408 3461 3404 3349 3408 3390 3347
755VIRGINIA2006 13  3303 3280 3290 3288 3310 3348 3404 3429 3407
755VIRGINIA2006 21  3413 3465 3457 3417 3346 3296 3297 3310 3293 3327 3368
755VIRGINIA2006 22  3335 3291 3283 3322 3325 3313 3300 3284 3287 3289 3287
755VIRGINIA2006 23  3260 3265 3317 3327 3363 3400
755VIRGINIA2006 31  3396 3391 3412 3415 3378 3333 3318 3350 3418 3423 3370
755VIRGINIA2006 32  3338 3362 3388 3385 3397 3381 3409 3440 3462 3466 3419
755VIRGINIA2006 33  3423 3431 3415 3432 3471 3482 3469 3466 3450
755VIRGINIA2006 41  3413 3421 3458 3456 3455 3492 3504 3504 3457 3464 3520
755VIRGINIA2006 42  3508 3495 3504 3499 3502 3477 3459 3468 3471 3417 3367
755VIRGINIA2006 43  3343 3355 3389 3416 3427 3420 3409 3461
755VIRGINIA2006 51  3528 3527 3531 3542 3548 3539 3518 3488 3467 3470 3468
755VIRGINIA2006 52  3481 3500 3492 3475 3473 3512 3518 3509 3479 3469 3486
755VIRGINIA2006 53  3493 3471 3449 3436 3415 3392 3411 3443 3440
755VIRGINIA2006 61  3438 3463 3459 3413 3404 3415 3382 3355 3355 3348 3329
755VIRGINIA2006 62  3326 3292 3237 3219 3271 3325 3365 3370 3381 3371 3362
755VIRGINIA2006 63  3386 3440 3450 3424 3389 3375 3374 3401
755VIRGINIA2006 71  3401 3373 3365 3391 3412 3387 3361 3348 3374 3371 3384
755VIRGINIA2006 72  3404 3420 3444 3466 3463 3454 3423 3402 3386 3374 3385
755VIRGINIA2006 73  3383 3379 3385 3411 3439 3440 3417 3439 3459
755VIRGINIA2006 81  3460 3442 3422 3420 3439 3456 3440 3435 3409 3411 3421
755VIRGINIA2006 82  3437 3419 3439 3471 3469 3456 3441 3431 3434 3427 3425
755VIRGINIA2006 83  3436 3460 3449 3443 3454 3472 3540 3586 3475
755VIRGINIA2006 91  3440 3428 3446 3487 3498 3513 3508 3500 3512 3534 3551
755VIRGINIA2006 92  3585 3643 3654 3613 3584 3601 3601 3574 3557 3549 3550
755VIRGINIA2006 93  3505 3470 3465 3470 3500 3495 3502 3528
755VIRGINIA2006101  3541 3569 3612 3667 3702 3673 3625 3585 3586 3643 3684
755VIRGINIA2006102  3652 3669 3652 3669 3687 3676 3658 3631 3649 3645 3618
755VIRGINIA2006103  3582 3526 3512 3560 3602 3577 3507 3520 3591
755VIRGINIA2006111  3615 3618 3625 3605 3609 3636 3630 3606 3549 3490 3508
755VIRGINIA2006112  3527 3533 3533 3559 3538 3469 3467 3462 3424 3415 3419
755VIRGINIA2006113  3399 3485 3557 3567 3553 3557 3537 3480
755VIRGINIA2006121  3399 3340 3331 3338 3371 3443 3474 3444 3436 3466 3502
755VIRGINIA2006122  3496 3475 3471 3474 3467 3470 3465 3443 3489 3506 3502
755VIRGINIA2006123  3470 3440 3450 3418 3371 3383 3402 3447 3462
755VIRGINIA2007 11  3418 3364 3362 3400 3402 3371 3372 3388 3354 3329 3422
755VIRGINIA2007 12  3463 3463 3440 3391 3335 3321 3355 3357 3415 3477 3476
755VIRGINIA2007 13  3457 3481 3476 3454 3488 3488 3409 3389 3396
755VIRGINIA2007 21  3454 3453 3388 3360 3388 3360 3354 3343 3350 3343 3326
755VIRGINIA2007 22  3360 3400 3397 3385 3375 3402 3397 3350 3355 3355 3378
755VIRGINIA2007 23  3373 3387 3386 3349 3342 3355
755VIRGINIA2007 31  3425 3425 3388 3333 3316 3381 3447 3425 3433 3400 3369
755VIRGINIA2007 32  3367 3407 3440 3451 3454 3434 3425 3412 3365 3338 3371
755VIRGINIA2007 33  3399 3410 3382 3386 3388 3385 3424 3446 3453
755VIRGINIA2007 41  3428 3418 3414 3412 3433 3448 3416 3390 3411 3443 3453
755VIRGINIA2007 42  3392 3345 3393 3439 3374 3422 3486 3494 3464 3444 3433
755VIRGINIA2007 43  3445 3459 3493 3477 3431 3394 3386 3383
755VIRGINIA2007 51  3399 3409 3414 3418 3444 3448 3509 3615 3660 3656 3669
755VIRGINIA2007 52  3715 3673 3644 3608 3612 3624 3602 3592 3626 3660 3693
755VIRGINIA2007 53  3693 3663 3645 3617 3611 3585 3554 3550 3519
755VIRGINIA2007 61  3542 3569 3473 3450 3442 3439 3450 3483 3522 3561 3561
755VIRGINIA2007 62  3566 3558 3573 3619 3623 3569 3556 3541 3541 3526 3473
755VIRGINIA2007 63  3465 3454 3443 3455 3463 3460 3455 3447
755VIRGINIA2007 71  3441 3438 3459 3505 3527 3513 3500 3509 3486 3421 3388
755VIRGINIA2007 72  3410 3434 3479 3501 3477 3487 3457 3441 3465 3473 3488
755VIRGINIA2007 73  3497 3510 3524 3512 3512 3536 3503 3478 3483
755VIRGINIA2007 81  3488 3463 3439 3440 3453 3492 3507 3482 3500 3524 3530
755VIRGINIA2007 82  3498 3506 3527 3544 3518 3480 3456 3482 3519 3502 3476
755VIRGINIA2007 83  3457 3436 3417 3444 3442 3440 3463 3467 3496
755VIRGINIA2007 91  3505 3492 3488 3530 3595 3661 3675 3668 3613 3550 3531
755VIRGINIA2007 92  3523 3483 3495 3488 3508 3574 3623 3698 3730 3697 3660
755VIRGINIA2007 93  3628 3648 3648 3634 3621 3570 3564 3638
755VIRGINIA2007101  3756 3845 3802 3757 3786 3795 3793 3757 3740 3699 3672
755VIRGINIA2007102  3665 3645 3651 3662 3669 3646 3624 3627 3570 3529 3525
755VIRGINIA2007103  3532 3526 3492 3453 3466 3483 3547 3667 3797
755VIRGINIA2007111  3859 3841 3818 3788 3810 3778 3713 3684 3652 3611 3598
755VIRGINIA2007112  3568 3539 3535 3498 3455 3479 3486 3471 3479 3512 3484
755VIRGINIA2007113  3450 3467 3466 3425 3341 3328 3338 3306
755VIRGINIA2007121  3326 3333 3299 3338 3422 3423 3367 3327 3326 3325 3321
755VIRGINIA2007122  3323 3356 3401 3446 3427 3359 3390 3417 3436 3454 3478
755VIRGINIA2007123  3466 3452 3476 3532 3542 3518 3515 3497 3464
755VIRGINIA2008 11  3439 3333 3378 3506 3532 3480 3452 3418 3403 3406 3414
755VIRGINIA2008 12  3397 3362 3322 3291 3350 3394 3381 3395 3376 3446 3539
755VIRGINIA2008 13  3545 3500 3452 3488 3519 3505 3538 3490 3432
755VIRGINIA2008 21  3401 3338 3304 3291 3311 3338 3282 3258 3261 3275 3325
755VIRGINIA2008 22  3485 3471 3303 3248 3281 3356 3370 3290 3278 3327 3335
755VIRGINIA2008 23  3293 3263 3273 3299 3268 3176 3222
755VIRGINIA2008 31  3252 3268 3307 3323 3328 3323 3369 3313 3213 3263 3300
755VIRGINIA2008 32  3308 3268 3285 3339 3350 3342 3374 3375 3324 3322 3375
755VIRGINIA2008 33  3405 3376 3330 3341 3360 3367 3341 3356 3393
755VIRGINIA2008 41  3401 3403 3447 3491 3465 3405 3410 3432 3444 3530 3573
755VIRGINIA2008 42  3540 3477 3412 3377 3476 3570 3587 3579 3565 3543 3531
755VIRGINIA2008 43  3515 3500 3510 3531 3517 3520 3533 3529
755VIRGINIA2008 51  3538 3562 3542 3492 3443 3446 3462 3465 3409 3382 3401
755VIRGINIA2008 52  3422 3446 3454 3470 3473 3455 3446 3411 3374 3342 3349
755VIRGINIA2008 53  3379 3411 3432 3457 3472 3459 3459 3473 3461
755VIRGINIA2008 61  3422 3362 3336 3340 3327 3313 3329 3348 3393 3405 3414
755VIRGINIA2008 62  3414 3403 3420 3459 3467 3440 3452 3442 3414 3419 3446
755VIRGINIA2008 63  3439 3392 3371 3394 3411 3379 3344 3346
755VIRGINIA2008 71  3389 3429 3446 3482 3529 3534 3520 3486 3466 3468 3452
755VIRGINIA2008 72  3463 3494 3497 3492 3484 3469 3460 3473 3481 3482 3513
755VIRGINIA2008 73  3520 3514 3516 3551 3612 3625 3598 3570 3550
755VIRGINIA2008 81  3531 3502 3483 3479 3456 3433 3418 3459 3525 3545 3527
755VIRGINIA2008 82  3528 3548 3542 3527 3487 3505 3610 3670 3545 3503 3464
755VIRGINIA2008 83  3441 3425 3431 3440 3472 3535 3579 3650 3721
755VIRGINIA2008 91  3716 3724 3704 3723 3772 3712 3659 3714 3799 3767 3671
755VIRGINIA2008 92  3613 3650 3676 3679 3663 3645 3646 3671 3681 3706 3707
755VIRGINIA2008 93  3712 3792 3887 3898 3861 3818 3777 3739
755VIRGINIA2008101  3724 3718 3693 3649 3621 3628 3643 3654 3641 3611 3619
755VIRGINIA2008102  3623 3608 3614 3641 3677 3653 3640 3629 3634 3674 3717
755VIRGINIA2008103  3757 3773 3744 3702 3666 3631 3628 3634 3612
755VIRGINIA2008111  3589 3644 3631 3615 3616 3650 3662 3670 3643 3595 3634
755VIRGINIA2008112  3656 3598 3547 3506 3429 3411 3463 3494 3547 3593 3573
755VIRGINIA2008113  3538 3572 3536 3507 3486 3469 3483 3517
755VIRGINIA2008121  3450 3357 3342 3367 3371 3405 3379 3370 3398 3376 3395
755VIRGINIA2008122  3372 3331 3388 3352 3334 3388 3423 3403 3348 3360 3362
755VIRGINIA2008123  3378 3412 3351 3318 3317 3275 3255 3317 3340
755VIRGINIA2009 11  3356 3373 3356 3368 3362 3371 3349 3288 3232 3242 3258
755VIRGINIA2009 12  3263 3277 3242 3202 3197 3230 3294 3344 3299 3203 3225
755VIRGINIA2009 13  3240 3263 3273 3300 3318 3292 3283 3272 3236
755VIRGINIA2009 21  3280 3337 3329 3257 3179 3213 3257 3260 3279 3319 3308
755VIRGINIA2009 22  3223 3229 3297 3330 3314 3309 3338 3338 3314 3351 3374
755VIRGINIA2009 23  3341 3348 3370 3358 3349 3338
755VIRGINIA2009 31  3327 3300 3295 3322 3368 3370 3357 3362 3346 3345 3358
755VIRGINIA2009 32  3375 3425 3442 3414 3361 3358 3421 3441 3467 3508 3533
755VIRGINIA2009 33  3571 3554 3536 3522 3509 3464 3375 3354 3383
755VIRGINIA2009 41  3416 3433 3419 3404 3413 3401 3356 3337 3388 3393 3291
755VIRGINIA2009 42  3289 3313 3327 3309 3323 3361 3387 3429 3448 3412 3359
755VIRGINIA2009 43  3341 3347 3349 3355 3339 3309 3303 3327
755VIRGINIA2009 51  3329 3375 3448 3430 3416 3383 3350 3368 3363 3308 3316
755VIRGINIA2009 52  3346 3385 3393 3381 3420 3459 3507 3559 3557 3538 3532
755VIRGINIA2009 53  3559 3526 3504 3513 3488 3465 3432 3396 3390
755VIRGINIA2009 61  3389 3378 3386 3409 3427 3431 3452 3495 3518 3538 3558
755VIRGINIA2009 62  3550 3539 3528 3537 3537 3542 3560 3560 3551 3533 3556
755VIRGINIA2009 63  3585 3574 3564 3561 3537 3502 3481 3463
755VIRGINIA2009 71  3440 3412 3388 3408 3445 3446 3432 3425 3403 3403 3407
755VIRGINIA2009 72  3436 3482 3465 3413 3419 3404 3349 3344 3387 3436 3450
755VIRGINIA2009 73  3462 3481 3449 3442 3423 3410 3411 3387 3334
755VIRGINIA2009 81  3310 3334 3373 3419 3452 3453 3452 3458 3463 3478 3481
755VIRGINIA2009 82  3481 3464 3463 3500 3487 3491 3494 3528 3579 3608 3594
755VIRGINIA2009 83  3552 3522 3527 3537 3541 3538 3500 3468 3463
755VIRGINIA2009 91  3489 3551 3580 3590 3582 3567 3584 3636 3678 3705 3695
755VIRGINIA2009 92  3686 3691 3723 3743 3755 3740 3732 3745 3722 3688 3686
755VIRGINIA2009 93  3683 3690 3689 3667 3701 3711 3647 3646
755VIRGINIA2009101  3646 3629 3602 3586 3545 3510 3495 3478 3510 3534 3523
755VIRGINIA2009102  3551 3596 3642 3666 3687 3672 3639 3702 3756 3772 3757
755VIRGINIA2009103  3715 3692 3632 3583 3588 3579 3583 3622 3597
755VIRGINIA2009111  3558 3595 3595 3601 3647 3657 3702 3746 3754 3689 3654
755VIRGINIA2009112  3631 3615 3672 3734 3735 3719 3664 3613 3634 3672 3709
755VIRGINIA2009113  3663 3626 3690 3720 3647 3672 3687 3627
755VIRGINIA2009121  3586 3578 3510 3492 3488 3452 3495 3564 3568 3503 3463
755VIRGINIA2009122  3486 3486 3478 3485 3457 3503 3641 3639 3555 3531 3615
755VIRGINIA2009123  3674 3710 3672 3577 3537 3513 3498 3501 3495
755VIRGINIA2010 11  3448 3407 3432 3474 3467 3429 3446 3454 3411 3336 3368
755VIRGINIA2010 12  3409 3385 3387 3402 3414 3400 3337 3322 3351 3405 3421
755VIRGINIA2010 13  3479 3532 3481 3383 3381 3403 3456 3481 3467
755VIRGINIA2010 21  3491 3489 3434 3429 3474 3440 3434 3480 3494 3433 3392
755VIRGINIA2010 22  3489 3484 3463 3491 3471 3442 3427 3417 3391 3397 3459
755VIRGINIA2010 23  3484 3488 3417 3416 3472 3472
755VIRGINIA2010 31  3442 3441 3369 3352 3336 3346 3383 3428 3453 3435 3438
755VIRGINIA2010 32  3439 3397 3356 3329 3338 3381 3391 3426 3440 3419 3367
755VIRGINIA2010 33  3342 3339 3370 3407 3419 3470 3469 3353 3301
755VIRGINIA2010 41  3333 3369 3372 3378 3389 3396 3408 3415 3394 3359 3373
755VIRGINIA2010 42  3413 3445 3423 3416 3412 3417 3449 3467 3456 3452 3427
755VIRGINIA2010 43  3415 3431 3417 3403 3382 3371 3410 3417
755VIRGINIA2010 51  3398 3369 3336 3309 3342 3377 3405 3437 3471 3479 3493
755VIRGINIA2010 52  3454 3408 3368 3365 3400 3433 3431 3444 3464 3475 3460
755VIRGINIA2010 53  3447 3443 3445 3454 3476 3465 3476 3472 3448
755VIRGINIA2010 61  3427 3407 3410 3427 3439 3429 3466 3496 3477 3473 3485
755VIRGINIA2010 62  3472 3492 3540 3548 3516 3508 3490 3450 3447 3448 3425
755VIRGINIA2010 63  3404 3416 3437 3443 3450 3438 3417 3402
755VIRGINIA2010 71  3386 3404 3450 3471 3492 3473 3465 3466 3452 3437 3478
755VIRGINIA2010 72  3516 3505 3477 3492 3485 3451 3452 3452 3460 3473 3477
755VIRGINIA2010 73  3543 3531 3448 3399 3395 3418 3391 3397 3425
755VIRGINIA2010 81  3408 3400 3418 3457 3480 3469 3483 3519 3539 3537 3478
755VIRGINIA2010 82  3465 3476 3450 3461 3507 3505 3419 3367 3393 3399 3410
755VIRGINIA2010 83  3426 3473 3491 3481 3482 3503 3494 3479 3537
755VIRGINIA2010 91  3603 3609 3569 3578 3604 3614 3602 3591 3592 3596 3562
755VIRGINIA2010 92  3527 3520 3543 3572 3604 3602 3591 3595 3627 3647 3642
755VIRGINIA2010 93  3653 3641 3613 3609 3621 3635 3683 3651
755VIRGINIA2010101  3577 3582 3583 3571 3623 3727 3764 3747 3724 3687 3641
755VIRGINIA2010102  3638 3647 3630 3632 3609 3590 3613 3623 3589 3560 3520
755VIRGINIA2010103  3502 3498 3471 3428 3355 3294 3332 3414 3439
755VIRGINIA2010111  3402 3388 3462 3531 3504 3429 3432 3502 3549 3567 3562
755VIRGINIA2010112  3585 3604 3672 3738 3736 3667 3579 3553 3565 3535 3513
755VIRGINIA2010113  3486 3490 3515 3499 3483 3467 3480 3501
755VIRGINIA2010121  3446 3419 3445 3464 3484 3472 3441 3471 3484 3487 3501
755VIRGINIA2010122  3499 3419 3381 3428 3464 3417 3403 3401 3386 3335 3307
755VIRGINIA2010123  3360 3408 3473 3469 3397 3386 3395 3435 3419
755VIRGINIA2011 11  3381 3285 3245 3274 3307 3390 3408 3401 3372 3357 3335
755VIRGINIA2011 12  3309 3277 3288 3346 3372 3372 3343 3303 3307 3366 3406
755VIRGINIA2011 13  3356 3358 3333 3265 3199 3223 3235 3224 3256
755VIRGINIA2011 21  3313 3318 3285 3296 3296 3281 3278 3257 3257 3320 3338
755VIRGINIA2011 22  3291 3252 3293 3315 3344 3365 3354 3292 3309 3333 3301
755VIRGINIA2011 23  3297 3351 3364 3314 3323 3338
755VIRGINIA2011 31  3309 3344 3398 3433 3448 3405 3373 3377 3372 3340 3306
755VIRGINIA2011 32  3328 3365 3388 3387 3348 3302 3322 3343 3341 3319 3288
755VIRGINIA2011 33  3281 3275 3307 3368 3421 3437 3438 3405 3396
755VIRGINIA2011 41  3376 3349 3331 3349 3357 3307 3307 3331 3354 3387 3399
755VIRGINIA2011 42  3416 3436 3453 3454 3447 3421 3396 3378 3350 3337 3353
755VIRGINIA2011 43  3371 3363 3377 3404 3395 3347 3340 3370
755VIRGINIA2011 51  3386 3394 3367 3345 3323 3354 3380 3409 3417 3421 3458
755VIRGINIA2011 52  3465 3500 3549 3556 3556 3535 3468 3448 3432 3419 3402
755VIRGINIA2011 53  3399 3373 3401 3422 3395 3386 3359 3323 3311
755VIRGINIA2011 61  3292 3290 3329 3363 3378 3456 3520 3535 3567 3569 3564
755VIRGINIA2011 62  3560 3527 3468 3456 3441 3433 3415 3417 3435 3460 3501
755VIRGINIA2011 63  3502 3507 3515 3515 3481 3462 3449 3448
755VIRGINIA2011 71  3442 3458 3478 3470 3499 3509 3472 3440 3418 3388 3369
755VIRGINIA2011 72  3392 3405 3398 3411 3441 3457 3484 3529 3551 3516 3469
755VIRGINIA2011 73  3447 3426 3426 3457 3485 3469 3429 3460 3509
755VIRGINIA2011 81  3531 3530 3545 3529 3483 3452 3432 3433 3434 3427 3436
755VIRGINIA2011 82  3445 3441 3473 3513 3530 3538 3548 3552 3530 3547 3580
755VIRGINIA2011 83  3593 3600 3670 3710 3714 3717 3678 3626 3586
755VIRGINIA2011 91  3556 3552 3553 3596 3623 3610 3586 3567 3512 3492 3497
755VIRGINIA2011 92  3490 3500 3536 3554 3529 3526 3540 3553 3661 3685 3643
755VIRGINIA2011 93  3601 3567 3550 3564 3582 3574 3539 3545
755VIRGINIA2011101  3544 3533 3513 3538 3583 3633 3693 3727 3743 3723 3731
755VIRGINIA2011102  3696 3704 3689 3643 3657 3660 3687 3629 3471 3427 3489
755VIRGINIA2011103  3566 3573 3545 3555 3576 3575 3552 3539 3563
755VIRGINIA2011111  3578 3650 3676 3672 3702 3742 3752 3759 3770 3773 3716
755VIRGINIA2011112  3665 3677 3668 3603 3542 3494 3497 3549 3543 3518 3517
755VIRGINIA2011113  3496 3501 3524 3558 3561 3538 3472 3469
755VIRGINIA2011121  3457 3446 3451 3507 3535 3495 3445 3413 3429 3452 3499
755VIRGINIA2011122  3538 3556 3624 3664 3638 3586 3547 3530 3536 3496 3431
755VIRGINIA2011123  3366 3322 3338 3414 3486 3465 3459 3450 3404
755VIRGINIA2012 11  3361 3336 3308 3336 3350 3366 3344 3331 3303 3326 3398
755VIRGINIA2012 12  3401 3329 3244 3231 3264 3307 3346 3393 3414 3389 3387
755VIRGINIA2012 13  3408 3422 3426 3455 3454 3397 3353 3366 3395
755VIRGINIA2012 21  3419 3402 3432 3450 3471 3508 3526 3516 3537 3585 3583
755VIRGINIA2012 22  3518 3528 3576 3518 3463 3449 3467 3464 3410 3442 3501
755VIRGINIA2012 23  3517 3490 3437 3405 3399 3383 3391
755VIRGINIA2012 31  3380 3375 3427 3407 3338 3395 3475 3523 3509 3508 3484
755VIRGINIA2012 32  3467 3458 3438 3457 3435 3417 3414 3437 3476 3477 3421
755VIRGINIA2012 33  3402 3416 3440 3445 3439 3438 3442 3444 3439
755VIRGINIA2012 41  3453 3485 3499 3523 3558 3546 3527 3504 3497 3519 3511
755VIRGINIA2012 42  3473 3440 3434 3419 3381 3339 3360 3396 3441 3545 3548
755VIRGINIA2012 43  3466 3457 3445 3449 3436 3460 3535 3597
755VIRGINIA2012 51  3563 3531 3514 3495 3506 3513 3520 3496 3465 3493 3517
755VIRGINIA2012 52  3502 3502 3533 3565 3549 3521 3509 3510 3515 3535 3556
755VIRGINIA2012 53  3570 3571 3490 3449 3495 3520 3507 3528 3498
755VIRGINIA2012 61  3456 3438 3426 3466 3516 3543 3550 3525 3538 3550 3541
755VIRGINIA2012 62  3542 3568 3572 3549 3542 3592 3658 3674 3658 3628 3626
755VIRGINIA2012 63  3625 3633 3628 3612 3599 3585 3575 3565
755VIRGINIA2012 71  3558 3537 3530 3512 3495 3483 3492 3495 3487 3459 3414
755VIRGINIA2012 72  3425 3473 3512 3511 3503 3519 3517 3489 3500 3520 3536
755VIRGINIA2012 73  3521 3504 3492 3486 3483 3458 3445 3469 3488
755VIRGINIA2012 81  3493 3507 3549 3600 3581 3545 3533 3532 3527 3492 3457
755VIRGINIA2012 82  3449 3442 3435 3446 3459 3484 3518 3508 3496 3459 3431
755VIRGINIA2012 83  3451 3504 3561 3709 3701 3497 3519 3571 3556
755VIRGINIA2012 91  3557 3612 3620 3584 3549 3517 3528 3527 3472 3461 3500
755VIRGINIA2012 92  3549 3561 3564 3578 3565 3556 3558 3499 3440 3468 3471
755VIRGINIA2012 93  3483 3509 3520 3503 3487 3495 3496 3494
755VIRGINIA2012101  3499 3447 3378 3354 3383 3429 3481 3519 3495 3535 3567
755VIRGINIA2012102  3617 3683 3717 3707 3700 3675 3628 3580 3569 3553 3561
755VIRGINIA2012103  3608 3630 3708 3827 3889 3946 3962 3895 3791
755VIRGINIA2012111  3760 3698 3639 3615 3628 3681 3661 3645 3660 3721 3717
755VIRGINIA2012112  3655 3623 3641 3619 3629 3723 3778 3767 3792 3827 3833
755VIRGINIA2012113  3835 3814 3770 3710 3648 3582 3584 3595
755VIRGINIA2012121  3622 3597 3559 3555 3529 3551 3569 3558 3567 3558 3569
755VIRGINIA2012122  3504 3451 3473 3580 3641 3612 3557 3513 3513 3462 3431
755VIRGINIA2012123  3489 3536 3577 3549 3470 3468 3459 3386 3428
755VIRGINIA2013 11  3434 3413 3420 3407 3381 3370 3387 3444 3467 3459 3446
755VIRGINIA2013 12  3464 3515 3521 3497 3511 3480 3457 3505 3522 3542 3531
755VIRGINIA2013 13  3508 3460 3463 3451 3443 3441 3451 3491 3435
755VIRGINIA2013 21  3411 3464 3486 3511 3541 3531 3515 3481 3467 3494 3496
755VIRGINIA2013 22  3464 3439 3416 3397 3368 3297 3345 3420 3421 3414 3380
755VIRGINIA2013 23  3358 3366 3450 3525 3497 3497
755VIRGINIA2013 31  3500 3519 3510 3489 3505 3461 3419 3462 3541 3599 3656
755VIRGINIA2013 32  3690 3624 3539 3494 3506 3501 3468 3438 3472 3512 3534
755VIRGINIA2013 33  3519 3560 3542 3444 3382 3403 3433 3429 3419
755VIRGINIA2013 41  3436 3446 3455 3440 3416 3416 3413 3408 3418 3431 3435
755VIRGINIA2013 42  3376 3326 3372 3394 3363 3378 3451 3469 3435 3443 3479
755VIRGINIA2013 43  3486 3514 3540 3546 3517 3526 3535 3503
755VIRGINIA2013 51  3509 3555 3615 3615 3585 3567 3576 3568 3557 3556 3504
755VIRGINIA2013 52  3475 3459 3462 3458 3460 3450 3437 3434 3456 3487 3526
755VIRGINIA2013 53  3543 3497 3491 3519 3527 3528 3542 3534 3460
755VIRGINIA2013 61  3432 3429 3423 3391 3416 3482 3442 3371 3346 3355 3365
755VIRGINIA2013 62  3374 3411 3455 3470 3459 3456 3471 3438 3426 3451 3463
755VIRGINIA2013 63  3446 3421 3425 3455 3470 3453 3436 3417
755VIRGINIA2013 71  3389 3344 3363 3406 3440 3476 3517 3546 3550 3574 3598
755VIRGINIA2013 72  3634 3627 3582 3563 3571 3568 3527 3497 3474 3482 3487
755VIRGINIA2013 73  3481 3508 3531 3532 3519 3510 3511 3489 3487
755VIRGINIA2013 81  3502 3488 3422 3390 3411 3425 3431 3460 3493 3478 3425
755VIRGINIA2013 82  3397 3387 3390 3397 3451 3506 3533 3573 3594 3598 3578
755VIRGINIA2013 83  3582 3587 3583 3600 3571 3544 3540 3543 3552
755VIRGINIA2013 91  3525 3465 3450 3479 3519 3510 3514 3554 3580 3624 3613
755VIRGINIA2013 92  3586 3637 3643 3641 3663 3655 3638 3649 3641 3658 3662
755VIRGINIA2013 93  3638 3607 3586 3608 3630 3662 3699 3722
755VIRGINIA2013101  3726 3720 3701 3638 3601 3633 3658 3636 3613 3637 3726
755VIRGINIA2013102  3783 3749 3744 3759 3762 3800 3786 3724 3665 3607 3576
755VIRGINIA2013103  3592 3617 3611 3657 3687 3686 3677 3660 3619
755VIRGINIA2013111  3594 3556 3532 3550 3609 3660 3658 3652 3684 3686 3647
755VIRGINIA2013112  3644 3630 3671 3740 3752 3686 3636 3618 3651 3606 3604
755VIRGINIA2013113  3629 3662 3721 3740 3636 3520 3530 3594
755VIRGINIA2013121  3613 3657 3694 3670 3626 3576 3492 3501 3512 3505 3483
755VIRGINIA2013122  3471 3529 3610 3546 3430 3408 3421 3465 3493 3517 3494
755VIRGINIA2013123  3454 3407 3467 3532 3494 3507 3520 3480 3473
755VIRGINIA2014 11  3498 3498 3451 3496 3582 3592 3498 3539 3627 3577 3507
755VIRGINIA2014 12  3428 3416 3429 3405 3419 3446 3456 3480 3505 3528 3492
755VIRGINIA2014 13  3461 3440 3497 3559 3539 3521 3499 3481 3494
755VIRGINIA2014 21  3506 3527 3518 3488 3465 3423 3444 3500 3535 3580 3595
755VIRGINIA2014 22  3618 3613 3572 3588 3578 3548 3517 3502 3489 3463 3410
755VIRGINIA2014 23  3417 3462 3485 3544 3584 3572
755VIRGINIA2014 31  3521 3496 3486 3488 3524 3522 3482 3472 3513 3535 3552
755VIRGINIA2014 32  3563 3481 3471 3468 3469 3478 3444 3408 3417 3455 3479
755VIRGINIA2014 33  3448 3473 3511 3465 3483 3531 3533 3462 3438
755VIRGINIA2014 41  3461 3432 3406 3446 3432 3430 3479 3489 3409 3391 3424
755VIRGINIA2014 42  3430 3455 3448 3448 3414 3447 3497 3523 3509 3521 3620
755VIRGINIA2014 43  3672 3647 3621 3601 3608 3638 3673 3633
755VIRGINIA2014 51  3588 3596 3594 3542 3541 3559 3574 3540 3512 3513 3485
755VIRGINIA2014 52  3488 3520 3515 3500 3459 3480 3553 3605 3609 3575 3517
755VIRGINIA2014 53  3491 3482 3499 3496 3481 3468 3446 3470 3482
755VIRGINIA2014 61  3503 3535 3563 3555 3565 3557 3537 3524 3498 3475 3442
755VIRGINIA2014 62  3437 3425 3411 3399 3381 3401 3442 3449 3425 3426 3434
755VIRGINIA2014 63  3444 3411 3376 3413 3476 3515 3528 3534
755VIRGINIA2014 71  3581 3621 3618 3523 3495 3525 3516 3506 3475 3476 3458
755VIRGINIA2014 72  3457 3480 3456 3451 3466 3446 3401 3384 3429 3464 3477
755VIRGINIA2014 73  3472 3445 3421 3430 3439 3441 3451 3475 3513
755VIRGINIA2014 81  3531 3557 3583 3568 3536 3542 3554 3540 3529 3541 3552
755VIRGINIA2014 82  3560 3536 3488 3489 3505 3500 3498 3487 3492 3511 3561
755VIRGINIA2014 83  3629 3671 3726 3766 3740 3738 3716 3660 3596
755VIRGINIA2014 91  3555 3539 3545 3561 3565 3560 3548 3530 3530 3528 3513
755VIRGINIA2014 92  3506 3555 3535 3492 3520 3598 3651 3697 3717 3665 3660
755VIRGINIA2014 93  3696 3709 3629 3640 3734 3731 3717 3756
755VIRGINIA2014101  3737 3690 3693 3702 3706 3718 3699 3655 3644 3656 3634
755VIRGINIA2014102  3569 3559 3556 3575 3581 3584 3600 3610 3629 3651 3621
755VIRGINIA2014103  3628 3698 3683 3670 3657 3628 3574 3546 3576
755VIRGINIA2014111  3555 3510 3600 3696 3704 3647 3620 3633 3639 3625 3645
755VIRGINIA2014112  3681 3717 3712 3661 3685 3684 3599 3567 3618 3677 3690
755VIRGINIA2014113  3685 3675 3650 3596 3537 3564 3658 3734
755VIRGINIA2014121  3723 3713 3668 3646 3674 3635 3621 3678 3719 3760 3784
755VIRGINIA2014122  3742 3675 3648 3661 3596 3509 3515 3516 3526 3529 3555
755VIRGINIA2014123  3585 3618 3565 3510 3512 3490 3466 3451 3469
755VIRGINIA2015 11  3488 3491 3527 3511 3428 3403 3419 3464 3557 3528 3529
755VIRGINIA2015 12  3515 3479 3480 3525 3585 3633 3636 3594 3588 3602 3604
755VIRGINIA2015 13  3572 3517 3449 3464 3459 3442 3474 3498 3544
755VIRGINIA2015 21  3581 3556 3497 3474 3510 3475 3511 3540 3555 3565 3582
755VIRGINIA2015 22  3617 3623 3598 3588 3611 3609 3556 3462 3477 3543 3507
755VIRGINIA2015 23  3420 3459 3516 3469 3439 3494
755VIRGINIA2015 31  3479 3421 3419 3431 3369 3368 3427 3431 3471 3488 3426
755VIRGINIA2015 32  3392 3429 3434 3360 3366 3441 3505 3525 3494 3463 3481
755VIRGINIA2015 33  3507 3496 3428 3399 3459 3413 3346 3371 3421
755VIRGINIA2015 41  3435 3428 3419 3412 3431 3447 3409 3389 3391 3364 3365
755VIRGINIA2015 42  3402 3444 3424 3453 3456 3492 3509 3513 3546 3503 3482
755VIRGINIA2015 43  3478 3497 3520 3525 3546 3567 3589 3565
755VIRGINIA2015 51  3539 3572 3588 3564 3549 3542 3553 3558 3517 3501 3533
755VIRGINIA2015 52  3513 3493 3476 3461 3487 3489 3464 3460 3454 3456 3474
755VIRGINIA2015 53  3440 3437 3457 3458 3475 3458 3459 3460 3444
755VIRGINIA2015 61  3443 3466 3499 3507 3496 3497 3497 3472 3471 3483 3450
755VIRGINIA2015 62  3445 3432 3428 3415 3366 3362 3375 3361 3357 3356 3356
755VIRGINIA2015 63  3361 3362 3380 3407 3432 3411 3373 3365
755VIRGINIA2015 71  3391 3447 3462 3440 3404 3377 3372 3375 3390 3396 3380
755VIRGINIA2015 72  3414 3467 3485 3473 3458 3449 3442 3470 3517 3553 3557
755VIRGINIA2015 73  3524 3495 3534 3540 3485 3448 3466 3479 3487
755VIRGINIA2015 81  3496 3536 3553 3522 3513 3530 3565 3574 3590 3611 3583
755VIRGINIA2015 82  3577 3546 3491 3482 3460 3419 3449 3495 3536 3564 3578
755VIRGINIA2015 83  3606 3616 3618 3611 3608 3600 3612 3628 3571
755VIRGINIA2015 91  3554 3556 3567 3577 3575 3563 3523 3493 3466 3430 3447
755VIRGINIA2015 92  3463 3448 3478 3551 3591 3625 3675 3649 3632 3672 3702
755VIRGINIA2015 93  3702 3716 3746 3831 3849 3801 3798 3816
755VIRGINIA2015101  3819 3829 3811 3812 3869 3836 3831 3897 3895 3842 3815
755VIRGINIA2015102  3814 3791 3755 3758 3772 3763 3756 3778 3808 3809 3779
755VIRGINIA2015103  3756 3767 3765 3775 3790 3748 3669 3645 3675
755VIRGINIA2015111  3671 3643 3626 3617 3605 3591 3583 3623 3638 3637 3636
755VIRGINIA2015112  3645 3647 3609 3603 3649 3686 3670 3599 3564 3595 3622
755VIRGINIA2015113  3572 3611 3728 3734 3693 3672 3676 3695
755VIRGINIA2015121  3657 3641 3619 3595 3637 3702 3722 3745 3768 3729 3685
755VIRGINIA2015122  3648 3693 3678 3606 3589 3594 3539 3480 3548 3637 3636
755VIRGINIA2015123  3596 3531 3470 3476 3468 3488 3501 3462 3446
755VIRGINIA2016 11  3439 3462 3525 3560 3604 3655 3663 3676 3717 3700 3651
755VIRGINIA2016 12  3643 3621 3656 3682 3632 3588 3483 3407 3444 3506 3545
755VIRGINIA2016 13  3467 3411 3475 3532 3590 3648 3601 3570 3624
755VIRGINIA2016 21  3645 3638 3609 3533 3478 3517 3547 3602 3614 3564 3493
755VIRGINIA2016 22  3516 3527 9999 9999 9999 9999 9999 9999 9999 9999 9999
755VIRGINIA2016 23  9999 9999 9999 3413 3417 3417 3383
755VIRGINIA2016 31  3405 3418 3415 3425 3453 3472 3503 3532 3557 3529 3464
755VIRGINIA2016 32  3420 3408 3408 3392 3427 3467 3508 3557 3546 3502 3471
755VIRGINIA2016 33  3496 3534 3523 3465 3413 3399 3429 3486 3512
755VIRGINIA2016 41  3471 3434 3414 3442 3480 3509 3522 3498 3477 3484 3509
755VIRGINIA2016 42  3512 3491 3513 3583 3592 3610 3650 3666 3654 3637 3619
755VIRGINIA2016 43  3551 3523 3526 3529 3561 3532 3522 3562
755VIRGINIA2016 51  3571 3582 3597 3642 3660 3644 3613 3596 3573 3549 3510
755VIRGINIA2016 52  3500 3485 3477 3482 3501 3481 3448 3414 3411 3407 3434
755VIRGINIA2016 53  3461 3460 3472 3468 3504 3521 3486 3475 3475
755VIRGINIA2016 61  3506 3488 3455 3461 3516 3535 3510 3502 3504 3493 3464
755VIRGINIA2016 62  3471 3510 3544 3527 3475 3423 3417 3432 3443 3510 3520
755VIRGINIA2016 63  3496 3495 3468 3460 3478 3494 3496 3487
755VIRGINIA2016 71  3472 3442 3432 3417 3380 3371 3370 3395 3430 3432 3420
755VIRGINIA2016 72  3397 3400 3435 3440 3447 3452 3458 3461 3460 3451 3451
755VIRGINIA2016 73  3479 3508 3535 3550 3548 3554 3560 3560 3579
755VIRGINIA2016 81  3592 3592 3587 3595 3599 3556 3517 3474 3446 3390 3375
755VIRGINIA2016 82  3392 3382 3385 3390 3402 3430 3462 3496 3537 3541 3506
755VIRGINIA2016 83  3534 3583 3633 3628 3641 3667 3655 3626 3609
755VIRGINIA2016 91  3622 3556 3466 3459 3509 3569 3568 3565 3587 3587 3592
755VIRGINIA2016 92  3583 3591 3548 3500 3495 3494 3514 3552 3528 3505 3506
755VIRGINIA2016 93  3505 3514 3538 3573 3604 3599 3566 3551
755VIRGINIA2016101  3573 3598 3655 3712 3728 3783 3769 3733 3723 3724 3787
755VIRGINIA2016102  3886 3904 3869 3837 3828 3813 3793 3785 3786 3753 3721
755VIRGINIA2016103  3684 3683 3701 3692 3720 3722 3768 3773 3752
755VIRGINIA2016111  3740 3682 3641 3644 3684 3705 3707 3750 3780 3761 3749
755VIRGINIA2016112  3764 3767 3754 3744 3745 3707 3667 3648 3623 3629 3624
755VIRGINIA2016113  3622 3589 3540 3529 3539 3579 3578 3542
755VIRGINIA2016121  3504 3447 3414 3458 3481 3455 3434 3460 3470 3535 3656
755VIRGINIA2016122  3627 3558 3541 3523 3537 3550 3501 3416 3414 3458 3464
755VIRGINIA2016123  3543 3612 3604 3568 3524 3490 3511 3488 3513
755VIRGINIA2017 11  3528 3508 3472 3486 3463 3519 3527 3468 3514 3562 3603
755VIRGINIA2017 12  3560 3532 3480 3481 3459 3412 3372 3428 3479 3502 3543
755VIRGINIA2017 13  3511 3469 3460 3430 3429 3435 3426 3390 3344
755VIRGINIA2017 21  3347 3365 3393 3407 3413 3419 3425 3448 3393 3342 3336
755VIRGINIA2017 22  3305 3295 3361 3426 3407 3421 3443 3441 3462 3487 3561
755VIRGINIA2017 23  3577 3559 3529 3489 3472 3444
755VIRGINIA2017 31  3392 3365 3324 3322 3365 3393 3397 3351 3338 3373 3403
755VIRGINIA2017 32  3464 3528 3514 3442 3399 3390 3409 3435 3453 3442 3457
755VIRGINIA2017 33  3483 3529 3535 3522 3520 3523 3495 3505 3507
755VIRGINIA2017 41  3471 3492 3532 3515 3513 3501 3481 3517 3555 3531 3515
755VIRGINIA2017 42  3546 3561 3556 3593 3598 3579 3587 3578 3578 3594 3597
755VIRGINIA2017 43  3598 3636 3633 3611 3589 3536 3510 3518
755VIRGINIA2017 51  3489 3474 3495 3526 3501 3427 3384 3389 3388 3362 3360
755VIRGINIA2017 52  3415 3464 3451 3451 3446 3448 3500 3519 3498 3456 3480
755VIRGINIA2017 53  3522 3542 3494 3450 3474 3483 3452 3436 3455
755VIRGINIA2017 61  3459 3475 3480 3502 3521 3508 3501 3500 3490 3466 3470
755VIRGINIA2017 62  3507 3497 3500 3504 3508 3533 3551 3561 3570 3550 3494
755VIRGINIA2017 63  3507 3527 3512 3497 3510 3534 3521 3531
755VIRGINIA2017 71  3519 3482 3475 3477 3490 3475 3469 3491 3511 3538 3541
755VIRGINIA2017 72  3581 3600 3583 3566 3613 3604 3536 3512 3481 3441 3464
755VIRGINIA2017 73  3526 3548 3524 3526 3564 3597 3632 3618 3586
755VIRGINIA2017 81  3536 3509 3527 3565 3585 3557 3562 3548 3539 3499 3479
755VIRGINIA2017 82  3498 3493 3479 3483 3453 3433 3431 3422 3436 3451 3470
755VIRGINIA2017 83  3495 3518 3531 3512 3529 3560 3559 3557 3570
755VIRGINIA2017 91  3611 3583 3557 3599 3643 3662 3630 3603 3806 4177 3816
755VIRGINIA2017 92  3561 3577 3620 3656 3685 3686 3687 3715 3740 3739 3724
755VIRGINIA2017 93  3741 3749 3760 3755 3758 3786 3771 3727
755VIRGINIA2017101  3754 3812 3853 3913 3957 3878 3818 3753 3696 3633 3592
755VIRGINIA2017102  3641 3689 3677 3702 3710 3715 3698 3686 3730 3805 3776
755VIRGINIA2017103  3689 3650 3578 3557 3603 3666 3658 3544 3490
755VIRGINIA2017111  3530 3563 3525 3546 3586 3573 3572 3605 3628 3622 3636
755VIRGINIA2017112  3706 3732 3719 3762 3788 3771 3753 3686 3648 3667 3656
755VIRGINIA2017113  3639 3604 3583 3567 3627 3690 3659 3663
755VIRGINIA2017121  3652 3620 3613 3605 3588 3562 3593 3658 3615 3548 3609
755VIRGINIA2017122  3652 3609 3579 3519 3442 3424 3419 3395 3396 3425 3448
755VIRGINIA2017123  3415 3381 3366 3406 3425 3398 3388 3412 3451
755VIRGINIA2018 11  3503 3554 3613 3586 3560 3521 3515 3525 3485 3454 3430
755VIRGINIA2018 12  3405 3353 3312 3377 3457 3453 3457 3476 3484 3494 3494
755VIRGINIA2018 13  3447 3389 3357 3399 3432 3436 3407 3364 3401
755VIRGINIA2018 21  3446 3415 3436 3494 3426 3404 3430 3386 3397 3415 3386
755VIRGINIA2018 22  3292 3262 3306 3330 3379 3388 3396 3429 3430 3389 3366
755VIRGINIA2018 23  3359 3367 3399 3353 3372 3452
755VIRGINIA2018 31  3514 3526 3541 3597 3663 3697 3682 3644 3615 3637 3636
755VIRGINIA2018 32  3587 3557 3577 3562 3562 3561 3548 3578 3576 3505 3435
755VIRGINIA2018 33  3477 3531 3559 3587 3613 3609 3599 3567 3549
755VIRGINIA2018 41  3564 3555 3558 3562 3537 3540 3544 3500 3462 3454 3499
755VIRGINIA2018 42  3500 3518 3556 3539 3411 3359 3423 3440 3418 3427 3448
755VIRGINIA2018 43  3465 3453 3450 3443 3440 3449 3400 3365
755VIRGINIA2018 51  3394 3423 3419 3419 3461 3422 3367 3348 3368 3376 3382
755VIRGINIA2018 52  3409 3441 3488 3466 3443 3434 3426 3434 3401 3386 3404
755VIRGINIA2018 53  3419 3427 3443 3527 3571 3467 3398 3376 3358
755VIRGINIA2018 61  3393 3434 3436 3425 3453 3478 3478 3454 3481 3515 3530
755VIRGINIA2018 62  3539 3515 3466 3457 3458 3468 3472 3466 3474 3490 3485
755VIRGINIA2018 63  3465 3476 3453 3417 3446 3506 3524 3527
755VIRGINIA2018 71  3538 3566 3579 3589 3556 3520 3509 3487 3481 3513 3541
755VIRGINIA2018 72  3533 3503 3497 3499 3494 3454 3460 3507 3518 3472 3460
755VIRGINIA2018 73  3499 3509 3495 3463 3456 3478 3464 3431 3472
755VIRGINIA2018 81  3513 3511 3529 3516 3532 3527 3507 3481 3450 3457 3463
755VIRGINIA2018 82  3422 3405 3422 3432 3427 3379 3366 3399 3422 3451 3518
755VIRGINIA2018 83  3581 3625 3625 3589 3616 3624 3655 3662 3640
755VIRGINIA2018 91  3622 3648 3707 3651 3668 3678 3665 3682 3704 3692 3688
755VIRGINIA2018 92  3709 3696 3674 3644 3622 3585 3551 3513 3467 3458 3454
755VIRGINIA2018 93  3489 3538 3544 3528 3537 3545 3532 3557
755VIRGINIA2018101  3577 3607 3667 3685 3684 3695 3713 3748 3720 3635 3558
755VIRGINIA2018102  3534 3523 3485 3500 3559 3591 3579 3553 3565 3590 3652
755VIRGINIA2018103  3657 3646 3620 3652 3666 3568 3543 3581 3614
755VIRGINIA2018111  3565 3515 3482 3473 3487 3517 3545 3553 3563 3541 3551
755VIRGINIA2018112  3628 3628 3565 3525 3546 3607 3653 3641 3615 3596 3602
755VIRGINIA2018113  3703 3739 3734 3714 3677 3638 3638 3672
755VIRGINIA2018121  3702 3661 3591 3559 3548 3541 3571 3622 3642 3609 3540
755VIRGINIA2018122  3570 3649 3654 3581 3541 3526 3529 3573 3624 3548 3426
755VIRGINIA2018123  3385 3404 3444 3498 3568 3522 3409 3397 3447
755VIRGINIA2019 11  3452 3434 3442 3477 3456 3444 3508 3529 3503 3526 3588
755VIRGINIA2019 12  3601 3577 3529 3547 3579 3577 3566 3583 3521 3428 3445
755VIRGINIA2019 13  3507 3456 3385 3436 3543 3519 3496 3536 3538
755VIRGINIA2019 21  3553 3543 3516 3517 3521 3516 3506 3472 3423 3481 3514
755VIRGINIA2019 22  3499 3466 3504 3523 3529 3534 3495 3484 3528 3528 3528
755VIRGINIA2019 23  3540 3527 3509 3503 3561 3581
755VIRGINIA2019 31  3553 3504 3508 3531 3509 3489 3550 3619 3645 3623 3554
755VIRGINIA2019 32  3551 3607 3622 3603 3579 3621 3641 3675 3727 3724 3690
755VIRGINIA2019 33  3676 3623 3614 3602 3629 3650 3723 3753 3696
755VIRGINIA2019 41  3653 3644 3618 3632 3667 3628 3601 3583 3555 3572 3593
755VIRGINIA2019 42  3580 3558 3544 3518 3480 3482 3535 3545 3461 3400 3431
755VIRGINIA2019 43  3468 3479 3506 3495 3484 3492 3479 3489
755VIRGINIA2019 51  3515 3520 3486 3446 3433 3404 3422 3483 3514 3525 3535
755VIRGINIA2019 52  3543 3523 3514 3540 3576 3564 3538 3538 3505 3497 3464
755VIRGINIA2019 53  3465 3502 3534 3542 3552 3597 3607 3590 3582
755VIRGINIA2019 61  3579 3577 3590 3591 3591 3595 3588 3553 3547 3516 3514
755VIRGINIA2019 62  3554 3518 3484 3484 3474 3483 3470 3452 3438 3444 3465
755VIRGINIA2019 63  3469 3516 3538 3550 3540 3522 3534 3566
755VIRGINIA2019 71  3567 3557 3590 3618 3601 3552 3571 3588 3578 3558 3533
755VIRGINIA2019 72  3502 3464 3450 3473 3464 3460 3460 3474 3521 3565 3600
755VIRGINIA2019 73  3598 3565 3560 3584 3584 3592 3647 3699 3727
755VIRGINIA2019 81  3734 3751 3738 3714 3701 3679 3642 3619 3628 3654 3663
755VIRGINIA2019 82  3661 3664 3650 3636 3596 3567 3574 3625 3618 3579 3564
755VIRGINIA2019 83  3578 3572 3559 3561 3589 3614 3675 3730 3731
755VIRGINIA2019 91  3718 3768 3879 3882 3810 3774 3743 3694 3655 3626 3616
755VIRGINIA2019 92  3671 3735 3756 3725 3704 3728 3792 3801 3782 3802 3815
755VIRGINIA2019 93  3801 3804 3794 3778 3793 3794 3818 3846
755VIRGINIA2019101  3879 3877 3877 3832 3794 3813 3834 3827 3799 3822 3892
755VIRGINIA2019102  3944 3965 3933 3891 3850 3829 3838 3813 3774 3723 3694
755VIRGINIA2019103  3689 3691 3726 3760 3734 3686 3648 3635 3629
755VIRGINIA2019111  3603 3605 3620 3684 3746 3718 3723 3770 3835 3876 3892
755VIRGINIA2019112  3895 3875 3873 3844 3806 3855 3931 3950 3877 3850 3865
755VIRGINIA2019113  3838 3797 3754 3706 3611 3534 3537 3583
755VIRGINIA2019121  3621 3586 3573 3601 3587 3594 3616 3634 3624 3603 3529
755VIRGINIA2019122  3543 3585 3584 3537 3513 3526 3502 3518 3598 3671 3660
755VIRGINIA2019123  3643 3608 3622 3650 3699 3687 3643 3609 3562
755VIRGINIA2020 11  3487 3528 3564 3481 3368 3424 3469 3479 3509 3551 3519
755VIRGINIA2020 12  3413 3380 3365 3367 3377 3418 3486 3485 3476 3494 3587
755VIRGINIA2020 13  3718 3770 3666 3605 3621 3617 3594 3567 3534
755VIRGINIA2020 21  3495 3445 3467 3491 3481 3493 3413 3315 3397 3469 3465
755VIRGINIA2020 22  3434 3407 3331 3327 3398 3454 3484 3444 3442 3492 3574
755VIRGINIA2020 23  3695 3705 3635 3583 3505 3449 3450
755VIRGINIA2020 31  3491 3529 3514 3491 3484 3455 3435 3483 3568 3565 3533
755VIRGINIA2020 32  3544 3534 3457 3427 3454 3465 3468 3476 3450 3387 3401
755VIRGINIA2020 33  3428 3437 3452 3436 3463 3490 3487 3479 3514
755VIRGINIA2020 41  3552 3561 3555 3558 3583 3595 3604 3588 3575 3562 3546
755VIRGINIA2020 42  3545 3447 3366 3416 3475 3481 3477 3476 3515 3518 3529
755VIRGINIA2020 43  3547 3499 3478 3480 3495 3492 3523 3543
755VIRGINIA2020 51  3545 3547 3546 3526 3516 3520 3497 3528 3534 3553 3561
755VIRGINIA2020 52  3554 3552 3595 3620 3598 3578 3538 3520 3501 3503 3522
755VIRGINIA2020 53  3554 3607 3660 3632 3588 3558 3558 3571 3611
755VIRGINIA2020 61  3625 3635 3632 3592 3563 3552 3524 3524 3555 3593 3588
755VIRGINIA2020 62  3583 3636 3650 3640 3633 3622 3609 3594 3585 3577 3543
755VIRGINIA2020 63  3542 3567 3584 3559 3544 3574 3589 3565
755VIRGINIA2020 71  3543 3550 3548 3568 3593 3574 3591 3616 3624 3589 3547
755VIRGINIA2020 72  3531 3513 3475 3433 3455 3475 3493 3530 3546 3552 3571
755VIRGINIA2020 73  3593 3587 3573 3501 3457 3466 3478 3520 3568
755VIRGINIA2020 81  3635 3690 3659 3592 3572 3572 3567 3556 3530 3520 3525
755VIRGINIA2020 82  3543 3560 3584 3582 3568 3593 3668 3717 3700 3690 3707
755VIRGINIA2020 83  3713 3674 3580 3543 3526 3498 3513 3535 3557
755VIRGINIA2020 91  3578 3582 3587 3591 3599 3613 3648 3672 3673 3648 3633
755VIRGINIA2020 92  3719 3710 3700 3747 3784 3765 3755 3776 3795 3874 3979
755VIRGINIA2020 93  3966 3929 3884 3809 3798 3814 3822 3809
755VIRGINIA2020101  3774 3788 3794 3785 3793 3803 3817 3770 3773 3791 3755
755VIRGINIA2020102  3741 3724 3736 3764 3770 3773 3799 3864 3885 3889 3863
755VIRGINIA2020103  3841 3824 3766 3714 3650 3665 3688 3654 3656
755VIRGINIA2020111  3679 3702 3791 3844 3813 3791 3818 3930 3995 3901 3829
755VIRGINIA2020112  3724 3667 3650 3642 3645 3628 3690 3763 3744 3735 3761
755VIRGINIA2020113  3735 3716 3714 3661 3603 3596 3610 3588
755VIRGINIA2020121  3481 3453 3533 3558 3542 3555 3580 3519 3452 3461 3539
755VIRGINIA2020122  3600 3573 3526 3523 3588 3565 3494 3555 3622 3611 3558
755VIRGINIA2020123  3585 3637 3503 3412 3443 3473 3470 3500 3527
755VIRGINIA2021 11  3447 3367 3339 3343 3366 3399 3482 3495 3478 3465 3495
755VIRGINIA2021 12  3496 3508 3550 3585 3545 3522 3501 3428 3407 3421 3418
755VIRGINIA2021 13  3426 3429 3461 3464 3457 3430 3455 3558 3606
755VIRGINIA2021 21  3590 3547 3552 3561 3573 3583 3545 3504 3458 3423 3418
755VIRGINIA2021 22  3439 3470 3469 3457 3451 3439 3467 3462 3410 3471 3550
755VIRGINIA2021 23  3534 3494 3456 3486 3508 3478
755VIRGINIA2021 31  3449 3462 3524 3510 3509 3554 3580 3542 3526 3546 3556
755VIRGINIA2021 32  3519 3505 3540 3533 3539 3552 3553 3507 3507 3521 3519
755VIRGINIA2021 33  3585 3618 3590 3506 3486 3477 3458 3451 3400
755VIRGINIA2021 41  3350 3395 3419 3460 3479 3447 3430 3449 3453 3444 3434
755VIRGINIA2021 42  3446 3434 3433 3456 3486 3491 3496 3510 3526 3538 3539
755VIRGINIA2021 43  3555 3581 3596 3615 3608 3556 3498 3442
755VIRGINIA2021 51  3419 3422 3422 3427 3415 3432 3485 3520 3501 3452 3428
755VIRGINIA2021 52  3436 3431 3430 3465 3539 3541 3545 3569 3556 3546 3515
755VIRGINIA2021 53  3469 3447 3425 3415 3443 3471 3509 3500 3483
755VIRGINIA2021 61  3471 3490 3503 3470 3480 3486 3450 3409 3383 3395 3384
755VIRGINIA2021 62  3382 3431 3462 3472 3459 3464 3483 3485 3446 3413 3396
755VIRGINIA2021 63  3378 3396 3427 3448 3467 3489 3471 3441
