800ANDENES       LAT=69 19. N  LONG=016 09. E
800ANDENES 1991101  9999 9999 9999 9999 9999 9999 9999 9999 9999 1944 2023
800ANDENES 1991102  2047 2006 1950 2018 2057 2059 9999 9999 9999 9999 9999
800ANDENES 1991103  9999 9999 9999 9999 9999 9999 9999 9999 9999
800ANDENES 1991111  9999 9999 9999 9999 9999 9999 9999 9999 9999 9999 9999
800ANDENES 1991112  9999 2296 2253 2104 2018 1948 1882 1879 1863 2056 2128
800ANDENES 1991113  2039 2126 2213 2204 2156 2238 2310 2188
800ANDENES 1991121  2166 2045 2110 1973 1869 1866 1898 1994 1959 2008 2135
800ANDENES 1991122  2262 2351 2136 2169 2104 2225 2471 2513 2452 2361 2197
800ANDENES 1991123  2065 2106 2028 1986 2000 2268 2371 2025 2158
800ANDENES 1992 11  2525 2487 2521 2550 2360 2118 2141 2158 2021 2207 2378
800ANDENES 1992 12  1947 1981 2196 2156 2127 1998 1886 1889 1916 1876 1989
800ANDENES 1992 13  2143 2214 2295 2174 2154 2257 2033 1994 1995
800ANDENES 1992 21  2043 2223 2261 2181 2084 2037 2292 2160 2012 2163 2243
800ANDENES 1992 22  2169 2048 1952 1869 1806 1777 1817 1800 1815 1995 2269
800ANDENES 1992 23  2326 2178 2225 2093 2079 2142 2275
800ANDENES 1992 31  2205 2105 2046 1971 1988 2048 2025 1874 1907 2089 2204
800ANDENES 1992 32  2273 2341 2241 2096 1889 2046 2114 1990 1971 1909 1870
800ANDENES 1992 33  1760 1752 1847 1870 1895 1837 1763 1695 1625
800ANDENES 1992 41  1602 1620 1641 1696 1767 1895 2041 1838 1753 1895 1932
800ANDENES 1992 42  1865 1789 1653 1626 1763 1881 1917 1923 1808 1725 1688
800ANDENES 1992 43  1717 1761 1846 1886 1912 1920 1873 1895
800ANDENES 1992 51  1878 1866 1800 1770 1836 1996 2171 2138 2073 2019 1900
800ANDENES 1992 52  1835 1836 1825 1969 1887 1920 1873 1832 1810 1790 1745
800ANDENES 1992 53  1695 1669 1652 1654 1684 1710 1744 1789 1802
800ANDENES 1992 61  1737 1747 1795 1781 1747 1788 1720 1665 1666 1701 1736
800ANDENES 1992 62  1781 1863 2001 2068 2015 1939 1826 1853 2090 2103 2029
800ANDENES 1992 63  1902 1825 1784 1785 1868 1931 1934 1924
800ANDENES 1992 71  1883 1822 1786 1735 1695 1712 1744 1902 1983 2020 2033
800ANDENES 1992 72  1961 1998 2041 1993 1945 1887 1865 1896 1918 1921 2014
800ANDENES 1992 73  2010 1885 1891 1951 2019 2000 1971 1959 1989
800ANDENES 1992 81  1957 1923 1993 2037 2031 2028 2035 2060 1974 1984 2018
800ANDENES 1992 82  1968 1876 1857 1897 1935 1973 1991 1953 1924 1877 1861
800ANDENES 1992 83  1881 1966 2022 2033 2022 2056 2106 2055 1984
800ANDENES 1992 91  2017 2065 2049 1909 1797 1807 1874 2021 2097 2061 2015
800ANDENES 1992 92  2000 1993 1999 2012 1998 1942 1850 1777 1742 1760 1828
800ANDENES 1992 93  1851 1884 1920 1854 1787 1790 1822 1843
800ANDENES 1992101  1892 1932 1902 1908 2001 2063 2053 2176 1959 1960 1811
800ANDENES 1992102  1690 1880 1884 1880 1936 1938 1900 1867 1837 1856 1844
800ANDENES 1992103  1872 1913 1878 1874 1901 1871 1875 1872 1882
800ANDENES 1992111  1982 2092 2154 2018 1805 1944 2050 2034 2097 2247 2281
800ANDENES 1992112  2141 2105 2053 1942 1964 1996 1974 1975 1995 1957 1882
800ANDENES 1992113  1905 2066 2161 2208 2182 2175 2160 2155
800ANDENES 1992121  2348 2445 2395 2383 2297 2217 2206 2139 2161 2419 2553
800ANDENES 1992122  2308 2111 2159 2188 2149 2219 2251 2537 2250 2036 2184
800ANDENES 1992123  2264 2367 2338 2141 1949 2082 1866 1872 2036
800ANDENES 1993 11  2210 2353 2202 2340 2521 2468 2275 2488 2639 2514 2519
800ANDENES 1993 12  2521 2440 2394 2369 2518 2435 2352 2229 2302 2478 2487
800ANDENES 1993 13  2332 2262 2264 2212 2016 1859 1907 2216 2425
800ANDENES 1993 21  2377 2389 2577 2558 2264 1890 1936 2066 1798 1627 1811
800ANDENES 1993 22  1864 1892 2077 2266 2145 1999 1965 1989 1958 1928 1837
800ANDENES 1993 23  1887 1953 2080 2215 2060 1715
800ANDENES 1993 31  1707 1762 1799 1786 1815 1709 1709 1939 2071 1889 1846
800ANDENES 1993 32  1877 2014 2098 2135 2167 2208 2257 2199 2160 2122 2069
800ANDENES 1993 33  2149 2152 1914 1735 1818 1850 1835 1755 1771
800ANDENES 1993 41  1768 1670 1643 1692 1745 1739 1598 1577 1645 1694 1762
800ANDENES 1993 42  1777 1741 1711 1736 1892 2073 2063 1905 1849 1944 1981
800ANDENES 1993 43  1910 1907 1859 1758 1836 1840 1836 1773
800ANDENES 1993 51  1778 1811 1682 1542 1532 1613 1654 1661 1682 1670 1732
800ANDENES 1993 52  1785 1693 1690 1670 1679 1782 1816 1798 1776 1789 1743
800ANDENES 1993 53  1768 1824 1753 1764 1793 1811 1828 1821 1833
800ANDENES 1993 61  1825 1802 1759 1704 1769 1852 1831 1796 1769 1725 1721
800ANDENES 1993 62  1736 1736 1764 1804 1853 1873 1878 1932 1929 1883 1848
800ANDENES 1993 63  1788 1736 1710 1740 1783 1768 1741 1779
800ANDENES 1993 71  1853 1913 1976 1990 1980 1962 1894 1837 1842 1845 1811
800ANDENES 1993 72  1743 1761 1793 1808 1883 1942 1922 1880 1824 1769 1736
800ANDENES 1993 73  1720 1760 1845 1917 1932 1913 1857 1833 1894
800ANDENES 1993 81  1941 1909 1866 1913 1892 1805 1825 1897 1932 1951 1995
800ANDENES 1993 82  2004 1966 1909 1840 1877 1897 1807 1754 1815 1875 1874
800ANDENES 1993 83  1852 1843 1806 1763 1739 1783 1842 1805 1813
800ANDENES 1993 91  1895 1852 1813 1828 1884 1883 1896 1915 1869 1816 1793
800ANDENES 1993 92  1766 1743 1766 1747 1771 1781 1770 1816 1850 1922 2005
800ANDENES 1993 93  1961 1853 1851 1866 1862 1852 1850 1888
800ANDENES 1993101  1876 1830 1823 1924 1960 1758 1550 1557 1685 1722 1720
800ANDENES 1993102  1792 1869 1894 1839 1741 1799 1871 1956 1900 1776 1834
800ANDENES 1993103  2073 2132 1911 1918 2056 1882 1829 2032 2044
800ANDENES 1993111  1986 1878 1867 1894 1889 1902 1857 1822 1881 1949 1944
800ANDENES 1993112  1970 2023 2015 1967 1976 2009 1993 2028 1932 1827 1792
800ANDENES 1993113  1752 1867 1920 1919 1901 1896 1963 1997
800ANDENES 1993121  2067 2155 2185 2242 2302 2150 2047 2042 2132 2106 2059
800ANDENES 1993122  2026 1995 2067 2063 2011 1980 2031 2319 2395 2270 2153
800ANDENES 1993123  2006 1866 1821 1829 1823 1851 1957 2040 2070
800ANDENES 1994 11  2020 2032 2094 2030 1957 1935 1920 1959 1976 1843 1789
800ANDENES 1994 12  1922 2093 2031 1821 1812 1815 1790 1904 2103 2345 2389
800ANDENES 1994 13  2243 2137 2048 1981 1949 1872 1828 1972 1947
800ANDENES 1994 21  1886 1914 1847 1744 1711 1734 1792 1821 1798 1728 1693
800ANDENES 1994 22  1706 1832 1917 1906 1928 1921 1840 1812 1821 1820 1907
800ANDENES 1994 23  1889 1831 1798 1725 1683 1655
800ANDENES 1994 31  1630 1677 1823 1953 2124 2242 2154 2153 2194 2154 2154
800ANDENES 1994 32  2212 2209 2096 2149 2241 2212 2078 1977 1951 1889 1831
800ANDENES 1994 33  1997 2054 1986 1907 1814 1820 1989 2042 2005
800ANDENES 1994 41  2074 2096 2042 2006 1985 1941 1868 1870 1831 1744 1676
800ANDENES 1994 42  1720 1758 1658 1726 1858 1777 1750 1754 1742 1700 1681
800ANDENES 1994 43  1676 1659 1690 1757 1866 1980 2010 1938
800ANDENES 1994 51  1850 1774 1806 1760 1708 1784 1810 1796 1869 1877 1739
800ANDENES 1994 52  1656 1749 1816 1766 1742 1732 1725 1719 1705 1708 1756
800ANDENES 1994 53  1794 1868 1901 1862 1846 1861 1817 1975 2204
800ANDENES 1994 61  2031 1939 1937 1893 1840 1844 1930 2007 1968 1885 1922
800ANDENES 1994 62  1957 1945 2077 2056 1976 1894 1923 1986 9999 9999 9999
800ANDENES 1994 63  9999 9999 9999 9999 9999 9999 1998 2098
800ANDENES 1994 71  2005 1899 1783 1752 1811 1788 1822 1858 1838 1854 1886
800ANDENES 1994 72  1835 1811 1755 1803 1823 1776 1763 1771 1782 1768 1812
800ANDENES 1994 73  1862 1882 1844 1891 1903 1910 1899 1846 1832
800ANDENES 1994 81  1858 1892 1890 1865 1955 1955 1895 1905 1897 1833 1811
800ANDENES 1994 82  1858 1882 1848 1797 1814 1842 1900 1930 1919 1893 1835
800ANDENES 1994 83  1797 1808 1789 1786 1925 2079 2089 2036 1967
800ANDENES 1994 91  1846 1776 1802 1845 1893 1898 1880 1854 1839 1934 2057
800ANDENES 1994 92  2025 1965 1922 1845 1773 1706 1737 1813 1848 1942 2082
800ANDENES 1994 93  2097 2125 2033 1999 2185 2275 2194 2077
800ANDENES 1994101  2072 2077 2066 2023 1942 2141 2343 2168 2069 2056 2231
800ANDENES 1994102  2194 2127 2147 2040 2019 1948 1848 1837 2002 2075 2106
800ANDENES 1994103  2107 2081 2066 2003 1969 1975 1982 1991 2000
800ANDENES 1994111  1986 1898 1817 1954 2109 1932 1848 1890 1867 1772 1778
800ANDENES 1994112  1830 1911 2123 2235 2194 2195 2107 2104 2299 2396 2383
800ANDENES 1994113  2420 2333 2151 2199 2333 2344 2069 2020
800ANDENES 1994121  2114 1990 2041 2173 2195 2142 2128 2198 2292 2371 2406
800ANDENES 1994122  2320 2211 2022 2029 2187 2163 2226 2302 2322 2118 2061
800ANDENES 1994123  2304 2252 2293 2386 2390 2353 2318 2309 2215
800ANDENES 1995 11  1989 1826 1822 1970 2193 2255 2287 2372 2378 2215 2014
800ANDENES 1995 12  1900 2141 2367 2223 2240 2221 2078 2040 2006 2028 2008
800ANDENES 1995 13  2101 2226 2209 2126 2084 2090 1945 1771 2033
800ANDENES 1995 21  2381 2181 2123 2255 2245 2428 2374 2379 2272 2122 2047
800ANDENES 1995 22  2036 2105 2079 2098 2158 2195 2158 2102 2103 2124 2140
800ANDENES 1995 23  2200 2292 2299 2173 2104 2284
800ANDENES 1995 31  2357 2257 2078 1948 1970 1905 1847 1816 1733 1734 1760
800ANDENES 1995 32  1954 2193 2121 2038 2006 1995 1994 1982 1939 1812 1962
800ANDENES 1995 33  2174 2132 2114 2092 2015 1867 1731 1752 1983
800ANDENES 1995 41  2100 2175 2160 2130 2083 2005 1978 1877 1790 1789 1805
800ANDENES 1995 42  1859 1920 1945 1901 1842 1859 1912 1912 1877 1798 1672
800ANDENES 1995 43  1604 1550 1489 1461 1479 1545 1614 1656
800ANDENES 1995 51  1696 1817 1930 1921 1924 1883 1794 1768 1742 1717 1708
800ANDENES 1995 52  1685 1652 1673 1766 1859 1914 1945 1940 1856 1756 1716
800ANDENES 1995 53  1799 1827 1752 1741 1827 1833 1812 1780 1716
800ANDENES 1995 61  1725 1754 1795 1771 1750 1768 1728 1691 1729 1885 1874
800ANDENES 1995 62  1770 1743 1707 1731 1766 1821 1897 1895 1841 1855 1824
800ANDENES 1995 63  1828 1831 1854 1899 1870 2013 1989 1879
800ANDENES 1995 71  1884 1964 2002 1999 1940 1935 1992 2000 1882 1825 1787
800ANDENES 1995 72  1796 1804 1769 1765 1817 1851 1893 1879 1895 2004 2141
800ANDENES 1995 73  2103 1994 1944 1927 1947 1903 1818 1793 1760
800ANDENES 1995 81  1728 1778 1883 1880 1904 1971 1884 1896 1947 1853 1803
800ANDENES 1995 82  1794 1858 1879 1946 2049 2094 2041 1931 1839 1914 2064
800ANDENES 1995 83  2037 2067 2077 2004 1934 1929 1991 1866 1789
800ANDENES 1995 91  1812 1803 1814 1836 1834 1761 1692 1708 1717 1767 1755
800ANDENES 1995 92  1713 1701 1711 1708 1764 1819 1893 1912 1932 2011 2133
800ANDENES 1995 93  2166 2074 2066 2268 2257 2122 2068 1976
800ANDENES 1995101  1959 1980 2005 1982 1905 1984 2035 2082 2210 2280 2215
800ANDENES 1995102  2190 2287 2052 1995 2138 2191 2225 2344 2293 2030 2114
800ANDENES 1995103  2184 1967 1982 2209 2284 2254 2102 1983 2006
800ANDENES 1995111  2078 1991 1814 1931 2179 2084 2013 2129 2168 2036 1947
800ANDENES 1995112  2128 2146 2182 2053 1937 1949 1943 1876 2047 2027 2148
800ANDENES 1995113  2266 2057 1877 1839 1788 1831 1887 1918
800ANDENES 1995121  1842 1840 1877 1907 1873 1846 1841 1894 2047 2109 2040
800ANDENES 1995122  2136 2021 1919 1959 2131 1995 1928 1975 2020 2023 2060
800ANDENES 1995123  2033 2005 1996 1967 1918 1922 2035 2085 2164
800ANDENES 1996 11  2192 2025 2082 2198 2077 2070 2057 2083 2112 2142 2136
800ANDENES 1996 12  2105 2068 2004 1990 2087 2004 2001 2075 1994 1907 1853
800ANDENES 1996 13  1785 1793 1807 1773 1869 1882 1847 1878 1906
800ANDENES 1996 21  1933 1940 1917 1768 1803 1833 1820 1705 1681 1769 1820
800ANDENES 1996 22  1874 1904 1864 1979 1871 1892 1853 1675 1647 1831 1938
800ANDENES 1996 23  1917 1972 2019 2097 2153 2206 2170
800ANDENES 1996 31  1857 1903 2021 1902 1826 1850 1801 1677 1641 1652 1768
800ANDENES 1996 32  1857 1788 1712 1681 1631 1628 1727 1833 1751 1716 1744
800ANDENES 1996 33  1735 1858 1899 1841 1836 1892 1850 1789 1735
800ANDENES 1996 41  1777 1849 1850 1870 1925 1872 1832 1816 1681 1589 1645
800ANDENES 1996 42  1722 1749 1744 1751 1799 1845 1835 1887 1961 1997 1929
800ANDENES 1996 43  1683 1611 1779 1845 1871 1937 1970 1895
800ANDENES 1996 51  1766 1736 1704 1694 1731 1790 1734 1663 1588 1612 1675
800ANDENES 1996 52  1661 1654 1628 1600 1622 1666 1649 1682 1695 1710 1772
800ANDENES 1996 53  1805 1883 1977 2058 2038 1883 1820 1850 1874
800ANDENES 1996 61  1976 2052 2036 1929 1917 1989 1879 1848 1901 1877 1903
800ANDENES 1996 62  1935 1920 1854 1809 1795 1869 1885 1816 1793 1827 1840
800ANDENES 1996 63  1795 1710 1717 1853 1863 1873 1871 1868
800ANDENES 1996 71  1879 1882 1859 1830 1854 1868 1833 1774 1708 1789 1886
800ANDENES 1996 72  1867 1932 2042 1987 1915 1848 1761 1771 1773 1814 1844
800ANDENES 1996 73  1910 1924 1853 1866 1891 1908 1896 1859 1854
800ANDENES 1996 81  1881 1899 1877 1822 1757 1712 1737 1729 1737 1752 1745
800ANDENES 1996 82  1745 1765 1825 1857 1850 1951 1986 1971 1967 1880 1765
800ANDENES 1996 83  1747 1823 1866 1804 1694 1688 1703 1774 1796
800ANDENES 1996 91  1788 1968 1979 1761 1667 1695 1792 1800 1888 1912 1846
800ANDENES 1996 92  1762 1734 1804 1758 1742 1742 1706 1716 1792 1845 1897
800ANDENES 1996 93  1990 1926 1814 1820 1900 1942 2008 2138
800ANDENES 1996101  2212 2091 2024 2157 2186 2182 2163 2268 2399 2283 2219
800ANDENES 1996102  2472 2129 1824 1814 1863 1907 1972 1977 1913 1860 1885
800ANDENES 1996103  1910 1988 1977 2001 2080 2104 2056 1970 1971
800ANDENES 1996111  2073 2164 2212 2186 2137 2221 2284 2239 2195 2058 1895
800ANDENES 1996112  1931 1987 2205 2363 2208 2086 2004 2033 2053 1982 2019
800ANDENES 1996113  2007 1891 1891 1902 1852 1816 1943 2026
800ANDENES 1996121  1998 1980 1945 1928 1986 1920 1902 2105 2026 1832 1798
800ANDENES 1996122  1817 1857 1981 2033 1965 1960 1910 1857 1932 1854 1799
800ANDENES 1996123  1876 1847 1938 2040 2036 1948 1767 1830 1925
800ANDENES 1997 11  1833 1821 1872 1913 1897 1998 1952 1968 2041 1895 1777
800ANDENES 1997 12  1956 2244 2247 2274 2043 2022 2123 2064 2184 2308 2293
800ANDENES 1997 13  2120 1959 2068 2250 2279 2043 2054 2167 1844
800ANDENES 1997 21  1811 2007 2227 2406 2199 2006 2239 2199 2031 2106 2160
800ANDENES 1997 22  2111 1950 1833 1784 1756 1890 2055 2125 2179 2213 2241
800ANDENES 1997 23  2361 2299 2363 2317 2105 2107
800ANDENES 1997 31  2367 2481 2392 2138 2078 2135 2184 2231 2164 2103 2166
800ANDENES 1997 32  2124 2049 1954 1925 1882 1795 1741 1742 1746 1694 1646
800ANDENES 1997 33  1658 1665 1744 1994 2179 2163 2041 2084 2143
800ANDENES 1997 41  2206 2159 2060 1946 1881 1759 1600 1653 1886 1925 1753
800ANDENES 1997 42  1861 2063 1833 1776 1966 1913 1798 1696 1837 1964 1894
800ANDENES 1997 43  1932 1914 1854 1878 1920 1908 1834 1784
800ANDENES 1997 51  1905 2105 2080 1956 1883 1840 1790 1752 1722 1751 1796
800ANDENES 1997 52  1812 1813 1798 1784 1725 1760 1776 1683 9999 9999 9999
800ANDENES 1997 53  1727 1794 1851 1897 1831 1758 1712 1741 1746
800ANDENES 1997 61  1743 1812 1760 1846 1968 1807 1787 1826 1851 1886 1827
800ANDENES 1997 62  1833 1868 1900 1898 1837 1780 1803 1836 1829 1819 1816
800ANDENES 1997 63  1839 1800 1765 1720 1651 1680 1769 1799
800ANDENES 1997 71  1719 1651 1709 1757 1743 1781 1802 1760 1733 1753 1735
800ANDENES 1997 72  1730 1746 1739 1743 1757 1745 1714 1707 1714 1691 1671
800ANDENES 1997 73  1672 1697 1719 1762 1799 1849 1830 1790 1789
800ANDENES 1997 81  1819 1856 1841 1850 1860 1813 1792 1866 1972 1853 1718
800ANDENES 1997 82  1801 1875 1828 1805 1806 1827 1857 1816 1798 1893 1998
800ANDENES 1997 83  2064 2070 2034 1949 1858 1810 1874 1893 1873
800ANDENES 1997 91  1816 1815 1897 1917 1980 2067 2125 2242 2193 2079 2057
800ANDENES 1997 92  2089 2162 2218 2118 2215 2302 2121 1983 2059 2090 2021
800ANDENES 1997 93  1975 2018 2099 2050 1974 2007 2017 2052
800ANDENES 1997101  2137 2158 2130 2214 2181 2070 2034 2098 2159 2207 2191
800ANDENES 1997102  2116 1970 1824 1777 1859 2034 2273 2296 2138 2082 2103
800ANDENES 1997103  2071 2002 1968 1922 1926 1995 1999 2116 2226
800ANDENES 1997111  2152 2067 1955 1879 2018 2172 2135 2017 1835 1775 1845
800ANDENES 1997112  1887 1968 2053 1979 2002 2193 2258 2198 2084 1981 1884
800ANDENES 1997113  1879 1913 1924 1942 1957 1941 1892 1807
800ANDENES 1997121  1728 1770 1842 1927 2087 2048 2167 2207 2099 2064 2058
800ANDENES 1997122  1998 1882 1883 1967 2017 1989 1946 1940 1908 1968 1975
800ANDENES 1997123  1998 2092 2138 2141 2102 2051 2063 2042 1937
800ANDENES 1998 11  2011 2098 2087 2110 2111 2042 2007 2026 2014 2166 2174
800ANDENES 1998 12  2114 2130 2213 2235 2224 2102 2008 1905 1769 1935 2222
800ANDENES 1998 13  2070 1908 1996 2127 2066 1924 1886 1743 1795
800ANDENES 1998 21  1926 1842 1846 1951 2021 1934 2041 2142 2258 2443 2405
800ANDENES 1998 22  2236 2047 2127 2258 2036 2032 2283 2187 2147 2321 2411
800ANDENES 1998 23  2143 1920 2130 2397 2483 2300
800ANDENES 1998 31  2035 1955 1938 2007 2009 1978 1986 1965 1836 1737 1880
800ANDENES 1998 32  1997 1956 1805 1873 1973 2056 2137 2067 1858 1814 1794
800ANDENES 1998 33  1769 1861 1880 1889 1990 1964 1915 1897 1841
800ANDENES 1998 41  1704 1670 1812 1846 1803 1827 1846 1825 1775 1685 1613
800ANDENES 1998 42  1618 1642 1663 1702 1745 1769 1779 1771 1781 1769 1732
800ANDENES 1998 43  1734 1786 1839 1850 1840 1776 1786 1759
800ANDENES 1998 51  1773 1744 1746 1876 1908 1889 1937 1986 1939 1918 1850
800ANDENES 1998 52  1715 1713 1766 1803 1842 1859 1938 2014 1925 1857 1771
800ANDENES 1998 53  1760 1773 1767 1733 1711 1708 1708 1757 1734
800ANDENES 1998 61  1719 1760 1806 1808 1797 1803 1813 1878 1945 1886 1865
800ANDENES 1998 62  1818 1868 1828 1725 1709 1753 1751 1715 1703 1712 1777
800ANDENES 1998 63  1816 1841 1853 1858 1839 1829 1831 1816
800ANDENES 1998 71  1780 1779 1825 1897 1969 1989 1961 1971 2029 2003 1937
800ANDENES 1998 72  1932 1952 1950 1963 1953 1923 1900 1933 1978 1925 1903
800ANDENES 1998 73  1887 1858 1914 1919 1881 1867 1860 1898 1955
800ANDENES 1998 81  1912 1827 1842 1943 2011 1991 1982 1961 1905 1795 1706
800ANDENES 1998 82  1713 1789 1839 1916 1957 1952 2020 2056 2064 2135 2139
800ANDENES 1998 83  2089 2060 2011 1940 1876 1840 1820 1784 1773
800ANDENES 1998 91  1747 1738 1755 1822 1848 1834 1825 1894 1936 2002 2051
800ANDENES 1998 92  1990 1926 1975 2054 2043 1971 1909 1880 1988 2066 1952
800ANDENES 1998 93  1944 1876 1755 1731 1755 1724 1743 1719
800ANDENES 1998101  1770 1860 1884 1772 1710 1732 1800 1896 2055 2101 2049
800ANDENES 1998102  2050 2073 2210 2270 2237 2126 2087 2063 2007 1991 2080
800ANDENES 1998103  2290 2363 2207 2182 2224 2268 2257 2083 1963
800ANDENES 1998111  1891 1918 2020 2049 2035 1989 1921 1853 1939 2098 2108
800ANDENES 1998112  2048 2011 1982 1938 1875 1859 1819 1843 1956 2214 2367
800ANDENES 1998113  2277 2183 2181 2146 2084 1994 1994 2046
800ANDENES 1998121  2183 2119 2072 1959 1832 1839 1929 1968 2052 2132 2179
800ANDENES 1998122  2179 2257 2322 2515 2588 9999 9999 9999 9999 9999 9999
800ANDENES 1998123  9999 9999 9999 9999 9999 9999 9999 9999 2082
800ANDENES 1999 11  2100 2115 2165 2218 2208 2138 2110 2023 1925 1844 1829
800ANDENES 1999 12  1851 1921 2026 2120 2294 2417 2403 2334 2280 2212 2124
800ANDENES 1999 13  2036 1979 2025 2039 2035 1992 1875 2000 2060
800ANDENES 1999 21  1914 1981 2157 2266 2154 1981 2035 2043 1984 1938 1984
800ANDENES 1999 22  1987 2082 2299 2375 2350 2041 1897 1981 2079 2074 2059
800ANDENES 1999 23  2016 1902 1941 2119 2093 2046
800ANDENES 1999 31  2020 1955 1915 1851 1784 1702 1653 1659 1701 1722 1723
800ANDENES 1999 32  1735 1794 1807 1879 2071 1917 1819 1928 1964 1962 1968
800ANDENES 1999 33  1998 1994 1954 1863 1845 1905 1911 1979 1973
800ANDENES 1999 41  1949 1880 1795 1797 1891 2017 1985 1966 2135 2080 1946
800ANDENES 1999 42  1857 1761 1733 1771 1837 1825 1803 1809 1717 1737 1785
800ANDENES 1999 43  1779 1725 1684 1701 1792 9999 9999 9999
800ANDENES 1999 51  9999 1809 1852 1765 1699 1724 1651 1620 1691 1730 9999
800ANDENES 1999 52  9999 9999 1793 1812 1737 1787 1877 1815 1799 1846 1928
800ANDENES 1999 53  2016 2030 2008 1990 1945 1878 1887 1851 1844
800ANDENES 1999 61  1995 2022 1964 1921 1837 1771 1743 1734 1706 1688 1680
800ANDENES 1999 62  1673 1734 1849 1858 1864 1974 2049 2094 2037 1947 9999
800ANDENES 1999 63  9999 1777 1811 1793 1828 1872 1875 1900
800ANDENES 1999 71  1935 1959 1946 1890 1862 1885 1854 1782 1784 1837 1913
800ANDENES 1999 72  1992 1970 1973 2015 1966 1896 1926 1934 1961 2060 2063
800ANDENES 1999 73  1988 2083 2116 2062 2045 2002 1975 1908 1876
800ANDENES 1999 81  1869 1867 1843 1870 1873 1900 1922 1922 1941 1884 1812
800ANDENES 1999 82  1823 1830 1810 1796 1865 1906 1905 1874 1882 1905 1913
800ANDENES 1999 83  1992 2055 1975 1908 1944 1952 1908 1977 2009
800ANDENES 1999 91  2023 2255 2284 2194 2129 2115 2102 2050 2015 2074 1993
800ANDENES 1999 92  1967 1910 1933 1923 1848 1833 1859 1863 1876 1889 1931
800ANDENES 1999 93  1991 1980 2020 2081 2138 2105 2068 2084
800ANDENES 1999101  2122 2103 2157 2137 1958 1902 1951 2091 2066 2035 2160
800ANDENES 1999102  2216 2125 1937 1863 1887 1875 1798 1868 1915 1940 1936
800ANDENES 1999103  1985 2059 2073 2159 2116 2237 2337 2347 2402
800ANDENES 1999111  2478 2525 2366 2310 2387 2255 2083 2188 2184 2084 2100
800ANDENES 1999112  2285 2188 1941 2125 2181 2121 1996 1918 2048 2100 2079
800ANDENES 1999113  2164 2256 2249 2336 2546 2562 2402 2421
800ANDENES 1999121  2501 2330 2263 2223 2170 2181 2252 2272 2251 2234 2157
800ANDENES 1999122  2062 2023 1945 1990 2078 2173 2127 2004 1916 1961 2055
800ANDENES 1999123  2278 2331 2391 2432 2283 2117 2054 2039 1980
800ANDENES 2000 11  2061 2279 2370 2431 2307 2435 2553 2698 2604 2312 2326
800ANDENES 2000 12  2265 2097 1960 1948 2223 2171 1896 1909 1880 1726 1792
800ANDENES 2000 13  1836 1908 2046 2132 2095 2087 2162 2262 2303
800ANDENES 2000 21  2184 2118 2132 2247 2156 2314 2355 2315 2213 2309 2482
800ANDENES 2000 22  2318 2361 2279 2132 2097 2065 2045 2000 1844 1741 1778
800ANDENES 2000 23  1835 2024 2123 2088 2169 2280 2270
800ANDENES 2000 31  2184 2056 2001 1845 1832 2147 2186 2087 2008 1841 1804
800ANDENES 2000 32  1898 2185 2180 2032 1842 1807 1840 2104 2248 2108 2060
800ANDENES 2000 33  1938 1832 1766 1730 1734 1808 2007 2035 1886
800ANDENES 2000 41  1782 1728 1658 1707 1831 1764 1651 1791 1967 1937 1832
800ANDENES 2000 42  1722 1681 1718 1704 1713 1754 1798 1800 1760 1794 1808
800ANDENES 2000 43  1843 1879 1880 1785 1649 1604 1571 1579
800ANDENES 2000 51  1647 1737 1763 1845 1870 1697 1805 1856 1902 1912 1768
800ANDENES 2000 52  1745 1795 1787 1752 1788 1894 1945 1923 1941 1953 1925
800ANDENES 2000 53  1912 1946 1990 1987 1913 1936 1943 1919 1883
800ANDENES 2000 61  1856 1899 1977 1873 1758 1751 1784 1791 1776 1876 1956
800ANDENES 2000 62  1965 2069 2194 2058 1918 1841 1878 1975 1987 1909 1898
800ANDENES 2000 63  1945 1855 1745 1750 1775 1773 1702 1620
800ANDENES 2000 71  1591 1678 1770 1789 1775 1752 1755 1843 1935 1913 1845
800ANDENES 2000 72  1859 1921 1952 1872 1774 1773 1847 1930 1873 1738 1710
800ANDENES 2000 73  1725 1646 1607 1665 1727 1790 1798 1794 1766
800ANDENES 2000 81  1757 1764 1771 1787 1879 1957 2009 1975 1937 1910 1919
800ANDENES 2000 82  1898 1847 1837 1904 1920 1893 1885 1859 1808 1806 1806
800ANDENES 2000 83  1896 1972 1939 1934 1912 1917 1860 1798 1820
800ANDENES 2000 91  1891 1955 1875 1800 1811 1865 1946 2134 2250 2255 2060
800ANDENES 2000 92  1866 1749 1774 1899 2023 2030 1947 1863 1834 1833 1826
800ANDENES 2000 93  1922 1935 1832 1785 1824 1898 1928 1912
800ANDENES 2000101  1908 1912 1922 1941 1970 1900 1851 1953 2001 1954 1898
800ANDENES 2000102  1855 1855 1864 1913 1941 2026 2030 2034 2049 2063 2113
800ANDENES 2000103  2052 2100 2087 1971 1898 1869 1904 1930 2000
800ANDENES 2000111  2094 2038 2026 2059 2065 2022 1884 1824 1918 1954 1912
800ANDENES 2000112  1894 1976 2023 2007 1990 1941 1917 1854 1759 1759 1833
800ANDENES 2000113  1945 1993 2061 2067 2027 2070 2102 2161
800ANDENES 2000121  2231 2236 2241 2235 2287 2370 2202 2061 2004 2068 2161
800ANDENES 2000122  2191 2147 2253 2204 2041 1992 1941 1869 1874 2083 2208
800ANDENES 2000123  2067 1995 1995 2016 2019 2017 2022 2055 2109
800ANDENES 2001 11  2201 2166 2152 2162 2142 2095 2046 1940 1896 2049 2018
800ANDENES 2001 12  1990 2035 2081 2192 2116 2005 2092 2024 1881 1926 1981
800ANDENES 2001 13  2054 2118 2232 2236 2167 2098 2012 1904 1758
800ANDENES 2001 21  1622 1599 1654 1732 1841 1937 2034 2044 1950 1897 1916
800ANDENES 2001 22  2043 2127 2238 2137 2116 2192 2041 2095 2214 2225 2039
800ANDENES 2001 23  1989 1930 1811 1765 1744 1694
800ANDENES 2001 31  1698 1798 1927 2032 2000 2002 1921 1935 2003 2027 2027
800ANDENES 2001 32  1998 1981 1931 1855 1813 1821 1833 1890 1980 1969 1861
800ANDENES 2001 33  1779 1793 1767 1741 1730 1846 1966 1885 1814
800ANDENES 2001 41  2036 2040 1872 1993 2101 2090 1857 1721 1766 1838 1766
800ANDENES 2001 42  1650 1622 1772 1964 2036 1919 1818 1785 1790 1790 1792
800ANDENES 2001 43  1765 1760 1841 1855 1866 1883 1846 1785
800ANDENES 2001 51  1760 1919 2124 1986 1805 1731 1744 1780 1796 1737 1768
800ANDENES 2001 52  1879 1914 1865 1821 1828 1882 1937 1957 1871 1755 1851
800ANDENES 2001 53  1941 1850 1784 1826 1874 1844 1819 1804 1831
800ANDENES 2001 61  1934 1953 1839 1820 1940 2001 1973 1967 1976 1919 1937
800ANDENES 2001 62  1945 1906 1883 1849 1786 1700 1609 1640 1766 1832 1844
800ANDENES 2001 63  1795 1749 1737 1724 1729 1770 1809 1835
800ANDENES 2001 71  1871 1883 1901 1891 1879 1849 1859 1847 1902 1943 1931
800ANDENES 2001 72  1944 1970 1963 1935 1863 1780 1765 1796 1776 1663 1632
800ANDENES 2001 73  1720 1787 1825 1847 1820 1824 1964 2208 2189
800ANDENES 2001 81  2070 1945 1877 1933 1926 1941 1967 1930 1881 1894 1911
800ANDENES 2001 82  1914 1948 1939 1909 1929 2016 1968 1825 1800 1850 1804
800ANDENES 2001 83  1788 1813 1862 1956 1998 1961 1928 1942 1954
800ANDENES 2001 91  2002 2029 1988 1912 1921 1980 2009 1989 1903 1843 1873
800ANDENES 2001 92  1903 1927 2005 2011 1883 1759 1762 1742 1799 1845 1788
800ANDENES 2001 93  1769 1876 1947 2028 2093 2015 1923 1914
800ANDENES 2001101  2049 2201 2209 2176 2100 2019 2046 2049 2036 2083 2124
800ANDENES 2001102  2172 2219 2155 2026 1928 1960 1978 1950 2049 2067 1932
800ANDENES 2001103  1879 1987 2132 2290 2279 2148 2148 2115 2086
800ANDENES 2001111  2000 2161 2436 2331 2119 2203 2244 2063 1948 2226 2461
800ANDENES 2001112  2157 1982 2013 2092 1940 2187 2126 2056 2162 2332 2245
800ANDENES 2001113  2034 2205 2278 2246 2050 2051 2125 2124
800ANDENES 2001121  2111 2092 2004 2100 2150 2002 1892 2027 2019 1916 1882
800ANDENES 2001122  1968 1924 1824 1933 1969 1888 1967 1930 1931 1944 1875
800ANDENES 2001123  1990 2165 2158 2106 2053 1934 1854 1879 1937
800ANDENES 2002 11  1956 2026 2163 2141 2106 2086 2162 2320 2338 2449 2417
800ANDENES 2002 12  2284 2306 2276 2248 2249 2146 2096 2020 2057 2144 2190
800ANDENES 2002 13  2230 2191 2170 2170 2134 2165 2154 2028 1995
800ANDENES 2002 21  2022 2208 2393 2408 2334 2266 2181 2184 2301 2345 2306
800ANDENES 2002 22  2186 1999 2105 2302 2350 2301 2242 2143 2089 2103 2288
800ANDENES 2002 23  2318 2298 2233 2118 2090 2012
800ANDENES 2002 31  1957 1959 2041 2167 2181 2249 2204 2081 2180 2182 2077
800ANDENES 2002 32  1980 1942 1927 1841 1802 1898 2036 2014 1850 1761 1678
800ANDENES 2002 33  1653 1739 1942 1984 2077 2176 2095 1911 1796
800ANDENES 2002 41  1736 1765 1790 1788 1843 1854 1753 1776 1838 2010 2005
800ANDENES 2002 42  1854 1769 1709 1790 1777 1765 1799 1796 1841 1932 2023
800ANDENES 2002 43  2075 1986 1967 1963 1960 1960 1936 1906
800ANDENES 2002 51  1964 1982 1995 1948 1799 1717 1837 1843 1702 1679 1781
800ANDENES 2002 52  1845 1881 1900 1941 1941 1921 1887 1827 1830 1795 1785
800ANDENES 2002 53  1797 1799 1838 1874 1807 1782 1820 1889 1920
800ANDENES 2002 61  1874 1869 1865 1832 1781 1792 1811 1803 1800 1803 1842
800ANDENES 2002 62  1892 1925 1895 1897 1878 1871 1920 1990 2044 1988 1893
800ANDENES 2002 63  1929 1921 1925 1953 1895 1834 1815 1839
800ANDENES 2002 71  1894 1933 1953 1900 1895 1932 1928 1920 1914 1885 1904
800ANDENES 2002 72  1924 1805 1747 1798 1844 1860 1834 1830 1873 1920 1951
800ANDENES 2002 73  1989 2016 2015 2100 2113 2104 2092 1923 1808
800ANDENES 2002 81  1747 1725 1741 1723 1748 1831 1873 1867 1846 1830 1825
800ANDENES 2002 82  1813 1846 1886 1899 1912 1934 1993 2018 1980 1958 1895
800ANDENES 2002 83  1835 1828 1899 1946 2065 2114 2081 2198 2240
800ANDENES 2002 91  2131 2269 2259 2078 2061 2009 1897 1836 1858 1800 1790
800ANDENES 2002 92  1878 1927 1853 2002 2129 2084 1986 1960 1994 1944 1915
800ANDENES 2002 93  2072 2106 1979 1946 2065 2193 2181 2078
800ANDENES 2002101  2039 1947 1900 1911 1847 1730 1717 1740 1798 1821 1830
800ANDENES 2002102  1805 1791 1815 1944 1957 1875 1906 1968 1924 1857 1865
800ANDENES 2002103  1896 2005 2192 2268 2333 2329 2193 2012 2044
800ANDENES 2002111  2006 1918 1954 1961 2019 2109 2059 1933 1896 1925 1963
800ANDENES 2002112  1970 1999 2002 2012 2007 1997 1900 1809 1820 1893 1936
800ANDENES 2002113  1956 1957 1980 2035 1992 1862 1780 1790
800ANDENES 2002121  1889 1919 1871 1849 1817 1750 1728 1798 1785 1859 1999
800ANDENES 2002122  1927 1898 1965 1921 2005 2214 2113 2093 2109 1988 1916
800ANDENES 2002123  1882 1910 1947 1962 1940 1911 1909 1943 1946
800ANDENES 2003 11  1982 2050 2031 2049 1959 1973 2049 2140 1984 2041 2148
800ANDENES 2003 12  2121 2164 2258 2438 2470 2350 2378 2085 1985 2100 2065
800ANDENES 2003 13  1982 2027 1997 1939 2012 2037 1985 1829 1736
800ANDENES 2003 21  1938 2022 2023 1919 1854 1851 1973 2156 2108 2023 2059
800ANDENES 2003 22  2096 1979 1853 1915 1943 1906 1930 1917 1928 1925 1853
800ANDENES 2003 23  1919 1967 1942 1962 1995 1867
800ANDENES 2003 31  1849 1843 1811 1809 1850 1948 2066 2070 2132 2229 2184
800ANDENES 2003 32  2032 2019 1959 1867 1897 1895 1946 1772 1699 2014 2178
800ANDENES 2003 33  2106 2046 2022 2152 2179 2038 2046 2007 1841
800ANDENES 2003 41  2134 2188 2008 2019 1804 1649 1732 1852 1773 1739 1779
800ANDENES 2003 42  1811 1805 1703 1741 1703 1608 1660 1698 1760 1758 1720
800ANDENES 2003 43  1674 1666 1708 1777 1840 1827 1760 1847
800ANDENES 2003 51  1940 1924 1902 1913 1958 1999 1944 1915 1946 1927 1844
800ANDENES 2003 52  1832 1869 1893 1785 1704 1748 1830 1883 1937 1954 1909
800ANDENES 2003 53  1855 1823 1788 1883 1940 1849 1906 2086 2009
800ANDENES 2003 61  1881 1858 1931 1931 1956 1979 1933 1903 1864 1812 1854
800ANDENES 2003 62  1892 1889 1888 1925 1919 1865 1878 2020 2053 1982 1934
800ANDENES 2003 63  1929 1911 1835 1783 1805 1814 1810 1850
800ANDENES 2003 71  1901 1904 1861 1814 1793 1791 1786 1813 1852 1837 1918
800ANDENES 2003 72  1981 1916 1887 1875 1816 1764 1775 1808 1854 1852 1894
800ANDENES 2003 73  1976 1982 1941 1914 1965 1979 1860 1837 1894
800ANDENES 2003 81  1918 1937 1945 1948 1858 1861 1890 1881 1858 1886 1893
800ANDENES 2003 82  1836 1877 1918 1873 1829 1825 1885 1967 2036 2073 2101
800ANDENES 2003 83  2052 1927 1915 1934 1852 1815 1762 1734 1705
800ANDENES 2003 91  1725 1897 2051 1996 1968 1975 1976 1968 1885 1840 1878
800ANDENES 2003 92  1884 1925 2173 2283 2167 2085 2142 2101 2068 2131 2335
800ANDENES 2003 93  2365 2207 2086 1917 1893 1904 1928 1971
800ANDENES 2003101  2022 2061 2170 2231 2214 2142 2056 2113 2173 2189 2163
800ANDENES 2003102  2006 1870 1863 1937 2030 2088 1920 1821 1811 1772 1856
800ANDENES 2003103  1981 1957 1815 1895 2302 2498 2346 2155 2060
800ANDENES 2003111  2061 2106 2147 2164 2119 2191 2074 1895 1903 1971 2061
800ANDENES 2003112  2075 2055 2138 2166 2097 2047 2045 2082 2038 1959 1965
800ANDENES 2003113  2005 2029 2066 2093 2061 2128 2198 2180
800ANDENES 2003121  2080 1993 2061 2341 2128 1942 2208 2081 2059 2384 2627
800ANDENES 2003122  9999 9999 9999 9999 9999 2049 2209 2252 2073 1990 1926
800ANDENES 2003123  1934 2216 2414 2234 2159 2205 2184 1947 1745
800ANDENES 2004 11  1855 1971 2054 1959 1914 2073 2211 2147 2100 2092 2141
800ANDENES 2004 12  2230 2230 2178 2124 2092 2045 1908 1841 1821 1881 2113
800ANDENES 2004 13  2184 2137 2171 2135 1988 1942 1894 1916 2051
800ANDENES 2004 21  2150 2122 2112 2222 2210 2156 2069 1962 1828 1742 1839
800ANDENES 2004 22  2031 2052 1938 1889 1931 1920 1860 2024 2142 2122 1965
800ANDENES 2004 23  1899 2043 1992 1907 1850 1816 1950
800ANDENES 2004 31  1930 1760 1712 1823 1963 1999 1839 1772 1762 1671 1719
800ANDENES 2004 32  1781 1837 1951 2044 2012 2074 2215 2136 2055 1998 1900
800ANDENES 2004 33  1758 1676 1666 1870 2056 1993 1969 1922 1689
800ANDENES 2004 41  1694 1776 1804 1860 1905 1823 1784 1944 2069 2004 1917
800ANDENES 2004 42  1816 1884 1969 1850 1861 1943 1932 1867 1814 1791 1787
800ANDENES 2004 43  1811 1779 1792 1820 1835 1854 1820 1761
800ANDENES 2004 51  1770 1872 1918 1927 1854 1778 1772 1819 1785 1734 1719
800ANDENES 2004 52  1679 1722 1787 1779 1758 1910 2133 2181 2094 1999 1857
800ANDENES 2004 53  1836 1919 1878 1818 1868 1876 1780 1744 1749
800ANDENES 2004 61  1709 1707 1766 1823 1901 1913 1863 1816 1827 1873 1888
800ANDENES 2004 62  1886 1947 2175 2138 2019 1993 1972 1949 1939 1937 1942
800ANDENES 2004 63  1910 1867 1859 1829 1785 1776 1800 1875
800ANDENES 2004 71  1953 1964 1943 1965 1919 1915 1905 1842 1786 1809 1867
800ANDENES 2004 72  1915 1973 2009 2025 2041 1991 1967 1961 1932 1862 1785
800ANDENES 2004 73  1787 1848 1936 1940 1928 1909 1866 1836 1821
800ANDENES 2004 81  1817 1793 1778 1769 1807 1866 1856 1794 1808 1869 1866
800ANDENES 2004 82  1849 1866 1971 2097 2041 1977 1915 1889 1947 1920 1834
800ANDENES 2004 83  1809 1815 1817 1841 1902 2001 2024 1925 1831
800ANDENES 2004 91  1788 1813 1817 1920 2077 2085 1955 1857 2042 2194 2123
800ANDENES 2004 92  2186 2156 2095 2018 1926 1956 2038 2140 2242 2240 2228
800ANDENES 2004 93  2244 2136 1997 2024 2119 2088 1963 1881
800ANDENES 2004101  1862 1951 1971 2008 2161 2200 2057 1998 1914 1837 1935
800ANDENES 2004102  2009 2008 1955 1910 1904 1888 1907 1937 1998 2071 2121
800ANDENES 2004103  2106 2085 2054 2085 2159 2028 1913 2026 2302
800ANDENES 2004111  2213 2141 2172 2148 2164 2046 2148 2088 2076 2096 2248
800ANDENES 2004112  2376 2151 2190 2395 2188 2133 2154 2104 1938 1943 2043
800ANDENES 2004113  1950 2090 2029 1882 1959 2020 2164 2312
800ANDENES 2004121  2147 2039 2166 2348 2232 2181 2322 2138 2118 2287 2212
800ANDENES 2004122  2070 2102 2432 2636 2443 2463 2310 2107 2030 2154 2425
800ANDENES 2004123  2439 2350 2284 2136 2174 2318 2316 2547 2424
800ANDENES 2005 11  2322 2401 2322 2202 2242 2394 2514 2422 2360 2440 2471
800ANDENES 2005 12  2368 2322 2078 1945 2099 2261 2306 2295 2268 2203 2168
800ANDENES 2005 13  2024 1766 1915 1979 1904 1900 2054 2311 2203
800ANDENES 2005 21  1904 1877 1965 2118 2024 1883 1867 1979 2220 2351 2302
800ANDENES 2005 22  2169 1927 1711 1687 1939 2096 2082 1964 1753 1637 1609
800ANDENES 2005 23  1681 1740 1663 1588 1631 1709
800ANDENES 2005 31  1826 1869 1826 1866 1861 1877 1791 1670 1711 1838 1866
800ANDENES 2005 32  1792 1776 1793 1895 1950 1879 1739 1726 1830 1882 1883
800ANDENES 2005 33  1964 2046 1899 1804 1838 1764 1708 1771 1809
800ANDENES 2005 41  1890 1999 1929 2048 2177 2112 1979 1852 1776 1879 1979
800ANDENES 2005 42  2078 2155 2091 1958 1784 1701 1723 1702 1724 1754 1760
800ANDENES 2005 43  1769 1773 1784 1805 1799 1740 1714 1786
800ANDENES 2005 51  1867 1895 1900 1887 1918 1911 1903 1902 1890 1861 1854
800ANDENES 2005 52  1853 1850 2018 2040 1943 1873 1862 1824 1791 1806 1866
800ANDENES 2005 53  1890 1918 1922 1983 2065 1947 1821 1768 1730
800ANDENES 2005 61  1773 1801 1807 1857 1897 1890 1838 1908 2014 1991 1882
800ANDENES 2005 62  1790 1751 1761 1792 1813 1881 1840 1791 1887 1964 2004
800ANDENES 2005 63  2072 2094 2005 2022 2085 1935 1846 1837
800ANDENES 2005 71  1850 1864 1879 1907 1941 1969 1967 1892 1856 1832 1823
800ANDENES 2005 72  1965 2067 2071 2023 1967 1954 1978 1983 1904 1830 1820
800ANDENES 2005 73  1818 1817 1847 1841 1822 1799 1798 1856 1894
800ANDENES 2005 81  1885 1879 1931 2003 2015 1901 1769 1721 1772 1830 1910
800ANDENES 2005 82  1981 1986 1940 1952 2002 1937 1953 1988 1914 1853 1931
800ANDENES 2005 83  1960 1963 2053 2168 2189 2167 2253 2272 2070
800ANDENES 2005 91  2022 1996 1930 2101 2140 2037 2061 2131 2130 1955 2089
800ANDENES 2005 92  2195 2136 2232 2198 2104 2080 2150 2117 2245 2126 2051
800ANDENES 2005 93  2129 2210 2203 2218 2265 2255 2212 2157
800ANDENES 2005101  2162 2145 2132 2041 2118 2107 2106 2168 2204 2242 2251
800ANDENES 2005102  2059 2037 2074 1822 1839 1892 1834 1983 2077 2033 1980
800ANDENES 2005103  1962 1969 2004 2053 2033 2199 2329 2321 2304
800ANDENES 2005111  2287 2334 2275 2195 2100 2109 2219 2209 2273 2273 2308
800ANDENES 2005112  2244 2170 2272 2279 2113 2036 1966 1958 1971 2145 2238
800ANDENES 2005113  2285 2144 1851 1843 1950 2014 2106 2166
800ANDENES 2005121  2164 2125 2074 1999 1925 1837 1770 1733 1785 2005 2305
800ANDENES 2005122  2358 2142 2239 2272 2148 1953 1840 1942 1944 2028 2087
800ANDENES 2005123  2086 2088 1861 1775 1862 1849 1858 2001 2089
800ANDENES 2006 11  2008 1911 1905 1962 1924 1800 1806 1904 2113 2389 2595
800ANDENES 2006 12  2566 2380 2337 2186 2138 2103 1978 1964 2019 2026 2122
800ANDENES 2006 13  2217 2105 1994 1991 1955 2064 2023 1941 2020
800ANDENES 2006 21  2044 1892 1684 1702 1872 2146 2205 2147 2090 2009 2048
800ANDENES 2006 22  2094 1966 1949 2078 2038 1987 2001 1981 1894 1862 1912
800ANDENES 2006 23  1858 1917 1861 1830 1849 1739
800ANDENES 2006 31  1645 1659 1769 1868 1878 1869 1826 1774 1779 1807 1825
800ANDENES 2006 32  1757 1819 1925 1836 1722 1823 1938 1867 1829 1822 1862
800ANDENES 2006 33  1888 1876 1822 1794 1790 1763 1704 1725 1811
800ANDENES 2006 41  1901 1960 1914 1840 1834 1924 1998 1975 1903 1816 1840
800ANDENES 2006 42  1926 1984 2013 2027 2033 2098 2095 2015 1911 1820 1884
800ANDENES 2006 43  2008 1898 1865 1901 1867 1760 1716 1713
800ANDENES 2006 51  1757 1825 1850 1767 1695 1682 1685 1662 1725 1817 1835
800ANDENES 2006 52  1878 1925 1855 1808 1792 1800 1842 1903 1933 1917 1939
800ANDENES 2006 53  1953 1939 1926 1921 1916 1932 1905 1846 1779
800ANDENES 2006 61  1760 1931 2021 1867 1726 1727 1777 1885 1919 1809 1815
800ANDENES 2006 62  1852 2001 2092 2074 2030 1891 1892 1936 1914 1933 1997
800ANDENES 2006 63  2044 1993 1972 1954 1950 1939 1884 1824
800ANDENES 2006 71  1827 1826 1860 1839 1812 1881 1964 1983 1962 1984 1964
800ANDENES 2006 72  2000 2087 2000 1832 1884 1998 1945 1827 1778 1816 1910
800ANDENES 2006 73  1946 1927 1911 1870 1889 1903 1877 1875 1901
800ANDENES 2006 81  1908 1873 1832 1806 1841 1945 1983 1965 1879 1797 1732
800ANDENES 2006 82  1697 1742 1721 1694 1775 1838 1836 1864 1890 1870 1839
800ANDENES 2006 83  1838 1858 1866 1871 1867 1903 1931 1953 1981
800ANDENES 2006 91  2013 2025 2099 2155 2065 1985 1955 1884 1907 1955 1999
800ANDENES 2006 92  2056 1966 1854 1867 1977 2056 2101 2137 2099 2030 1978
800ANDENES 2006 93  2000 1967 1881 1924 1946 1988 2051 2049
800ANDENES 2006101  2052 2087 1975 1859 1861 1909 2003 1944 1824 1920 1889
800ANDENES 2006102  1876 1977 2035 2072 2175 2138 1967 1835 1889 1982 1978
800ANDENES 2006103  1938 2002 2049 2046 1993 1974 2076 2057 1967
800ANDENES 2006111  1890 1870 1891 2014 2111 2332 2388 2310 2166 2093 2271
800ANDENES 2006112  2283 2238 2310 2295 2172 2203 2228 2239 2283 2324 2274
800ANDENES 2006113  2227 2198 2220 2399 2442 2231 2234 2265
800ANDENES 2006121  2314 2359 2351 2368 2411 2367 2273 2255 2230 2189 2367
800ANDENES 2006122  2498 2480 2411 2437 2348 2248 2100 2115 2207 2287 2402
800ANDENES 2006123  2190 1961 2023 2285 2164 1993 1975 2119 2316
800ANDENES 2007 11  2396 2388 2266 2254 2196 2183 2253 2370 2408 2317 2222
800ANDENES 2007 12  2371 2416 2302 2373 2483 2379 2284 2189 2145 2032 1905
800ANDENES 2007 13  1786 1796 2176 2144 1948 2040 2029 2050 2173
800ANDENES 2007 21  2163 2297 2077 2033 1928 1853 1913 1991 1977 1952 1964
800ANDENES 2007 22  1955 1886 1854 1855 1923 2009 1924 1802 1687 1634 1760
800ANDENES 2007 23  1916 1954 1934 1922 1967 2059
800ANDENES 2007 31  2138 2136 1935 1756 1831 1931 1980 1970 1980 2060 2088
800ANDENES 2007 32  2117 2206 2197 2185 2248 2217 2147 2009 1767 1688 1840
800ANDENES 2007 33  1741 1738 1744 1741 1774 1819 1887 1857 1805
800ANDENES 2007 41  1935 1888 1770 2182 2218 1990 1874 1810 1863 2096 2179
800ANDENES 2007 42  1947 1920 1844 1848 1947 1918 1894 2005 1906 1819 1874
800ANDENES 2007 43  1893 1893 1927 1999 1897 1751 1742 1760
800ANDENES 2007 51  1790 1810 1845 1844 1875 1928 2022 2069 2000 1954 1924
800ANDENES 2007 52  1883 1849 1875 1976 2007 1900 1886 2045 2122 2044 1984
800ANDENES 2007 53  2049 2051 2033 2043 1985 1796 1695 1701 1622
800ANDENES 2007 61  1634 1735 1782 1777 1761 1754 1767 1754 1742 1762 1831
800ANDENES 2007 62  1887 1912 1929 1942 1941 1919 1891 1838 1782 1778 1833
800ANDENES 2007 63  1864 1856 1880 1908 1974 2041 1994 1899
800ANDENES 2007 71  1889 1901 1889 1849 1805 1790 1801 1817 1861 1937 1938
800ANDENES 2007 72  1930 1949 1964 1980 1924 1903 1876 1808 1839 1864 1857
800ANDENES 2007 73  1871 1883 1914 1973 1991 1987 1986 1962 1962
800ANDENES 2007 81  2013 1990 1926 1950 1998 1945 1917 1932 1970 1890 1849
800ANDENES 2007 82  1913 1947 1967 1943 2019 2090 1986 1929 1862 1770 1839
800ANDENES 2007 83  1964 1976 2053 2028 1958 1933 1907 1907 1909
800ANDENES 2007 91  1932 2063 2018 1866 2051 2101 1983 1993 1976 1935 1979
800ANDENES 2007 92  2045 1945 2144 2218 2154 2175 2123 2046 2096 2186 2213
800ANDENES 2007 93  2128 2103 2163 2004 1770 1802 1769 1863
800ANDENES 2007101  1961 2040 2085 1990 1898 1997 2168 2119 2041 2028 1971
800ANDENES 2007102  1890 1938 2123 2145 2288 2409 2196 1954 2095 2067 2047
800ANDENES 2007103  2094 2124 2090 2093 2210 2327 2290 2306 2370
800ANDENES 2007111  2317 2078 2112 2067 2213 2199 2182 2200 2136 2135 2075
800ANDENES 2007112  1954 1898 1984 2098 2033 2061 2070 1939 2006 2117 2114
800ANDENES 2007113  2065 2206 2286 1974 1912 2081 2086 2017
800ANDENES 2007121  2072 2123 2159 2155 2208 2393 2419 2335 2286 2119 1889
800ANDENES 2007122  1904 2116 2166 2081 2116 2039 2048 2124 2065 2077 2011
800ANDENES 2007123  2186 2448 2296 2248 2392 2478 2401 2145 1858
800ANDENES 2008 11  1818 1822 1791 1870 2064 2121 2131 2113 2081 2101 2133
800ANDENES 2008 12  2094 2063 2056 2166 2126 1889 1885 2139 2188 2054 1953
800ANDENES 2008 13  2057 2332 2349 2376 2231 2263 2397 2251 2152
800ANDENES 2008 21  2198 2249 2203 2093 2122 2122 2105 2076 2004 2028 2035
800ANDENES 2008 22  2188 2113 1719 1688 2032 2116 2044 1949 1996 2232 2450
800ANDENES 2008 23  2322 2356 2339 2227 2273 2237 2222
800ANDENES 2008 31  2212 2235 2218 2088 2048 2170 1958 1963 2099 2112 2033
800ANDENES 2008 32  2043 2073 2033 2035 2007 1928 1869 1773 1767 1748 1763
800ANDENES 2008 33  1896 1901 1872 1870 1939 1923 1927 1958 1981
800ANDENES 2008 41  1960 1787 1714 1809 1773 1601 1597 1678 1747 1771 1791
800ANDENES 2008 42  1778 1782 1834 1788 1802 1874 1870 1817 1819 1788 1815
800ANDENES 2008 43  1876 1838 1797 1834 1928 1963 1887 1814
800ANDENES 2008 51  1771 1772 1742 1768 1757 1846 1904 1901 1905 1880 1869
800ANDENES 2008 52  1788 1740 1754 1771 1812 1817 1798 1804 1802 1788 1761
800ANDENES 2008 53  1749 1759 1815 1801 1820 1803 1717 1693 1755
800ANDENES 2008 61  1791 1721 1703 1762 1772 1731 1746 1814 1843 1863 1887
800ANDENES 2008 62  1862 1799 1773 1814 1822 1848 1893 1925 1982 2015 1933
800ANDENES 2008 63  1936 1958 1921 1885 1868 1821 1831 1890
800ANDENES 2008 71  1899 1833 1765 1736 1707 1690 1719 1735 1795 1849 1874
800ANDENES 2008 72  1881 1884 1905 2008 2082 2058 2002 1955 1914 1884 1862
800ANDENES 2008 73  1814 1766 1747 1738 1718 1710 1716 1773 1760
800ANDENES 2008 81  1717 1731 1722 1748 1775 1797 1833 1859 1901 1940 1996
800ANDENES 2008 82  1996 1976 1992 1920 1858 1777 1765 1851 1910 1923 1894
800ANDENES 2008 83  1837 1839 1901 1959 1979 1959 1874 1745 1728
800ANDENES 2008 91  1779 1810 1914 1990 1972 1929 1899 1839 1817 1813 1803
800ANDENES 2008 92  1774 1738 1703 1693 1709 1732 1803 1945 1932 2012 2058
800ANDENES 2008 93  2037 1873 1809 1924 2187 2270 2055 2035
800ANDENES 2008101  2035 1974 1864 1913 2104 2204 2025 1925 2053 2141 2260
800ANDENES 2008102  2284 2251 2248 2140 2145 2161 2172 2228 2318 2492 2497
800ANDENES 2008103  2364 2339 2464 2600 2498 2303 2201 2028 1959
800ANDENES 2008111  2215 2320 2174 2218 2004 1901 1934 1994 2092 2231 2249
800ANDENES 2008112  2064 2023 2197 2190 2142 2246 2448 2430 2393 2203 1975
800ANDENES 2008113  1885 1851 1906 2139 2170 2191 2029 2021
800ANDENES 2008121  2044 1935 1969 2053 2040 1971 2015 2158 2087 1936 1905
800ANDENES 2008122  1942 1981 1898 1919 2198 2331 2369 2360 2218 2235 2194
800ANDENES 2008123  1995 2012 2131 2168 1966 1946 2015 2086 2038
800ANDENES 2009 11  1871 1846 1820 1845 1964 2036 1966 2115 2143 2330 2581
800ANDENES 2009 12  2434 2180 1992 1929 1990 2067 2110 2180 2191 2225 2227
800ANDENES 2009 13  2127 2062 2027 1991 1972 1974 1938 1983 2048
800ANDENES 2009 21  2038 2018 1994 1931 1863 1871 1862 1918 2046 2042 1940
800ANDENES 2009 22  1903 1879 1799 1783 1801 1851 1889 1884 1988 2080 2053
800ANDENES 2009 23  2072 2098 2000 1976 1941 1817
800ANDENES 2009 31  1887 2028 2036 1968 1898 1851 1886 1977 1995 1948 1905
800ANDENES 2009 32  1934 1983 1925 1884 2076 2048 1846 1882 1948 1845 1872
800ANDENES 2009 33  1895 1825 1885 1959 1911 1826 1832 1947 2017
800ANDENES 2009 41  1857 1850 1880 1862 1832 1798 1774 1798 1821 1823 1917
800ANDENES 2009 42  2020 2000 1817 1726 1827 1849 1774 1776 1668 1768 1810
800ANDENES 2009 43  1758 1819 1879 1890 1868 1871 1789 1731
800ANDENES 2009 51  1744 1808 1842 1852 1928 1987 2043 2090 2126 2171 2014
800ANDENES 2009 52  1857 1786 1714 1701 1717 1717 1742 1783 1815 1844 1867
800ANDENES 2009 53  1834 1835 1944 1988 2005 1949 1884 1869 1882
800ANDENES 2009 61  1874 1928 1844 1746 1776 1779 1811 1857 1862 1858 1862
800ANDENES 2009 62  1801 1797 1885 1924 1898 1858 1914 1971 1901 1813 1805
800ANDENES 2009 63  1802 1771 1754 1719 1746 1745 1744 1810
800ANDENES 2009 71  1826 1798 1810 1822 1834 1833 1820 1808 1788 1799 1832
800ANDENES 2009 72  1842 1871 1889 1875 1876 1889 1871 1812 1851 1887 1897
800ANDENES 2009 73  1866 1859 1858 1833 1844 1876 1843 1822 1882
800ANDENES 2009 81  1892 1837 1841 1840 1817 1804 1811 1846 1870 1878 1929
800ANDENES 2009 82  1998 2013 2005 1952 1953 1926 1868 1824 1875 1938 1919
800ANDENES 2009 83  1891 1857 1869 1913 1923 1958 2014 2119 2195
800ANDENES 2009 91  2131 2165 2136 2036 1940 1876 1937 2057 2281 2133 2005
800ANDENES 2009 92  2061 1968 1880 1972 2082 1972 1947 2019 2113 2159 2318
800ANDENES 2009 93  2378 2201 2313 2411 2404 2409 2283 2168
800ANDENES 2009101  2117 2111 2108 2084 2043 2041 2178 2208 2120 2000 1961
800ANDENES 2009102  1912 1783 1907 2055 1926 1931 2068 2145 2132 2014 1950
800ANDENES 2009103  1924 1948 1986 1992 1967 1894 1867 1894 1912
800ANDENES 2009111  1986 2115 2182 2116 2002 1958 1963 1938 1869 1807 1852
800ANDENES 2009112  1859 1852 1877 1976 2048 2119 2202 2204 2288 2405 2339
800ANDENES 2009113  2306 2263 2233 2341 2355 2183 2072 2086
800ANDENES 2009121  2131 2080 1985 2001 2028 2041 2099 2052 2017 2006 1997
800ANDENES 2009122  1916 1902 1936 1855 1772 1909 2086 1974 1906 1936 1983
800ANDENES 2009123  1980 1903 1852 1890 1974 2060 2100 2068 1921
800ANDENES 2010 11  1788 1879 1963 1806 1764 1813 1866 1850 1893 1965 1915
800ANDENES 2010 12  1927 1935 1933 1910 1972 1999 2045 2062 1917 1796 1845
800ANDENES 2010 13  1831 1832 1790 2013 2281 2199 2110 1988 1854
800ANDENES 2010 21  1818 1813 1795 1758 1796 1845 1813 1764 1763 1882 1894
800ANDENES 2010 22  1910 1972 1894 1815 1797 1764 1761 1723 1711 1774 1873
800ANDENES 2010 23  1968 2010 1932 1871 1885 1864
800ANDENES 2010 31  1844 1802 1742 1740 1774 1878 2132 2106 1942 1986 2031
800ANDENES 2010 32  2025 1969 1882 1874 1853 1840 1900 2004 2039 2008 1943
800ANDENES 2010 33  1840 1762 1791 1850 1797 1761 1771 1788 1769
800ANDENES 2010 41  1749 1773 1753 1746 1765 1770 1813 1860 1826 1679 1674
800ANDENES 2010 42  1811 1736 1775 1913 1947 2007 2027 1911 1830 1786 1811
800ANDENES 2010 43  1856 1774 1716 1856 1938 1899 1926 1983
800ANDENES 2010 51  2005 1962 1882 1797 1768 1715 1731 1813 1814 1786 1789
800ANDENES 2010 52  1822 1777 1772 1779 1782 1786 1684 1641 1676 1650 1741
800ANDENES 2010 53  1816 1832 1834 1809 1810 1855 1884 1879 1840
800ANDENES 2010 61  1785 1857 1937 1879 1835 1807 1774 1776 1759 1758 1850
800ANDENES 2010 62  1904 1878 1782 1768 1854 1891 1827 1733 1769 1830 1860
800ANDENES 2010 63  1822 1811 1905 1966 1918 1835 1821 1853
800ANDENES 2010 71  1833 1819 1862 1870 1931 1967 1933 1926 1953 1960 1909
800ANDENES 2010 72  1969 1919 1794 1712 1735 1790 1870 1974 1954 1907 1925
800ANDENES 2010 73  1855 1805 1774 1788 1852 1843 1788 1844 1928
800ANDENES 2010 81  1909 1877 1900 1937 1898 1834 1831 1815 1797 1823 1789
800ANDENES 2010 82  1728 1722 1823 1777 1674 1730 1727 1793 1887 1963 2039
800ANDENES 2010 83  2024 1953 1897 1868 1872 1881 1862 1892 1995
800ANDENES 2010 91  1927 1835 1865 1898 1831 1779 1758 1750 1742 1771 1827
800ANDENES 2010 92  1900 1974 2066 2129 2078 2031 2042 2042 2012 1976 1978
800ANDENES 2010 93  1966 1846 1761 1753 1764 1789 1842 1848
800ANDENES 2010101  1845 1877 1903 2010 2032 2039 2089 2067 2089 2038 1999
800ANDENES 2010102  1954 2009 1976 1914 1972 2075 2271 2185 2021 2073 2195
800ANDENES 2010103  2183 2055 1970 1941 2077 2201 2024 2051 2308
800ANDENES 2010111  2353 2151 2225 2248 2220 2201 2143 2045 1983 2002 2105
800ANDENES 2010112  2174 2157 2104 2043 1969 1939 1951 1883 1845 1859 1809
800ANDENES 2010113  1726 1770 1810 1722 1597 1560 1621 1713
800ANDENES 2010121  1881 2059 2114 2171 2231 2240 2167 2011 1905 1967 2005
800ANDENES 2010122  1895 1839 1843 2148 2161 1855 1729 1764 1847 1856 1770
800ANDENES 2010123  1750 1780 1754 1717 1694 1739 1958 2197 2167
800ANDENES 2011 11  2044 1876 1882 1916 1981 2009 2070 2110 2059 2132 2106
800ANDENES 2011 12  1950 1914 1960 2009 2137 2191 2142 2013 1916 2026 1905
800ANDENES 2011 13  1868 1881 1846 1908 2009 2092 2117 2067 2169
800ANDENES 2011 21  2127 2148 2145 2208 2304 2255 2297 2223 1947 1875 1889
800ANDENES 2011 22  1860 1825 1814 1841 1806 1824 1861 1850 1780 1800 1865
800ANDENES 2011 23  1836 1926 2142 2237 2124 1946
800ANDENES 2011 31  1939 2128 2107 2057 1881 1769 2024 2193 2334 2200 2128
800ANDENES 2011 32  2074 1900 1704 1669 1762 1852 1869 1857 1973 2093 2080
800ANDENES 2011 33  2103 2064 1917 1898 1937 1923 1902 1820 1783
800ANDENES 2011 41  1827 2023 2103 2073 2051 2114 2179 2164 2005 1912 1932
800ANDENES 2011 42  1904 1875 1913 2017 2100 2058 1846 1777 1844 1839 1768
800ANDENES 2011 43  1709 1747 1777 1858 1841 1786 1742 1664
800ANDENES 2011 51  1624 1637 1702 1791 1764 1770 1749 1724 1725 1691 1769
800ANDENES 2011 52  1808 1807 1802 1810 1850 1928 1944 2008 2024 1991 1958
800ANDENES 2011 53  1987 2135 2112 1893 1863 1951 2027 2050 2011
800ANDENES 2011 61  1941 1949 1991 2021 1966 1956 1910 1793 1765 1790 1781
800ANDENES 2011 62  1786 1829 1859 1884 1889 1881 1901 1930 1945 1989 2008
800ANDENES 2011 63  1975 1940 1918 1888 1889 1929 1932 1882
800ANDENES 2011 71  1849 1818 1766 1730 1742 1744 1747 1759 1820 1822 1788
800ANDENES 2011 72  1790 1878 1896 1893 1911 1877 1894 1958 1921 1846 1788
800ANDENES 2011 73  1759 1798 1884 1886 1811 1788 1790 1761 1772
800ANDENES 2011 81  1777 1750 1726 1712 1712 1767 1824 1873 1858 1857 1901
800ANDENES 2011 82  1879 1817 1807 1815 1863 1866 1851 1844 1856 1907 1948
800ANDENES 2011 83  1916 1854 1853 1884 1897 1923 1891 1868 1814
800ANDENES 2011 91  1811 1844 1874 1929 1962 2029 2106 2084 1984 1936 1977
800ANDENES 2011 92  2079 2167 2153 2097 1989 1916 1860 1864 1942 1966 2035
800ANDENES 2011 93  2096 1998 1955 2025 2072 2064 2102 2008
800ANDENES 2011101  1907 2022 2095 2325 2423 2388 2287 1963 1978 2214 2230
800ANDENES 2011102  2105 1867 1937 2111 2115 2136 2299 2476 2348 2119 2089
800ANDENES 2011103  2081 2083 2023 1927 1957 2067 2190 2270 2190
800ANDENES 2011111  2270 2276 2153 2119 2117 2115 2228 2138 2061 2050 2001
800ANDENES 2011112  2045 2181 2140 2107 2176 2136 2138 2010 1994 2050 2097
800ANDENES 2011113  2296 2496 2610 2782 2541 2350 2410 2620
800ANDENES 2011121  2630 2530 2482 2574 2479 2413 2287 2131 2107 2117 2110
800ANDENES 2011122  2132 2291 2401 2403 2356 2254 2094 2052 2048 2054 2146
800ANDENES 2011123  2465 2529 2633 2611 2471 2305 2245 2111 1986
800ANDENES 2012 11  2143 2237 2260 2286 2251 2113 2055 1990 1996 2178 2313
800ANDENES 2012 12  2294 2016 1917 2054 2008 2034 2176 2295 2180 2090 2033
800ANDENES 2012 13  1977 1932 1883 1927 1877 1737 1639 1656 1727
800ANDENES 2012 21  1728 1808 1848 1855 1964 1933 1778 1788 1889 2002 2029
800ANDENES 2012 22  1914 1954 2017 1907 2014 2097 2144 2096 2107 2142 2077
800ANDENES 2012 23  2101 2059 1997 1848 2086 2268 2124
800ANDENES 2012 31  2162 1904 1690 1762 1766 1783 1958 2074 2214 2171 2165
800ANDENES 2012 32  2185 1931 1828 2092 2218 2079 2054 2053 1980 1949 1950
800ANDENES 2012 33  1859 1835 1793 1892 1960 2054 2023 1931 1925
800ANDENES 2012 41  1988 1913 1889 1896 1903 1865 1859 1885 1891 1940 1954
800ANDENES 2012 42  1898 1836 1785 1752 1733 1795 1833 1790 1762 1782 1801
800ANDENES 2012 43  1797 1803 1789 1765 1844 1772 1745 1814
800ANDENES 2012 51  1778 1875 1760 1697 1750 1860 1910 1879 1829 1851 1829
800ANDENES 2012 52  1797 1855 2043 2062 1956 1917 1970 1979 1953 1845 1715
800ANDENES 2012 53  1712 1785 1825 1805 1961 1945 1863 1827 1815
800ANDENES 2012 61  1803 1784 1767 1806 1860 1868 1843 1784 1759 1780 1800
800ANDENES 2012 62  1784 1765 1780 1752 1730 1837 1908 1902 1900 1821 1760
800ANDENES 2012 63  1776 1821 1827 1821 1817 1798 1796 1885
800ANDENES 2012 71  1946 1938 1810 1704 1748 1720 1675 1718 1710 1715 1754
800ANDENES 2012 72  1804 1886 2026 2095 2089 2027 1948 1910 1910 1912 1918
800ANDENES 2012 73  2034 2126 2082 1915 1849 1847 1831 1846 1898
800ANDENES 2012 81  1934 1936 1885 1872 1875 1855 1854 1839 1833 1888 1916
800ANDENES 2012 82  1878 1832 1831 1827 1823 1822 1822 1808 1830 1899 1936
800ANDENES 2012 83  1956 1980 1997 1962 1894 1902 1946 1915 1863
800ANDENES 2012 91  1889 2049 2072 2171 2270 2070 2096 2081 1985 2035 2128
800ANDENES 2012 92  2151 2161 2243 2228 2229 2198 2092 2071 2070 1988 1935
800ANDENES 2012 93  1964 1930 1896 1897 1935 1997 2009 2059
800ANDENES 2012101  2107 2142 2110 2098 2163 2199 2156 2113 2121 2090 1958
800ANDENES 2012102  1794 1721 1722 1806 1947 1992 1976 1944 1888 1880 1906
800ANDENES 2012103  2028 2120 2130 2008 1857 1866 1936 2044 2110
800ANDENES 2012111  2064 2069 2123 2149 2161 2309 2361 2178 2010 2106 2186
800ANDENES 2012112  2130 2006 2189 2243 2227 2172 2226 2263 2171 2231 2202
800ANDENES 2012113  2076 2116 2134 2085 2003 1991 1994 1898
800ANDENES 2012121  1797 1857 1937 1953 1930 1869 1804 1795 1786 1777 1777
800ANDENES 2012122  1798 1839 1897 1940 1971 1944 1860 1843 1816 1796 1796
800ANDENES 2012123  1851 2013 2100 2087 2187 2065 2063 2301 2330
800ANDENES 2013 11  2227 2120 2123 2058 1985 2038 2038 2097 1991 1879 1893
800ANDENES 2013 12  1907 1918 1880 1823 1826 1949 2075 1963 1885 1982 1979
800ANDENES 2013 13  1897 1868 1928 2045 2039 2135 2238 2277 2305
800ANDENES 2013 21  2242 2102 2029 2126 2165 1978 1828 1769 1717 1678 1648
800ANDENES 2013 22  1653 1733 1793 1802 1873 1940 1848 1782 1882 1928 1889
800ANDENES 2013 23  1889 1846 1890 1953 2023 2036
800ANDENES 2013 31  1850 1969 1923 1868 1937 1953 1834 1727 1712 1737 1756
800ANDENES 2013 32  1758 1766 1839 1905 1944 1936 1848 1712 1594 1562 1587
800ANDENES 2013 33  1657 1703 1716 1830 1854 1795 1821 1906 1971
800ANDENES 2013 41  1985 1972 1959 1882 1796 1792 1776 1768 1828 1869 1882
800ANDENES 2013 42  1891 1901 1978 2073 2118 2137 2154 2089 1920 1948 2094
800ANDENES 2013 43  2229 2175 2071 1943 1843 1858 1953 1953
800ANDENES 2013 51  1847 1905 1913 1843 1836 1952 1969 1813 1801 1901 1949
800ANDENES 2013 52  1913 1907 1930 1926 1825 1774 1715 1654 1703 1797 1803
800ANDENES 2013 53  1796 1855 1759 1730 1791 1778 1760 1783 1802
800ANDENES 2013 61  1809 1822 1766 1651 1643 1731 1823 1870 1860 1814 1796
800ANDENES 2013 62  1797 1852 1952 1943 1907 1877 1811 1789 1830 1839 1932
800ANDENES 2013 63  1910 1825 1776 1657 1653 1785 1844 1832
800ANDENES 2013 71  1891 1948 1936 1969 1996 1987 2053 2044 2044 1998 1936
800ANDENES 2013 72  1912 1940 2003 2056 1961 1957 2026 1961 1993 1930 1803
800ANDENES 2013 73  1751 1767 1820 1826 1878 1886 1910 1962 2049
800ANDENES 2013 81  2023 1929 1970 2007 1990 2009 1971 1876 1822 1816 1864
800ANDENES 2013 82  1926 1901 1853 1849 1902 1983 2051 2093 2065 2052 1928
800ANDENES 2013 83  1841 1828 1857 1986 2049 2070 2045 1974 2010
800ANDENES 2013 91  2040 2034 2003 1991 2038 2035 1927 1850 1862 1882 1865
800ANDENES 2013 92  1924 1983 1982 2020 2027 1978 1969 1982 1970 1995 2038
800ANDENES 2013 93  1964 1871 1868 1871 1862 1870 1893 1914
800ANDENES 2013101  1986 2054 2049 2059 2125 2153 2151 2106 2120 2061 2005
800ANDENES 2013102  1955 1874 1960 1954 1903 1984 2041 1998 1872 1852 1971
800ANDENES 2013103  2109 2123 2076 2116 2226 2328 2351 2272 2172
800ANDENES 2013111  2212 2248 2196 2186 2192 2150 2167 2199 2275 2230 2061
800ANDENES 2013112  2267 2219 2036 2350 2466 2331 2380 2281 2075 1995 2129
800ANDENES 2013113  2211 2103 1875 2050 2285 2098 1998 2082
800ANDENES 2013121  2024 2093 2304 2286 2312 2112 2050 2008 1975 2228 2366
800ANDENES 2013122  2282 2042 2015 2263 2497 2507 2365 2343 2368 2368 2415
800ANDENES 2013123  2387 2366 2429 2455 2439 2398 2303 2150 2034
800ANDENES 2014 11  2071 2097 2107 2127 2087 2080 2170 2139 1978 1889 1906
800ANDENES 2014 12  1932 1956 1935 1898 1852 1866 1863 1846 1822 1811 1840
800ANDENES 2014 13  1874 1920 2016 2034 1919 1843 1796 1772 1806
800ANDENES 2014 21  1883 1944 2016 1993 1982 2026 2084 2102 2121 2101 2058
800ANDENES 2014 22  2053 2079 2080 2027 2055 2032 1921 1826 1820 1915 2094
800ANDENES 2014 23  2216 2303 2190 1996 1943 1913
800ANDENES 2014 31  1855 1840 1847 1827 1874 2046 2194 2275 2326 2340 2128
800ANDENES 2014 32  2086 2230 2361 2116 1976 2003 1965 1937 1999 2209 2210
800ANDENES 2014 33  2121 2000 1796 1777 1713 1686 1663 1698 1741
800ANDENES 2014 41  1780 1846 1804 1886 1921 1847 1810 1816 1868 2002 2076
800ANDENES 2014 42  2113 2217 2063 1879 2020 2066 1962 2007 1864 1910 1832
800ANDENES 2014 43  1690 1705 1703 1705 1738 1854 1823 1786
800ANDENES 2014 51  1833 1821 1779 1746 1744 1773 1795 1839 1911 1982 1978
800ANDENES 2014 52  1870 1746 1713 1747 1859 1961 1904 1839 1873 1771 1737
800ANDENES 2014 53  1765 1672 1525 1481 1550 1603 1668 1744 1777
800ANDENES 2014 61  1759 1777 1821 1833 1828 1806 1775 1797 1779 1747 1802
800ANDENES 2014 62  1840 1790 1814 1829 1796 1880 1898 1859 1844 1815 1735
800ANDENES 2014 63  1705 1699 1721 1756 1787 1808 1829 1831
800ANDENES 2014 71  1798 1831 1925 1933 1926 1931 1892 1840 1797 1812 1765
800ANDENES 2014 72  1769 1792 1815 1885 1871 1806 1746 1691 1721 1763 1757
800ANDENES 2014 73  1766 1778 1794 1803 1847 1874 1855 1911 2010
800ANDENES 2014 81  1999 1904 1867 1868 1878 1903 1899 1887 1862 1878 1929
800ANDENES 2014 82  1946 1943 1924 1899 1883 1872 1816 1802 1817 1820 1815
800ANDENES 2014 83  1799 1805 1824 1818 1801 1782 1770 1771 1789
800ANDENES 2014 91  1842 1927 1994 2004 1921 1842 1799 1797 1855 1923 1948
800ANDENES 2014 92  1838 1908 1886 1805 1845 1854 1827 1891 1983 1895 1779
800ANDENES 2014 93  1816 1913 2024 2286 2423 2256 2144 1897
800ANDENES 2014101  1971 2027 2022 2019 1944 1858 1847 1831 1816 1874 1868
800ANDENES 2014102  1845 1906 1905 1900 1969 2015 2006 2051 2093 2032 2012
800ANDENES 2014103  2119 2217 2231 2381 2476 2392 2351 2183 1949
800ANDENES 2014111  1972 2215 2279 2026 1900 1953 2045 2134 2157 2102 2021
800ANDENES 2014112  1872 1816 1846 1914 1947 1985 1982 1909 1919 1955 1904
800ANDENES 2014113  1923 1979 2056 2055 2036 1971 1905 1899
800ANDENES 2014121  1964 2182 2288 2178 2185 2274 2368 2282 2131 2296 2395
800ANDENES 2014122  2373 2328 2236 2294 2281 2184 2215 2317 2294 2133 2155
800ANDENES 2014123  2161 2082 2084 1983 1903 1938 1998 2138 2243
800ANDENES 2015 11  2362 2491 2396 2221 2022 2107 2227 2300 2317 2236 2150
800ANDENES 2015 12  2184 2467 2506 2336 2338 2242 1952 1840 1876 1836 1813
800ANDENES 2015 13  1929 2080 2066 2220 2257 2216 2057 1995 1983
800ANDENES 2015 21  1936 1898 1790 1791 1955 2035 2123 1940 2095 2194 2232
800ANDENES 2015 22  2157 2004 1845 1895 2086 2209 2118 2142 2234 2223 2092
800ANDENES 2015 23  2069 2163 2006 1926 2076 2207
800ANDENES 2015 31  2287 2276 2135 1963 1939 2056 2268 2414 2269 2116 1994
800ANDENES 2015 32  2019 2000 1834 1758 1778 1740 1843 1884 1706 1662 1937
800ANDENES 2015 33  2011 1825 1763 1788 1913 1978 2096 2160 2137
800ANDENES 2015 41  2138 2000 1830 1722 1823 1958 2059 2064 2052 2074 1991
800ANDENES 2015 42  2049 2023 1993 2083 1981 1846 1843 1834 1789 1868 2044
800ANDENES 2015 43  2094 1971 1849 1879 1967 1909 1867 1894
800ANDENES 2015 51  1893 1880 1855 1796 1836 1934 1981 1980 1988 1999 2002
800ANDENES 2015 52  2066 2058 1902 1745 1754 1836 1902 1926 1915 1899 1970
800ANDENES 2015 53  2020 1959 1914 1909 1928 1954 1959 1934 1935
800ANDENES 2015 61  2052 2109 2064 2003 1920 1883 1889 1819 1936 2038 1959
800ANDENES 2015 62  1981 2046 2058 1994 1879 1843 1909 1887 1878 1891 1885
800ANDENES 2015 63  1869 1899 1921 1876 1898 1937 1909 1857
800ANDENES 2015 71  1849 1902 1909 1825 1779 1862 1880 1862 1884 1850 1814
800ANDENES 2015 72  1844 1893 1905 1897 1937 1952 1993 2034 2003 1974 1960
800ANDENES 2015 73  1976 1958 1899 1896 1986 1996 1959 1971 1930
800ANDENES 2015 81  1860 1832 1799 1777 1843 1864 1895 1949 1965 1980 2026
800ANDENES 2015 82  2060 1998 1902 1847 1846 1825 1809 1826 1843 1865 1872
800ANDENES 2015 83  1855 1837 1841 1882 1953 2041 2106 2109 2017
800ANDENES 2015 91  1865 1816 1857 1933 1911 1877 1928 1893 1880 1818 1809
800ANDENES 2015 92  1833 1883 1915 1918 1959 1989 2100 2143 1946 1894 1953
800ANDENES 2015 93  2005 1976 2047 2027 1812 1789 2052 2118
800ANDENES 2015101  2142 2238 2176 2121 1941 1915 1935 1919 1912 1924 1961
800ANDENES 2015102  2005 2018 2066 2187 2179 2137 2055 2031 2103 2258 2334
800ANDENES 2015103  2212 2297 2287 2116 2046 2029 1955 1963 2157
800ANDENES 2015111  2438 2407 2351 2242 2061 2034 2159 2210 2386 2520 2411
800ANDENES 2015112  2294 2290 2436 2344 2215 2280 2254 2199 2157 2034 1999
800ANDENES 2015113  2071 2241 2305 2401 2496 2403 2413 2421
800ANDENES 2015121  2323 2243 2440 2502 2590 2723 2451 2195 2323 2384 2456
800ANDENES 2015122  2299 2191 2153 2079 2025 2134 2362 2356 2407 2463 2415
800ANDENES 2015123  2462 2609 2665 2413 2122 1984 2046 2207 2236
800ANDENES 2016 11  2176 2098 2061 2044 2007 2024 1978 1962 1946 1921 1863
800ANDENES 2016 12  1791 1757 1785 1800 1776 1874 1946 1923 1876 1928 2019
800ANDENES 2016 13  2060 2089 2149 2330 2374 2299 2408 2640 2539
800ANDENES 2016 21  2462 2481 2384 2195 2023 2111 2262 2306 2218 2084 1915
800ANDENES 2016 22  1771 1757 1844 1825 1792 2028 2101 2134 2173 2238 2208
800ANDENES 2016 23  2151 2046 1963 1984 1961 1830 1843
800ANDENES 2016 31  2012 2078 2010 1966 1885 1828 1817 1830 1792 1734 1738
800ANDENES 2016 32  1804 1836 1817 1830 1826 1861 1819 1812 1824 1805 1843
800ANDENES 2016 33  1858 1868 1964 2058 2189 2224 2165 2172 2054
800ANDENES 2016 41  1935 1909 1928 1915 1888 1939 2004 1984 1875 1756 1753
800ANDENES 2016 42  1778 1728 1816 1922 1917 1927 1960 1883 1839 1956 1904
800ANDENES 2016 43  1849 1851 1857 1860 1848 1758 1707 1709
800ANDENES 2016 51  1753 1837 1884 1885 1884 1891 1882 1852 1783 1797 1881
800ANDENES 2016 52  2020 2034 1970 1901 1943 2012 1980 1912 1877 1897 1944
800ANDENES 2016 53  1967 1922 1794 1755 1761 1731 1724 1703 1638
800ANDENES 2016 61  1564 1603 1679 1651 1643 1726 1859 1807 1763 1752 1749
800ANDENES 2016 62  1803 1891 1903 1871 1814 1760 1723 1717 1774 1876 1919
800ANDENES 2016 63  1887 1876 1834 1797 1867 1856 1805 1861
800ANDENES 2016 71  1921 1930 1974 1940 1916 1946 1919 1893 1922 1944 1962
800ANDENES 2016 72  1952 1912 1868 1846 1931 2034 1997 1934 1876 1845 1849
800ANDENES 2016 73  1848 1817 1805 1843 1888 1910 1918 1901 1867
800ANDENES 2016 81  1843 1877 1918 1927 1868 1843 1893 2040 2041 1946 1954
800ANDENES 2016 82  1951 1901 1821 1788 1766 1776 1789 1806 1877 1869 1815
800ANDENES 2016 83  1795 1829 1897 1910 1861 1821 1953 1998 2066
800ANDENES 2016 91  2188 2068 2025 2044 1911 2004 2115 1981 1975 2009 2097
800ANDENES 2016 92  2044 1950 1948 1845 1800 1843 1896 1921 1854 1845 1873
800ANDENES 2016 93  1941 2027 2085 2042 2059 2205 2283 2367
800ANDENES 2016101  2283 2064 1843 1787 1873 1798 1767 1761 1759 1794 1839
800ANDENES 2016102  1817 1781 1763 1772 1785 1843 1883 1880 1807 1789 1798
800ANDENES 2016103  1840 1906 1960 2084 2314 2419 2243 2045 2018
800ANDENES 2016111  2003 1997 2005 1942 1855 1802 1801 1812 1836 1910 1995
800ANDENES 2016112  2036 2057 2185 2343 2390 2380 2290 2238 2196 2101 2068
800ANDENES 2016113  2068 2024 2136 2143 1826 1890 2212 2334
800ANDENES 2016121  2144 1950 2022 2239 2120 2093 2201 2209 2106 2022 2031
800ANDENES 2016122  2062 2138 2143 2139 2139 2145 2167 2246 2301 2457 2535
800ANDENES 2016123  2416 2442 2539 2637 2357 2235 2405 2511 2528
800ANDENES 2017 11  2213 2031 2032 1887 1913 2281 2272 2245 2205 2166 2287
800ANDENES 2017 12  2306 2241 2116 1917 1882 2067 2149 2246 2111 1977 2063
800ANDENES 2017 13  2072 2065 2313 2272 2232 2204 2290 2174 1938
800ANDENES 2017 21  1956 2099 2058 1989 1925 1821 1775 1715 1695 1678 1734
800ANDENES 2017 22  1930 1946 1824 1887 2046 2111 2110 2187 2196 2143 2189
800ANDENES 2017 23  2181 2032 1943 1974 2005 1996
800ANDENES 2017 31  1957 1967 1895 1800 1735 1719 1765 1885 1958 1925 1883
800ANDENES 2017 32  1869 1951 2242 2389 2231 2302 2142 2060 2212 2239 2180
800ANDENES 2017 33  1999 1918 2023 2047 1965 1843 1762 1773 1837
800ANDENES 2017 41  1851 1820 1945 2104 2071 1968 1899 1919 2039 2077 1974
800ANDENES 2017 42  1901 1862 1852 1834 1806 1767 1761 1849 2134 2141 1973
800ANDENES 2017 43  1893 1788 1740 1749 1706 1651 1663 1788
800ANDENES 2017 51  1882 1744 1647 1758 1810 1758 1721 1668 1697 1762 1852
800ANDENES 2017 52  1883 1840 1794 1802 1879 1955 1975 1930 1861 1891 1877
800ANDENES 2017 53  1819 1901 1925 1824 1839 1870 1825 1893 1934
800ANDENES 2017 61  1828 1729 1752 1824 1927 1911 1826 1845 1866 1879 1936
800ANDENES 2017 62  2002 1961 1958 1985 1949 1920 1993 2042 2049 1948 1864
800ANDENES 2017 63  1895 1976 2043 2029 1945 1897 1853 1812
800ANDENES 2017 71  1855 1951 1952 1903 1866 1891 1916 1942 1998 2038 2038
800ANDENES 2017 72  2049 1976 1910 1909 1979 2005 1965 1863 1776 1762 1745
800ANDENES 2017 73  1734 1743 1761 1787 1843 1882 1933 1945 1891
800ANDENES 2017 81  1930 1965 1960 1978 1971 1943 1928 1877 1815 1895 2024
800ANDENES 2017 82  2101 2096 2043 1900 1940 1963 1958 2011 1963 1818 1793
800ANDENES 2017 83  1829 1887 1908 1854 1857 1984 2180 2310 2141
800ANDENES 2017 91  2024 2019 1984 1930 1953 2006 2012 2001 1948 2020 2088
800ANDENES 2017 92  2093 2125 2114 2016 1910 1939 1924 1863 1810 1833 1884
800ANDENES 2017 93  1878 1853 1843 1850 1827 1842 1898 1961
800ANDENES 2017101  2010 2101 2175 2232 2217 2178 2124 2041 1981 2028 2163
800ANDENES 2017102  2202 2182 2330 2365 2335 2261 2105 1941 1854 1867 1901
800ANDENES 2017103  1882 1964 2143 2228 2334 2362 2167 2011 2084
800ANDENES 2017111  2220 2239 2309 2358 2241 2196 2121 2150 2354 2438 2363
800ANDENES 2017112  2225 2080 2132 2185 2148 2263 2284 2118 2046 2004 1942
800ANDENES 2017113  2025 2223 2294 2284 2211 2099 2014 1917
800ANDENES 2017121  2038 2201 2167 2147 2188 2086 2128 2238 2183 2136 2127
800ANDENES 2017122  2124 2245 2253 2139 2078 2054 2061 2177 2307 2348 2297
800ANDENES 2017123  2316 2314 2189 2063 1973 1940 1987 2141 2162
800ANDENES 2018 11  2148 2145 2093 1972 1945 1977 1996 1976 1973 1942 1951
800ANDENES 2018 12  1928 1947 2097 2289 2384 2285 2129 2059 2015 1994 1995
800ANDENES 2018 13  1999 2142 2235 2044 1909 1965 2038 2054 2038
800ANDENES 2018 21  1914 1765 1704 1713 1831 1911 1965 2018 2050 2042 2014
800ANDENES 2018 22  2011 2047 2067 2081 2068 2006 1920 1809 1758 1778 1738
800ANDENES 2018 23  1743 1745 1664 1633 1577 1642
800ANDENES 2018 31  1732 1782 1814 1771 1740 1764 1800 1806 1862 1902 1919
800ANDENES 2018 32  1944 1904 1817 1765 1760 1935 2084 1933 1877 2002 1927
800ANDENES 2018 33  1927 2009 1919 1811 1819 1862 1864 1863 1857
800ANDENES 2018 41  1864 1859 1838 1864 1885 1875 1829 1837 1836 1735 1690
800ANDENES 2018 42  1677 1737 1731 1738 1804 1830 1824 1798 1930 1988 1871
800ANDENES 2018 43  1909 2043 2058 2002 1960 1867 1807 1739
800ANDENES 2018 51  1756 1846 1898 1910 1958 1985 1940 1877 1911 1911 1845
800ANDENES 2018 52  1773 1815 1824 1821 1851 1841 1871 1881 1909 1898 1839
800ANDENES 2018 53  1772 1771 1805 1720 1701 1823 1840 1727 1813
800ANDENES 2018 61  1878 1909 2025 2009 1867 1834 1829 1801 1824 1891 1921
800ANDENES 2018 62  1872 1862 1947 2113 2104 1951 2024 2110 2123 2032 1975
800ANDENES 2018 63  1984 1921 1942 1991 1956 1920 1875 1809
800ANDENES 2018 71  1811 1871 1892 1872 1897 1888 1831 1847 1841 1825 1846
800ANDENES 2018 72  1875 1875 1882 1900 1886 1871 1882 1863 1851 1921 1968
800ANDENES 2018 73  1979 1976 1959 1885 1834 1841 1882 1887 1895
800ANDENES 2018 81  1921 1907 1935 1960 1992 1982 1954 2007 2023 2000 2083
800ANDENES 2018 82  2022 1912 1858 1885 1972 2066 2166 2255 2156 2047 2075
800ANDENES 2018 83  2139 2152 2168 2098 2006 1932 1969 2005 1908
800ANDENES 2018 91  1922 2006 2042 1962 1935 1938 1868 1840 1875 1966 2083
800ANDENES 2018 92  2158 2140 2161 2213 2187 2185 2187 2233 2398 2416 2446
800ANDENES 2018 93  2419 2168 2164 2342 2208 2104 2239 2316
800ANDENES 2018101  2177 2143 2085 2086 2246 2220 2111 2277 2361 2170 2071
800ANDENES 2018102  2122 2248 2315 2248 2225 2277 2362 2205 2192 2418 2445
800ANDENES 2018103  2355 2278 2185 2063 1885 1813 1848 1912 2061
800ANDENES 2018111  2046 2020 2075 2177 2266 2207 2106 2043 2013 2037 2110
800ANDENES 2018112  2169 2144 2136 2221 2273 2087 1894 1966 1900 1861 1968
800ANDENES 2018113  2079 2029 2002 1952 1915 2007 2181 2298
800ANDENES 2018121  2337 2385 2363 2260 2192 2160 2169 2229 2194 2022 1858
800ANDENES 2018122  1834 1925 1992 2058 2055 1983 1929 1923 1946 1988 2035
800ANDENES 2018123  2066 2144 2217 2115 2131 2128 2126 2022 2132
800ANDENES 2019 11  2135 1911 2105 2097 2054 2155 2247 2140 1974 2355 2324
800ANDENES 2019 12  2080 2212 2144 2036 2065 2083 2032 1991 1924 1943 1983
800ANDENES 2019 13  1886 1811 1887 1922 1981 1993 1968 1955 1932
800ANDENES 2019 21  1879 1816 1848 1903 1949 2002 2055 2035 2036 2124 2074
800ANDENES 2019 22  1990 2045 2278 2332 2361 2068 2060 2100 1899 1864 2003
800ANDENES 2019 23  2137 2239 2083 2077 2262 2071
800ANDENES 2019 31  2043 2033 2057 2097 2087 2072 1973 1937 1916 1854 1853
800ANDENES 2019 32  1903 2010 2085 2080 2001 1879 1785 1825 2025 2012 1992
800ANDENES 2019 33  2286 2224 1937 1937 2069 2173 2300 2244 2062
800ANDENES 2019 41  2019 2034 1911 1696 1614 1665 1625 1582 1564 1607 1676
800ANDENES 2019 42  1681 1673 1686 1676 1686 1693 1702 1737 1832 1930 1934
800ANDENES 2019 43  1922 1836 1833 1849 1824 1802 1757 1803
800ANDENES 2019 51  1890 1825 1800 1834 1766 1725 1773 1874 1821 1834 1852
800ANDENES 2019 52  1800 1786 1762 1716 1695 1693 1707 1741 1771 1757 1685
800ANDENES 2019 53  1687 1764 1825 1907 1969 1940 1981 2045 2040
800ANDENES 2019 61  1991 1885 1880 1933 1912 1878 1873 1854 1832 1730 1565
800ANDENES 2019 62  1558 1590 1635 1693 1759 1827 1878 1897 1924 2004 2028
800ANDENES 2019 63  1973 1856 1817 1866 1877 1936 1998 1989
800ANDENES 2019 71  2056 2010 1976 1983 1981 1944 1870 1808 1784 1801 1826
800ANDENES 2019 72  1826 1832 1847 1857 1858 1874 1873 1886 1895 1908 1934
800ANDENES 2019 73  1910 1896 1882 1836 1790 1780 1722 1675 1694
800ANDENES 2019 81  1757 1772 1773 1796 1826 1843 1855 1866 1832 1823 1887
800ANDENES 2019 82  1927 1899 1913 1937 1961 2023 2037 2025 1994 1942 1890
800ANDENES 2019 83  1861 1814 1951 1992 1937 1926 1972 1979 1965
800ANDENES 2019 91  1988 2010 2062 2090 2061 2046 1880 1857 1901 1931 2074
800ANDENES 2019 92  2184 2125 2087 2219 2216 2078 1931 1894 1970 1984 1913
800ANDENES 2019 93  1922 1970 1998 1983 1993 2043 2078 2055
800ANDENES 2019101  1953 1817 1792 1863 1902 1933 1955 2042 2090 2111 2126
800ANDENES 2019102  2123 2070 2009 1987 1948 2000 2050 1932 1904 1999 2304
800ANDENES 2019103  2191 2062 2128 2163 2158 2028 1894 2013 2089
800ANDENES 2019111  2083 2145 2076 1992 1917 1884 1883 1824 1762 1750 1831
800ANDENES 2019112  1912 1995 1970 1852 1831 1872 1874 1912 1981 1957 1876
800ANDENES 2019113  1883 1913 1963 1997 1988 2041 2038 2052
800ANDENES 2019121  2095 2003 2149 2355 2470 2464 2326 2218 2126 1986 2211
800ANDENES 2019122  2344 2308 2182 2152 2154 2163 2103 2007 2011 2051 2120
800ANDENES 2019123  2134 2077 1929 1839 1880 2126 2346 2360 2247
800ANDENES 2020 11  2348 2554 2630 2280 2113 2247 2380 2651 2594 2262 2343
800ANDENES 2020 12  2444 2361 2370 2429 2352 2169 2174 2249 2375 2412 2152
800ANDENES 2020 13  2283 2384 2182 2036 2089 2111 2066 2065 2154
800ANDENES 2020 21  2352 2301 2131 2165 2112 1963 2028 2136 2322 2557 2517
800ANDENES 2020 22  2327 2143 2022 2005 2272 2509 2385 2160 2210 2477 2719
800ANDENES 2020 23  2615 2286 2155 2146 2152 2158 2039
800ANDENES 2020 31  1929 1802 1715 1854 2046 2099 2022 2120 2222 2071 2095
800ANDENES 2020 32  2201 2005 2000 2230 2085 2169 2210 1971 1825 1772 1950
800ANDENES 2020 33  2101 2274 2208 2081 2093 1965 1783 1805 1989
800ANDENES 2020 41  1933 2115 2096 1907 1739 1807 1992 2142 2004 1887 1918
800ANDENES 2020 42  2019 1852 1951 2172 2100 1931 1844 1826 1791 1708 1731
800ANDENES 2020 43  1834 1857 1854 1789 1737 1778 1822 1841
800ANDENES 2020 51  1879 1913 1911 1846 1985 2073 1949 1926 1917 1926 1971
800ANDENES 2020 52  1982 1959 1990 2063 2006 1936 1919 1848 1777 1757 1828
800ANDENES 2020 53  1966 1985 1912 1932 2023 1995 1893 1752 1727
800ANDENES 2020 61  1782 1835 1814 1814 1824 1934 2030 1921 1790 1730 1675
800ANDENES 2020 62  1704 1781 1820 1796 1769 1793 1789 1726 1766 1849 1892
800ANDENES 2020 63  1880 1851 1883 1860 1782 1791 1847 1907
800ANDENES 2020 71  1960 1953 1937 1967 2016 2018 1982 1969 1945 1921 1932
800ANDENES 2020 72  1906 1845 1848 1884 1892 1965 2004 2002 1990 1979 1962
800ANDENES 2020 73  1920 1905 1903 1882 1875 1881 1946 1973 1929
800ANDENES 2020 81  1931 2002 2062 2085 2056 1974 1905 1948 1933 1830 1820
800ANDENES 2020 82  1816 1880 2027 2113 2014 1936 1982 1986 1909 1921 2062
800ANDENES 2020 83  2121 2080 2079 2030 2005 1990 1972 1923 1894
800ANDENES 2020 91  1931 1960 2028 2097 2143 2091 2065 2220 2280 2227 2184
800ANDENES 2020 92  2259 2309 2198 2035 1886 1939 2102 1970 2116 2354 2287
800ANDENES 2020 93  2235 2182 2031 1858 1800 1922 1976 1960
800ANDENES 2020101  1887 1810 1805 1820 1870 1953 2034 2115 2120 2028 1935
800ANDENES 2020102  1909 1856 1848 1854 1952 1968 1782 1779 1841 1900 2010
800ANDENES 2020103  2042 1988 2053 2177 2184 2188 2116 1980 2031
800ANDENES 2020111  2170 2428 2430 2399 2469 2368 2297 2174 2050 1932 1996
800ANDENES 2020112  2073 2113 2175 2251 2215 2397 2467 2283 2058 2290 2571
800ANDENES 2020113  2352 2260 2257 2143 2099 2056 2113 2263
800ANDENES 2020121  2151 2223 2260 2140 2070 1923 1874 1880 1965 1966 1960
800ANDENES 2020122  1998 1995 2053 2102 2053 2025 2095 2161 2251 2316 2296
800ANDENES 2020123  2215 2013 1927 2128 2198 2096 2009 1993 1931
800ANDENES 2021 11  1879 1840 1753 1753 1779 1812 1869 1874 1900 2032 2002
800ANDENES 2021 12  1925 1845 1867 1870 1883 1905 1941 1940 1935 1941 1978
800ANDENES 2021 13  2049 2102 2070 2041 2041 2057 2088 2044 2002
800ANDENES 2021 21  1962 1880 1797 1701 1644 1595 1634 1712 1726 1740 1803
800ANDENES 2021 22  1832 1794 1849 1915 1928 1983 2024 2056 2091 2116 2111
800ANDENES 2021 23  2134 2301 2367 2151 2075 2158
800ANDENES 2021 31  2120 2012 1968 1835 1912 2015 1865 1852 1811 1898 2099
800ANDENES 2021 32  2204 2228 2160 2014 1847 1770 1721 1937 2085 1981 1994
800ANDENES 2021 33  2129 2279 2152 2018 2064 1983 2092 2116 1938
800ANDENES 2021 41  1935 1891 1991 2196 2192 2039 1926 1908 1982 2036 1892
800ANDENES 2021 42  1750 1845 1915 1858 1766 1737 1802 1874 2013 2040 1927
800ANDENES 2021 43  1801 1715 1721 1753 1747 1767 1828 1825
800ANDENES 2021 51  1849 1850 1825 1826 1830 1863 1880 1932 1925 1850 1788
800ANDENES 2021 52  1816 1745 1686 1765 1828 1912 2002 1967 1869 1819 1736
800ANDENES 2021 53  1692 1707 1630 1583 1662 1699 1678 1710 1725
