801HONNINGS      LAT=70 59. N  LONG=025 59. E
801HONNINGS1988 61  9999 1680 1727 1695 1624 1508 1448 1538 1593 1602 1644
801HONNINGS1988 62  1745 1750 1673 1644 1662 1642 1603 1594 1544 1573 1644
801HONNINGS1988 63  1673 1590 1623 1732 1705 1669 1724 1748
801HONNINGS1988 71  1729 9999 9999 9999 9999 9999 9999 9999 9999 9999 9999
801HONNINGS1988 72  9999 9999 9999 9999 9999 9999 9999 9999 9999 9999 9999
801HONNINGS1988 73  9999 9999 9999 9999 9999 9999 9999 9999 9999
801HONNINGS1988 81  9999 9999 9999 9999 9999 9999 9999 9999 9999 9999 9999
801HONNINGS1988 82  9999 9999 9999 9999 9999 9999 9999 9999 9999 9999 9999
801HONNINGS1988 83  9999 9999 9999 9999 9999 9999 9999 9999 9999
801HONNINGS1988 91  9999 9999 9999 9999 9999 9999 9999 9999 9999 9999 9999
801HONNINGS1988 92  9999 9999 9999 9999 9999 9999 9999 9999 9999 9999 9999
801HONNINGS1988 93  9999 9999 9999 9999 9999 9999 9999 9999
801HONNINGS1988101  9999 9999 9999 9999 9999 9999 9999 9999 9999 9999 9999
801HONNINGS1988102  9999 9999 9999 9999 9999 9999 9999 9999 9999 9999 9999
801HONNINGS1988103  9999 9999 9999 9999 9999 9999 9999 9999 9999
801HONNINGS1988111  9999 9999 9999 9999 9999 9999 9999 9999 9999 9999 9999
801HONNINGS1988112  9999 9999 9999 9999 9999 9999 9999 9999 9999 9999 9999
801HONNINGS1988113  9999 9999 9999 9999 9999 9999 9999 9999
801HONNINGS1988121  9999 9999 9999 9999 9999 9999 9999 9999 9999 9999 9999
801HONNINGS1988122  9999 9999 9999 9999 9999 9999 9999 9999 9999 9999 9999
801HONNINGS1988123  9999 9999 9999 9999 9999 9999 9999 9999 9999
801HONNINGS1989 11  1802 2094 2257 2091 2089 2030 1902 1833 1908 1932 1865
801HONNINGS1989 12  9999 9999 9999 9999 9999 2180 1998 9999 2235 2085 2060
801HONNINGS1989 13  9999 9999 1949 2061 2153 2381 2431 9999 9999
801HONNINGS1989 21  9999 2357 2209 2172 2246 2196 2122 1955 1791 1767 1902
801HONNINGS1989 22  2085 2175 2116 2159 2332 2192 1981 2016 2088 2073 1955
801HONNINGS1989 23  1867 1875 1800 1791 1895 1808
801HONNINGS1989 31  1761 1800 1743 1674 1672 1682 1760 1821 1702 1814 1988
801HONNINGS1989 32  2021 2008 1981 1942 1884 1870 1842 1813 1742 1763 1860
801HONNINGS1989 33  1905 1833 1749 1657 1514 1622 1982 1944 1733
801HONNINGS1989 41  1585 1588 1594 1582 1480 1475 1519 1605 1702 1574 1494
801HONNINGS1989 42  1567 1619 1609 1569 1555 1515 1520 1569 1630 1652 1616
801HONNINGS1989 43  1577 1624 1601 1561 1602 1617 1617 1621
801HONNINGS1989 51  1569 1619 1713 1758 1768 1734 1747 1769 1782 1813 1853
801HONNINGS1989 52  9999 1579 1639 1685 1750 1888 1843 1811 1785 1659 1724
801HONNINGS1989 53  1725 1683 1680 9999 1716 1690 1738 1758 9999
801HONNINGS1989 61  1629 1696 1614 1566 1606 1648 1692 9999 9999 9999 9999
801HONNINGS1989 62  9999 9999 9999 1574 1618 1661 1636 1680 1794 1773 1739
801HONNINGS1989 63  1765 1828 1799 1775 1749 1676 1713 1811
801HONNINGS1989 71  1839 1734 1742 1792 1764 1803 1873 1814 1730 1648 1676
801HONNINGS1989 72  1770 1832 1811 1792 1832 1818 1739 1680 1596 9999 9999
801HONNINGS1989 73  9999 9999 9999 9999 9999 9999 9999 9999 9999
801HONNINGS1989 81  9999 9999 9999 9999 9999 9999 9999 9999 9999 9999 9999
801HONNINGS1989 82  9999 9999 9999 9999 9999 9999 9999 9999 9999 9999 9999
801HONNINGS1989 83  9999 9999 9999 9999 9999 9999 9999 9999 9999
801HONNINGS1989 91  9999 9999 9999 9999 9999 9999 9999 9999 9999 9999 9999
801HONNINGS1989 92  9999 9999 9999 9999 9999 9999 9999 9999 9999 9999 9999
801HONNINGS1989 93  9999 9999 9999 9999 9999 9999 9999 9999
801HONNINGS1989101  9999 9999 9999 9999 9999 9999 9999 9999 9999 9999 9999
801HONNINGS1989102  9999 9999 9999 9999 9999 9999 9999 9999 9999 9999 9999
801HONNINGS1989103  9999 9999 9999 9999 9999 9999 9999 9999 9999
801HONNINGS1989111  9999 9999 9999 9999 9999 9999 9999 9999 9999 9999 9999
801HONNINGS1989112  9999 9999 9999 9999 9999 9999 9999 9999 9999 9999 9999
801HONNINGS1989113  9999 9999 9999 9999 9999 9999 9999 9999
801HONNINGS1989121  9999 9999 9999 9999 9999 9999 9999 9999 9999 9999 9999
801HONNINGS1989122  9999 9999 9999 9999 9999 9999 9999 9999 9999 9999 9999
801HONNINGS1989123  9999 9999 9999 9999 9999 9999 9999 9999 9999
801HONNINGS1990 11  1892 1732 1727 1838 1857 1833 1905 1993 1944 1880 1833
801HONNINGS1990 12  1730 1736 1890 2047 2049 2005 2043 1973 1922 1842 1808
801HONNINGS1990 13  1905 1954 1948 1945 1968 1841 1721 1658 1654
801HONNINGS1990 21  1759 1870 1937 2014 2093 2269 2340 2374 2201 2070 1968
801HONNINGS1990 22  1836 1779 1726 1708 1732 1732 1761 1873 2183 2364 2276
801HONNINGS1990 23  2310 2339 2200 2019 2067 2219
801HONNINGS1990 31  2148 1921 1793 1887 2026 2033 1946 1994 2024 1939 1856
801HONNINGS1990 32  1833 1686 1642 1947 2168 2018 2118 2184 2090 2030 2006
801HONNINGS1990 33  1962 1905 1770 1715 1860 1843 1843 2149 2002
801HONNINGS1990 41  1891 1873 1780 1707 1637 1619 1583 1727 1842 1883 1907
801HONNINGS1990 42  1978 1944 1820 1732 1745 1736 1657 1607 1535 1512 1528
801HONNINGS1990 43  1544 1465 1502 1645 1830 1857 1973 1892
801HONNINGS1990 51  1699 1757 1776 1854 1862 1856 1791 1773 1777 1765 1659
801HONNINGS1990 52  1606 1643 1652 1644 1694 1725 1668 1610 1581 1572 1548
801HONNINGS1990 53  1560 1603 1617 1625 1571 1582 1702 1767 1657
801HONNINGS1990 61  1607 1602 1606 1588 1588 1587 1629 1634 1587 1550 1554
801HONNINGS1990 62  1589 1568 1535 1556 1544 1495 1460 1441 1500 1586 1624
801HONNINGS1990 63  1645 1660 1675 1776 1828 1784 1746 1715
801HONNINGS1990 71  1635 1631 1690 1732 1733 1718 1781 1788 1822 1835 1786
801HONNINGS1990 72  1752 1720 1626 1561 1543 1557 1603 1580 1576 1630 1633
801HONNINGS1990 73  1577 1532 1551 1583 1597 1579 1575 1621 1660
801HONNINGS1990 81  1626 1642 1788 1888 1909 1890 1802 1752 1711 1700 1643
801HONNINGS1990 82  1640 1706 1747 1752 1705 1680 1687 1655 1639 1659 1628
801HONNINGS1990 83  1682 1715 1743 1699 1642 1687 1695 1687 1678
801HONNINGS1990 91  1670 1685 1691 1668 1661 1642 1633 1641 1639 1569 1600
801HONNINGS1990 92  1706 1764 1787 1797 1768 1804 1801 1755 1735 1630 1645
801HONNINGS1990 93  1693 1728 1727 1718 1760 1839 1835 1797
801HONNINGS1990101  1755 1716 1694 1695 1817 1949 1967 1984 2036 2099 1960
801HONNINGS1990102  1789 1855 1955 1909 1995 2088 1908 1854 1795 1895 2023
801HONNINGS1990103  1934 1868 1910 1880 1805 1792 1781 1806 1760
801HONNINGS1990111  1646 1623 1736 1831 1900 1898 1915 1915 1871 1801 1777
801HONNINGS1990112  1883 1791 1682 1707 1850 1951 1939 1874 1896 1957 1939
801HONNINGS1990113  1777 1665 1656 1821 1865 1784 1684 1799
801HONNINGS1990121  1832 2004 2172 1982 1862 2182 2163 1860 1840 1873 1887
801HONNINGS1990122  1894 1823 1813 1997 1796 1910 2026 1935 1856 1829 1787
801HONNINGS1990123  1841 1888 1940 1933 2018 2055 2040 2084 1988
801HONNINGS1991 11  1849 1798 1894 1938 1873 1843 1864 1893 1906 1900 1940
801HONNINGS1991 12  1917 1796 1741 1994 2042 2017 2058 2046 2242 2143 2132
801HONNINGS1991 13  2066 2003 1952 1722 1861 1764 1683 1735 1673
801HONNINGS1991 21  1592 1578 1549 1577 1605 1635 1703 1706 1694 1702 1685
801HONNINGS1991 22  1639 1616 1682 1806 1852 1715 1575 1592 1647 1776 1845
801HONNINGS1991 23  1884 1944 1762 1585 1507 1491
801HONNINGS1991 31  1445 1430 1466 1550 1544 1548 1582 1502 1453 1517 1574
801HONNINGS1991 32  1611 1655 1698 1719 1684 1557 1425 1468 1551 1561 1599
801HONNINGS1991 33  1615 1629 1637 1528 1575 1628 1610 1735 1704
801HONNINGS1991 41  1600 1705 1898 1938 1763 1731 1774 1722 1709 1701 1707
801HONNINGS1991 42  1773 1663 1574 1783 1710 1564 1480 1453 1479 1534 1601
801HONNINGS1991 43  1549 1462 1443 1432 1490 1455 1415 1489
801HONNINGS1991 51  1582 1605 1631 1663 1609 1594 1579 1506 1488 1563 1687
801HONNINGS1991 52  1675 1596 1596 1549 1466 1469 1520 1583 1671 1687 1712
801HONNINGS1991 53  1652 1571 1536 1523 1593 1693 1724 1782 9999
801HONNINGS1991 61  9999 9999 9999 9999 9999 9999 9999 9999 9999 9999 9999
801HONNINGS1991 62  9999 9999 9999 9999 9999 9999 9999 9999 9999 9999 9999
801HONNINGS1991 63  9999 9999 9999 9999 9999 9999 9999 9999
801HONNINGS1991 71  9999 9999 9999 9999 9999 9999 9999 9999 9999 9999 9999
801HONNINGS1991 72  9999 9999 9999 9999 9999 1615 1615 1616 1628 1663 1700
801HONNINGS1991 73  1695 1637 1590 1632 1664 1694 1712 1673 1631
801HONNINGS1991 81  1636 1580 1586 1585 1589 1638 1677 1664 1671 1730 1809
801HONNINGS1991 82  1822 1735 1662 1708 1790 1821 1742 1684 1707 1714 1751
801HONNINGS1991 83  1770 1855 1713 1579 1661 1681 1800 1901 1760
801HONNINGS1991 91  1776 1915 2046 2054 1918 1839 1775 1731 1712 1705 1752
801HONNINGS1991 92  1762 1735 1703 1890 2005 1830 1683 1712 1756 1729 1719
801HONNINGS1991 93  1748 1826 1946 1923 1889 1883 1804 1707
801HONNINGS1991101  1806 1884 1718 1597 1553 1653 1799 1846 1896 1862 1920
801HONNINGS1991102  1902 1864 1796 1777 1776 1753 1689 1576 1580 1715 1678
801HONNINGS1991103  1618 1732 1828 1790 1692 1589 1574 1641 1759
801HONNINGS1991111  1748 1769 1798 1800 1778 1711 1702 1799 1935 1963 1898
801HONNINGS1991112  1975 2023 2031 1910 9999 9999 9999 9999 9999 9999 9999
801HONNINGS1991113  9999 9999 9999 9999 9999 9999 9999 9999
801HONNINGS1991121  9999 9999 9999 9999 9999 9999 9999 9999 9999 9999 9999
801HONNINGS1991122  9999 9999 9999 9999 9999 9999 9999 9999 9999 9999 9999
801HONNINGS1991123  9999 9999 9999 9999 9999 9999 9999 9999 9999
801HONNINGS1992 11  2295 2272 2269 2306 2217 1999 1927 1892 1796 1879 2101
801HONNINGS1992 12  1842 1727 2018 2146 2111 1929 1708 1763 1944 1866 1853
801HONNINGS1992 13  2006 2120 9999 9999 2089 2208 2042 1972 1954
801HONNINGS1992 21  1878 1974 2016 1941 1914 1844 1995 1992 1800 1905 1987
801HONNINGS1992 22  2039 1975 1849 1755 1704 1640 1577 1550 1555 1693 1912
801HONNINGS1992 23  2113 2007 1997 1901 1815 1853 1984
801HONNINGS1992 31  2011 1917 1799 1742 1759 1816 1860 1738 1751 1815 1961
801HONNINGS1992 32  2022 2026 2003 1905 1717 1721 1854 1771 1755 1730 1710
801HONNINGS1992 33  1637 1602 1635 1673 1688 1675 1596 1426 1388
801HONNINGS1992 41  1372 1365 1394 1436 1431 1498 1682 1659 1545 1584 1664
801HONNINGS1992 42  1639 1543 1474 1451 1525 1646 1664 1617 1509 1438 1428
801HONNINGS1992 43  1443 1458 1510 1556 1555 1577 1572 1655
801HONNINGS1992 51  1702 1652 1668 1583 1543 1673 1850 1895 1881 1814 1692
801HONNINGS1992 52  1612 1622 1583 1750 1714 1680 1646 1613 1571 1579 1587
801HONNINGS1992 53  1519 1535 1534 1498 1535 1553 1570 1573 1624
801HONNINGS1992 61  1546 1508 1562 1539 1569 1681 1602 1484 1464 1452 1497
801HONNINGS1992 62  1554 1622 1727 1828 1861 1787 1651 1659 1839 1903 1860
801HONNINGS1992 63  1749 1647 1582 1549 1616 1694 1721 1713
801HONNINGS1992 71  1694 1668 1690 1639 1553 1549 1585 1703 1779 1786 1825
801HONNINGS1992 72  1761 1779 1841 1804 1795 1749 1686 1676 1695 1693 1749
801HONNINGS1992 73  1795 1669 1651 1689 1757 1782 1755 1718 1755
801HONNINGS1992 81  1805 1746 1752 1780 1804 1782 1790 1821 1800 1774 1826
801HONNINGS1992 82  1796 1665 1594 1636 1661 1664 1675 1685 1686 1668 1645
801HONNINGS1992 83  1643 1709 1753 1751 1733 1760 1835 1791 1717
801HONNINGS1992 91  1738 1829 1906 1813 1622 1595 1603 1612 1709 1773 1750
801HONNINGS1992 92  1749 1725 1712 1745 1756 1737 1650 1561 1500 9999 9999
801HONNINGS1992 93  1611 1605 1668 1687 1590 1539 1614 1684
801HONNINGS1992101  1712 1746 1720 1778 1859 1915 1878 1849 1784 1792 1658
801HONNINGS1992102  1538 1519 1550 1666 1738 1719 1728 1716 1710 1702 1638
801HONNINGS1992103  1615 1692 1674 1643 1653 1612 1598 1621 1637
801HONNINGS1992111  1630 1686 1828 1837 1649 1687 1815 1856 1822 1900 2046
801HONNINGS1992112  1974 1838 1820 1762 1722 1728 1666 1600 1621 1648 1653
801HONNINGS1992113  1651 1708 1719 1701 1775 1852 1886 1862
801HONNINGS1992121  1981 2120 2088 2056 1998 1909 1869 1914 1978 2175 2306
801HONNINGS1992122  2157 1869 1780 1888 1877 1975 1940 2236 2307 1962 2017
801HONNINGS1992123  2144 2238 2264 2111 1859 1959 9999 9999 9999
801HONNINGS1993 11  2022 2243 2155 2164 2353 2326 2127 2146 2415 2339 2244
801HONNINGS1993 12  2237 2128 2042 2035 2179 2267 2210 2069 2013 2203 2318
801HONNINGS1993 13  2197 2080 2101 2072 1915 1762 1733 1928 2270
801HONNINGS1993 21  2361 2307 2410 2436 2227 1901 1768 1871 1665 1467 1699
801HONNINGS1993 22  1732 1723 1902 2051 2013 1887 1826 1805 1750 1728 1661
801HONNINGS1993 23  1695 1740 1769 1878 1887 1701
801HONNINGS1993 31  1658 1689 1773 1664 1553 1497 1451 1670 1881 9999 9999
801HONNINGS1993 32  1603 1631 1786 1978 2022 1990 1974 1959 1915 1839 1782
801HONNINGS1993 33  1812 1936 1830 1602 1611 1613 1595 1513 1535
801HONNINGS1993 41  1559 1418 1405 1529 1617 1594 1462 1429 1477 1509 1616
801HONNINGS1993 42  1585 1481 1432 1429 1441 1543 1687 1725 1687 1703 1737
801HONNINGS1993 43  1641 1590 1615 1520 1590 1721 1715 1611
801HONNINGS1993 51  1512 1587 1510 1337 1310 1391 1425 1464 1551 1582 1608
801HONNINGS1993 52  1640 1535 1476 1464 1420 1470 1550 1559 1431 1450 1559
801HONNINGS1993 53  1622 1645 1629 1617 1578 1563 1575 1604 1607
801HONNINGS1993 61  1626 1582 1552 1494 1532 1639 1668 1644 1621 1558 1544
801HONNINGS1993 62  1595 1627 1570 1539 1569 1614 1628 1681 1699 1670 1677
801HONNINGS1993 63  1598 9999 9999 9999 9999 9999 1526 1551
801HONNINGS1993 71  1606 1672 1694 1718 1726 1720 1700 1659 1614 1556 1517
801HONNINGS1993 72  1485 1501 1551 1591 1635 1672 1659 1630 1580 1544 1527
801HONNINGS1993 73  1476 1463 1489 1539 1589 1614 1629 1588 1629
801HONNINGS1993 81  1672 1674 1628 1659 1711 1644 1579 1624 1645 1628 1662
801HONNINGS1993 82  1698 1688 1643 1578 1607 1656 1643 1568 1563 1601 1603
801HONNINGS1993 83  1605 1637 1654 1625 1554 1537 1550 1541 1571
801HONNINGS1993 91  1648 1658 1650 1672 1705 1718 1706 1685 1643 1606 1571
801HONNINGS1993 92  1541 1535 1543 1538 1595 1643 1639 1645 1653 1654 1706
801HONNINGS1993 93  1721 1631 1583 1623 1658 1638 1641 1682
801HONNINGS1993101  1668 1609 1585 1644 1645 1575 1416 1400 1541 1583 1590
801HONNINGS1993102  1588 1648 1791 1741 1605 1604 1663 1717 1691 1630 1707
801HONNINGS1993103  1854 1979 1813 1713 1920 1897 1727 1888 1994
801HONNINGS1993111  1889 1757 1674 1684 1661 1693 1624 1560 1620 1674 1685
801HONNINGS1993112  1704 1742 1742 1745 1730 1779 1774 1814 1763 1660 1629
801HONNINGS1993113  1568 1656 1776 1740 1698 1716 1733 1712
801HONNINGS1993121  1770 1846 1873 1912 2025 1977 1840 1721 1782 1788 1743
801HONNINGS1993122  1764 1770 1848 1828 1738 1728 1742 1873 2050 1968 1843
801HONNINGS1993123  1692 1577 1617 9999 9999 9999 9999 9999 9999
801HONNINGS1994 11  1879 1874 1877 1798 1700 1659 1654 1755 1803 1654 1587
801HONNINGS1994 12  1603 1706 1780 1707 1631 1630 1551 1529 1695 1963 2158
801HONNINGS1994 13  2042 1914 1822 1747 1654 1613 1622 1624 1691
801HONNINGS1994 21  1674 1646 1655 1604 1606 1605 1551 1512 1494 1468 1465
801HONNINGS1994 22  1480 1633 1815 1831 1782 9999 9999 9999 1650 1682 1750
801HONNINGS1994 23  1697 1693 1682 1543 1473 1494
801HONNINGS1994 31  1518 1503 1512 1603 1727 1918 1935 1887 1908 1890 1877
801HONNINGS1994 32  1880 1897 1840 1876 1944 1887 1791 1702 1674 1638 1509
801HONNINGS1994 33  1531 1651 1635 1624 1606 1594 1666 1725 1697
801HONNINGS1994 41  1722 1758 1761 1723 1697 1685 1617 1581 1574 1540 1487
801HONNINGS1994 42  1471 1514 1464 1514 1630 1611 1560 1524 1533 1497 1475
801HONNINGS1994 43  1504 1460 1415 1457 1559 1696 1776 1792
801HONNINGS1994 51  1731 1599 1622 1585 1498 1506 1564 1527 1548 1658 1595
801HONNINGS1994 52  1470 1505 1560 1562 1540 1518 1510 1485 1466 1461 1506
801HONNINGS1994 53  1549 1592 1613 1613 1645 1671 1644 1716 1856
801HONNINGS1994 61  1777 1681 1710 1662 1598 1591 1634 1691 1684 1644 1674
801HONNINGS1994 62  1723 1719 1825 1837 1754 1681 1699 1775 1741 1663 1727
801HONNINGS1994 63  1771 1760 1773 1782 1807 1755 1723 1819
801HONNINGS1994 71  1788 1724 1660 1585 1631 1634 1670 1713 1699 1648 1637
801HONNINGS1994 72  1563 1564 1548 1582 1629 1581 1550 1550 1564 1543 1583
801HONNINGS1994 73  1625 1651 1646 1653 1676 1700 1678 1637 1605
801HONNINGS1994 81  1615 1659 1681 1662 1724 1784 1762 1748 1746 1683 1604
801HONNINGS1994 82  1615 1656 1677 1639 1594 1592 1638 1682 1682 1643 1593
801HONNINGS1994 83  1588 1610 9999 9999 9999 9999 9999 9999 9999
801HONNINGS1994 91  9999 9999 9999 9999 9999 9999 9999 9999 9999 9999 9999
801HONNINGS1994 92  9999 1765 1723 1678 1654 1618 1599 1613 1584 1644 1799
801HONNINGS1994 93  1872 1897 1903 1769 1834 1979 1992 1946
801HONNINGS1994101  1920 1891 1900 1925 1852 1865 2031 1967 1877 1868 2043
801HONNINGS1994102  2131 1995 1977 1976 1949 1890 1768 1662 1810 1866 1851
801HONNINGS1994103  1880 1778 1745 1694 1656 1628 1609 1620 1637
801HONNINGS1994111  1720 1724 1605 1684 1894 1816 1723 1741 1695 1618 1677
801HONNINGS1994112  1694 1689 1803 1937 1986 1998 1930 1879 1963 2055 2066
801HONNINGS1994113  2117 2051 1947 2033 2172 2201 1912 1794
801HONNINGS1994121  1976 1844 1809 1920 1992 1989 1859 1815 1905 2024 9999
801HONNINGS1994122  9999 9999 9999 9999 9999 9999 9999 9999 9999 9999 9999
801HONNINGS1994123  9999 9999 9999 9999 9999 9999 9999 9999 9999
801HONNINGS1995 11  1853 1719 1617 1669 1877 1966 2056 2162 2188 2058 1837
801HONNINGS1995 12  1706 1818 2105 2089 1982 1953 1795 1718 1706 1725 1715
801HONNINGS1995 13  1798 1947 1948 1863 1785 1810 1822 1651 1698
801HONNINGS1995 21  1995 2105 1966 2037 2011 2128 2264 2260 2142 2021 1888
801HONNINGS1995 22  1809 1832 1799 1763 1809 1895 1893 1844 1814 1799 1840
801HONNINGS1995 23  1859 1952 2011 1942 1841 1879
801HONNINGS1995 31  1989 1976 1859 1689 1661 1576 1457 1428 1373 1419 1467
801HONNINGS1995 32  1615 1935 1933 1808 1789 1753 1707 1657 1677 1626 1673
801HONNINGS1995 33  1939 1946 1909 1894 1855 1780 1720 1644 1716
801HONNINGS1995 41  1839 1903 1978 1957 1851 1756 1750 1718 1606 1578 1545
801HONNINGS1995 42  1548 1675 1751 1757 1690 1631 1612 1610 1622 1632 1575
801HONNINGS1995 43  1503 1463 1383 1334 1322 1350 1385 1426
801HONNINGS1995 51  1465 1531 1634 1693 1701 1649 1587 1562 1551 1511 1463
801HONNINGS1995 52  1445 1408 1411 1492 1580 1647 1661 1683 1598 1522 1467
801HONNINGS1995 53  1515 1616 1584 1531 1623 1623 1548 1501 1470
801HONNINGS1995 61  1482 1479 1509 1495 1471 1530 1520 1509 1558 1657 1655
801HONNINGS1995 62  1588 1555 1519 1571 1585 1582 1597 1612 1581 1600 1600
801HONNINGS1995 63  1629 1696 1706 1778 1759 1805 1809 1755
801HONNINGS1995 71  1716 1708 1725 1735 1736 1719 1704 1764 1743 1734 1761
801HONNINGS1995 72  1787 1739 1610 1565 1603 1642 1684 1676 1670 1746 1893
801HONNINGS1995 73  1947 1884 1854 1797 1763 1749 1657 1613 1603
801HONNINGS1995 81  1589 1613 1696 1740 1715 1755 1740 1718 1768 1712 1630
801HONNINGS1995 82  1610 1607 1616 1692 1809 1867 1913 1899 1804 1748 1859
801HONNINGS1995 83  1834 1814 1840 1797 1806 1807 1774 1717 1620
801HONNINGS1995 91  1593 1586 1566 1600 1645 1588 1488 1437 1425 1527 1584
801HONNINGS1995 92  1563 1542 1524 1530 1568 1604 1675 1729 1730 1772 1860
801HONNINGS1995 93  1898 1841 1870 1966 2061 2026 1943 1847
801HONNINGS1995101  1805 1823 1812 1787 1677 1714 1809 1828 1909 2066 2019
801HONNINGS1995102  1949 2015 1912 1838 1903 1908 1896 1879 1940 1917 1838
801HONNINGS1995103  1808 1733 1672 1775 1854 1947 1891 1824 1808
801HONNINGS1995111  1796 1717 1613 1735 1929 1931 1832 1778 1765 1748 1769
801HONNINGS1995112  1977 1961 1858 1834 1801 1787 1747 1707 1714 1655 1747
801HONNINGS1995113  1851 1737 1692 1671 1663 1711 1726 1835
801HONNINGS1995121  1680 1569 1606 1671 1733 1765 1699 1657 1772 1830 1881
801HONNINGS1995122  2024 1969 1780 1779 2006 1908 1810 1813 1815 1749 1738
801HONNINGS1995123  1779 1837 1883 1875 1760 1703 1717 1792 2033
801HONNINGS1996 11  2175 1910 1817 1897 1799 1775 1798 1847 1856 1852 1831
801HONNINGS1996 12  1835 1805 1751 1745 1830 1795 1752 1787 1724 1755 1803
801HONNINGS1996 13  1682 1615 1670 1670 1749 1739 1754 1919 1835
801HONNINGS1996 21  1718 1741 1767 1667 1631 1621 1564 1482 1458 1524 1653
801HONNINGS1996 22  1710 1742 1675 1638 1626 1635 1636 1512 1490 1654 1691
801HONNINGS1996 23  1639 1667 1677 1773 1902 1949 1937
801HONNINGS1996 31  1775 1736 1846 1778 1598 1697 1775 1545 1477 1463 1508
801HONNINGS1996 32  1545 1486 1462 1480 1449 1438 1531 1627 1655 1635 1565
801HONNINGS1996 33  1489 1579 1658 1647 1656 1726 1689 1549 1510
801HONNINGS1996 41  1560 1628 1626 1612 1685 1695 1676 1660 1521 1383 1487
801HONNINGS1996 42  1637 1598 1544 1518 1467 1452 1448 1467 1532 1610 1611
801HONNINGS1996 43  1493 1424 1537 1653 1670 1747 1825 1754
801HONNINGS1996 51  1623 1556 1525 1526 1521 1532 1531 1463 1411 1501 1594
801HONNINGS1996 52  1572 1511 1512 1479 1445 1447 1455 1509 1545 1535 1524
801HONNINGS1996 53  1532 1594 1674 1741 1802 1722 1574 1545 1555
801HONNINGS1996 61  1648 1720 1762 1729 1702 1755 1723 1676 1776 1677 1667
801HONNINGS1996 62  1704 1726 1669 1595 1559 1598 1640 1604 1560 1580 1617
801HONNINGS1996 63  1625 1548 1509 1616 1626 1635 1700 1721
801HONNINGS1996 71  1655 1628 1622 1605 1631 1661 1642 1587 1511 1554 1651
801HONNINGS1996 72  1605 1655 1810 1832 1742 1644 1578 1576 1559 1591 1615
801HONNINGS1996 73  1667 1721 1685 1664 1653 1668 1682 1683 1659
801HONNINGS1996 81  1627 1630 1639 1591 1543 1497 1500 1519 1514 1524 1524
801HONNINGS1996 82  1541 1565 1619 1676 1652 1701 1793 1791 1760 1732 1687
801HONNINGS1996 83  1584 1553 1619 1616 1489 1471 1516 1545 1586
801HONNINGS1996 91  1584 1665 1774 1704 1588 1525 1585 1621 1669 1671 1612
801HONNINGS1996 92  1553 1561 1632 1616 1588 1638 1584 1502 1619 1719 1739
801HONNINGS1996 93  1802 1812 1648 1533 1580 1669 1719 1838
801HONNINGS1996101  1955 1896 1772 1787 1890 1941 1925 2004 2126 2156 2020
801HONNINGS1996102  2141 2096 1822 1683 1670 1637 1671 1749 1741 1670 1630
801HONNINGS1996103  1608 1714 1762 1823 1937 1925 1903 1897 1819
801HONNINGS1996111  1816 1878 1940 1951 1886 1956 2020 2019 1970 1872 1717
801HONNINGS1996112  1720 1775 2008 2231 2121 1956 1895 1877 1881 1775 1779
801HONNINGS1996113  1851 1771 1708 1712 1665 1594 1597 1723
801HONNINGS1996121  1765 1750 1693 1622 1728 1695 1604 1782 1836 1633 1539
801HONNINGS1996122  1608 1693 1756 1784 1743 1714 1704 1678 1694 1641 1611
801HONNINGS1996123  1638 1620 1752 1844 1824 1750 1627 1775 1934
801HONNINGS1997 11  1782 1717 1684 1675 1675 1758 1706 1784 1962 1842 1615
801HONNINGS1997 12  1603 1849 1980 2075 1978 1769 1792 1859 2066 2149 2109
801HONNINGS1997 13  2004 1821 1885 2073 2133 1975 1869 2021 1812
801HONNINGS1997 21  1713 1813 1931 2031 1969 1786 1777 1867 1778 1748 1747
801HONNINGS1997 22  1771 1712 1638 1624 1568 1572 1675 1786 1777 1778 1775
801HONNINGS1997 23  1944 2057 2118 2149 1998 1835
801HONNINGS1997 31  2004 2163 2220 2046 1888 1904 1946 2122 2118 1998 2066
801HONNINGS1997 32  2034 1870 1826 1762 1717 1613 1531 1521 1504 1446 1394
801HONNINGS1997 33  1391 1375 1358 1469 1655 1765 1772 1797 1876
801HONNINGS1997 41  1931 1881 1783 1745 1677 1588 1435 1359 1485 1580 1534
801HONNINGS1997 42  1614 1803 1643 1557 1790 1869 1710 1521 1533 1599 1550
801HONNINGS1997 43  1613 1705 1707 1686 1769 1821 1692 1565
801HONNINGS1997 51  1619 1788 1814 1701 1604 1566 1509 1473 1444 1473 1527
801HONNINGS1997 52  1541 1564 1537 1502 1501 1528 1544 1520 1498 1454 1462
801HONNINGS1997 53  1485 1544 1580 1611 1600 1560 1495 1487 1519
801HONNINGS1997 61  1562 1661 1623 1619 1726 1586 1470 1524 1567 1629 1638
801HONNINGS1997 62  1627 1627 1602 1541 1482 1461 1495 1532 1567 1563 1543
801HONNINGS1997 63  1583 1602 1596 1544 1468 1476 1536 1582
801HONNINGS1997 71  1561 1463 1440 1486 1506 1530 1548 1544 1519 1517 1498
801HONNINGS1997 72  1479 1503 1519 1511 1514 1529 1524 1528 1558 1490 1465
801HONNINGS1997 73  1511 1552 1509 1483 1495 1585 1616 1583 1563
801HONNINGS1997 81  1569 1599 1609 1618 1644 1603 1583 1632 1756 1694 1579
801HONNINGS1997 82  1612 1676 1625 1585 1592 1586 1624 1636 1607 1649 1743
801HONNINGS1997 83  1821 1812 1784 1756 1720 1601 1605 1636 1621
801HONNINGS1997 91  1575 1569 1641 1685 1695 1772 1867 1929 1965 1925 1853
801HONNINGS1997 92  1833 1825 1932 1987 1962 2030 1995 1891 1886 1910 1887
801HONNINGS1997 93  1827 1854 1905 1873 1806 1810 1787 1784
801HONNINGS1997101  1826 1884 1927 1980 1974 1914 1827 1827 1874 1895 1876
801HONNINGS1997102  1851 1771 1618 1536 1583 1695 1936 2135 2109 2007 1975
801HONNINGS1997103  1936 1824 1770 1763 1726 1722 1784 1897 2129
801HONNINGS1997111  2142 2004 1889 1821 1846 1869 1814 1723 1564 1432 1450
801HONNINGS1997112  1586 1706 1806 1693 1626 1864 1995 1958 1868 1773 1672
801HONNINGS1997113  1667 1680 1673 1692 1729 1685 1569 1544
801HONNINGS1997121  1539 1629 1667 1633 1755 1799 1872 1952 1793 1634 1614
801HONNINGS1997122  1644 1614 1627 1724 1992 1975 1819 1804 1755 1811 1806
801HONNINGS1997123  1831 1907 1833 1833 1861 1839 1840 1851 1762
801HONNINGS1998 11  1724 1739 1751 1793 1864 1809 1726 1730 1694 1783 1867
801HONNINGS1998 12  1810 1759 1779 1870 1927 1932 1835 1762 1659 1674 1896
801HONNINGS1998 13  1860 1809 1885 1978 1888 1813 1712 1613 1639
801HONNINGS1998 21  1643 1564 1566 1574 1624 1593 1555 1622 1736 2012 2084
801HONNINGS1998 22  1983 1799 1719 1910 1824 1794 1994 1938 1851 1922 2015
801HONNINGS1998 23  1829 1699 1808 2005 2125 2007
801HONNINGS1998 31  1886 1793 1724 1747 1808 1766 1694 1672 1589 1450 1426
801HONNINGS1998 32  1544 1585 1608 1614 1695 1748 1855 1879 1738 1612 1570
801HONNINGS1998 33  1544 1524 1600 1632 1721 1674 1533 1502 1510
801HONNINGS1998 41  1502 1512 1628 1682 1659 1660 1678 1657 1581 1480 1379
801HONNINGS1998 42  1366 1374 1365 1385 1419 1432 1450 1480 1484 1484 1491
801HONNINGS1998 43  1487 1509 1574 1598 1541 1416 1401 1485
801HONNINGS1998 51  1547 1533 1543 1646 1623 1530 1534 1615 1630 1609 1621
801HONNINGS1998 52  1553 1516 1539 1568 1623 1667 1687 1808 1783 1680 1587
801HONNINGS1998 53  1535 1521 1535 1533 1543 1537 1507 1495 1470
801HONNINGS1998 61  1466 1518 1568 1554 1563 1560 1567 1598 1726 1678 1644
801HONNINGS1998 62  1581 1619 1628 1494 1441 1464 1431 1367 1358 1374 1434
801HONNINGS1998 63  1479 1507 1525 1538 1560 1568 1568 1590
801HONNINGS1998 71  1615 1605 1603 1622 1651 1684 1719 1749 1778 1775 1698
801HONNINGS1998 72  1638 1620 1618 1647 1679 1686 1647 1637 1675 1671 1614
801HONNINGS1998 73  1593 1596 1619 1636 1639 1643 1634 1640 1710
801HONNINGS1998 81  1740 1643 1583 1619 1691 1704 1716 1714 1689 1596 1508
801HONNINGS1998 82  1466 1502 1539 1581 1618 1622 1660 1747 1800 1836 1876
801HONNINGS1998 83  1893 1859 1783 1685 1614 1575 1534 1496 1528
801HONNINGS1998 91  1540 1547 1555 1592 1640 1654 1608 1685 1709 1669 1670
801HONNINGS1998 92  1626 1547 1599 1670 1626 1552 1531 1546 1678 1861 1865
801HONNINGS1998 93  1824 1751 1647 1619 1560 1525 1560 1495
801HONNINGS1998101  1518 1632 1707 1628 1506 1531 1677 1705 1735 1768 1748
801HONNINGS1998102  1741 1797 1872 1923 1898 1792 1786 1783 1760 1761 1740
801HONNINGS1998103  1859 2033 1864 1797 1869 1931 1865 1665 1568
801HONNINGS1998111  1582 1684 1755 1778 1781 1731 1660 1572 1577 1657 1670
801HONNINGS1998112  1649 1662 1708 1701 1619 1625 1617 1622 1653 1773 2001
801HONNINGS1998113  1994 1916 1883 1869 1854 1758 1729 1806
801HONNINGS1998121  1989 1973 1919 1856 1746 1710 1731 1744 1833 1920 1951
801HONNINGS1998122  1948 2021 2076 2199 2269 2233 2294 2138 1994 1939 1781
801HONNINGS1998123  1658 1666 1726 1818 1914 1980 1961 1791 1770
801HONNINGS1999 11  1847 1855 1917 1960 1945 1873 1850 1808 1746 1623 1579
801HONNINGS1999 12  1553 1550 1669 1780 1867 2017 2071 2045 1954 1868 1773
801HONNINGS1999 13  1672 1622 1658 1712 1751 1733 1666 1717 1814
801HONNINGS1999 21  1632 1634 1830 1895 1829 1827 1843 1778 1695 1694 1782
801HONNINGS1999 22  1815 1829 2052 2127 2100 1883 1719 1637 1642 1666 1776
801HONNINGS1999 23  1843 1735 1653 1722 1742 1686
801HONNINGS1999 31  1646 1618 1614 1595 1569 1494 1434 1414 1404 1376 1354
801HONNINGS1999 32  1382 1479 1522 1561 1798 1891 1668 1536 1572 1669 1687
801HONNINGS1999 33  1701 1713 1752 1687 1577 1603 1604 1634 1673
801HONNINGS1999 41  1719 1760 1726 1658 1646 1770 1866 1824 1860 1882 1789
801HONNINGS1999 42  1637 1492 1419 1371 1435 1516 1489 1544 1522 1499 1564
801HONNINGS1999 43  1579 1511 1488 1493 1598 1707 1693 1599
801HONNINGS1999 51  1546 1532 1593 1559 1532 1541 1472 1457 1484 1483 1488
801HONNINGS1999 52  1525 1527 1517 1528 1507 1553 1652 1586 1549 1527 1510
801HONNINGS1999 53  1601 1685 1656 1643 1647 1620 1642 1659 1636
801HONNINGS1999 61  1693 1753 1737 1712 1643 1565 1549 1521 1496 1523 1545
801HONNINGS1999 62  1523 1520 1617 1676 1604 1668 1780 1819 1815 1736 1641
801HONNINGS1999 63  1575 1564 1599 1547 1551 1647 1669 1663
801HONNINGS1999 71  1716 1740 1733 1721 1685 1691 1676 1627 1596 1601 1703
801HONNINGS1999 72  1780 1766 1719 1723 1713 1674 1719 1746 1738 1783 1845
801HONNINGS1999 73  1827 1825 1864 1852 1822 1814 1824 1784 1702
801HONNINGS1999 81  1648 1651 1649 1684 1741 1804 1805 1766 1735 1683 1644
801HONNINGS1999 82  1650 1660 1646 1625 1658 1676 1687 1711 1724 1712 1680
801HONNINGS1999 83  1708 1813 1836 1765 1721 1694 1663 1697 1747
801HONNINGS1999 91  1735 1939 2096 2055 1920 1859 1873 1885 1803 1811 1718
801HONNINGS1999 92  1705 1682 1717 1738 1690 1635 1611 1632 1665 1704 1763
801HONNINGS1999 93  1802 1756 1774 1820 1877 1898 1881 1860
801HONNINGS1999101  1839 1776 1757 1911 1864 1701 1667 1746 1743 1759 1864
801HONNINGS1999102  1961 1949 1807 1691 1690 1732 1694 1765 1811 1837 1820
801HONNINGS1999103  1777 1816 1808 1889 1934 1920 1957 1963 2063
801HONNINGS1999111  2072 2049 1994 1901 1949 1977 1902 1911 2012 1975 1913
801HONNINGS1999112  2024 2041 1823 1830 1840 1829 1780 1704 1775 1876 1845
801HONNINGS1999113  1832 1886 1950 2034 2189 2312 2282 2274
801HONNINGS1999121  2286 2166 2096 2086 2016 1996 2030 2034 2006 2006 2000
801HONNINGS1999122  1902 1839 1778 1775 1797 1842 1864 1813 1779 1741 1717
801HONNINGS1999123  1868 1968 1951 2024 1975 1853 1794 1824 1741
801HONNINGS2000 11  1725 1915 2036 2098 2070 2071 2229 2376 2423 2174 2121
801HONNINGS2000 12  2111 1985 1860 1798 1961 1966 1812 1797 1765 1683 1697
801HONNINGS2000 13  1662 1712 1938 2061 2045 1992 1958 2122 2205
801HONNINGS2000 21  2115 2049 2002 2027 2009 2074 2181 2198 2150 2083 2224
801HONNINGS2000 22  2096 2061 2063 1963 1919 1868 1820 1807 1706 1571 1551
801HONNINGS2000 23  1568 1619 1779 1831 1791 1813 1845
801HONNINGS2000 31  1894 1911 1786 1702 1657 1718 1855 1850 1860 1753 1693
801HONNINGS2000 32  1692 1875 1960 1853 1664 1591 1640 1838 2078 2055 1980
801HONNINGS2000 33  1885 1767 1661 1590 1648 1641 1737 1792 1715
801HONNINGS2000 41  1639 1563 1462 1489 1637 1677 1525 1562 1790 1820 1697
801HONNINGS2000 42  1561 1512 1539 1542 1520 1528 1579 1624 1602 1594 1597
801HONNINGS2000 43  1566 1604 1634 1636 1568 1557 1450 1310
801HONNINGS2000 51  1374 1520 1586 1652 1722 1550 1599 1678 1732 1801 1695
801HONNINGS2000 52  1620 1601 1580 1539 1497 1524 1598 1631 1662 1705 1716
801HONNINGS2000 53  1686 1698 1657 1651 1610 1611 1656 1682 1653
801HONNINGS2000 61  1610 1606 1682 1669 1590 1556 1595 1618 1597 1642 1691
801HONNINGS2000 62  1687 1737 1854 1820 1755 1710 1693 1754 1794 1710 1652
801HONNINGS2000 63  1704 1702 1601 1527 1507 1561 1534 1441
801HONNINGS2000 71  1423 1447 1512 1563 1600 1586 1549 1584 1659 1694 1655
801HONNINGS2000 72  1632 1674 1712 1651 1554 1551 1607 1676 1651 1523 1497
801HONNINGS2000 73  1537 1484 1460 1503 1559 1626 1625 1599 1575
801HONNINGS2000 81  1564 1574 1586 1577 1632 1685 1729 1757 1788 1772 1757
801HONNINGS2000 82  1732 1675 1632 1656 1657 1623 1608 1629 1618 1616 1620
801HONNINGS2000 83  1661 1717 1729 1727 1700 1709 1696 1639 1630
801HONNINGS2000 91  1629 1702 1722 1663 1621 1641 1664 1765 1905 1976 1903
801HONNINGS2000 92  1763 1629 1590 1677 1783 1771 1704 1653 1623 1651 1616
801HONNINGS2000 93  1704 1808 1686 1617 1636 1662 1684 1691
801HONNINGS2000101  1667 1614 1628 1654 1685 1649 1611 1658 1707 1652 1607
801HONNINGS2000102  1611 1639 1692 1680 1640 1751 1832 1776 1791 1830 1981
801HONNINGS2000103  1963 1891 1885 1809 1736 1687 1645 1588 1604
801HONNINGS2000111  1646 1630 1682 1759 1810 1805 1723 1630 1660 1694 1688
801HONNINGS2000112  1629 1627 1691 1727 1700 1609 1543 1515 1448 1471 1532
801HONNINGS2000113  1644 1687 1709 1755 1748 1782 1831 1836
801HONNINGS2000121  1849 1894 1906 1877 1955 2084 1957 1855 1847 1887 1926
801HONNINGS2000122  1904 1841 1842 1908 1909 1835 1779 1682 1614 1727 1910
801HONNINGS2000123  1871 1840 1829 1761 1722 1703 1685 1741 1792
801HONNINGS2001 11  1848 1835 1817 1847 1853 1836 1812 1782 1756 1793 1778
801HONNINGS2001 12  1776 1881 1954 2076 2048 1920 2010 2037 1789 1750 1792
801HONNINGS2001 13  1832 1838 1941 1947 1842 1784 1744 1647 1520
801HONNINGS2001 21  1397 1363 1419 1507 1535 1571 1717 1852 1816 1729 1603
801HONNINGS2001 22  1636 1802 2057 2019 1974 2036 1956 1934 1932 1865 1751
801HONNINGS2001 23  1756 1725 1608 1513 1454 1440
801HONNINGS2001 31  1475 1546 1647 1788 1839 1805 1732 1660 1699 1767 1818
801HONNINGS2001 32  1809 1745 1690 1616 1572 1607 1653 1664 1708 1689 1610
801HONNINGS2001 33  1538 1542 1565 1520 1460 1471 1614 1731 1702
801HONNINGS2001 41  1729 1754 1629 1585 1718 1882 1743 1561 1563 1678 1652
801HONNINGS2001 42  1515 1461 1540 1681 1840 1750 1626 1608 1607 1576 1497
801HONNINGS2001 43  1463 1459 1534 1589 1604 1623 1630 1597
801HONNINGS2001 51  1567 1637 1850 1857 1714 1619 1612 1637 1727 1683 1615
801HONNINGS2001 52  1684 1755 1731 1648 1549 1496 1543 1628 1597 1499 1525
801HONNINGS2001 53  1639 1619 1586 1581 1623 1611 1593 1599 1586
801HONNINGS2001 61  1638 1680 1655 1587 1657 1726 1723 1711 1717 1711 1709
801HONNINGS2001 62  1691 1682 1655 1619 1567 1507 1437 1420 1466 1529 1596
801HONNINGS2001 63  1598 1560 1555 1553 1538 1563 1591 1568
801HONNINGS2001 71  1603 1674 1704 1693 1710 1687 1693 1679 1673 1709 1682
801HONNINGS2001 72  1668 1682 1711 1694 1662 1602 1581 1592 1631 1597 1513
801HONNINGS2001 73  1492 1531 1577 1595 1613 1637 1716 1908 2035
801HONNINGS2001 81  2045 1920 1750 1722 1678 1673 1692 1698 1688 1669 1720
801HONNINGS2001 82  1738 1756 1749 1703 1690 1780 1805 1674 1587 1593 1592
801HONNINGS2001 83  1596 1603 1596 1630 1685 1720 1717 1701 1708
801HONNINGS2001 91  1735 1753 1731 1703 1712 1724 1722 1675 1633 1624 1640
801HONNINGS2001 92  1631 1613 1673 1700 1651 1535 1532 1533 1568 1619 1610
801HONNINGS2001 93  1562 1663 1789 1840 1882 1867 1813 1736
801HONNINGS2001101  1766 1876 1877 1827 1808 1752 1783 1805 1766 1783 1823
801HONNINGS2001102  1846 1915 1904 1824 1729 1730 1837 1780 1825 1937 1849
801HONNINGS2001103  1718 1796 1908 1993 1953 1884 1893 1863 1836
801HONNINGS2001111  1792 1828 2068 2052 1924 1906 1995 1930 1811 1927 2075
801HONNINGS2001112  1898 1818 1827 1873 1757 1844 1865 1822 1905 2010 1962
801HONNINGS2001113  1836 1892 1936 1930 1759 1680 1769 1824
801HONNINGS2001121  1812 1856 1745 1724 1800 1747 1659 1750 1893 1817 1771
801HONNINGS2001122  1885 1912 1790 1923 1946 1775 1741 1779 1815 1759 1744
801HONNINGS2001123  1792 1866 1905 1853 1721 1624 1600 1614 1700
801HONNINGS2002 11  1747 1856 1963 1976 1921 1822 1965 2227 2244 2282 2246
801HONNINGS2002 12  2183 2203 2073 1916 1963 1952 1818 1739 1810 1890 1927
801HONNINGS2002 13  1938 1875 1850 1871 1873 1907 1937 1817 1764
801HONNINGS2002 21  1741 1790 1954 2075 2054 1929 1841 1845 1933 1986 1986
801HONNINGS2002 22  1998 1893 1843 1992 2064 2038 1953 1975 1977 1900 1901
801HONNINGS2002 23  1987 2011 1983 1885 1855 1855
801HONNINGS2002 31  1787 1721 1725 1778 1799 1868 1961 1928 1957 1989 1890
801HONNINGS2002 32  1782 1748 1791 1793 1655 1639 1722 1802 1709 1593 1518
801HONNINGS2002 33  1464 1478 1586 1673 1750 1892 1866 1707 1621
801HONNINGS2002 41  1531 1463 1488 1538 1614 1705 1602 1493 1553 1762 1856
801HONNINGS2002 42  1704 1596 1501 1513 1511 1490 1541 1570 1648 1735 1770
801HONNINGS2002 43  1816 1698 1673 1681 1651 1635 1636 1631
801HONNINGS2002 51  1647 1683 1719 1714 1630 1558 1653 1723 1585 1499 1539
801HONNINGS2002 52  1511 1525 1628 1724 1706 1720 1709 1655 1637 1538 1440
801HONNINGS2002 53  1424 1441 1481 1529 1516 1526 1542 1596 1646
801HONNINGS2002 61  1601 1574 1577 1604 1596 1593 1609 1582 1558 1543 1595
801HONNINGS2002 62  1618 1598 1618 1663 1699 1726 1694 1686 1718 1742 1704
801HONNINGS2002 63  1717 1728 1711 1697 1663 1635 1608 1600
801HONNINGS2002 71  1640 1655 1687 1652 1617 1708 1709 1675 1661 1592 1558
801HONNINGS2002 72  1619 1583 1518 1541 1571 1593 1593 1597 1654 1701 1715
801HONNINGS2002 73  1694 1725 1726 1769 1799 1771 1840 1805 1705
801HONNINGS2002 81  1645 1623 1604 1547 1537 1580 1597 1605 1610 1616 1622
801HONNINGS2002 82  1578 1571 1629 1628 1606 1631 1726 1750 1689 1681 1654
801HONNINGS2002 83  1620 1591 1668 1709 1765 1827 1783 1795 1852
801HONNINGS2002 91  1862 1975 2036 1875 1861 1836 1753 1695 1712 1671 1675
801HONNINGS2002 92  1695 1725 1652 1778 1935 1899 1791 1747 1739 1708 1715
801HONNINGS2002 93  1873 1926 1849 1765 1791 1925 1930 1893
801HONNINGS2002101  1927 1888 1739 1670 1635 1554 1567 1568 1565 1577 1589
801HONNINGS2002102  1571 1573 1645 1783 1799 1778 1813 1811 1678 1538 1563
801HONNINGS2002103  1632 1672 1771 1911 1971 2036 2027 1897 1819
801HONNINGS2002111  1819 1799 1803 1801 1839 1834 1766 1679 1656 1688 1718
801HONNINGS2002112  1717 1736 1745 1728 1758 1783 1723 1664 1645 1672 1718
801HONNINGS2002113  1750 1748 1754 1744 1647 1503 1468 1536
801HONNINGS2002121  1674 1729 1667 1614 1571 1523 1528 1644 1715 1778 1843
801HONNINGS2002122  1777 1813 1926 1891 1905 2096 2049 1943 1942 1835 1723
801HONNINGS2002123  1633 1617 1610 1565 1566 1618 1685 1725 1737
801HONNINGS2003 11  1779 1811 1818 1791 1719 1760 1886 1919 1761 1801 1921
801HONNINGS2003 12  1927 1987 2005 2061 2161 2043 2014 1867 1744 1869 1898
801HONNINGS2003 13  1857 1838 1800 1727 1755 1792 1764 1663 1582
801HONNINGS2003 21  1634 1720 1701 1624 1589 1599 1649 1821 1882 1833 1854
801HONNINGS2003 22  1910 1818 1723 1825 1836 1782 1846 1863 1840 1876 1757
801HONNINGS2003 23  1815 1826 1699 1832 1951 1727
801HONNINGS2003 31  1673 1694 1648 1629 1648 1718 1826 1871 1897 2000 2005
801HONNINGS2003 32  1872 1956 1929 1799 1777 1809 1939 1717 1571 1849 2050
801HONNINGS2003 33  1925 1848 1802 1955 2012 1882 1796 1786 1667
801HONNINGS2003 41  1810 1960 1871 1862 1746 1521 1539 1662 1597 1537 1533
801HONNINGS2003 42  1546 1579 1493 1463 1456 1419 1537 1607 1669 1632 1575
801HONNINGS2003 43  1545 1513 1501 1516 1542 1553 1550 1579
801HONNINGS2003 51  1640 1665 1640 1632 1667 1756 1789 1741 1716 1678 1582
801HONNINGS2003 52  1523 1566 1666 1656 1494 1446 1524 1609 1683 1706 1675
801HONNINGS2003 53  1607 1582 1528 1617 1714 1612 1614 1731 1706
801HONNINGS2003 61  1645 1628 1671 1632 1657 1722 1695 1680 1639 1619 1640
801HONNINGS2003 62  1654 1697 1708 1706 1703 1665 1614 1680 1727 1709 1667
801HONNINGS2003 63  1651 1665 1613 1549 1563 1552 1562 1607
801HONNINGS2003 71  1660 1687 1653 1630 1600 1573 1537 1521 1558 1578 1611
801HONNINGS2003 72  1696 1682 1641 1645 1622 1601 1595 1618 1649 1604 1624
801HONNINGS2003 73  1729 1782 1761 1666 1659 1717 1649 1568 1642
801HONNINGS2003 81  1681 1701 1693 1678 1629 1628 1670 1687 1680 1658 1663
801HONNINGS2003 82  1630 1627 1669 1674 1638 1635 1702 1739 1756 1796 1828
801HONNINGS2003 83  1812 1753 1723 1724 1709 1712 1690 1621 1540
801HONNINGS2003 91  1513 1611 1795 1823 1768 1748 1738 1742 1674 1624 1685
801HONNINGS2003 92  1705 1702 1914 2078 2014 1900 1952 1947 1834 1798 1945
801HONNINGS2003 93  2128 2092 1949 1756 1715 1708 1696 1725
801HONNINGS2003101  1773 1766 1775 1836 1908 1913 1820 1861 1940 1921 1921
801HONNINGS2003102  1850 1731 1696 1807 1917 1951 1788 1683 1640 1634 1691
801HONNINGS2003103  1781 1796 1681 1644 1952 2230 2087 1858 1767
801HONNINGS2003111  1804 1874 1886 1890 1833 1901 1915 1776 1800 1818 1899
801HONNINGS2003112  1927 1834 1881 1922 1906 1898 1847 1825 1807 1755 1781
801HONNINGS2003113  1831 1813 1753 1700 1730 1866 1945 1910
801HONNINGS2003121  1844 1810 1844 2112 2055 1896 2124 2037 1854 2028 2341
801HONNINGS2003122  2270 2030 2056 1907 1781 1791 1872 1979 1927 1874 1867
801HONNINGS2003123  1804 1861 2032 1999 1934 2016 1941 1731 1566
801HONNINGS2004 11  1563 1614 1745 1757 1732 1767 1896 1907 1862 1843 1830
801HONNINGS2004 12  1868 1842 1870 1880 1853 1784 1639 1583 1619 1680 1864
801HONNINGS2004 13  1955 1838 1884 1930 1807 1739 1665 1622 1718
801HONNINGS2004 21  1852 1897 1869 1882 1916 1904 1836 1766 1709 1605 1644
801HONNINGS2004 22  1795 1865 1833 1749 1719 1724 1688 1881 2017 1982 1864
801HONNINGS2004 23  1739 1655 1631 1598 1626 1651 1677
801HONNINGS2004 31  1648 1547 1506 1582 1720 1806 1741 1663 1668 1557 1562
801HONNINGS2004 32  1587 1587 1690 1817 1802 1723 1795 1828 1763 1678 1559
801HONNINGS2004 33  1434 1360 1348 1520 1705 1688 1642 1636 1479
801HONNINGS2004 41  1456 1592 1597 1578 1629 1585 1554 1674 1826 1818 1761
801HONNINGS2004 42  1692 1598 1611 1569 1572 1671 1618 1502 1440 1437 1460
801HONNINGS2004 43  1454 1436 1494 1543 1581 1618 1631 1603
801HONNINGS2004 51  1552 1563 1608 1610 1555 1500 1528 1600 1550 1502 1494
801HONNINGS2004 52  1516 1542 9999 9999 9999 9999 9999 9999 1905 1812 1688
801HONNINGS2004 53  1626 1656 1634 1582 1629 1636 1545 1549 1560
801HONNINGS2004 61  1519 1520 1583 1589 1656 1741 1701 1670 1659 1678 1682
801HONNINGS2004 62  1682 1685 1794 1857 1889 1858 1803 1760 1719 1698 1725
801HONNINGS2004 63  1719 1651 1625 1629 1597 1557 1525 1561
801HONNINGS2004 71  1648 1710 1705 1721 1677 1642 1632 1630 1625 1643 1678
801HONNINGS2004 72  1674 1705 1747 1743 1769 1762 1715 1706 1699 1679 1589
801HONNINGS2004 73  1550 1571 1626 1641 1663 1692 1655 1619 1595
801HONNINGS2004 81  1597 1581 1558 1547 1568 1645 1630 1558 1588 1662 1695
801HONNINGS2004 82  1704 1700 1720 1766 1736 1688 1666 1647 1685 1763 1728
801HONNINGS2004 83  1645 1687 1649 1591 1607 1685 1755 1699 1623
801HONNINGS2004 91  1542 1523 1547 1641 1839 1961 1911 1795 1855 2047 2045
801HONNINGS2004 92  2046 2090 1996 1899 1855 1754 1700 1758 1847 1870 1894
801HONNINGS2004 93  1933 1909 1802 1746 1800 1850 1815 1752
801HONNINGS2004101  1678 1722 1752 1741 1886 1965 1866 1879 1832 1704 1742
801HONNINGS2004102  1835 1848 1747 1677 1797 1759 1666 1708 1788 1829 1824
801HONNINGS2004103  1793 1795 1742 1739 1844 1870 1750 1737 1995
801HONNINGS2004111  2117 2024 1937 1830 1853 1881 2018 1977 1847 1812 1925
801HONNINGS2004112  2133 2052 1930 2041 2004 1923 1966 1874 1746 1752 1818
801HONNINGS2004113  1737 1811 1902 1741 1775 1849 1903 2016
801HONNINGS2004121  1985 1838 1822 1979 2037 1982 2041 1925 1804 1989 2107
801HONNINGS2004122  1971 1849 2037 2365 2294 2241 2199 2000 1885 1899 1999
801HONNINGS2004123  2087 1999 1927 1895 9999 9999 9999 9999 9999
801HONNINGS2005 11  2099 2090 2007 1875 1896 2010 2113 2067 2048 2097 2185
801HONNINGS2005 12  2115 2094 1975 1740 1706 1857 1970 1994 2007 1974 1918
801HONNINGS2005 13  1833 1624 1690 1739 1660 1665 1756 1952 1969
801HONNINGS2005 21  1783 1694 1705 1825 1866 1779 1710 1712 1831 1981 2126
801HONNINGS2005 22  2077 1783 1559 1518 1657 1759 1759 1733 1599 1462 1507
801HONNINGS2005 23  1600 1614 1550 1476 1458 1518
801HONNINGS2005 31  1625 1673 1653 1607 1633 1709 1640 1536 1513 1536 1551
801HONNINGS2005 32  1518 1508 1548 1614 1632 1597 1565 1554 1660 1674 1597
801HONNINGS2005 33  1695 1798 1682 1586 1632 1598 1585 1638 1657
801HONNINGS2005 41  1669 1757 1687 1772 1939 1845 1640 1623 1628 1628 1678
801HONNINGS2005 42  1661 1693 1706 1691 1624 1578 1535 1509 1535 1535 1590
801HONNINGS2005 43  1629 1650 1634 1596 1571 1476 1384 1382
801HONNINGS2005 51  1431 1457 1503 1507 1531 1555 1569 1575 1614 1660 1652
801HONNINGS2005 52  1624 1612 1785 1839 1722 1624 1640 1623 1583 1607 1650
801HONNINGS2005 53  1633 1686 1752 1778 1908 1862 1717 1661 1637
801HONNINGS2005 61  1652 1614 1561 1595 1665 1705 1661 1664 1726 1678 1642
801HONNINGS2005 62  1595 1528 1465 1521 1564 1580 1568 1557 1630 1726 1767
801HONNINGS2005 63  1833 1877 1845 1834 1861 1756 1658 1640
801HONNINGS2005 71  1632 1636 1657 1649 1660 1684 1720 1677 1638 1630 1615
801HONNINGS2005 72  1727 1840 1851 1811 1789 1737 1748 1771 1680 1662 1697
801HONNINGS2005 73  1638 1625 1651 1661 1654 1658 1666 1707 1763
801HONNINGS2005 81  1778 1744 1730 1751 1775 1715 1608 1573 1601 1612 1648
801HONNINGS2005 82  1714 1774 1755 1760 1765 1702 1667 1736 1731 1674 1724
801HONNINGS2005 83  1740 1713 1728 1839 1907 1891 1981 2029 1858
801HONNINGS2005 91  1767 1796 1738 1813 1965 1924 1924 1913 1892 1832 1875
801HONNINGS2005 92  2008 1984 2048 2066 1959 1906 1917 1865 2015 2023 1892
801HONNINGS2005 93  1839 1910 1977 2004 2024 2018 1956 1908
801HONNINGS2005101  1922 1957 1932 1858 1950 1934 1883 1934 1989 2002 2055
801HONNINGS2005102  1921 1817 1827 1664 1641 1841 1739 1732 1799 1804 1808
801HONNINGS2005103  1800 1760 1725 1773 1768 1893 2081 2118 2093
801HONNINGS2005111  2072 2137 2126 2038 1977 1865 1894 1922 1963 2010 1992
801HONNINGS2005112  1967 2005 2049 2065 2027 1942 1810 1745 1720 1863 1996
801HONNINGS2005113  2083 1960 1678 1686 1781 1795 1884 1934
801HONNINGS2005121  1885 1847 1832 1735 1615 1547 1508 1517 1506 1635 1858
801HONNINGS2005122  2021 1976 2019 2033 1866 1728 1653 1633 1591 1613 1729
801HONNINGS2005123  1851 1870 1689 1630 1731 1666 1585 1676 1812
801HONNINGS2006 11  1784 1679 1615 1706 1787 1672 1633 1706 1843 2034 2234
801HONNINGS2006 12  2291 2204 2125 1974 1802 1702 1619 1561 1522 1532 1766
801HONNINGS2006 13  2019 1943 1913 1958 1844 1932 1969 1834 1771
801HONNINGS2006 21  1739 1605 1469 1442 1567 1791 1928 1945 2004 1955 1872
801HONNINGS2006 22  1896 1859 1782 1802 1786 1718 1722 1736 1718 1733 1830
801HONNINGS2006 23  1803 1839 1758 1742 1697 1582
801HONNINGS2006 31  1498 1508 1593 1633 1626 1593 1569 1543 1595 1655 1712
801HONNINGS2006 32  1659 1609 1724 1720 1636 1701 1813 1757 1687 1632 1683
801HONNINGS2006 33  1719 1644 1554 1514 1532 1555 1539 1517 1524
801HONNINGS2006 41  1601 1688 1697 1660 1639 1616 1654 1661 1656 1612 1592
801HONNINGS2006 42  1603 1614 1668 1725 1766 1806 1799 1766 1701 1622 1592
801HONNINGS2006 43  1663 1639 1562 1575 1586 1563 1564 1533
801HONNINGS2006 51  1523 1569 1598 1555 1498 1471 1545 1570 1529 1556 1541
801HONNINGS2006 52  1546 1651 1716 1674 1643 1621 1633 1685 1675 1614 1595
801HONNINGS2006 53  1614 1598 1582 1626 1688 1726 1716 1685 1609
801HONNINGS2006 61  1560 1656 1760 1692 1575 1556 1591 1678 1780 1706 1657
801HONNINGS2006 62  1649 1762 1892 1895 1857 1734 1711 1743 1712 1707 1754
801HONNINGS2006 63  1826 1795 1771 1804 1853 1816 1717 1629
801HONNINGS2006 71  1625 1609 1655 1703 1682 1720 1770 1787 1739 1754 1786
801HONNINGS2006 72  1777 1833 1838 1675 1665 1797 1837 1754 1662 1680 1763
801HONNINGS2006 73  1812 1811 1778 1701 1670 1660 1658 1683 1674
801HONNINGS2006 81  1679 1656 1627 1607 1598 1678 1721 1737 1701 1629 1587
801HONNINGS2006 82  1528 1573 1590 1527 1564 1643 1647 1655 1689 1694 1674
801HONNINGS2006 83  1664 1659 1674 1686 1648 1645 1654 1658 1675
801HONNINGS2006 91  1683 1697 1779 1873 1832 1735 1701 1689 1698 1743 1747
801HONNINGS2006 92  1823 1828 1710 1665 1775 1884 1913 1929 1923 1826 1778
801HONNINGS2006 93  1817 1855 1784 1797 1766 1727 1741 1749
801HONNINGS2006101  1766 1844 1845 1722 1641 1632 1720 1749 1582 1614 1686
801HONNINGS2006102  1639 1716 1799 1820 2020 2013 1783 1641 1717 1874 1846
801HONNINGS2006103  1727 1717 1745 1741 1757 1785 1812 1782 1746
801HONNINGS2006111  1757 1700 1635 1676 1747 1928 2028 1979 1930 1883 1894
801HONNINGS2006112  1998 1985 1976 1956 1860 1857 1878 1926 2002 2022 2014
801HONNINGS2006113  2003 1962 1880 2008 2175 2037 1936 1971
801HONNINGS2006121  1945 1976 1996 1946 1959 1942 1848 1803 1870 1895 2007
801HONNINGS2006122  2174 2203 2180 2199 2174 2122 1982 1896 1995 2117 2259
801HONNINGS2006123  2100 1807 1813 2157 2183 1956 1823 1864 2030
801HONNINGS2007 11  2108 2114 2039 2025 2014 1930 1919 2029 2147 2169 2056
801HONNINGS2007 12  2063 2136 2091 2042 2117 2082 2024 1968 1887 1858 1757
801HONNINGS2007 13  1620 1612 1935 1993 1835 1844 1839 1727 1807
801HONNINGS2007 21  1831 1916 1768 1624 1638 1666 1742 1814 1810 1796 1820
801HONNINGS2007 22  1800 1684 1611 1576 1544 1564 1576 1551 1479 1422 1446
801HONNINGS2007 23  1530 1625 1689 1663 1627 1709
801HONNINGS2007 31  1824 1908 1814 1551 1488 1580 1632 1671 1687 1769 1816
801HONNINGS2007 32  1859 1953 1988 1978 2076 2021 1875 1774 1638 1504 1597
801HONNINGS2007 33  1584 1545 1614 1651 1708 1724 1776 1764 1686
801HONNINGS2007 41  1745 1752 1637 1935 2066 1920 1775 1662 1635 1747 1915
801HONNINGS2007 42  1758 1716 1704 1712 1811 1788 1718 1791 1773 1640 1632
801HONNINGS2007 43  1646 1641 1689 1751 1710 1654 1611 1612
801HONNINGS2007 51  1665 1638 1605 1583 1634 1651 1689 1758 1704 1606 1583
801HONNINGS2007 52  1571 1536 1548 1654 1742 1687 1609 1715 1879 1848 1728
801HONNINGS2007 53  1761 1826 1793 1769 1744 1623 1513 1583 1541
801HONNINGS2007 61  1456 1503 1567 1565 1608 1644 1638 1588 1582 1592 1656
801HONNINGS2007 62  1713 1726 1729 1734 1748 1739 1720 1677 1608 1571 1603
801HONNINGS2007 63  1644 1639 1639 1655 1725 1808 1804 1679
801HONNINGS2007 71  1627 1651 1651 1621 1550 1488 1471 1485 1533 1615 1656
801HONNINGS2007 72  1637 1637 1695 1765 1747 1690 1700 1686 1668 1688 1686
801HONNINGS2007 73  1666 1669 1690 1712 1745 1749 1725 1715 1717
801HONNINGS2007 81  1739 1719 1648 1641 1702 1674 1667 1701 1776 1732 1616
801HONNINGS2007 82  1627 1667 1725 1712 1748 1856 1792 1709 1703 1639 1645
801HONNINGS2007 83  1780 1826 1829 1804 1769 1752 1732 1713 1716
801HONNINGS2007 91  1713 1762 1776 1686 1727 1835 1755 1745 1781 1765 1771
801HONNINGS2007 92  1803 1728 1786 1940 1915 1925 1998 1916 1866 1904 1952
801HONNINGS2007 93  1901 1849 1911 1871 1716 1732 1648 1635
801HONNINGS2007101  1755 1853 1847 1785 1697 1754 1890 1954 1960 1988 1947
801HONNINGS2007102  1827 1717 1851 1905 1974 2112 2040 1804 1839 1861 1823
801HONNINGS2007103  1857 1939 1947 1874 1910 2060 2093 2049 2079
801HONNINGS2007111  2108 1901 1824 1829 1932 2018 1971 1932 1878 1826 1748
801HONNINGS2007112  1747 1716 1723 1799 1787 1749 1797 1766 1840 2015 2042
801HONNINGS2007113  2033 1990 2002 1864 1725 1759 1794 1783
801HONNINGS2007121  1758 1734 1795 1865 1870 2019 2102 2094 2107 1996 1788
801HONNINGS2007122  1702 1874 1994 1914 1984 2008 1984 2133 2013 1959 1804
801HONNINGS2007123  1872 2170 2148 2015 2048 2153 2119 1937 1687
801HONNINGS2008 11  1590 1633 1602 1567 1707 1821 1864 1869 1808 1788 1819
801HONNINGS2008 12  1793 1768 1763 1846 1936 1846 1715 1752 1784 1723 1725
801HONNINGS2008 13  1736 1970 2091 2139 2065 2001 2235 2137 1964
801HONNINGS2008 21  1901 1967 1960 1811 1717 1769 1862 1866 1794 1836 1935
801HONNINGS2008 22  2076 2073 1707 1557 1878 1992 1916 1813 1794 1888 2013
801HONNINGS2008 23  1956 1949 2053 1985 1967 1940 1895
801HONNINGS2008 31  1895 1959 1978 1893 1793 1837 1739 1616 1672 1770 1789
801HONNINGS2008 32  1769 1787 1790 1805 1751 1667 1656 1646 1546 1514 1523
801HONNINGS2008 33  1567 1633 1635 1624 1711 1730 1690 1671 1680
801HONNINGS2008 41  1638 1544 1448 1472 1430 1312 1298 1359 1379 1433 1467
801HONNINGS2008 42  1447 1438 1502 1567 1620 1692 1735 1682 1635 1619 1643
801HONNINGS2008 43  1726 1678 1569 1525 1576 1623 1599 1533
801HONNINGS2008 51  1515 1523 1485 1485 1453 1544 1640 1644 1695 1756 1706
801HONNINGS2008 52  1648 1557 1509 1506 1553 1579 1551 1522 1485 1468 1470
801HONNINGS2008 53  1512 1552 1593 1606 1662 1612 1543 1506 1528
801HONNINGS2008 61  1591 1569 1520 1520 1531 1482 1491 1539 1536 1565 1636
801HONNINGS2008 62  1613 1561 1573 1616 1635 1634 1643 1638 1626 1677 1702
801HONNINGS2008 63  1700 1730 1713 1718 1690 1607 1610 1646
801HONNINGS2008 71  1647 1621 1564 1558 1544 1507 1564 1586 1617 1663 1667
801HONNINGS2008 72  1668 1671 1674 1714 1789 1807 1776 1706 1677 1709 1725
801HONNINGS2008 73  1670 1585 1545 1560 1516 1487 1509 1552 1552
801HONNINGS2008 81  1580 1593 9999 9999 9999 9999 9999 9999 1696 1730 1752
801HONNINGS2008 82  1765 1740 1800 1765 1695 1617 1544 1582 1668 1715 1700
801HONNINGS2008 83  1647 1591 1599 1626 1667 1697 1649 1576 1605
801HONNINGS2008 91  1662 1713 1774 1827 1814 1769 1714 1649 1614 1581 1583
801HONNINGS2008 92  1562 1502 1473 1477 1495 1516 1540 1657 1681 1753 1826
801HONNINGS2008 93  1835 1732 1612 1685 1878 2042 1921 1824
801HONNINGS2008101  1777 1735 1711 1685 1705 1842 1797 1660 1730 1827 1928
801HONNINGS2008102  1964 1887 1885 1903 1893 1913 1918 1976 1991 2114 2152
801HONNINGS2008103  2009 1952 2075 2199 2174 2035 1940 1829 1750
801HONNINGS2008111  1936 2078 1983 1978 1820 1718 1740 1757 1794 1915 1987
801HONNINGS2008112  1935 1866 1947 1977 1935 1983 2123 2182 2165 2056 1804
801HONNINGS2008113  1670 1590 1611 1754 1810 1785 1660 1693
801HONNINGS2008121  1819 1745 1670 1735 1761 1711 1718 1759 1737 1684 1724
801HONNINGS2008122  1679 1717 1649 1634 1820 1965 2036 2097 1997 2016 2024
801HONNINGS2008123  1816 1736 1966 2120 1975 1994 2067 1942 1851
801HONNINGS2009 11  1795 1760 1704 1749 1892 1901 1869 1890 1928 2082 2250
801HONNINGS2009 12  2207 2027 1867 1840 1816 1757 1740 1808 1857 1920 1992
801HONNINGS2009 13  1899 1784 1726 1717 1684 1670 1657 1706 1822
801HONNINGS2009 21  1959 1959 1846 1680 1615 1605 1561 1589 1722 1788 1726
801HONNINGS2009 22  1662 1623 1568 1554 1538 1511 1516 1547 1693 1818 1771
801HONNINGS2009 23  1771 1898 1870 1814 1757 1633
801HONNINGS2009 31  1603 1692 1777 1740 1657 1617 1629 1647 1646 1629 1624
801HONNINGS2009 32  1646 1727 1700 1639 1820 1918 1777 1798 1838 1705 1679
801HONNINGS2009 33  1718 1654 1623 1646 1626 1577 1545 1607 1729
801HONNINGS2009 41  1677 1587 1618 1683 1642 1535 1469 1465 1533 1588 1667
801HONNINGS2009 42  1764 1778 1670 1614 1690 1721 1635 1623 1564 1640 1667
801HONNINGS2009 43  1561 1578 1658 1709 1649 1609 1577 1545
801HONNINGS2009 51  1535 1552 1587 1598 1613 1626 1663 1710 1765 1891 1857
801HONNINGS2009 52  1701 1608 1555 1519 1513 1480 1406 1418 1516 1571 1602
801HONNINGS2009 53  1616 1607 1678 1722 1757 1794 1703 1665 1736
801HONNINGS2009 61  1749 1692 1666 1638 1604 1572 1609 1642 1636 1627 1634
801HONNINGS2009 62  1580 1518 1605 1737 1740 1650 1635 1689 1712 1679 1618
801HONNINGS2009 63  1580 1568 1601 1563 1558 1549 1547 1616
801HONNINGS2009 71  1638 1601 1632 1660 1656 1648 1641 1619 1590 1581 1612
801HONNINGS2009 72  1615 1634 1656 1653 1654 1711 1718 1673 1727 1756 1696
801HONNINGS2009 73  1591 1566 1569 1547 1541 1614 1624 1564 1596
801HONNINGS2009 81  1635 1597 1588 1622 1595 1571 1586 1610 1633 1643 1691
801HONNINGS2009 82  1761 1763 1753 1707 1714 1768 1770 1684 1625 1626 1631
801HONNINGS2009 83  1660 1676 1686 1715 1677 1641 1629 1743 1913
801HONNINGS2009 91  1910 1911 1921 1849 1820 1684 1661 1724 1946 1946 1809
801HONNINGS2009 92  1832 1809 1737 1767 1904 1871 1764 1733 1836 1909 1986
801HONNINGS2009 93  2123 2022 2047 2233 2216 2204 2184 2106
801HONNINGS2009101  2018 1975 1892 1852 1818 1793 1940 2024 1968 1824 1768
801HONNINGS2009102  1737 1633 1703 1863 1793 1805 1876 1912 1966 1883 1766
801HONNINGS2009103  1687 1719 1763 1768 1774 1766 1678 1614 1670
801HONNINGS2009111  1740 1847 1914 1863 1772 1709 1706 1723 1681 1590 1583
801HONNINGS2009112  1626 1637 1584 1664 1743 1791 1935 1948 1932 2014 2017
801HONNINGS2009113  1955 1913 1905 1976 2059 2020 1897 1833
801HONNINGS2009121  1926 1886 1665 1655 1797 1843 1850 1786 1728 1713 1767
801HONNINGS2009122  1715 1598 1648 1657 1620 1814 1939 1751 1626 1641 1644
801HONNINGS2009123  1604 1547 1533 1582 1645 1716 1767 1769 1660
801HONNINGS2010 11  1549 1682 1751 1621 1547 1550 1604 1642 1688 1850 1818
801HONNINGS2010 12  1765 1760 1738 1696 1728 1714 1771 1849 1789 1639 1639
801HONNINGS2010 13  1614 1593 1601 1805 2030 1924 1739 1667 1578
801HONNINGS2010 21  1535 1519 1509 1501 1582 1707 1638 1550 1574 1649 1692
801HONNINGS2010 22  1732 1804 1736 1619 1511 1478 1490 1474 1475 1530 1598
801HONNINGS2010 23  1667 1710 1673 1568 1565 1633
801HONNINGS2010 31  1654 1596 1574 1569 1540 1605 1900 2045 1919 1877 1880
801HONNINGS2010 32  1846 1803 1734 1703 1693 1642 1636 1727 1841 1879 1828
801HONNINGS2010 33  1710 1609 1581 1639 1571 1488 1492 1516 1508
801HONNINGS2010 41  1452 1479 1504 1503 1514 1492 1498 1593 1626 1521 1511
801HONNINGS2010 42  1635 1579 1544 1692 1770 1794 1810 1726 1599 1562 1552
801HONNINGS2010 43  1591 1568 1457 1601 1819 1817 1796 1744
801HONNINGS2010 51  1773 1805 1724 1588 1508 1476 1502 1582 1604 1548 1487
801HONNINGS2010 52  1509 1501 1480 1470 1502 1541 1491 1410 1450 1449 1508
801HONNINGS2010 53  1603 1570 1478 1443 1474 1540 1627 1680 1671
801HONNINGS2010 61  1599 1601 1711 1740 1736 1697 1626 1591 1602 1595 1602
801HONNINGS2010 62  1632 1661 1613 1605 1651 1670 1622 1588 1640 1696 1708
801HONNINGS2010 63  1664 1594 1628 1753 1795 1689 1592 1603
801HONNINGS2010 71  1622 1593 1608 1613 1671 1704 1694 1686 1693 1718 1669
801HONNINGS2010 72  1720 1755 1691 1588 1522 1564 1669 1749 1738 1684 1746
801HONNINGS2010 73  1777 1643 1573 1576 1640 1640 1555 1593 1691
801HONNINGS2010 81  1669 1646 1667 1700 1679 1614 1609 1609 1596 1642 1641
801HONNINGS2010 82  1563 1552 1656 1718 1646 1632 1614 1636 1644 1651 1687
801HONNINGS2010 83  1719 1716 1687 1674 1655 1626 1604 1658 1745
801HONNINGS2010 91  1754 1674 1683 1743 1645 1631 1624 1558 1526 1551 1580
801HONNINGS2010 92  1628 1734 1763 1724 1713 1737 1798 1814 1771 1724 1714
801HONNINGS2010 93  1749 1746 1723 1634 1580 1607 1646 1655
801HONNINGS2010101  1625 1627 1635 1725 1756 1731 1801 1840 1911 1940 1919
801HONNINGS2010102  1871 1836 1857 1823 1783 1797 1942 1991 1846 1844 1977
801HONNINGS2010103  1980 1841 1751 1713 1762 1872 1801 1722 1868
801HONNINGS2010111  2072 2043 1982 1986 1921 1913 1916 1893 1784 1698 1760
801HONNINGS2010112  1857 1902 1878 1816 1760 1766 1752 1643 1664 1761 1710
801HONNINGS2010113  1598 1579 1518 1463 1397 1381 1445 1563
801HONNINGS2010121  1738 1847 1787 1835 1915 1957 1943 1849 1706 1680 1789
801HONNINGS2010122  1747 1624 1640 1854 1780 1493 1396 1455 1534 1523 1472
801HONNINGS2010123  1530 1607 1611 1589 1528 1503 1628 1867 1929
801HONNINGS2011 11  1852 1759 1712 1672 1669 1655 1758 1807 1712 1799 1826
801HONNINGS2011 12  1703 1629 1681 1713 1752 1829 1858 1798 1711 1798 1772
801HONNINGS2011 13  1698 1698 1687 1757 1895 1877 1832 1813 1806
801HONNINGS2011 21  1722 1686 1689 1701 1750 1768 1858 1934 1784 1697 1697
801HONNINGS2011 22  1580 1505 1502 1501 1486 1501 1593 1641 1609 1643 1688
801HONNINGS2011 23  1587 1598 1785 1977 1950 1840
801HONNINGS2011 31  1804 1952 2007 1929 1789 1655 1797 1891 2035 2014 1933
801HONNINGS2011 32  1899 1756 1597 1544 1539 1569 1569 1625 1744 1831 1910
801HONNINGS2011 33  1954 1926 1830 1802 1775 1734 1688 1649 1593
801HONNINGS2011 41  1558 1718 1905 1881 1824 1812 1919 1977 1874 1751 1739
801HONNINGS2011 42  1700 1666 1670 1772 1894 1928 1774 1599 1635 1649 1656
801HONNINGS2011 43  1557 1515 1542 1643 1692 1641 1580 1489
801HONNINGS2011 51  1438 1420 1483 1579 1526 1524 1565 1551 1556 1454 1414
801HONNINGS2011 52  1433 1457 1512 1561 1528 1546 1592 1634 1652 1648 1632
801HONNINGS2011 53  1660 1811 1875 1737 1636 1663 1739 1787 1741
801HONNINGS2011 61  1695 1681 1716 1814 1792 1732 1706 1566 1470 1453 1446
801HONNINGS2011 62  1446 1497 1537 1574 1600 1579 1577 1601 1622 1656 1727
801HONNINGS2011 63  1723 1701 1679 1628 1587 1623 1675 1663
801HONNINGS2011 71  1622 1616 1592 1543 1539 1548 1550 1547 1572 1589 1594
801HONNINGS2011 72  1578 1663 1724 1756 1732 1662 1616 1672 1716 1648 1574
801HONNINGS2011 73  1543 1562 1612 1589 1579 1539 1545 1523 1509
801HONNINGS2011 81  1532 1534 1531 1535 1548 1596 1642 1660 1688 1693 1698
801HONNINGS2011 82  1667 1566 1536 1537 1568 1578 1565 1566 1595 1622 1661
801HONNINGS2011 83  1674 1647 1637 1637 1650 1711 1676 1626 1561
801HONNINGS2011 91  1561 1583 1569 1605 1680 1716 1751 1759 1699 1692 1748
801HONNINGS2011 92  1811 1886 1938 1916 1863 1797 1714 1619 1637 1659 1694
801HONNINGS2011 93  1775 1738 1693 1730 1804 1827 1886 1843
801HONNINGS2011101  1723 1843 1887 1966 2039 2038 2094 1935 1738 1874 1988
801HONNINGS2011102  1934 1716 1679 1849 1894 1885 1931 2109 2211 2018 1813
801HONNINGS2011103  1732 1798 1817 1692 1682 1794 1909 1976 1892
801HONNINGS2011111  1849 1896 1804 1723 1781 1859 2055 1989 1836 1840 1784
801HONNINGS2011112  1832 1998 2015 1891 1951 1943 1928 1829 1767 1776 1821
801HONNINGS2011113  1929 2143 2214 2400 2353 2173 2020 2239
801HONNINGS2011121  2340 2287 2227 2215 2216 2244 2202 1999 1877 1931 1948
801HONNINGS2011122  1909 1920 1985 2007 2034 1989 1859 1840 1831 1786 1808
801HONNINGS2011123  2058 2237 2314 2433 2355 2189 2022 1932 1783
801HONNINGS2012 11  1742 1775 1836 1923 1986 1947 1890 1842 1745 1806 1947
801HONNINGS2012 12  2016 1874 1730 1824 1826 1785 1826 1920 1886 1805 1775
801HONNINGS2012 13  1748 1741 1625 1529 1543 1542 1470 1459 1498
801HONNINGS2012 21  1473 1504 1615 1592 1604 1703 1669 1637 1667 1798 1865
801HONNINGS2012 22  1793 1787 1828 1751 1783 1860 1836 1872 1919 1962 1920
801HONNINGS2012 23  1939 1925 1854 1674 1707 1990 1956
801HONNINGS2012 31  1976 1848 1552 1523 1531 1521 1625 1746 1922 1994 1962
801HONNINGS2012 32  2032 1860 1659 1791 2022 2024 1957 1881 1790 1749 1728
801HONNINGS2012 33  1670 1705 1673 1645 1742 1822 1819 1795 1759
801HONNINGS2012 41  1748 1731 1715 1731 1749 1748 1752 1712 1653 1632 1695
801HONNINGS2012 42  1720 1693 1609 1537 1513 1540 1583 1581 1535 1531 1572
801HONNINGS2012 43  1565 1585 1609 1535 1594 1615 1516 1596
801HONNINGS2012 51  1599 1646 1600 1486 1440 1483 1561 1610 1592 1632 1642
801HONNINGS2012 52  1657 1581 1598 1684 1681 1691 1790 1903 1863 1759 1575
801HONNINGS2012 53  1507 1615 1713 1684 1848 1907 1804 1701 1625
801HONNINGS2012 61  1578 1565 1557 1541 1549 1624 1644 1588 1573 1571 1590
801HONNINGS2012 62  1601 1604 1616 1571 1492 1528 1623 1674 1717 1700 1629
801HONNINGS2012 63  1615 1646 1646 1645 1618 1637 1590 1626
801HONNINGS2012 71  1691 1731 1687 1518 1491 1533 1536 1589 1581 1559 1519
801HONNINGS2012 72  1518 1580 1719 1811 1825 1776 1711 1689 1768 1802 1741
801HONNINGS2012 73  1749 1815 1815 1745 1663 1659 1639 1617 1623
801HONNINGS2012 81  1665 1726 1722 1691 1680 1664 1642 1627 1603 1654 1719
801HONNINGS2012 82  1690 1653 1629 1600 1618 1640 1619 1599 1652 1720 1757
801HONNINGS2012 83  1792 1757 1744 1756 1715 1623 1615 1588 1592
801HONNINGS2012 91  1623 1746 1830 1870 2003 1957 1930 1962 1868 1775 1807
801HONNINGS2012 92  1854 1885 1937 1979 1949 1935 1929 1907 1892 1838 1758
801HONNINGS2012 93  1756 1711 1683 1685 1694 1715 1674 1726
801HONNINGS2012101  1800 1841 1859 1833 1841 1852 1825 1770 1799 1826 1754
801HONNINGS2012102  1623 1480 1455 1576 1733 1786 1768 1791 1781 1736 1743
801HONNINGS2012103  1835 1947 1991 1895 1803 1685 1688 1710 1772
801HONNINGS2012111  1770 1671 1724 1846 1924 1985 2134 2089 1822 1752 1861
801HONNINGS2012112  2001 1922 1898 1933 1915 1884 1953 2020 1867 1898 1901
801HONNINGS2012113  1687 1717 1797 1793 1745 1754 1733 1615
801HONNINGS2012121  1522 1586 1658 1679 1681 1617 1514 1468 1450 1494 1490
801HONNINGS2012122  1494 1514 1545 1610 1695 1706 1592 1579 1592 1617 1670
801HONNINGS2012123  1717 1850 1915 1889 1886 1842 1707 1798 1960
801HONNINGS2013 11  1979 1941 1961 1924 1760 1779 1818 1854 1801 1737 1838
801HONNINGS2013 12  1820 1726 1638 1579 1657 1819 1920 1806 1786 1913 1885
801HONNINGS2013 13  1817 1723 1720 1750 1759 1801 1884 1967 2045
801HONNINGS2013 21  2005 1890 1770 1759 1780 1677 1624 1589 1529 1487 1459
801HONNINGS2013 22  1417 1457 1536 1552 1600 1648 1619 1617 1765 1745 1697
801HONNINGS2013 23  1727 1676 1767 1784 1730 1725
801HONNINGS2013 31  1671 1665 1677 1667 1687 1705 1631 1567 1578 1604 1561
801HONNINGS2013 32  1570 1550 1556 1577 1540 1546 1550 1377 1277 1325 1408
801HONNINGS2013 33  1453 1482 1493 1563 1605 1593 1612 1658 1714
801HONNINGS2013 41  1756 1741 1723 1696 1635 1588 1565 1527 1515 1566 1589
801HONNINGS2013 42  1583 1622 1699 1773 1790 1837 1845 1863 1698 1609 1725
801HONNINGS2013 43  1858 1900 1848 1735 1677 1609 1605 1693
801HONNINGS2013 51  1622 1578 1624 1601 1560 1638 1770 1690 1587 1615 1673
801HONNINGS2013 52  1631 1514 1487 1542 1502 1485 1514 1429 1395 1480 1495
801HONNINGS2013 53  1497 1607 1556 1456 1513 1489 1479 1522 1532
801HONNINGS2013 61  1517 1553 1560 1433 1392 1483 1569 1600 1630 1623 1597
801HONNINGS2013 62  1593 1614 1681 1682 1650 1636 1588 1536 1572 1557 1642
801HONNINGS2013 63  1687 1595 1574 1477 1405 1490 1548 1575
801HONNINGS2013 71  1584 1654 1686 1713 1724 1690 1751 1809 1831 1847 1818
801HONNINGS2013 72  1712 1675 1749 1768 1731 1708 1755 1762 1778 1726 1597
801HONNINGS2013 73  1536 1548 1605 1599 1646 1669 1678 1685 1707
801HONNINGS2013 81  1725 1657 1677 1705 1680 1705 1745 1706 1682 1639 1643
801HONNINGS2013 82  1719 1717 1644 1630 1629 1682 1763 1788 1750 1774 1744
801HONNINGS2013 83  1710 1692 1631 1732 1800 1841 1900 1837 1759
801HONNINGS2013 91  1734 1737 1746 1738 1768 1807 1785 1715 1707 1736 1726
801HONNINGS2013 92  1704 1722 1745 1768 1711 1663 1658 1667 1653 1680 1706
801HONNINGS2013 93  1665 1620 1638 1640 1593 1576 1578 1601
801HONNINGS2013101  1734 1853 1883 1871 1895 1923 1910 1879 1894 1988 1967
801HONNINGS2013102  1876 1783 1815 1819 1748 1787 1829 1837 1779 1722 1747
801HONNINGS2013103  1822 1850 1795 1807 1879 1968 2019 1948 1886
801HONNINGS2013111  1919 1959 1926 1931 2012 2015 1924 1890 1883 1973 1900
801HONNINGS2013112  1955 2010 1795 2032 2322 2195 2147 2182 2046 1840 1922
801HONNINGS2013113  2045 2002 1817 1758 1905 1857 1833 1915
801HONNINGS2013121  1872 1887 2153 2077 1983 1918 1853 1779 1716 1849 2143
801HONNINGS2013122  2137 1866 1740 1881 2074 2190 2102 1996 2044 2067 2075
801HONNINGS2013123  2050 1965 2035 2168 2133 2119 2099 1937 1711
801HONNINGS2014 11  1677 1708 1809 1865 1826 1725 1714 1682 1610 1642 1685
801HONNINGS2014 12  1711 1721 1686 1625 1583 1610 1616 1593 1591 1580 1595
801HONNINGS2014 13  1613 1645 1648 1609 1548 1586 1631 1600 1571
801HONNINGS2014 21  1571 1618 1728 1732 1715 1764 1811 1812 1799 1767 1737
801HONNINGS2014 22  1777 1772 1793 1755 1763 1783 1689 1549 1493 1540 1701
801HONNINGS2014 23  1873 1994 1953 1758 1704 1698
801HONNINGS2014 31  1583 1532 1612 1592 1572 1729 1909 2057 2110 2119 1994
801HONNINGS2014 32  1972 1921 1969 1879 1785 1818 1789 1740 1713 1819 1897
801HONNINGS2014 33  1846 1849 1681 1653 1572 1586 1636 1576 1603
801HONNINGS2014 41  1677 1699 1651 1805 1849 1730 1637 1527 1557 1718 1824
801HONNINGS2014 42  1830 1910 1893 1729 1800 1918 1821 1885 1719 1766 1799
801HONNINGS2014 43  1661 1636 1540 1534 1558 1596 1583 1616
801HONNINGS2014 51  1657 1621 1558 1523 1478 1473 1495 1532 1626 1740 1755
801HONNINGS2014 52  1669 1602 1589 1520 1562 1694 1668 1597 1684 1595 1491
801HONNINGS2014 53  1488 1481 1365 1292 1285 1344 1408 1495 1556
801HONNINGS2014 61  1549 1525 1560 1550 1569 1593 1539 1527 1531 1515 1553
801HONNINGS2014 62  1610 1598 1620 1644 1621 1664 1683 1695 1713 1638 1554
801HONNINGS2014 63  1486 1473 1507 1536 1573 1608 1645 1656
801HONNINGS2014 71  1623 1601 1632 1638 1624 1663 1658 1613 1564 1616 1593
801HONNINGS2014 72  1551 1548 1548 1542 1550 1573 1526 1464 1504 1544 1534
801HONNINGS2014 73  1553 1602 1617 1612 1649 1686 1641 1644 1747
801HONNINGS2014 81  1741 1643 1617 1654 1656 1673 1699 1692 1616 1583 1639
801HONNINGS2014 82  1718 1756 1747 1759 1744 1670 1601 1618 1632 1599 1589
801HONNINGS2014 83  1589 1573 1575 1583 1593 1573 1566 1568 1585
801HONNINGS2014 91  1616 1671 1742 1795 1764 1695 1672 1607 1668 1743 1791
801HONNINGS2014 92  1660 1718 1812 1704 1662 1718 1713 1737 1804 1773 1663
801HONNINGS2014 93  1585 1646 1791 1926 2059 1966 1900 1770
801HONNINGS2014101  1774 1810 1721 1693 1685 1633 1581 1553 1550 1583 1596
801HONNINGS2014102  1619 1690 1678 1664 1718 1781 1768 1738 1715 1596 1573
801HONNINGS2014103  1703 1827 1887 2019 2176 2150 2154 2048 1815
801HONNINGS2014111  1766 1935 1977 1860 1744 1738 1764 1848 1890 1865 1801
801HONNINGS2014112  1708 1644 1561 1622 1714 1753 1799 1781 1754 1773 1709
801HONNINGS2014113  1670 1720 1764 1798 1793 1785 1692 1606
801HONNINGS2014121  1612 1790 1992 1924 1910 2084 2140 2094 1911 1937 2072
801HONNINGS2014122  2057 2083 1998 1942 2002 1946 1915 2002 2048 1935 1905
801HONNINGS2014123  1924 1864 1864 1743 1653 1677 1751 1982 9999
801HONNINGS2015 11  1982 2086 2047 1827 1637 1701 1861 1851 1817 1738 1734
801HONNINGS2015 12  1735 1818 1919 1892 1887 1854 1652 1587 1629 1556 1502
801HONNINGS2015 13  1545 1627 1659 1765 1876 1716 1613 1576 1531
801HONNINGS2015 21  1514 1456 1342 1404 1652 1730 1821 1756 1841 1926 1972
801HONNINGS2015 22  2002 1862 1643 1615 1745 1847 1869 1827 1865 1868 1838
801HONNINGS2015 23  1732 1745 1712 1548 1616 1759
801HONNINGS2015 31  1844 1896 1829 1691 1614 1681 1868 2129 2112 1974 1809
801HONNINGS2015 32  1834 1867 1666 1630 1663 1583 1639 1676 1555 1453 1539
801HONNINGS2015 33  1622 1542 1480 1466 1559 1660 1684 1787 1805
801HONNINGS2015 41  1821 1724 1573 1404 1444 1625 1760 1814 1757 1804 1741
801HONNINGS2015 42  1721 1754 1681 1693 1670 1601 1634 1680 1601 1623 1756
801HONNINGS2015 43  1760 1635 1528 1507 1559 1596 1565 1569
801HONNINGS2015 51  1570 1560 1593 1558 1488 1545 1618 1614 1637 1705 1691
801HONNINGS2015 52  1731 1714 1626 1550 1457 1437 1500 1575 1628 1648 1654
801HONNINGS2015 53  1752 1786 1662 1578 1571 1632 1650 1603 1562
801HONNINGS2015 61  1629 1718 1768 1753 1667 1614 1624 1583 1626 1725 1753
801HONNINGS2015 62  1783 1805 1756 1717 1670 1594 1612 1616 1586 1585 1591
801HONNINGS2015 63  1581 1612 1642 1618 1589 1632 1645 1589
801HONNINGS2015 71  1538 1561 1607 1589 1533 1523 1605 1596 1549 1536 1511
801HONNINGS2015 72  1502 1527 1568 1599 1651 1640 1648 1683 1663 1633 1611
801HONNINGS2015 73  1634 1639 1587 1539 1565 1619 1606 1588 1582
801HONNINGS2015 81  1562 1539 1520 1477 1493 1530 1550 1600 1616 1606 1647
801HONNINGS2015 82  1758 1768 1663 1539 1532 1535 1518 1527 1559 1559 1523
801HONNINGS2015 83  1546 1547 1536 1534 1514 1553 1639 1722 1720
801HONNINGS2015 91  1636 1589 1635 1645 1599 1605 1623 1660 1664 1603 1564
801HONNINGS2015 92  1541 1552 1590 1602 1612 1595 1641 1751 1663 1556 1576
801HONNINGS2015 93  1663 1639 1651 1669 1518 1425 1706 1884
801HONNINGS2015101  1847 1900 1882 1862 1747 1601 1538 1492 1526 1591 1639
801HONNINGS2015102  1677 1692 1736 1861 1922 1889 1796 1771 1798 1906 1988
801HONNINGS2015103  1915 1909 1973 1883 1860 1817 1702 1666 1762
801HONNINGS2015111  2080 2149 2075 2045 1870 1726 1751 1800 1849 1974 1944
801HONNINGS2015112  1853 1842 1988 2025 1924 1919 1917 1891 1858 1774 1728
801HONNINGS2015113  1715 1778 1856 1986 2097 2038 2021 2024
801HONNINGS2015121  1962 1883 1984 2100 2176 2336 2236 1990 1944 1928 1984
801HONNINGS2015122  2030 1995 1990 1921 1790 1701 1865 2008 2019 2094 2073
801HONNINGS2015123  1995 2099 2305 2268 1960 1757 1675 1758 1773
801HONNINGS2016 11  1768 1742 1650 1673 1706 1680 1663 1724 1724 1658 1553
801HONNINGS2016 12  1472 1462 1514 1538 1522 1488 1529 1591 1563 1600 1668
801HONNINGS2016 13  1655 1645 1696 1882 2022 1996 1989 2084 2151
801HONNINGS2016 21  2167 2183 2086 1925 1756 1700 1819 1950 1960 1852 1732
801HONNINGS2016 22  1601 1530 1542 1578 1552 1580 1657 1767 1799 1794 1848
801HONNINGS2016 23  1862 1756 1676 1675 1657 1593 1577
801HONNINGS2016 31  1618 1655 1638 1628 1608 1562 1526 1514 1492 1436 1404
801HONNINGS2016 32  1478 1574 1633 1786 1756 1730 1683 1627 1593 1551 1560
801HONNINGS2016 33  1594 1592 1603 1649 1793 1890 1833 1874 1853
801HONNINGS2016 41  1695 1579 1528 1559 1606 1628 1658 1662 1594 1517 1507
801HONNINGS2016 42  1531 1537 1542 1557 1591 1623 1622 1572 1511 1567 1621
801HONNINGS2016 43  1621 1577 1503 1488 1492 1443 1368 1356
801HONNINGS2016 51  1414 1476 1495 1527 1558 1568 1563 1608 1576 1554 1591
801HONNINGS2016 52  1685 1683 1658 1638 1652 1736 1732 1676 1615 1558 1619
801HONNINGS2016 53  1680 1666 1590 1537 1540 1502 1419 1394 1394
801HONNINGS2016 61  1358 1404 1522 1488 1425 1432 1550 1558 1525 1511 1524
801HONNINGS2016 62  1547 1606 1650 1649 1589 1543 1558 1537 1488 1552 1629
801HONNINGS2016 63  1599 1596 1585 1517 1554 1574 1520 1543
801HONNINGS2016 71  1602 1612 1654 1635 1612 1673 1679 1658 1690 1692 1673
801HONNINGS2016 72  1680 1678 1657 1617 1621 1718 1742 1680 1632 1567 1548
801HONNINGS2016 73  1575 1567 1530 1504 1510 1536 1581 1592 1561
801HONNINGS2016 81  1558 1547 1583 1651 1616 1584 1596 1685 1788 1741 1686
801HONNINGS2016 82  1695 1666 1577 1517 1496 1504 1500 1496 1592 1626 1554
801HONNINGS2016 83  1555 1557 1661 1651 1657 1683 1756 1743 1744
801HONNINGS2016 91  1866 1794 1700 1759 1710 1685 1751 1650 1615 1656 1725
801HONNINGS2016 92  1724 1625 1643 1588 1484 1508 1565 1586 1527 1530 1555
801HONNINGS2016 93  1585 1656 1683 1648 1681 1801 1897 2057
801HONNINGS2016101  2051 1867 1652 1518 1601 1557 1526 1523 1477 1499 1579
801HONNINGS2016102  1601 1544 1482 1504 1491 1472 1518 1543 1462 1407 1390
801HONNINGS2016103  1424 1519 1595 1640 1783 1969 1935 1780 1694
801HONNINGS2016111  1654 1692 1660 1569 1535 1502 1512 1513 1475 1492 1588
801HONNINGS2016112  1641 1649 1748 1910 1979 1911 1838 1856 1875 1766 1698
801HONNINGS2016113  1704 1672 1703 1770 1712 1692 1835 1942
801HONNINGS2016121  1811 1680 1663 1787 1778 1829 1914 1954 1917 1792 1753
801HONNINGS2016122  1774 1790 1792 1834 1873 1867 1867 1930 1981 2018 2167
801HONNINGS2016123  2154 2115 2175 2221 2121 1988 2145 2145 2157
801HONNINGS2017 11  1953 1767 1673 1617 1657 1847 1943 1998 2027 1876 1899
801HONNINGS2017 12  1922 1887 1878 1714 1630 1792 1844 2014 2030 1855 1762
801HONNINGS2017 13  1718 1722 1986 1978 1986 1970 2028 2010 1763
801HONNINGS2017 21  1611 1743 1764 1666 1617 1565 1515 1454 1425 1428 1493
801HONNINGS2017 22  1778 1836 1610 1648 1755 1763 1791 1872 1956 1950 1904
801HONNINGS2017 23  1863 1812 1730 1644 1610 1581
801HONNINGS2017 31  1601 1670 1627 1541 1520 1461 1429 1510 1624 1677 1708
801HONNINGS2017 32  1628 1578 1800 2060 1990 1970 1947 1798 1791 1831 1859
801HONNINGS2017 33  1819 1687 1767 1889 1767 1643 1575 1550 1575
801HONNINGS2017 41  1580 1495 1599 1757 1759 1701 1659 1590 1612 1696 1685
801HONNINGS2017 42  1583 1536 1548 1551 1526 1501 1543 1559 1712 1795 1670
801HONNINGS2017 43  1581 1489 1434 1437 1414 1373 1346 1415
801HONNINGS2017 51  1613 1567 1434 1556 1593 1520 1505 1467 1428 1443 1506
801HONNINGS2017 52  1520 1472 1437 1469 1543 1603 1645 1660 1604 1634 1667
801HONNINGS2017 53  1609 1596 1616 1554 1522 1571 1638 1688 1667
801HONNINGS2017 61  1552 1466 1478 1527 1599 1553 1489 1494 1485 1485 1516
801HONNINGS2017 62  1610 1642 1656 1687 1654 1591 1641 1680 1685 1649 1588
801HONNINGS2017 63  1588 1610 1647 1693 1681 1620 1567 1530
801HONNINGS2017 71  1555 1649 1682 1633 1596 1610 1617 1618 1657 1706 1711
801HONNINGS2017 72  1766 1745 1602 1593 1638 1688 1705 1634 1554 1516 1453
801HONNINGS2017 73  1441 1457 1482 1520 1573 1586 1579 1576 1529
801HONNINGS2017 81  1558 1646 1663 1655 1632 1590 1585 1565 1510 1556 1646
801HONNINGS2017 82  1700 1749 1762 1662 1637 1640 1601 1643 1684 1634 1543
801HONNINGS2017 83  1495 1541 1671 1650 1559 1612 1742 1869 1842
801HONNINGS2017 91  1735 1698 1678 1608 1579 1630 1635 1601 1527 1540 1623
801HONNINGS2017 92  1662 1645 1634 1630 1595 1600 1537 1468 1400 1407 1467
801HONNINGS2017 93  1493 1463 1455 1476 1469 1455 1476 1525
801HONNINGS2017101  1555 1605 1701 1798 1825 1821 1779 1696 1603 1592 1683
801HONNINGS2017102  1743 1717 1765 1836 1925 1926 1819 1667 1605 1584 1520
801HONNINGS2017103  1516 1570 1718 1861 2005 2090 1992 1852 1780
801HONNINGS2017111  1830 1969 2028 2050 1897 1853 1774 1722 1880 2017 1999
801HONNINGS2017112  1931 1836 1849 1837 1770 1774 1823 1778 1696 1614 1505
801HONNINGS2017113  1446 1541 1714 1880 1920 1909 1825 1699
801HONNINGS2017121  1719 1860 1886 1837 1822 1773 1699 1654 1637 1653 1735
801HONNINGS2017122  1760 1942 1990 1833 1785 1793 1757 1821 2020 2070 2068
801HONNINGS2017123  2068 2011 1872 1782 1734 1705 1649 1683 1751
801HONNINGS2018 11  1763 1777 1779 1727 1685 1734 1781 1727 1626 1587 1603
801HONNINGS2018 12  1663 1701 1737 1770 1907 1924 1790 1737 1676 1630 1619
801HONNINGS2018 13  1619 1636 1801 1777 1615 1582 1636 1671 1621
801HONNINGS2018 21  1523 1451 1411 1448 1557 1521 1605 1698 1685 1675 1622
801HONNINGS2018 22  1615 1649 1686 1673 1676 1637 1571 1493 1477 1514 1435
801HONNINGS2018 23  1345 1333 1294 1294 1368 1510
801HONNINGS2018 31  1486 1473 1484 1438 1420 1428 1435 1424 1461 1507 1549
801HONNINGS2018 32  1564 1542 1511 1473 1507 1729 1853 1647 1569 1666 1650
801HONNINGS2018 33  1632 1656 1640 1595 1596 1645 1651 1624 1598
801HONNINGS2018 41  1559 1526 1530 1527 1526 1584 1549 1506 1517 1512 1506
801HONNINGS2018 42  1460 1464 1443 1413 1487 1525 1511 1431 1507 1597 1555
801HONNINGS2018 43  1555 1672 1705 1648 1590 1508 1475 1441
801HONNINGS2018 51  1408 1427 1461 1505 1607 1706 1671 1585 1600 1594 1531
801HONNINGS2018 52  1442 1458 1477 1500 1572 1567 1595 1661 1664 1635 1589
801HONNINGS2018 53  1536 1507 1593 1587 1482 1549 1615 1491 1527
801HONNINGS2018 61  1644 1673 1770 1780 1647 1630 1631 1549 1517 1572 1620
801HONNINGS2018 62  1595 1577 1573 1680 1756 1621 1649 1790 1813 1743 1695
801HONNINGS2018 63  1753 1691 1667 1760 1743 1694 1678 1614
801HONNINGS2018 71  1553 1563 1575 1538 1519 1550 1516 1520 1507 1506 1519
801HONNINGS2018 72  1558 1568 1571 1589 1571 1528 1524 1545 1531 1576 1641
801HONNINGS2018 73  1661 1651 1654 1592 1514 1508 1531 1558 1563
801HONNINGS2018 81  1600 1587 1586 1651 1697 1688 1690 1707 1704 1644 1666
801HONNINGS2018 82  1679 1624 1554 1511 1567 1692 1777 1891 1875 1806 1785
801HONNINGS2018 83  1782 1758 1817 1807 1726 1592 1568 1660 1605
801HONNINGS2018 91  1556 1656 1766 1678 1591 1614 1577 1539 1541 1595 1699
801HONNINGS2018 92  1833 1822 1790 1832 1858 1877 1855 1812 1932 2032 2025
801HONNINGS2018 93  2124 2035 1908 1966 1910 1812 1874 1938
801HONNINGS2018101  1828 1812 1822 1794 1872 1899 1824 1875 2005 1880 1742
801HONNINGS2018102  1729 1831 1979 1976 1935 1935 2014 1898 1837 2078 2182
801HONNINGS2018103  2071 1958 1862 1756 1614 1585 1624 1600 1708
801HONNINGS2018111  1707 1622 1716 1810 1916 1892 1780 1680 1655 1683 1761
801HONNINGS2018112  1840 1826 1784 1876 1971 1820 1686 1889 1831 1754 1790
801HONNINGS2018113  1929 1854 1820 1779 1730 1794 1839 1893
801HONNINGS2018121  1907 1930 1961 1955 1935 1966 1950 1939 1886 1750 1622
801HONNINGS2018122  1630 1746 1792 1798 1757 1693 1616 1600 1622 1664 1753
801HONNINGS2018123  1793 1809 1901 1860 1803 1797 1849 1760 1739
801HONNINGS2019 11  1781 1674 1768 1818 1795 1932 2014 1905 1770 2044 2151
801HONNINGS2019 12  1964 1937 1848 1738 1708 1737 1737 1707 1643 1636 1635
801HONNINGS2019 13  1537 1448 1464 1510 1589 1671 1575 1531 1516
801HONNINGS2019 21  1422 1345 1370 1464 1609 1708 1751 1730 1692 1760 1775
801HONNINGS2019 22  1669 1617 1829 1928 1940 1804 1669 1733 1664 1591 1721
801HONNINGS2019 23  1844 1934 1840 1805 1901 1838
801HONNINGS2019 31  1757 1757 1792 1833 1868 1840 1710 1639 1644 1638 1614
801HONNINGS2019 32  1603 1622 1696 1768 1771 1623 1510 1486 1621 1731 1722
801HONNINGS2019 33  1894 1937 1730 1684 1811 1906 2067 2035 1894
801HONNINGS2019 41  1799 1727 1629 1486 1447 1482 1423 1339 1294 1391 1489
801HONNINGS2019 42  1464 1480 1537 1469 1410 1425 1418 1457 1556 1685 1656
801HONNINGS2019 43  1626 1527 1513 1536 1468 1472 1476 1555
801HONNINGS2019 51  1604 1563 1587 1590 1477 1417 1416 1556 1558 1454 1488
801HONNINGS2019 52  1553 1577 1537 1518 1487 1460 1429 1388 1389 1405 1372
801HONNINGS2019 53  1376 1469 1553 1586 1609 1563 1582 1691 1754
801HONNINGS2019 61  1744 1644 1570 1613 1591 1540 1523 1534 1487 1453 1341
801HONNINGS2019 62  1278 1311 1387 1470 1517 1526 1554 1594 1575 1608 1662
801HONNINGS2019 63  1630 1566 1566 1633 1675 1700 1749 1711
801HONNINGS2019 71  1743 1708 1665 1704 1704 1637 1522 1477 1482 1489 1519
801HONNINGS2019 72  1517 1517 1553 1568 1572 1606 1587 1567 1595 1598 1618
801HONNINGS2019 73  1607 1602 1577 1555 1500 1470 1441 1416 1469
801HONNINGS2019 81  1503 1467 1458 1492 1534 1524 1508 1521 1491 1449 1489
801HONNINGS2019 82  1546 1531 1558 1613 1626 1626 1648 1678 1690 1601 1552
801HONNINGS2019 83  1525 1483 1561 1623 1585 1584 1613 1635 1600
801HONNINGS2019 91  1587 1616 1689 1744 1731 1781 1625 1570 1586 1583 1677
801HONNINGS2019 92  1812 1850 1761 1768 1804 1721 1680 1678 1693 1685 1650
801HONNINGS2019 93  1643 1691 1771 1724 1693 1735 1754 1689
801HONNINGS2019101  1574 1518 1508 1551 1627 1668 1606 1628 1718 1750 1764
801HONNINGS2019102  1763 1728 1662 1632 1620 1665 1750 1687 1648 1670 1750
801HONNINGS2019103  1723 1571 1605 1723 1784 1778 1652 1632 1720
801HONNINGS2019111  1771 1827 1831 1808 1691 1589 1556 1483 1437 1464 1488
801HONNINGS2019112  1476 1551 1626 1528 1431 1452 1467 1508 1571 1610 1542
801HONNINGS2019113  1539 1612 1686 1763 1720 1697 1845 1956
801HONNINGS2019121  1946 1848 1805 1898 2011 1992 1920 1946 1979 1811 1720
801HONNINGS2019122  1825 1878 1854 1826 1836 1844 1835 1763 1707 1696 1699
801HONNINGS2019123  1740 1747 1682 1580 1558 1733 1979 2021 1969
801HONNINGS2020 11  1941 2088 2254 2130 1911 1888 1965 2240 2369 2080 1969
801HONNINGS2020 12  2025 1984 1936 1991 1919 1797 1765 1889 2091 2203 1959
801HONNINGS2020 13  1929 2019 1873 1717 1643 1611 1582 1617 1698
801HONNINGS2020 21  1835 1996 1946 1913 1926 1771 1750 1834 1921 2163 2244
801HONNINGS2020 22  2068 1887 1773 1666 1786 2091 2077 1897 1853 2056 2294
801HONNINGS2020 23  2308 2079 1889 1818 1804 1790 1765
801HONNINGS2020 31  1753 1677 1504 1428 1613 1802 1725 1719 1864 1766 1710
801HONNINGS2020 32  1866 1802 1666 1851 1882 1801 1820 1693 1586 1572 1723
801HONNINGS2020 33  1811 1946 1993 1873 1877 1841 1690 1563 1609
801HONNINGS2020 41  1600 1729 1795 1671 1452 1399 1601 1754 1743 1680 1659
801HONNINGS2020 42  1663 1603 1656 1803 1776 1687 1603 1609 1640 1574 1508
801HONNINGS2020 43  1565 1685 1672 1532 1455 1449 1447 1452
801HONNINGS2020 51  1513 1544 1566 1574 1644 1761 1730 1673 1643 1630 1751
801HONNINGS2020 52  1806 1700 1747 1734 1602 1608 1597 1546 9999 9999 9999
801HONNINGS2020 53  1580 1606 1566 1586 1703 1740 1675 1539 1502
801HONNINGS2020 61  1525 1567 1546 1511 1464 1535 1702 1681 1520 1476 1432
801HONNINGS2020 62  1465 1501 1570 1583 1503 1485 1544 1494 1466 1536 1565
801HONNINGS2020 63  1552 1545 1607 1659 1565 1507 1536 1622
801HONNINGS2020 71  1715 1710 1655 1675 1735 1806 1742 1659 1649 1643 1626
801HONNINGS2020 72  1586 1546 1533 1583 1594 1626 1663 1659 1662 1704 1716
801HONNINGS2020 73  1674 1639 1574 1529 1524 1520 1577 1590 1599
801HONNINGS2020 81  1605 1634 1714 1748 1724 1664 1595 1614 1658 1586 1529
801HONNINGS2020 82  1523 1582 1708 1819 1822 1780 1767 1728 1648 1617 1717
801HONNINGS2020 83  1814 1812 1798 1779 1786 1760 1726 1687 1653
801HONNINGS2020 91  1644 1613 1638 1730 1827 1841 1764 1805 1910 1928 1892
801HONNINGS2020 92  1915 1962 1913 1785 1687 1701 1852 1758 1779 1985 2006
801HONNINGS2020 93  1915 1943 1874 1684 1558 1593 1646 1652
801HONNINGS2020101  1556 1435 1464 1509 1494 1497 1579 1683 1767 1748 1673
801HONNINGS2020102  1633 1610 1618 1650 1665 1632 1581 1537 1518 1541 1625
801HONNINGS2020103  1717 1681 1596 1677 1776 1849 1865 1720 1655
801HONNINGS2020111  1720 1936 2074 2055 2175 2148 2136 2037 1912 1739 1694
801HONNINGS2020112  1744 1760 1761 1857 1823 1937 2172 2179 1970 1864 2086
801HONNINGS2020113  2050 1941 1916 1844 1810 1772 1748 1859
801HONNINGS2020121  1876 1851 1868 1773 1810 1782 1660 1603 1662 1665 1600
801HONNINGS2020122  1639 1628 1690 1784 1697 1612 1675 1694 1748 1884 1902
801HONNINGS2020123  1827 1699 1576 1557 1566 1555 1626 1682 1607
801HONNINGS2021 11  1553 1543 1490 1501 1499 1490 1519 1544 1473 1499 1562
801HONNINGS2021 12  1534 1563 1660 1699 1687 1673 1668 1562 1484 1452 1447
801HONNINGS2021 13  1522 1625 1626 1552 1553 1577 1594 1631 1664
801HONNINGS2021 21  1639 1574 1525 1454 1397 1380 1435 1474 1461 1493 1507
801HONNINGS2021 22  1528 1494 1550 1590 1562 1628 1596 1552 1526 1516 1623
801HONNINGS2021 23  1779 1901 2031 1940 1823 1932
801HONNINGS2021 31  1958 1807 1746 1671 1687 1742 1631 1530 1465 1526 1668
801HONNINGS2021 32  1798 1831 1824 1727 1618 1551 1443 1671 1872 1822 1777
801HONNINGS2021 33  1918 1941 1855 1679 1723 1687 1707 1801 1705
801HONNINGS2021 41  1656 1629 1726 1871 1814 1759 1768 1675 1684 1762 1705
801HONNINGS2021 42  1555 1607 1687 1611 1551 1487 1526 1566 1654 1756 1708
801HONNINGS2021 43  1569 1481 1488 1506 1505 1519 1605 1637
801HONNINGS2021 51  1604 1530 1487 1480 1510 1546 1575 1627 1633 1596 1511
801HONNINGS2021 52  1474 1447 1377 1396 1458 1513 1564 1607 1560 1499 1457
801HONNINGS2021 53  1396 1364 1308 1306 1481 1510 1457 1487 1496
