829Trieste       LAT=45 38.8N  LONG=013 45.6E
829Trieste 2009 61  1605 1638 1683 1751 1828 1946 1898 1805 1802 1801 1792
829Trieste 2009 62  1755 1729 1721 1747 1735 1651 1665 1748 1718 1728 1741
829Trieste 2009 63  1756 1758 1772 1780 1774 1755 1730 1714
829Trieste 2009 71  1712 1724 1734 1733 1747 1782 1816 1781 1719 1676 1659
829Trieste 2009 72  1649 1632 1634 1628 1614 1702 1721 1650 1627 1603 1596
829Trieste 2009 73  1637 1653 1582 1557 1584 1605 1595 1623 1629
829Trieste 2009 81  1649 1715 1750 1694 1648 1630 1631 1663 1685 1691 1664
829Trieste 2009 82  1644 1676 1664 1625 1614 1616 1619 1600 1590 1611 1587
829Trieste 2009 83  1543 1579 1644 1688 1679 1701 1704 1640 1638
829Trieste 2009 91  1669 1693 1761 1816 1667 1581 1559 1553 1568 1570 1546
829Trieste 2009 92  1602 1692 1756 1738 1782 1768 1709 1707 1723 1719 1699
829Trieste 2009 93  1673 1667 1666 1667 1672 1679 1686 1698
829Trieste 2009101  1747 1752 1732 1762 1752 1717 1711 1740 1764 1792 1827
829Trieste 2009102  1786 1677 1701 1673 1666 1690 1653 1698 1743 1823 1950
829Trieste 2009103  1929 1883 1803 1806 1763 1747 1740 1678 1636
829Trieste 2009111  1654 1821 1801 1875 1911 1871 1868 1930 1921 1913 1891
829Trieste 2009112  1833 1780 1756 1753 1754 1726 1676 1617 1590 1571 1601
829Trieste 2009113  1651 1613 1586 1665 1729 1704 1810 2055
829Trieste 2009121  1947 1770 1754 1875 1814 1761 1809 1814 1651 1648 1679
829Trieste 2009122  1653 1729 1709 1656 1783 1848 1856 1847 1829 1915 2077
829Trieste 2009123  2119 2170 2165 1952 1930 1991 1979 2025 2081
829Trieste 2010 11  2107 2001 1880 1893 1940 2008 1984 2040 2116 2040 1946
829Trieste 2010 12  1886 1887 1889 1798 1762 1765 1684 1666 1710 1704 1620
829Trieste 2010 13  1621 1614 1610 1565 1514 1622 1716 1771 1737
829Trieste 2010 21  1685 1649 1654 1613 1744 1749 1648 1678 1767 1868 1901
829Trieste 2010 22  1894 1868 1804 1796 1830 1909 1946 2110 2036 1941 2003
829Trieste 2010 23  2003 1950 1944 2018 1903 1982
829Trieste 2010 31  1952 1818 1771 1796 1809 1796 1631 1547 1650 1756 1820
829Trieste 2010 32  1749 1661 1627 1644 1628 1557 1529 1518 1543 1570 1537
829Trieste 2010 33  1509 1531 1577 1670 1676 1619 1655 1810 1785
829Trieste 2010 41  1705 1642 1625 1686 1649 1516 1496 1520 1499 1484 1473
829Trieste 2010 42  1525 1622 1664 1632 1620 1622 1659 1685 1685 1704 1697
829Trieste 2010 43  1749 1712 1624 1648 1613 1592 1623 1665
829Trieste 2010 51  1697 1757 1821 1794 1836 1802 1745 1720 1733 1773 1806
829Trieste 2010 52  1824 1835 1835 1866 1903 1834 1755 1716 1667 1619 1618
829Trieste 2010 53  1657 1698 1742 1754 1751 1727 1705 1750 1750
829Trieste 2010 61  1740 1808 1779 1736 1704 1720 1743 1755 1763 1774 1815
829Trieste 2010 62  1852 1873 1853 1821 1836 1801 1826 1886 1877 1862 1817
829Trieste 2010 63  1771 1768 1761 1752 1722 1704 1686 1670
829Trieste 2010 71  1664 1656 1666 1675 1670 1654 1650 1619 1629 1654 1659
829Trieste 2010 72  1667 1674 1663 1676 1697 1717 1646 1642 1680 1701 1704
829Trieste 2010 73  1735 1688 1669 1701 1717 1718 1744 1682 1669
829Trieste 2010 81  1642 1660 1680 1673 1747 1765 1716 1673 1663 1661 1681
829Trieste 2010 82  1696 1672 1687 1699 1681 1702 1721 1698 1650 1613 1621
829Trieste 2010 83  1687 1738 1708 1697 1767 1727 1700 1743 1704
829Trieste 2010 91  1711 1743 1730 1694 1650 1640 1742 1831 1766 1697 1688
829Trieste 2010 92  1706 1725 1707 1740 1813 1848 1783 1731 1701 1703 1702
829Trieste 2010 93  1722 1826 1926 1910 1899 1834 1806 1841
829Trieste 2010101  1837 1780 1751 1876 1927 1770 1688 1672 1702 1752 1806
829Trieste 2010102  1812 1834 1857 1888 1909 1882 1822 1908 1970 1876 1795
829Trieste 2010103  1785 1847 1849 1724 1691 1680 1723 1789 1940
829Trieste 2010111  2007 1912 1816 1716 1646 1669 1856 2043 2086 2058 1979
829Trieste 2010112  1936 1904 1879 1919 1999 1997 2028 1980 1916 2026 2086
829Trieste 2010113  2050 2020 2036 2006 1923 1996 2006 1932
829Trieste 2010121  2055 2092 1997 1853 1851 1978 2007 2027 1924 1760 1754
829Trieste 2010122  1827 1775 1714 1691 1664 1832 1832 1818 1843 1838 1909
829Trieste 2010123  2150 2178 1981 1810 1749 1747 1747 1726 1716
829Trieste 2011 11  1738 1711 1662 1682 1697 1708 1729 1740 1718 1767 1792
829Trieste 2011 12  1703 1701 1719 1659 1577 1608 1626 1610 1560 1505 1553
829Trieste 2011 13  1613 1615 1600 1654 1636 1559 1627 1702 1679
829Trieste 2011 21  1647 1595 1549 1587 1593 1532 1510 1538 1527 1558 1597
829Trieste 2011 22  1598 1607 1593 1650 1839 1842 1753 1722 1783 1789 1752
829Trieste 2011 23  1652 1599 1577 1625 1710 1659
829Trieste 2011 31  1561 1587 1609 1557 1585 1556 1455 1436 1459 1479 1483
829Trieste 2011 32  1519 1658 1628 1610 1824 1798 1684 1607 1510 1488 1510
829Trieste 2011 33  1449 1438 1523 1571 1588 1615 1583 1565 1518
829Trieste 2011 41  1490 1497 1552 1574 1515 1455 1499 1580 1597 1555 1547
829Trieste 2011 42  1611 1580 1558 1538 1532 1532 1541 1552 1570 1590 1604
829Trieste 2011 43  1637 1636 1600 1606 1616 1646 1677 1728
829Trieste 2011 51  1769 1788 1825 1772 1717 1691 1668 1609 1559 1559 1553
829Trieste 2011 52  1602 1615 1646 1601 1557 1564 1590 1616 1622 1590 1572
829Trieste 2011 53  1554 1544 1540 1592 1692 1653 1624 1679 1735
829Trieste 2011 61  1726 1648 1615 1630 1661 1678 1752 1788 1758 1718 1707
829Trieste 2011 62  1709 1712 1696 1699 1718 1735 1778 1721 1668 1652 1657
829Trieste 2011 63  1676 1615 1570 1580 1608 1644 1671 1694
829Trieste 2011 71  1657 1650 1688 1731 1730 1698 1718 1724 1706 1698 1685
829Trieste 2011 72  1682 1766 1810 1743 1702 1751 1793 1777 1776 1784 1777
829Trieste 2011 73  1769 1746 1764 1789 1762 1713 1705 1740 1742
829Trieste 2011 81  1705 1663 1664 1671 1666 1699 1771 1790 1672 1623 1642
829Trieste 2011 82  1675 1686 1685 1685 1636 1626 1644 1654 1634 1633 1656
829Trieste 2011 83  1686 1697 1694 1731 1763 1670 1679 1731 1737
829Trieste 2011 91  1738 1735 1752 1803 1783 1699 1689 1710 1707 1693 1704
829Trieste 2011 92  1703 1691 1702 1689 1689 1728 1822 1823 1728 1692 1694
829Trieste 2011 93  1701 1694 1677 1651 1621 1590 1570 1568
829Trieste 2011101  1576 1578 1599 1603 1618 1700 1708 1658 1629 1597 1645
829Trieste 2011102  1716 1678 1567 1545 1581 1608 1653 1751 1671 1593 1625
829Trieste 2011103  1632 1660 1820 1858 1760 1727 1692 1665 1657
829Trieste 2011111  1654 1649 1672 1788 1899 1936 1893 1862 1801 1742 1699
829Trieste 2011112  1642 1629 1634 1653 1655 1633 1602 1582 1584 1608 1662
829Trieste 2011113  1645 1613 1644 1605 1567 1516 1505 1493
829Trieste 2011121  1503 1577 1649 1701 1726 1694 1716 1701 1752 1751 1741
829Trieste 2011122  1783 1764 1811 1806 1890 1840 1782 1685 1721 1743 1617
829Trieste 2011123  1595 1681 1638 1530 1481 1487 1517 1546 1554
829Trieste 2012 11  1592 1678 1663 1608 1665 1556 1568 1640 1595 1541 1478
829Trieste 2012 12  1503 1537 1498 1483 1477 1480 1482 1537 1578 1550 1626
829Trieste 2012 13  1615 1508 1428 1448 1523 1527 1430 1384 1454
829Trieste 2012 21  1580 1487 1370 1445 1451 1318 1366 1426 1465 1388 1389
829Trieste 2012 22  1384 1425 1490 1548 1495 1447 1490 1502 1421 1376 1346
829Trieste 2012 23  1379 1389 1449 1451 1382 1389 1406
829Trieste 2012 31  1454 1492 1482 1497 1512 1505 1482 1488 1397 1314 1336
829Trieste 2012 32  1370 1409 1444 1461 1493 1544 1596 1557 1422 1381 1409
829Trieste 2012 33  1419 1410 1405 1406 1407 1429 1526 1586 1649
829Trieste 2012 41  1625 1620 1662 1676 1670 1680 1735 1673 1618 1715 1877
829Trieste 2012 42  1839 1829 1863 1875 1855 1781 1813 1887 1886 1877 1867
829Trieste 2012 43  1837 1872 1790 1685 1609 1614 1633 1628
829Trieste 2012 51  1623 1615 1646 1705 1743 1746 1695 1644 1618 1583 1585
829Trieste 2012 52  1565 1495 1566 1670 1583 1562 1609 1627 1665 1770 1774
829Trieste 2012 53  1714 1665 1663 1668 1674 1673 1669 1653 1639
829Trieste 2012 61  1678 1697 1731 1745 1690 1684 1672 1676 1682 1712 1750
829Trieste 2012 62  1791 1717 1635 1583 1571 1585 1595 1597 1622 1677 1647
829Trieste 2012 63  1609 1623 1657 1630 1622 1661 1686 1689
829Trieste 2012 71  1700 1736 1723 1699 1702 1705 1688 1689 1717 1729 1736
829Trieste 2012 72  1715 1739 1762 1675 1573 1567 1578 1647 1692 1607 1485
829Trieste 2012 73  1537 1654 1672 1633 1638 1708 1737 1672 1631
829Trieste 2012 81  1655 1691 1708 1709 1725 1732 1680 1638 1625 1598 1622
829Trieste 2012 82  1661 1697 1700 1696 1693 1659 1642 1642 1648 1661 1674
829Trieste 2012 83  1689 1723 1760 1707 1635 1665 1662 1685 1744
829Trieste 2012 91  1693 1648 1662 1684 1691 1659 1611 1619 1654 1674 1693
829Trieste 2012 92  1741 1672 1735 1752 1691 1706 1735 1726 1655 1662 1688
829Trieste 2012 93  1705 1797 1782 1823 1826 1709 1723 1769
829Trieste 2012101  1788 1776 1744 1720 1693 1705 1727 1695 1736 1736 1749
829Trieste 2012102  1797 1790 1866 1956 1889 1790 1728 1695 1685 1715 1743
829Trieste 2012103  1731 1751 1768 1944 2125 1944 1882 1874 2101
829Trieste 2012111  2200 2025 1971 2123 2144 1929 1794 1726 1687 1822 2068
829Trieste 2012112  1816 1590 1555 1590 1588 1588 1635 1678 1661 1665 1667
829Trieste 2012113  1663 1643 1647 1688 1844 2074 2079 1951
829Trieste 2012121  1887 1850 1823 1883 1871 1830 1817 1690 1706 1815 1784
829Trieste 2012122  1728 1697 1764 1812 1743 1711 1639 1613 1657 1712 1682
829Trieste 2012123  1705 1694 1735 1762 1743 1627 1553 1598 1589
829Trieste 2013 11  1648 1631 1541 1486 1479 1486 1510 1520 1563 1640 1656
829Trieste 2013 12  1643 1702 1780 1793 1817 1801 1802 1871 2001 2050 1975
829Trieste 2013 13  1972 1942 1851 1828 1869 1844 1779 1750 1717
829Trieste 2013 21  1831 1918 1834 1776 1789 1836 1784 1759 1713 1689 1902
829Trieste 2013 22  1877 1675 1640 1651 1621 1594 1581 1614 1629 1585 1644
829Trieste 2013 23  1795 1824 1672 1579 1532 1511
829Trieste 2013 31  1488 1488 1516 1533 1579 1758 1828 1793 1837 1838 1820
829Trieste 2013 32  1866 1905 1906 1905 1829 1942 2144 1956 1849 1776 1772
829Trieste 2013 33  1784 1751 1749 1816 1827 1846 1883 1954 1925
829Trieste 2013 41  1862 1872 1870 1903 1961 1825 1738 1824 1852 1797 1775
829Trieste 2013 42  1840 1746 1603 1576 1570 1541 1546 1584 1593 1589 1622
829Trieste 2013 43  1593 1498 1456 1535 1675 1681 1611 1607
829Trieste 2013 51  1610 1614 1638 1633 1614 1661 1701 1677 1680 1745 1752
829Trieste 2013 52  1710 1676 1687 1774 1951 1875 1769 1801 1786 1763 1787
829Trieste 2013 53  1889 1928 1868 1836 1835 1813 1816 1785 1817
829Trieste 2013 61  1814 1796 1756 1734 1729 1699 1672 1686 1743 1764 1721
829Trieste 2013 62  1670 1667 1696 1701 1687 1664 1666 1688 1727 1736 1725
829Trieste 2013 63  1737 1694 1635 1589 1593 1602 1586 1572
829Trieste 2013 71  1594 1614 1646 1635 1607 1584 1582 1611 1633 1665 1696
829Trieste 2013 72  1698 1692 1664 1657 1654 1653 1665 1678 1670 1660 1674
829Trieste 2013 73  1691 1694 1670 1649 1669 1706 1713 1647 1631
829Trieste 2013 81  1654 1689 1704 1700 1698 1702 1727 1736 1714 1684 1680
829Trieste 2013 82  1709 1721 1619 1608 1643 1679 1698 1668 1567 1560 1614
829Trieste 2013 83  1652 1700 1759 1751 1774 1770 1706 1677 1673
829Trieste 2013 91  1655 1622 1586 1578 1607 1632 1632 1653 1703 1709 1674
829Trieste 2013 92  1681 1681 1685 1718 1755 1753 1789 1811 1771 1714 1664
829Trieste 2013 93  1649 1700 1756 1750 1735 1769 1814 1802
829Trieste 2013101  1804 1769 1715 1715 1793 1844 1809 1769 1781 1908 1882
829Trieste 2013102  1775 1722 1715 1764 1759 1693 1706 1728 1758 1747 1705
829Trieste 2013103  1734 1741 1707 1698 1747 1786 1793 1716 1683
829Trieste 2013111  1718 1791 1871 1885 1914 1890 1858 1889 1977 1905 1813
829Trieste 2013112  1823 1782 1808 1817 1766 1752 1809 2012 2045 2029 1992
829Trieste 2013113  2034 2003 1814 1681 1707 1725 1688 1640
829Trieste 2013121  1566 1556 1571 1582 1621 1671 1619 1597 1560 1461 1481
829Trieste 2013122  1480 1499 1567 1533 1475 1481 1532 1607 1595 1539 1522
829Trieste 2013123  1503 1564 1829 2033 1857 1795 1778 1689 1716
829Trieste 2014 11  1732 1737 1727 1859 1945 1792 1713 1663 1687 1716 1693
829Trieste 2014 12  1673 1712 1842 1786 1766 1881 1907 1978 1975 1978 1886
829Trieste 2014 13  1834 1788 1779 1774 1834 1839 1850 2010 2082
829Trieste 2014 21  1950 1846 1802 1851 1841 1782 1877 1958 1909 1979 1976
829Trieste 2014 22  1855 1899 1830 1810 1953 1919 1791 1854 1751 1705 1675
829Trieste 2014 23  1596 1565 1598 1628 1619 1657
829Trieste 2014 31  1770 1712 1759 1846 1774 1702 1662 1604 1547 1545 1574
829Trieste 2014 32  1544 1525 1519 1554 1546 1548 1582 1555 1503 1542 1650
829Trieste 2014 33  1768 1689 1669 1681 1724 1671 1580 1600 1634
829Trieste 2014 41  1654 1671 1728 1844 1799 1732 1735 1754 1711 1668 1675
829Trieste 2014 42  1669 1641 1668 1644 1506 1525 1656 1736 1769 1801 1739
829Trieste 2014 43  1706 1717 1763 1820 1860 1863 1825 1792
829Trieste 2014 51  1770 1786 1752 1702 1676 1707 1717 1661 1655 1705 1781
829Trieste 2014 52  1743 1648 1580 1541 1589 1639 1668 1624 1567 1563 1616
829Trieste 2014 53  1666 1663 1647 1678 1713 1724 1717 1691 1641
829Trieste 2014 61  1616 1600 1592 1639 1650 1606 1593 1594 1612 1641 1661
829Trieste 2014 62  1641 1650 1667 1668 1693 1713 1716 1723 1750 1749 1753
829Trieste 2014 63  1776 1804 1825 1821 1797 1793 1846 1832
829Trieste 2014 71  1774 1746 1662 1675 1759 1758 1791 1859 1846 1814 1811
829Trieste 2014 72  1823 1813 1764 1705 1693 1675 1669 1684 1731 1797 1777
829Trieste 2014 73  1751 1747 1735 1744 1765 1781 1823 1852 1805
829Trieste 2014 81  1789 1806 1797 1746 1692 1692 1723 1746 1746 1722 1739
829Trieste 2014 82  1765 1812 1783 1735 1695 1663 1709 1736 1758 1744 1728
829Trieste 2014 83  1741 1709 1695 1756 1748 1677 1684 1732 1748
829Trieste 2014 91  1751 1758 1769 1792 1797 1783 1764 1765 1766 1760 1777
829Trieste 2014 92  1782 1761 1760 1758 1745 1737 1755 1789 1810 1818 1800
829Trieste 2014 93  1760 1809 1787 1711 1675 1661 1649 1626
829Trieste 2014101  1589 1545 1564 1600 1646 1705 1742 1771 1753 1738 1746
829Trieste 2014102  1761 1848 1877 1919 1949 1936 1835 1787 1787 1850 1831
829Trieste 2014103  1823 1787 1727 1719 1709 1720 1724 1671 1634
829Trieste 2014111  1640 1676 1746 1908 2073 2054 2013 1963 1922 1972 2008
829Trieste 2014112  2047 1982 1917 2037 2067 2069 2074 1909 1824 1795 1783
829Trieste 2014113  1739 1730 1741 1767 1813 1872 1883 1912
829Trieste 2014121  1995 1965 1961 1948 1966 1946 1885 1813 1714 1735 1775
829Trieste 2014122  1736 1742 1729 1739 1816 1830 1776 1755 1751 1690 1654
829Trieste 2014123  1633 1618 1608 1575 1712 1655 1566 1505 1446
829Trieste 2015 11  1493 1552 1635 1587 1476 1529 1565 1566 1552 1584 1613
829Trieste 2015 12  1530 1519 1529 1528 1666 1803 1683 1668 1687 1713 1727
829Trieste 2015 13  1740 1735 1694 1664 1656 1663 1867 2008 1974
829Trieste 2015 21  1954 1922 1969 1945 1850 1846 1855 1808 1669 1628 1662
829Trieste 2015 22  1672 1638 1656 1683 1635 1515 1448 1407 1394 1528 1648
829Trieste 2015 23  1680 1706 1713 1698 1650 1621
829Trieste 2015 31  1672 1718 1640 1569 1505 1475 1409 1460 1526 1553 1547
829Trieste 2015 32  1510 1544 1571 1549 1494 1461 1468 1469 1455 1520 1583
829Trieste 2015 33  1546 1578 1808 1797 1648 1630 1715 1833 1857
829Trieste 2015 41  1789 1781 1710 1736 1658 1563 1517 1489 1482 1533 1533
829Trieste 2015 42  1465 1448 1433 1443 1528 1590 1522 1439 1444 1452 1499
829Trieste 2015 43  1591 1597 1573 1590 1698 1744 1668 1687
829Trieste 2015 51  1754 1764 1730 1690 1699 1729 1699 1701 1692 1656 1628
829Trieste 2015 52  1630 1671 1742 1770 1680 1609 1630 1722 1766 1709 1696
829Trieste 2015 53  1709 1669 1687 1672 1631 1621 1631 1674 1664
829Trieste 2015 61  1638 1615 1590 1564 1556 1565 1555 1570 1580 1562 1585
829Trieste 2015 62  1632 1688 1747 1746 1698 1657 1661 1705 1704 1684 1745
829Trieste 2015 63  1772 1672 1629 1611 1630 1644 1646 1658
829Trieste 2015 71  1659 1648 1624 1616 1621 1610 1626 1677 1633 1640 1666
829Trieste 2015 72  1694 1709 1696 1694 1686 1684 1686 1714 1723 1712 1738
829Trieste 2015 73  1758 1774 1804 1772 1787 1804 1801 1712 1669
829Trieste 2015 81  1713 1702 1663 1679 1682 1681 1689 1702 1718 1734 1737
829Trieste 2015 82  1719 1731 1769 1783 1796 1798 1784 1773 1721 1666 1667
829Trieste 2015 83  1708 1776 1735 1666 1672 1652 1607 1605 1632
829Trieste 2015 91  1682 1720 1746 1776 1772 1709 1669 1646 1645 1658 1669
829Trieste 2015 92  1637 1706 1858 1837 1846 1882 1846 1791 1759 1738 1812
829Trieste 2015 93  1870 1825 1807 1730 1664 1611 1569 1538
829Trieste 2015101  1577 1661 1703 1711 1713 1744 1750 1733 1735 1752 1782
829Trieste 2015102  1826 1941 1986 1959 1895 1841 1829 1810 1795 1780 1760
829Trieste 2015103  1759 1765 1748 1708 1704 1774 1807 1704 1652
829Trieste 2015111  1652 1643 1627 1640 1649 1635 1619 1606 1597 1587 1605
829Trieste 2015112  1605 1607 1590 1586 1603 1646 1655 1664 1785 1817 1788
829Trieste 2015113  1752 1674 1702 1722 1783 1824 1791 1758
829Trieste 2015121  1713 1638 1604 1578 1552 1533 1491 1501 1500 1458 1482
829Trieste 2015122  1529 1574 1580 1560 1527 1523 1540 1561 1585 1582 1540
829Trieste 2015123  1522 1526 1485 1469 1475 1447 1422 1412 1470
829Trieste 2016 11  1529 1608 1640 1744 1802 1785 1797 1893 1933 1973 2079
829Trieste 2016 12  1957 1815 1821 1788 1684 1595 1594 1698 1705 1645 1590
829Trieste 2016 13  1539 1492 1483 1457 1491 1502 1471 1511 1599
829Trieste 2016 21  1566 1567 1585 1536 1497 1506 1693 1761 1794 1814 1733
829Trieste 2016 22  1802 1840 1902 1857 1731 1756 1743 1737 1669 1624 1636
829Trieste 2016 23  1690 1645 1656 1645 1700 1841 1839
829Trieste 2016 31  1739 1794 1841 1799 2014 1982 1861 1799 1752 1748 1711
829Trieste 2016 32  1623 1560 1610 1668 1628 1631 1628 1606 1628 1665 1618
829Trieste 2016 33  1614 1709 1713 1680 1663 1717 1712 1693 1708
829Trieste 2016 41  1661 1541 1550 1579 1584 1606 1646 1715 1734 1702 1683
829Trieste 2016 42  1703 1746 1718 1725 1778 1820 1783 1648 1583 1635 1704
829Trieste 2016 43  1747 1719 1704 1827 1832 1696 1652 1653
829Trieste 2016 51  1684 1645 1651 1626 1576 1611 1644 1659 1652 1684 1771
829Trieste 2016 52  1859 1893 1867 1816 1766 1724 1732 1766 1706 1656 1685
829Trieste 2016 53  1776 1740 1671 1644 1649 1689 1764 1774 1744
829Trieste 2016 61  1721 1707 1698 1708 1711 1668 1626 1625 1626 1658 1737
829Trieste 2016 62  1755 1766 1816 1871 2015 1952 1798 1774 1778 1716 1661
829Trieste 2016 63  1674 1705 1744 1756 1725 1649 1667 1706
829Trieste 2016 71  1700 1712 1672 1631 1672 1684 1670 1686 1676 1657 1670
829Trieste 2016 72  1722 1780 1694 1626 1634 1620 1620 1612 1628 1668 1686
829Trieste 2016 73  1663 1622 1636 1669 1697 1695 1695 1712 1739
829Trieste 2016 81  1711 1679 1679 1722 1749 1680 1640 1657 9999 9999 9999
829Trieste 2016 82  9999 9999 9999 9999 9999 9999 9999 9999 9999 9999 9999
829Trieste 2016 83  9999 9999 9999 9999 9999 9999 9999 9999 9999
829Trieste 2016 91  9999 9999 9999 9999 9999 9999 9999 9999 9999 9999 9999
829Trieste 2016 92  9999 9999 9999 9999 9999 9999 9999 9999 9999 9999 9999
829Trieste 2016 93  9999 9999 9999 9999 9999 9999 1594 1605
829Trieste 2016101  1638 1687 1657 1613 1627 1682 1687 1711 1704 1667 1702
829Trieste 2016102  1722 1752 1867 1846 1707 1714 1721 1754 1772 1748 1763
829Trieste 2016103  1765 1754 1756 1723 1660 1621 1642 1654 1607
829Trieste 2016111  1643 1741 1733 1756 1967 2063 1958 1893 1907 1952 1945
829Trieste 2016112  1875 1812 1685 1628 1630 1661 1766 1821 1733 1729 1734
829Trieste 2016113  1710 1740 1791 1786 1795 1694 1585 1617
829Trieste 2016121  1687 1738 1697 1608 1585 1569 1521 1504 1478 1466 1516
829Trieste 2016122  1504 1487 1536 1513 1476 1470 1460 1438 1459 1428 1463
829Trieste 2016123  1482 1492 1501 1496 1474 1399 1313 1312 1368
829Trieste 2017 11  1481 1533 1528 1614 1501 1313 1407 1494 1516 1545 1585
829Trieste 2017 12  1736 1774 1639 1618 1511 1434 1473 1496 1476 1414 1428
829Trieste 2017 13  1481 1428 1421 1430 1440 1444 1455 1489 1556
829Trieste 2017 21  1574 1588 1661 1688 1760 1791 1696 1609 1602 1616 1582
829Trieste 2017 22  1534 1486 1490 1482 1516 1530 1472 1462 1468 1451 1459
829Trieste 2017 23  1522 1571 1506 1516 1545 1675
829Trieste 2017 31  1621 1572 1562 1721 1764 1758 1706 1596 1607 1560 1533
829Trieste 2017 32  1620 1589 1539 1478 1426 1484 1575 1561 1537 1538 1564
829Trieste 2017 33  1552 1511 1524 1505 1463 1488 1476 1450 1481
829Trieste 2017 41  1568 1607 1574 1577 1543 1534 1511 1478 1485 1508 1510
829Trieste 2017 42  1509 1575 1625 1656 1651 1645 1635 1565 1496 1481 1520
829Trieste 2017 43  1553 1568 1664 1797 1835 1755 1590 1559
829Trieste 2017 51  1637 1632 1598 1600 1590 1643 1667 1667 1664 1683 1833
829Trieste 2017 52  1872 1804 1752 1676 1633 1613 1640 1697 1657 1567 1578
829Trieste 2017 53  1624 1641 1590 1552 1569 1586 1620 1667 1673
829Trieste 2017 61  1645 1627 1635 1668 1677 1758 1669 1569 1620 1636 1604
829Trieste 2017 62  1626 1648 1653 1662 1676 1636 1562 1586 1655 1677 1698
829Trieste 2017 63  1724 1725 1703 1669 1723 1843 1888 1825
829Trieste 2017 71  1775 1713 1685 1686 1696 1699 1702 1687 1699 1749 1746
829Trieste 2017 72  1709 1653 1626 1615 1584 1586 1635 1650 1660 1686 1707
829Trieste 2017 73  1704 1729 1732 1746 1746 1748 1728 1701 1665
829Trieste 2017 81  1674 1706 1712 1736 1749 1700 1649 1715 1758 1755 1729
829Trieste 2017 82  1640 1613 1607 1587 1583 1593 1644 1646 1566 1572 1595
829Trieste 2017 83  1622 1631 1616 1614 1635 1626 1631 1702 1753
829Trieste 2017 91  1782 1768 1734 1715 1695 1710 1708 1688 1779 1885 1928
829Trieste 2017 92  1829 1771 1812 1781 1831 1825 1760 1730 1740 1709 1679
829Trieste 2017 93  1661 1653 1635 1625 1628 1600 1596 1634
829Trieste 2017101  1635 1623 1624 1588 1631 1624 1595 1680 1715 1721 1676
829Trieste 2017102  1645 1596 1559 1558 1566 1581 1606 1624 1634 1665 1720
829Trieste 2017103  1658 1562 1614 1654 1663 1640 1739 1707 1623
829Trieste 2017111  1604 1640 1649 1665 1884 1833 1781 1821 1738 1701 1728
829Trieste 2017112  1802 1752 1724 1702 1703 1703 1716 1745 1729 1744 1724
829Trieste 2017113  1689 1684 1791 1732 1673 1733 1893 1864
829Trieste 2017121  1752 1678 1717 1680 1592 1545 1563 1649 1569 1746 2023
829Trieste 2017122  1909 1741 1812 1856 1763 1708 1657 1591 1538 1452 1399
829Trieste 2017123  1443 1497 1538 1614 1876 1862 1727 1705 1706
829Trieste 2018 11  1783 1736 1768 1803 1849 1824 1785 1828 1881 1754 1705
829Trieste 2018 12  1705 1664 1700 1749 1821 1684 1655 1720 1700 1662 1614
829Trieste 2018 13  1610 1563 1560 1563 1526 1469 1447 1405 1435
829Trieste 2018 21  1602 1592 1605 1597 1535 1617 1697 1675 1614 1545 1636
829Trieste 2018 22  1711 1696 1669 1572 1571 1608 1579 1567 1597 1612 1690
829Trieste 2018 23  1722 1684 1559 1580 1678 1677
829Trieste 2018 31  1758 1890 1924 1858 1908 2018 1992 1907 1882 1876 1998
829Trieste 2018 32  1995 1904 1831 1887 1926 1909 1914 1893 1851 1735 1666
829Trieste 2018 33  1788 1858 1861 1834 1803 1783 1830 1930 1936
829Trieste 2018 41  1832 1758 1731 1761 1725 1608 1625 1660 1766 1751 1711
829Trieste 2018 42  1760 1706 1620 1689 1756 1682 1603 1558 1537 1571 1582
829Trieste 2018 43  1588 1593 1609 1597 1558 1583 1636 1672
829Trieste 2018 51  1608 1634 1760 1747 1705 1696 1691 1731 1774 1763 1726
829Trieste 2018 52  1724 1751 1778 1757 1713 1673 1626 1607 1610 1658 1707
829Trieste 2018 53  1710 1690 1679 1672 1679 1690 1691 1709 1727
829Trieste 2018 61  1713 1691 1676 1710 1723 1715 1708 1711 1709 1684 1701
829Trieste 2018 62  1769 1760 1734 1720 1721 1727 1692 1661 1665 1702 1678
829Trieste 2018 63  1639 1642 1603 1608 1625 1650 1688 1690
829Trieste 2018 71  1689 1707 1708 1690 1710 1709 1653 1615 1635 1687 1712
829Trieste 2018 72  1680 1631 1627 1656 1695 1695 1671 1684 1704 1734 1724
829Trieste 2018 73  1667 1663 1703 1709 1718 1718 1678 1658 1663
829Trieste 2018 81  1673 1630 1618 1662 1690 1705 1712 1708 1702 1684 1653
829Trieste 2018 82  1651 1679 1676 1655 1671 1704 1692 1676 1697 1709 1716
829Trieste 2018 83  1734 1761 1777 1695 1650 1657 1706 1727 1717
829Trieste 2018 91  1699 1673 1676 1683 1663 1703 1725 1683 1655 1647 1621
829Trieste 2018 92  1620 1670 1702 1681 1659 1658 1665 1672 1681 1734 1752
829Trieste 2018 93  1780 1701 1562 1518 1533 1604 1605 1646
829Trieste 2018101  1724 1710 1681 1652 1683 1755 1748 1693 1679 1680 1690
829Trieste 2018102  1668 1668 1693 1714 1721 1710 1712 1712 1702 1678 1650
829Trieste 2018103  1675 1715 1739 1801 1958 2074 2305 2144 1893
829Trieste 2018111  1963 1884 1810 1855 1916 1902 1880 1820 1798 1813 1806
829Trieste 2018112  1759 1705 1649 1632 1613 1582 1607 1726 1823 1866 1815
829Trieste 2018113  1818 1913 1901 1944 1886 1766 1761 1801
829Trieste 2018121  1818 1807 1806 1762 1689 1667 1712 1768 1803 1770 1748
829Trieste 2018122  1752 1755 1658 1649 1727 1707 1620 1678 1737 1706 1690
829Trieste 2018123  1675 1653 1527 1494 1503 1536 1538 1529 1454
829Trieste 2019 11  1448 1467 1454 1490 1511 1526 1521 1621 1694 1631 1585
829Trieste 2019 12  1589 1706 1740 1661 1688 1783 1717 1655 1664 1644 1717
829Trieste 2019 13  1749 1722 1675 1709 1915 1930 1845 1875 1912
829Trieste 2019 21  2083 2150 1993 1743 1634 1658 1719 1723 1723 1787 1730
829Trieste 2019 22  1596 1454 1391 1450 1462 1477 1509 1506 1461 1443 1366
829Trieste 2019 23  1251 1309 1346 1357 1430 1550
829Trieste 2019 31  1594 1577 1616 1704 1700 1678 1809 1752 1677 1694 1611
829Trieste 2019 32  1519 1581 1624 1663 1681 1709 1613 1483 1403 1368 1379
829Trieste 2019 33  1377 1438 1480 1455 1444 1394 1389 1426 1473
829Trieste 2019 41  1514 1595 1672 1855 1803 1696 1726 1711 1747 1803 1790
829Trieste 2019 42  1745 1718 1710 1675 1667 1627 1575 1534 1520 1521 1629
829Trieste 2019 43  1773 1728 1688 1694 1664 1640 1598 1600
829Trieste 2019 51  1617 1665 1696 1716 1696 1680 1659 1731 1800 1724 1734
829Trieste 2019 52  1702 1605 1554 1620 1677 1700 1785 1814 1812 1782 1714
829Trieste 2019 53  1657 1648 1654 1659 1715 1767 1720 1630 1570
829Trieste 2019 61  1591 1624 1647 1679 1738 1780 1730 1658 1595 1649 1715
829Trieste 2019 62  1752 1706 1655 1698 1683 1644 1663 1699 1722 1725 1736
829Trieste 2019 63  1705 1643 1617 1625 1655 1652 1626 1653
829Trieste 2019 71  1687 1676 1633 1621 1658 1693 1718 1710 1700 1676 1670
829Trieste 2019 72  1727 1755 1709 1714 1713 1736 1752 1737 1703 1663 1623
829Trieste 2019 73  1615 1637 1679 1735 1795 1842 1803 1768 1741
829Trieste 2019 81  1716 1694 1654 1649 1673 1699 1735 1711 1684 1693 1698
829Trieste 2019 82  1709 1685 1650 1657 1662 1671 1668 1669 1674 1630 1580
829Trieste 2019 83  1577 1619 1641 1647 1651 1656 1639 1608 1632
829Trieste 2019 91  1677 1674 1627 1642 1695 1706 1741 1779 1740 1672 1634
829Trieste 2019 92  1599 1556 1528 1554 1598 1633 1586 1535 1510 1551 1638
829Trieste 2019 93  1693 1677 1738 1733 1726 1747 1751 1752
829Trieste 2019101  1769 1796 1747 1784 1821 1788 1726 1741 1825 1773 1690
829Trieste 2019102  1673 1647 1647 1768 1774 1725 1755 1785 1773 1723 1657
829Trieste 2019103  1660 1710 1704 1672 1687 1717 1724 1688 1671
829Trieste 2019111  1720 1859 2069 2065 2075 1980 1955 2049 2009 1951 1943
829Trieste 2019112  2198 2204 2077 2248 2140 2185 2064 2024 1938 1908 1916
829Trieste 2019113  2067 2119 1973 1977 2086 2072 1975 1857
829Trieste 2019121  1887 1871 1690 1665 1711 1718 1679 1658 1694 1596 1601
829Trieste 2019122  1759 1899 1859 1876 1826 1833 1803 1824 1951 2150 2047
829Trieste 2019123  1913 1866 1838 1798 1793 1654 1525 1531 1578
829Trieste 2020 11  1563 1549 1557 1580 1514 1451 1489 1501 1548 1562 1510
829Trieste 2020 12  1511 1528 1514 1477 1424 1515 1581 1508 1423 1424 1436
829Trieste 2020 13  1454 1525 1567 1576 1592 1701 1666 1628 1637
829Trieste 2020 21  1645 1667 1721 1693 1401 1458 1579 1586 1603 1680 1660
829Trieste 2020 22  1578 1630 1575 1517 1552 1571 1558 1560 1512 1495 1467
829Trieste 2020 23  1490 1514 1622 1674 1665 1605 1676
829Trieste 2020 31  1858 1919 1872 1700 1786 1897 1781 1716 1680 1666 1657
829Trieste 2020 32  1626 1611 1592 1570 1576 1521 1498 1506 1495 1476 1360
829Trieste 2020 33  1302 1315 1336 1422 1539 1589 1574 1486 1446
829Trieste 2020 41  1533 1610 1583 1498 1493 1524 1490 1473 1472 1486 1517
829Trieste 2020 42  1548 1589 1531 1467 1525 1570 1587 1580 1512 1558 1633
829Trieste 2020 43  1660 1686 1727 1730 1743 1785 1777 1751
829Trieste 2020 51  1787 1757 1663 1621 1668 1634 1565 1587 1641 1726 1827
829Trieste 2020 52  1740 1749 1816 1780 1671 1677 1651 1665 1647 1631 1643
829Trieste 2020 53  1651 1594 1529 1466 1448 1488 1490 1523 1530
829Trieste 2020 61  1515 1569 1676 1863 1940 1845 1857 1877 1868 1884 1859
829Trieste 2020 62  1818 1827 1839 1811 1805 1831 1829 1781 1733 1716 1696
829Trieste 2020 63  1693 1678 1652 1647 1655 1667 1706 1701
829Trieste 2020 71  1683 1678 1643 1625 1622 1640 1633 1657 1658 1681 1637
829Trieste 2020 72  1540 1539 1611 1653 1640 1602 1601 1637 1649 1629 1614
829Trieste 2020 73  1610 1618 1624 1632 1627 1642 1659 1660 1665
829Trieste 2020 81  1679 1712 1819 1787 1685 1683 1682 1683 1695 1720 1720
829Trieste 2020 82  1706 1722 1730 1707 1721 1753 1718 1687 1676 1669 1687
829Trieste 2020 83  1671 1658 1676 1699 1713 1772 1906 1918 1729
829Trieste 2020 91  1673 1714 1667 1602 1628 1689 1656 1587 1600 1621 1638
829Trieste 2020 92  1641 1612 1596 1612 1636 1624 1599 1625 1663 1689 1731
829Trieste 2020 93  1756 1839 1923 1857 1923 1897 1807 1747
829Trieste 2020101  1790 1930 2061 1996 1912 1877 1854 1769 1765 1790 1774
829Trieste 2020102  1785 1842 1871 1869 1830 1800 1751 1718 1691 1694 1705
829Trieste 2020103  1753 1779 1764 1913 1888 1725 1729 1703 1663
829Trieste 2020111  1666 1665 1644 1600 1547 1566 1595 1606 1591 1583 1603
829Trieste 2020112  1615 1596 1598 1648 1702 1672 1673 1713 1648 1616 1675
829Trieste 2020113  1647 1613 1656 1667 1682 1697 1702 1704
829Trieste 2020121  1778 1846 1922 2060 2287 2256 2055 2144 2118 2029 2002
829Trieste 2020122  1971 1904 1863 1868 1844 1779 1725 1692 1660 1642 1637
829Trieste 2020123  1638 1728 1679 1578 1739 2104 2035 1895 1812
829Trieste 2021 11  1884 1974 1889 1832 1887 1856 1776 1713 1697 1684 1684
829Trieste 2021 12  1728 1768 1767 1684 1618 1655 1620 1599 1630 1710 1882
829Trieste 2021 13  1931 1832 1817 1717 1701 1786 1831 1847 1893
829Trieste 2021 21  1868 1827 1812 1770 1736 1804 2011 2005 2009 2014 1862
829Trieste 2021 22  1690 1556 1549 1531 1549 1581 1589 1600 1576 1537 1509
829Trieste 2021 23  1452 1455 1481 1479 1421 1369
829Trieste 2021 31  1369 1360 1367 1430 1430 1361 1416 1441 1467 1481 1564
829Trieste 2021 32  1634 1631 1561 1525 1558 1539 1553 1556 1491 1492 1534
829Trieste 2021 33  1509 1526 1555 1580 1563 1469 1373 1351 1394
829Trieste 2021 41  1479 1582 1592 1549 1617 1615 1581 1565 1559 1560 1636
829Trieste 2021 42  1666 1570 1530 1523 1490 1522 1610 1640 1656 1671 1653
829Trieste 2021 43  1574 1547 1564 1604 1655 1709 1756 1749
829Trieste 2021 51  1814 1788 1649 1695 1746 1743 1728 1616 1607 1642 1693
829Trieste 2021 52  1743 1760 1753 1755 1788 1765 1718 1637 1591 1646 1722
829Trieste 2021 53  1686 1629 1615 1560 1536 1518 1532 1520 1529
829Trieste 2021 61  1563 1586 1574 1586 1614 1622 1631 1622 1623 1642 1662
829Trieste 2021 62  1676 1694 1667 1643 1665 1698 1695 1693 1730 1790 1803
829Trieste 2021 63  1786 1792 1758 1702 1696 1714 1764 1783
