836ALERT         LAT=82 29.5N  LONG=062 19.0W
836ALERT   2018 91  9999  487  485  453  433  438  417  436  445  395 9999
836ALERT   2018 92  9999  311  354  422  422  357  297  288  316  318  318
836ALERT   2018 93   344  390  475  551  530  539  505  421
836ALERT   2018101   392  278  278  339  376  397  399  404  529  636  569
836ALERT   2018102   507  532  535  523  511  505  532  523  480  414  295
836ALERT   2018103   216  184  128  116  275  373  355  356  372
836ALERT   2018111   268  249  303  326  338  303  250  278  318  335  335
836ALERT   2018112   334  354  387 9999 9999  450  473  358  283 9999 9999
836ALERT   2018113  9999 9999 9999 9999 9999 9999 9999 9999
836ALERT   2018121  9999  306  280  255  319  417  462  406  423  503  548
836ALERT   2018122   572  557  485  422  344  258  285  327 9999 9999  365
836ALERT   2018123   399  402  417  416  300  237  298  329  285
836ALERT   2019 11   380  524  514  478  488  436  399  424  450  287  178
836ALERT   2019 12   168  186  202  154  147  235  276 9999 9999  348  304
836ALERT   2019 13   290  261  229  258  278  222 9999 9999 9999
836ALERT   2019 21  9999  276  306  280  292  294  195  168  301  319  310
836ALERT   2019 22   410  472  508  425  287  215  246  345  449  486  510
836ALERT   2019 23   427  347  374  474  404  233
836ALERT   2019 31   304  365  326  475  459  399  398  393  417  374  364
836ALERT   2019 32   401  442  373  294  274  243  246  286  336  415  369
836ALERT   2019 33   262  158  257 9999 9999 9999 9999 9999 9999
836ALERT   2019 41  9999  348  406  454  296  197  217  264  269  310  335
836ALERT   2019 42   296  311  361  414  438  387  371  360  325  282  308
836ALERT   2019 43   333  330  342  339  327  231  181  198
836ALERT   2019 51   157  159  154  132  154  186  193  167  147  205  253
836ALERT   2019 52   240  238  212  184  189  185  162  162  179  154  140
836ALERT   2019 53   165  223  284  324  330  294  250  210  195
836ALERT   2019 61   245  248  251  258  255  268  263  232  231  210  240
836ALERT   2019 62   287  283  309  286  314  401  449  500  524  532  550
836ALERT   2019 63   511  469  401  288 9999 9999 9999 9999
836ALERT   2019 71  9999  270  270  288  328  344  332  337  340  330  331
836ALERT   2019 72   373  401  422  445  481  505  499  503  496  481  471
836ALERT   2019 73   463  393  320  275  298 9999 9999 9999 9999
836ALERT   2019 81  9999  353  333  345  322  318  342  312  283  291  300
836ALERT   2019 82   263  267  314  346  364  363  366  384  390 9999 9999
836ALERT   2019 83  9999 9999 9999 9999 9999 9999 9999 9999 9999
836ALERT   2019 91  9999  221  244  322  392  407  415  434 9999 9999  433
836ALERT   2019 92  9999 9999  430  407  347  298  245  267  332  395  458
836ALERT   2019 93   553  593  508  470  467 9999 9999 9999
836ALERT   2019101  9999 9999 9999 9999 9999 9999 9999 9999 9999 9999 9999
836ALERT   2019102  9999 9999 9999 9999 9999 9999  420  358  277  237  241
836ALERT   2019103   300  335  451  490  402  289  239  302  352
836ALERT   2019111   333  304  334  332  346  365  337  303  273  327  391
836ALERT   2019112   378  330  338  485  518  434  490  473  377  313 9999
836ALERT   2019113  9999 9999 9999 9999 9999 9999 9999 9999
836ALERT   2019121  9999 9999 9999  614  482  384  368  334  296  304  302
836ALERT   2019122   326  339  323  303  276  261  238  278 9999 9999 9999
836ALERT   2019123  9999 9999 9999 9999 9999 9999 9999 9999 9999
836ALERT   2020 11  9999 9999 9999 9999 9999 9999 9999 9999 9999 9999 9999
836ALERT   2020 12  9999 9999 9999 9999 9999 9999 9999 9999 9999 9999 9999
836ALERT   2020 13  9999 9999 9999 9999 9999 9999 9999 9999 9999
836ALERT   2020 21  9999 9999 9999 9999 9999 9999 9999 9999 9999 9999 9999
836ALERT   2020 22  9999 9999 9999 9999 9999 9999 9999 9999 9999 9999 9999
836ALERT   2020 23  9999 9999 9999 9999 9999 9999 9999
836ALERT   2020 31  9999 9999 9999 9999 9999 9999 9999 9999 9999 9999 9999
836ALERT   2020 32  9999 9999 9999 9999 9999 9999 9999 9999 9999 9999 9999
836ALERT   2020 33  9999 9999 9999 9999 9999 9999 9999 9999 9999
836ALERT   2020 41  9999 9999 9999 9999 9999 9999 9999 9999 9999 9999 9999
836ALERT   2020 42  9999 9999 9999 9999 9999 9999 9999 9999 9999 9999 9999
836ALERT   2020 43  9999 9999 9999 9999 9999 9999 9999 9999
836ALERT   2020 51  9999 9999 9999 9999 9999 9999 9999 9999 9999 9999 9999
836ALERT   2020 52  9999 9999 9999 9999 9999 9999 9999 9999 9999 9999 9999
836ALERT   2020 53  9999 9999 9999 9999 9999 9999 9999 9999 9999
836ALERT   2020 61  9999  310  278  235  255  291  289  306  294  330  397
836ALERT   2020 62   407  348  330  325  309  360  440  509  514  469  439
836ALERT   2020 63   436  436  430  353  262  264  298 9999
836ALERT   2020 71  9999  335  360  358  333  299  289  305  329  338  285
836ALERT   2020 72   241  274  322  320  301  300  306  271  263  305  306
836ALERT   2020 73   294  285 9999 9999 9999  357  347  387 9999
836ALERT   2020 81  9999  541  506  433  406  429  452  438  377 9999 9999
836ALERT   2020 82   483  516  405  327  338  323  305  328  350  351  334
836ALERT   2020 83   326  370  418  434  481  392  343  369  352
836ALERT   2020 91   336  339  334  326  356  428  428  418  422  434  396
836ALERT   2020 92   337  329  417  482  487  456  378  358  329  269  252
836ALERT   2020 93   277  316 9999 9999 9999 9999 9999 9999
836ALERT   2020101  9999  311  263  202  282  322  315  328  304  298  342
836ALERT   2020102   372  313  300  253  194  244  254  285  368  415  447
836ALERT   2020103   451  438  434  392  343  338  345  381  431
836ALERT   2020111   432  374  420  613  557  476  472  461  447  513  567
836ALERT   2020112   593  576  516  491  485  489  494  510  585  616  607
836ALERT   2020113   589  547  629  655  576  461  411  367
836ALERT   2020121  9999 9999  182  199  380  434  432  441  435  381  340
836ALERT   2020122   289  261  235  155  222  284 9999 9999 9999 9999 9999
836ALERT   2020123  9999 9999 9999 9999 9999 9999 9999 9999 9999
836ALERT   2021 11  9999  429  396  310  216  153  201  210  154  134  169
836ALERT   2021 12   208  300  369  340  311  250  165  119  224  231   95
836ALERT   2021 13    37   40   23   75  191  167  176  239  233
836ALERT   2021 21   254  272  185  171  198  178  143   87   33   17   12
836ALERT   2021 22    69  230  400  482  535  495 9999 9999  434  415  461
836ALERT   2021 23   481  486  463  452  501  508
836ALERT   2021 31   355  239  276  322  109   97  174  191  170  226  320
836ALERT   2021 32   299  252  248  244  328  416  425  333  301  356  336
836ALERT   2021 33   218  202  293  346  298  240 9999 9999 9999
836ALERT   2021 41  9999  274  140  -17   36  134  125  109  100  118  139
836ALERT   2021 42   136  178  242  273  199  277  337  272  286  321  313
836ALERT   2021 43   284  266  238  155  147  164  148  184
836ALERT   2021 51   226  286  233  177  218  236  236  231  227  228  236
836ALERT   2021 52   264  285  256  240  253  270  321  274  200  189  164
836ALERT   2021 53   151  164  240  304  256  283  358  387 9999
