907SITTWE(A      LAT=20 09. N  LONG=092 54. E
907SITTWE(A2006 91  9999 9999 9999 9999 9999 9999 9999 3184 3158 3155 3163
907SITTWE(A2006 92  3178 3201 3242 3301 3329 3312 3344 3402 3439 3465 3428
907SITTWE(A2006 93  3389 3361 3346 3355 3352 3436 3474 3471
907SITTWE(A2006101  3457 3406 3362 3356 3375 3400 3416 3439 3446 3440 3415
907SITTWE(A2006102  3397 3360 3337 3335 3328 3310 3286 3256 3241 3209 3185
907SITTWE(A2006103  3176 3172 3182 3209 3223 3233 3236 3219 3187
907SITTWE(A2006111  3163 3154 3137 3129 3119 3102 3099 3087 3096 3132 3151
907SITTWE(A2006112  3175 3193 3172 3153 3125 3107 3080 3052 3031 3014 3007
907SITTWE(A2006113  3035 3045 3055 3056 3029 3001 2980 2989
907SITTWE(A2006121  2966 2918 2889 2895 2879 2875 2897 2913 2938 2968 2989
907SITTWE(A2006122  3008 2985 2965 2983 2982 2988 3012 3010 2985 2979 2991
907SITTWE(A2006123  2994 3008 3003 2981 2965 2931 2907 2888 2876
907SITTWE(A2007 11  2884 2860 2818 2817 2843 2861 2882 2883 2890 2916 2938
907SITTWE(A2007 12  2976 2989 2979 2978 2973 2953 2935 2930 2922 2897 2875
907SITTWE(A2007 13  2861 2894 2920 2931 2931 2933 2944 2969 3005
907SITTWE(A2007 21  3020 3038 3048 3060 3046 3022 2980 2950 2944 2940 2932
907SITTWE(A2007 22  2923 2922 2916 2931 2913 2913 2914 2891 2897 2932 2938
907SITTWE(A2007 23  2925 2891 2880 2864 2839 2843
907SITTWE(A2007 31  2862 2888 2916 2926 2916 2898 2890 2876 2891 2906 2906
907SITTWE(A2007 32  2873 2868 2868 2868 2874 2870 2885 2903 2947 2985 2998
907SITTWE(A2007 33  3004 2986 2965 2949 2930 2926 2920 2918 2953
907SITTWE(A2007 41  2999 3032 3052 3068 3075 3090 3083 3065 3071 3083 3082
907SITTWE(A2007 42  3094 3137 3172 3200 3211 3203 3185 3180 3171 3163 3184
907SITTWE(A2007 43  3226 3242 3237 3238 3235 3231 3224 3198
907SITTWE(A2007 51  3183 3210 3260 3325 3382 3345 3334 3368 3407 3419 3421
907SITTWE(A2007 52  3417 3553 3967 3780 3510 3495 3456 3438 3447 3483 3450
907SITTWE(A2007 53  3402 3375 3366 3347 3329 3269 3236 3211 3232
907SITTWE(A2007 61  3261 3264 3260 3252 3278 3294 3292 3310 3311 3344 3391
907SITTWE(A2007 62  3378 3360 3345 3347 3370 3381 3397 3387 3396 3501 3530
907SITTWE(A2007 63  3442 3361 3361 3430 3526 3710 3700 3560
907SITTWE(A2007 71  3502 3512 3598 3653 3627 3626 3604 3576 3573 3557 3556
907SITTWE(A2007 72  3581 3570 3590 3578 3515 3461 3470 3530 3549 3569 3574
907SITTWE(A2007 73  3506 3462 3432 3397 3388 3375 3346 3304 3296
907SITTWE(A2007 81  3343 3436 3572 3669 3676 3650 3597 3533 3512 3614 3789
907SITTWE(A2007 82  3826 3757 3653 3595 3554 3549 3509 3472 3444 3419 3398
907SITTWE(A2007 83  3364 3328 3351 3364 3376 3367 3344 3395 3439
907SITTWE(A2007 91  3469 3478 3448 3457 3477 3471 3463 3449 3429 3397 3369
907SITTWE(A2007 92  3350 3351 3341 3324 3308 3292 3332 3395 3469 3563 3618
907SITTWE(A2007 93  3578 3479 3396 3363 3347 3347 3333 3316
907SITTWE(A2007101  3324 3367 3419 3454 3475 3501 3543 3592 3544 3455 3394
907SITTWE(A2007102  3372 3375 3405 3445 3406 3334 3313 3290 3294 3337 3372
907SITTWE(A2007103  3386 3371 3332 3325 3306 3274 3284 3328 3347
907SITTWE(A2007111  3381 3444 3486 3501 3498 3493 3486 3458 3440 3419 3382
907SITTWE(A2007112  3403 3443 3573 3852 3763 3550 3499 3473 3447 3444 3443
907SITTWE(A2007113  3424 3412 3428 3431 3427 3405 3388 3379
907SITTWE(A2007121  3369 3327 3277 3229 3173 3166 3178 3176 3180 3190 3197
907SITTWE(A2007122  3194 3168 3162 3168 3144 3106 3102 3111 3132 3117 3088
907SITTWE(A2007123  3113 3140 3141 3152 3158 3194 3222 3243 3232
907SITTWE(A2008 11  3200 3190 3202 3225 3215 3182 3157 3195 3235 3237 3228
907SITTWE(A2008 12  3201 3180 3141 3100 3079 3077 3098 3107 3117 3116 3111
907SITTWE(A2008 13  3118 3103 3102 3106 3053 3021 3027 3065 3076
907SITTWE(A2008 21  3051 3031 3057 3052 3029 3051 3071 3064 3060 3047 3061
907SITTWE(A2008 22  3057 3025 3011 3036 3038 3021 3017 3038 3053 3056 3082
907SITTWE(A2008 23  3098 3120 3104 3096 3102 3108 3124
907SITTWE(A2008 31  3140 3146 3113 3093 3081 3081 3080 3079 3106 3149 3198
907SITTWE(A2008 32  3183 3167 3166 3161 3180 3205 3206 3196 3181 3158 3184
907SITTWE(A2008 33  3204 3212 3221 3202 3193 3193 3200 3224 3241
907SITTWE(A2008 41  3283 3321 3316 3299 3303 3335 3316 3265 3234 3225 3233
907SITTWE(A2008 42  3234 3246 3253 3245 3224 3214 3206 3209 3219 3216 3224
907SITTWE(A2008 43  3204 3190 3189 3236 3299 3387 3420 3429
907SITTWE(A2008 51  3485 3530 3499 3421 3480 3454 3449 3441 3419 3385 3386
907SITTWE(A2008 52  3393 3371 3332 3296 3328 3380 3358 3322 3323 3332 3323
907SITTWE(A2008 53  3312 3312 3300 3301 3320 3325 3318 3297 3306
907SITTWE(A2008 61  3290 3262 3251 3265 3307 3351 3382 3399 3407 3386 3384
907SITTWE(A2008 62  3357 3393 3433 3507 3509 3433 3453 3435 3403 3413 3399
907SITTWE(A2008 63  3368 3383 3391 3401 3425 3473 3470 3437
907SITTWE(A2008 71  3426 3441 3490 3501 3503 3515 3508 3495 3462 3420 3396
907SITTWE(A2008 72  3394 3384 3388 3379 3419 3406 3399 3397 3389 3416 3443
907SITTWE(A2008 73  3454 3451 3472 3491 3528 3580 3587 3597 3605
907SITTWE(A2008 81  3607 3624 3658 3676 3657 3636 3655 3709 3804 3807 3713
907SITTWE(A2008 82  3621 3572 3586 3592 3577 3545 3556 3552 3545 3518 3482
907SITTWE(A2008 83  3449 3398 3335 3321 3361 3395 3396 3381 3368
907SITTWE(A2008 91  3357 3327 3312 3298 3294 3300 3332 3381 3429 3474 3474
907SITTWE(A2008 92  3466 3507 3628 3688 3667 3593 3532 3510 3476 3469 3457
907SITTWE(A2008 93  3485 3526 3562 3557 3523 3437 3412 3403
907SITTWE(A2008101  3393 3356 3342 3339 3326 3315 3323 3315 3283 3258 3248
907SITTWE(A2008102  3257 3287 3312 3316 3315 3327 3333 3367 3398 3390 3345
907SITTWE(A2008103  3320 3391 3505 3620 3575 3488 3453 3422 3404
907SITTWE(A2008111  3409 3416 3459 3519 3527 3527 3509 3479 3444 3437 3428
907SITTWE(A2008112  3442 3468 3471 3449 3417 3397 3361 3340 3350 3382 3378
907SITTWE(A2008113  3340 3316 3299 3266 3225 3246 3280 3321
907SITTWE(A2008121  3359 3382 3370 3358 3347 3358 3370 3396 3445 3491 3485
907SITTWE(A2008122  3458 3395 3326 3324 3323 3279 3253 3262 3282 3282 3273
907SITTWE(A2008123  3292 3293 3286 3267 3200 3165 3127 3114 3124
907SITTWE(A2009 11  3117 3113 3127 3140 3144 3158 3159 3140 3136 3136 3131
907SITTWE(A2009 12  3108 3108 3128 3129 3094 3097 3105 3099 3088 3048 3038
907SITTWE(A2009 13  3059 3058 3041 3042 3048 3045 3009 2984 2995
907SITTWE(A2009 21  3007 2982 2933 2874 2865 2909 2956 2985 3000 3015 3021
907SITTWE(A2009 22  3013 2990 2979 2963 2948 2982 3043 3081 3087 3076 3078
907SITTWE(A2009 23  3084 3100 3109 3101 3089 3076
907SITTWE(A2009 31  3066 3071 3105 3138 3146 3153 3139 3097 3095 3111 3120
907SITTWE(A2009 32  3102 3062 3067 3100 3138 3138 3135 3151 3129 3121 3135
907SITTWE(A2009 33  3113 3096 3116 3165 3178 3173 3180 3185 3188
907SITTWE(A2009 41  3182 3170 3151 3143 3131 3130 3143 3138 3135 3148 3181
907SITTWE(A2009 42  3211 3235 3248 3233 3261 3351 3282 3223 3220 3231 3242
907SITTWE(A2009 43  3270 3220 3179 3205 3236 3246 3269 3297
907SITTWE(A2009 51  3332 3360 3357 3352 3348 3334 3316 3291 3278 3279 3266
907SITTWE(A2009 52  3284 3300 3287 3272 3257 3243 3256 3283 3286 3298 3384
907SITTWE(A2009 53  3509 3698 3767 3574 3413 3378 3374 3429 3482
907SITTWE(A2009 61  3498 3507 3516 3544 3600 3681 3653 3514 3458 3474 3511
907SITTWE(A2009 62  3531 3525 3487 3447 3427 3418 3411 3417 3474 3522 3494
907SITTWE(A2009 63  3503 3562 3557 3514 3469 3430 3424 3434
907SITTWE(A2009 71  3476 3470 3479 3493 9999 9999 9999 3548 3519 3474 3441
907SITTWE(A2009 72  3452 3508 3557 3557 3504 3526 3562 3610 9999 9999 9999
907SITTWE(A2009 73  3451 3415 3460 9999 9999 9999 9999 9999 9999
907SITTWE(A2009 81  9999 9999 9999 9999 9999 9999 9999 9999 9999 9999 9999
907SITTWE(A2009 82  9999 9999 9999 9999 9999 9999 9999 9999 9999 9999 9999
907SITTWE(A2009 83  9999 9999 9999 9999 9999 9999 9999 9999 9999
907SITTWE(A2009 91  9999 9999 9999 9999 9999 9999 9999 9999 9999 9999 9999
907SITTWE(A2009 92  9999 9999 9999 9999 9999 9999 9999 9999 9999 9999 9999
907SITTWE(A2009 93  9999 9999 9999 9999 9999 9999 9999 9999
907SITTWE(A2009101  9999 9999 9999 9999 9999 9999 9999 9999 9999 9999 9999
907SITTWE(A2009102  9999 9999 9999 9999 9999 9999 9999 9999 9999 9999 9999
907SITTWE(A2009103  9999 9999 9999 9999 9999 9999 9999 9999 9999
907SITTWE(A2009111  9999 9999 9999 9999 9999 9999 9999 9999 9999 9999 9999
907SITTWE(A2009112  9999 9999 9999 9999 9999 9999 9999 9999 9999 9999 9999
907SITTWE(A2009113  9999 9999 9999 9999 9999 9999 9999 9999
907SITTWE(A2009121  9999 9999 9999 9999 9999 9999 9999 9999 9999 9999 9999
907SITTWE(A2009122  9999 9999 9999 9999 9999 9999 9999 9999 9999 9999 9999
907SITTWE(A2009123  9999 9999 9999 9999 9999 9999 9999 9999 9999
907SITTWE(A2010 11  9999 9999 9999 9999 9999 9999 9999 9999 9999 9999 9999
907SITTWE(A2010 12  9999 9999 9999 9999 9999 9999 9999 9999 9999 9999 9999
907SITTWE(A2010 13  9999 9999 9999 9999 9999 9999 9999 9999 9999
907SITTWE(A2010 21  9999 9999 9999 9999 9999 9999 9999 9999 9999 9999 9999
907SITTWE(A2010 22  9999 9999 9999 9999 9999 9999 9999 9999 9999 9999 9999
907SITTWE(A2010 23  9999 9999 9999 9999 9999 9999
907SITTWE(A2010 31  9999 9999 9999 9999 9999 9999 9999 9999 9999 9999 9999
907SITTWE(A2010 32  9999 9999 9999 9999 9999 9999 9999 9999 9999 9999 9999
907SITTWE(A2010 33  9999 9999 9999 9999 9999 9999 9999 9999 9999
907SITTWE(A2010 41  9999 9999 9999 9999 9999 9999 9999 9999 9999 9999 9999
907SITTWE(A2010 42  9999 9999 9999 9999 9999 9999 9999 9999 9999 9999 9999
907SITTWE(A2010 43  9999 9999 9999 9999 9999 9999 9999 9999
907SITTWE(A2010 51  9999 9999 9999 9999 9999 9999 9999 9999 9999 9999 9999
907SITTWE(A2010 52  9999 9999 9999 9999 9999 9999 9999 9999 9999 9999 9999
907SITTWE(A2010 53  9999 9999 9999 9999 9999 9999 9999 9999 9999
907SITTWE(A2010 61  9999 9999 9999 9999 9999 9999 9999 9999 9999 9999 9999
907SITTWE(A2010 62  9999 9999 9999 9999 9999 9999 9999 9999 9999 9999 9999
907SITTWE(A2010 63  9999 9999 9999 9999 9999 9999 9999 9999
907SITTWE(A2010 71  9999 9999 9999 9999 9999 9999 9999 9999 9999 9999 9999
907SITTWE(A2010 72  9999 9999 9999 9999 9999 9999 9999 9999 9999 9999 9999
907SITTWE(A2010 73  9999 9999 9999 9999 9999 9999 9999 9999 9999
907SITTWE(A2010 81  9999 9999 9999 9999 9999 9999 9999 9999 9999 9999 9999
907SITTWE(A2010 82  9999 9999 9999 9999 9999 9999 9999 9999 9999 9999 9999
907SITTWE(A2010 83  9999 9999 9999 9999 9999 9999 9999 9999 9999
907SITTWE(A2010 91  9999 9999 9999 9999 9999 9999 9999 9999 9999 9999 9999
907SITTWE(A2010 92  9999 9999 9999 9999 9999 9999 9999 9999 9999 9999 9999
907SITTWE(A2010 93  9999 9999 9999 9999 9999 9999 9999 9999
907SITTWE(A2010101  9999 9999 9999 9999 9999 9999 9999 9999 9999 9999 9999
907SITTWE(A2010102  9999 9999 9999 9999 9999 9999 9999 9999 9999 9999 9999
907SITTWE(A2010103  9999 9999 9999 9999 9999 9999 9999 9999 9999
907SITTWE(A2010111  9999 9999 9999 9999 9999 9999 9999 9999 9999 9999 9999
907SITTWE(A2010112  9999 9999 9999 9999 9999 9999 9999 9999 9999 9999 9999
907SITTWE(A2010113  9999 9999 9999 9999 9999 9999 9999 9999
907SITTWE(A2010121  9999 9999 9999 9999 9999 9999 9999 9999 9999 9999 9999
907SITTWE(A2010122  9999 9999 9999 9999 9999 9999 9999 9999 9999 9999 9999
907SITTWE(A2010123  9999 9999 9999 9999 9999 9999 9999 9999 9999
907SITTWE(A2011 11  9999 9999 9999 9999 9999 9999 9999 9999 9999 9999 9999
907SITTWE(A2011 12  9999 9999 9999 9999 9999 9999 9999 9999 9999 9999 9999
907SITTWE(A2011 13  9999 9999 9999 9999 9999 9999 9999 9999 9999
907SITTWE(A2011 21  9999 9999 9999 9999 9999 9999 9999 9999 9999 9999 9999
907SITTWE(A2011 22  9999 9999 9999 9999 9999 9999 9999 9999 9999 9999 9999
907SITTWE(A2011 23  9999 9999 9999 9999 9999 9999
907SITTWE(A2011 31  9999 9999 9999 9999 9999 9999 9999 9999 9999 9999 9999
907SITTWE(A2011 32  9999 9999 9999 9999 9999 9999 9999 9999 9999 9999 9999
907SITTWE(A2011 33  9999 9999 9999 9999 9999 9999 9999 9999 9999
907SITTWE(A2011 41  9999 9999 9999 9999 9999 9999 9999 9999 9999 9999 9999
907SITTWE(A2011 42  9999 9999 9999 9999 9999 9999 9999 9999 9999 9999 9999
907SITTWE(A2011 43  9999 9999 9999 9999 9999 9999 9999 9999
907SITTWE(A2011 51  9999 9999 9999 9999 9999 9999 9999 9999 9999 9999 9999
907SITTWE(A2011 52  9999 9999 9999 9999 9999 9999 9999 9999 9999 9999 9999
907SITTWE(A2011 53  9999 9999 9999 9999 9999 9999 9999 9999 9999
907SITTWE(A2011 61  9999 9999 9999 9999 9999 9999 9999 9999 9999 9999 9999
907SITTWE(A2011 62  9999 9999 9999 9999 9999 9999 9999 9999 9999 9999 9999
907SITTWE(A2011 63  9999 9999 9999 9999 9999 9999 9999 9999
907SITTWE(A2011 71  9999 9999 9999 9999 9999 9999 9999 9999 9999 9999 9999
907SITTWE(A2011 72  9999 9999 9999 9999 9999 9999 9999 9999 9999 9999 9999
907SITTWE(A2011 73  9999 9999 9999 9999 9999 9999 9999 9999 9999
907SITTWE(A2011 81  9999 9999 9999 9999 9999 9999 9999 9999 9999 9999 9999
907SITTWE(A2011 82  9999 9999 9999 9999 9999 9999 9999 9999 9999 9999 9999
907SITTWE(A2011 83  9999 9999 9999 9999 9999 9999 9999 9999 9999
907SITTWE(A2011 91  9999 9999 9999 9999 9999 9999 9999 9999 9999 9999 9999
907SITTWE(A2011 92  9999 9999 9999 9999 9999 9999 9999 9999 9999 9999 9999
907SITTWE(A2011 93  9999 9999 9999 9999 9999 9999 9999 9999
907SITTWE(A2011101  9999 9999 9999 9999 9999 9999 9999 9999 9999 9999 9999
907SITTWE(A2011102  9999 9999 9999 9999 9999 9999 9999 9999 9999 9999 9999
907SITTWE(A2011103  9999 9999 9999 9999 9999 9999 9999 9999 9999
907SITTWE(A2011111  9999 9999 9999 9999 9999 9999 9999 9999 9999 9999 9999
907SITTWE(A2011112  9999 9999 9999 9999 9999 9999 9999 9999 9999 9999 9999
907SITTWE(A2011113  9999 9999 9999 9999 9999 9999 9999 9999
907SITTWE(A2011121  9999 9999 9999 9999 9999 9999 9999 9999 9999 9999 9999
907SITTWE(A2011122  9999 9999 9999 9999 9999 9999 9999 9999 9999 9999 9999
907SITTWE(A2011123  9999 9999 9999 9999 9999 9999 9999 9999 9999
907SITTWE(A2012 11  9999 9999 9999 9999 9999 9999 9999 9999 9999 9999 9999
907SITTWE(A2012 12  9999 9999 9999 9999 9999 9999 9999 9999 9999 9999 9999
907SITTWE(A2012 13  9999 9999 9999 9999 9999 9999 9999 9999 9999
907SITTWE(A2012 21  9999 9999 9999 9999 9999 9999 9999 9999 9999 9999 9999
907SITTWE(A2012 22  9999 9999 9999 9999 9999 9999 9999 9999 9999 9999 9999
907SITTWE(A2012 23  9999 9999 9999 9999 9999 9999 9999
907SITTWE(A2012 31  9999 9999 9999 9999 9999 9999 9999 9999 9999 9999 9999
907SITTWE(A2012 32  9999 9999 9999 9999 9999 9999 9999 9999 9999 9999 9999
907SITTWE(A2012 33  9999 9999 9999 9999 9999 9999 9999 9999 9999
907SITTWE(A2012 41  9999 9999 9999 9999 9999 9999 3245 3230 3233 3225 3233
907SITTWE(A2012 42  3230 3172 3162 3175 3198 3221 3228 3226 3227 3234 3243
907SITTWE(A2012 43  3221 3204 3196 3190 3192 3182 3193 3239
907SITTWE(A2012 51  3248 3275 3309 3315 3336 3322 3321 3315 3317 3347 3370
907SITTWE(A2012 52  3369 3358 3331 3322 3321 3331 3342 3348 3357 3372 3385
907SITTWE(A2012 53  3392 3412 3415 3411 3432 3447 3469 3513 3565
907SITTWE(A2012 61  3510 3527 3555 3540 3511 3482 3453 3438 3433 3479 3581
907SITTWE(A2012 62  3684 3698 3636 3583 3575 3589 3672 3781 3769 3754 3719
907SITTWE(A2012 63  3720 3712 3656 3681 3659 3604 3526 3544
907SITTWE(A2012 71  3686 3721 3635 3562 3527 3554 3587 3596 3582 3530 3497
907SITTWE(A2012 72  3483 3440 3437 3441 3462 3472 3525 3560 3588 3618 3609
907SITTWE(A2012 73  3616 3638 3678 3671 3681 3703 3705 3698 3663
907SITTWE(A2012 81  3632 3629 3746 3842 3816 3739 3689 3661 3665 3655 3620
907SITTWE(A2012 82  3563 3518 3479 3473 3521 3555 3550 3538 3511 3483 3452
907SITTWE(A2012 83  3433 3436 3435 3434 3414 3387 3390 3441 3475
907SITTWE(A2012 91  3481 3524 3549 3550 3535 3575 3542 3598 3708 3700 3641
907SITTWE(A2012 92  3635 3648 3676 3684 3693 3652 3577 3545 3535 3542 3551
907SITTWE(A2012 93  3536 9999 9999 9999 9999 9999 9999 9999
907SITTWE(A2012101  9999 9999 9999 9999 9999 9999 9999 9999 9999 9999 9999
907SITTWE(A2012102  9999 9999 9999 9999 9999 9999 9999 9999 9999 9999 9999
907SITTWE(A2012103  9999 9999 9999 9999 9999 9999 9999 9999 9999
907SITTWE(A2012111  9999 9999 9999 9999 9999 9999 9999 9999 9999 9999 9999
907SITTWE(A2012112  9999 9999 9999 9999 9999 9999 9999 9999 9999 9999 9999
907SITTWE(A2012113  9999 9999 9999 9999 9999 9999 9999 9999
907SITTWE(A2012121  9999 9999 9999 9999 9999 9999 9999 9999 9999 9999 9999
907SITTWE(A2012122  9999 9999 9999 9999 9999 9999 9999 9999 9999 9999 9999
907SITTWE(A2012123  9999 9999 9999 9999 9999 9999 9999 9999 9999
907SITTWE(A2013 11  9999 9999 9999 9999 9999 9999 9999 3231 3211 3174 3148
907SITTWE(A2013 12  3151 3204 3215 3191 3175 3200 3211 3224 3242 3229 3203
907SITTWE(A2013 13  3180 3130 3081 3048 3054 3083 3116 3132 3151
907SITTWE(A2013 21  3152 3147 3136 3105 3094 3109 3118 3121 3108 3111 3127
907SITTWE(A2013 22  3135 3158 3168 9999 9999 9999 9999 9999 9999 9999 9999
907SITTWE(A2013 23  2995 3013 3036 3034 3055 3071
907SITTWE(A2013 31  3053 3066 3088 3083 3068 3082 3109 3136 3160 3175 3180
907SITTWE(A2013 32  3178 3166 3134 3110 3112 3122 3129 3104 3088 3127 3143
907SITTWE(A2013 33  3132 3124 3134 3132 3132 3123 3098 3092 3078
907SITTWE(A2013 41  3063 3078 3097 3122 3127 3122 3146 3148 3146 3148 3155
907SITTWE(A2013 42  3174 3171 3184 3228 3260 3291 3251 3276 3244 3189 3185
907SITTWE(A2013 43  3235 3267 3293 3290 3293 3301 3299 3299
907SITTWE(A2013 51  3301 3327 3317 3279 3265 3290 3337 3369 3369 3359 3362
907SITTWE(A2013 52  3364 3402 3471 3632 3619 3487 3513 3570 3608 3606 3603
907SITTWE(A2013 53  3605 3631 3640 3674 3749 3791 3782 3736 3668
907SITTWE(A2013 61  3610 3556 3528 3533 3552 3537 3580 3591 3565 3586 3603
907SITTWE(A2013 62  3637 3638 3587 3539 3499 3453 3457 3524 3564 3602 3670
907SITTWE(A2013 63  3759 3777 3715 3661 3676 3683 3654 3646
907SITTWE(A2013 71  3602 3546 3474 3462 3488 3477 3512 3599 3645 3701 3735
907SITTWE(A2013 72  3695 3617 3566 3559 3587 3584 3578 3608 3610 3637 3646
907SITTWE(A2013 73  3636 3654 3736 3745 3709 3678 3651 3640 3585
907SITTWE(A2013 81  3531 3503 3511 3564 3621 3606 3562 3519 3501 3509 3509
907SITTWE(A2013 82  3519 3556 3592 3642 3706 3779 3826 3819 3822 3781 3722
907SITTWE(A2013 83  3659 3637 3644 3681 3694 3634 3555 3494 3448
907SITTWE(A2013 91  3468 3515 3540 3539 3492 3458 3446 3426 3398 3362 3353
907SITTWE(A2013 92  3380 3445 3527 3600 3662 3692 3678 3616 3578 3555 3536
907SITTWE(A2013 93  3523 3503 3496 3532 3593 3653 3637 3620
907SITTWE(A2013101  3562 3521 3508 3508 3523 3519 3483 3418 3410 3529 3690
907SITTWE(A2013102  3686 3584 3487 3428 3410 3399 3436 3474 3491 3491 3444
907SITTWE(A2013103  3425 3396 3351 3410 3465 3445 3441 3441 3438
907SITTWE(A2013111  3420 3418 3394 3359 3337 3307 3280 3292 3309 3337 3406
907SITTWE(A2013112  3402 3412 3415 3399 3368 3370 3361 3362 3344 3353 3338
907SITTWE(A2013113  3321 3279 3273 3322 3442 3434 3365 3334
907SITTWE(A2013121  3311 3304 3310 3296 3265 3248 3242 3248 3260 3309 3322
907SITTWE(A2013122  3291 3260 3251 3223 3204 3195 3197 3206 3246 3283 3316
907SITTWE(A2013123  3339 3352 3310 3286 3315 3298 3270 3226 3204
907SITTWE(A2014 11  3233 3236 3196 3219 3250 3240 3215 3189 3204 3214 3200
907SITTWE(A2014 12  3173 3138 3086 3070 3060 3064 3097 3109 3099 3085 3101
907SITTWE(A2014 13  3125 3108 3081 3051 3040 3045 3055 3060 3046
907SITTWE(A2014 21  3057 3068 3066 3045 3024 2997 2992 3006 3028 3024 3023
907SITTWE(A2014 22  2998 2967 2981 3023 3073 3071 3016 3029 3048 3047 3027
907SITTWE(A2014 23  3025 3005 2980 2961 3001 3056
907SITTWE(A2014 31  3080 3087 3066 3035 3002 2967 2932 2913 2913 2924 2936
907SITTWE(A2014 32  2940 2938 2937 2940 2938 2944 2940 2996 3027 3009 2991
907SITTWE(A2014 33  2983 2977 2986 3012 3029 3038 3062 3105 3114
907SITTWE(A2014 41  3107 3094 3067 3038 3038 3050 3068 3103 3110 3109 3097
907SITTWE(A2014 42  3095 3089 3092 3096 3096 3111 3134 3125 3118 3125 3144
907SITTWE(A2014 43  3181 3201 3213 3224 3228 3248 3249 3237
907SITTWE(A2014 51  3228 3222 3215 3228 3242 3262 3293 3336 3361 3360 3365
907SITTWE(A2014 52  3348 3331 3320 3310 3306 3300 3322 3349 3399 3479 3535
907SITTWE(A2014 53  3510 3500 3480 3447 3402 3358 3320 3297 3328
907SITTWE(A2014 61  3338 3332 3361 3402 3420 3419 3458 3484 9999 9999 9999
907SITTWE(A2014 62  3544 3535 9999 9999 9999 9999 9999 9999 9999 9999 9999
907SITTWE(A2014 63  9999 9999 3607 3578 3553 9999 9999 9999
907SITTWE(A2014 71  9999 3665 3701 3687 3639 3604 3571 3563 3602 3689 3804
907SITTWE(A2014 72  3859 9999 9999 9999 9999 9999 9999 9999 9999 9999 9999
907SITTWE(A2014 73  9999 9999 9999 3632 9999 9999 9999 9999 9999
907SITTWE(A2014 81  9999 9999 9999 9999 9999 9999 9999 9999 9999 9999 9999
907SITTWE(A2014 82  9999 3622 9999 9999 9999 9999 9999 9999 9999 9999 9999
907SITTWE(A2014 83  3402 3375 3409 3428 3432 3438 3479 3483 3497
907SITTWE(A2014 91  3516 3499 9999 9999 9999 9999 9999 9999 3424 3419 3398
907SITTWE(A2014 92  3387 3428 3499 3538 3557 9999 9999 9999 9999 9999 9999
907SITTWE(A2014 93  9999 9999 9999 9999 9999 3278 3283 3303
907SITTWE(A2014101  3352 3371 3355 3337 9999 9999 9999 9999 9999 9999 9999
907SITTWE(A2014102  9999 9999 9999 9999 9999 9999 9999 9999 9999 9999 9999
907SITTWE(A2014103  9999 9999 9999 9999 9999 9999 9999 9999 9999
907SITTWE(A2014111  9999 9999 9999 9999 9999 9999 9999 9999 9999 9999 9999
907SITTWE(A2014112  9999 9999 9999 9999 9999 9999 9999 9999 9999 9999 9999
907SITTWE(A2014113  9999 9999 9999 9999 9999 9999 9999 9999
907SITTWE(A2014121  9999 9999 9999 9999 9999 9999 9999 9999 9999 9999 9999
907SITTWE(A2014122  9999 9999 9999 9999 9999 9999 9999 9999 9999 9999 9999
907SITTWE(A2014123  9999 9999 9999 9999 9999 9999 9999 9999 9999
907SITTWE(A2015 11  9999 9999 9999 9999 9999 9999 9999 9999 9999 9999 9999
907SITTWE(A2015 12  9999 9999 9999 9999 9999 9999 9999 9999 9999 9999 9999
907SITTWE(A2015 13  9999 9999 9999 9999 9999 9999 9999 9999 9999
907SITTWE(A2015 21  9999 9999 9999 9999 9999 9999 9999 9999 9999 9999 9999
907SITTWE(A2015 22  9999 9999 9999 9999 9999 9999 9999 9999 9999 9999 9999
907SITTWE(A2015 23  9999 9999 9999 9999 9999 9999
907SITTWE(A2015 31  9999 9999 9999 9999 9999 9999 9999 9999 9999 9999 9999
907SITTWE(A2015 32  9999 9999 9999 9999 9999 9999 9999 9999 9999 9999 9999
907SITTWE(A2015 33  9999 9999 9999 9999 9999 9999 9999 9999 9999
907SITTWE(A2015 41  9999 9999 9999 9999 9999 9999 9999 9999 9999 9999 9999
907SITTWE(A2015 42  9999 9999 9999 9999 9999 9999 9999 9999 9999 9999 9999
907SITTWE(A2015 43  9999 9999 9999 9999 9999 9999 9999 9999
907SITTWE(A2015 51  9999 9999 9999 9999 9999 9999 9999 9999 9999 9999 9999
907SITTWE(A2015 52  9999 9999 9999 9999 9999 9999 9999 9999 9999 9999 9999
907SITTWE(A2015 53  9999 9999 9999 9999 9999 9999 9999 9999 9999
907SITTWE(A2015 61  9999 9999 9999 9999 9999 9999 9999 9999 9999 9999 9999
907SITTWE(A2015 62  9999 9999 9999 9999 9999 9999 9999 9999 9999 9999 9999
907SITTWE(A2015 63  9999 9999 9999 9999 9999 9999 9999 9999
907SITTWE(A2015 71  9999 9999 9999 9999 9999 9999 9999 9999 9999 9999 9999
907SITTWE(A2015 72  9999 9999 9999 9999 9999 9999 9999 9999 9999 9999 9999
907SITTWE(A2015 73  9999 9999 9999 9999 9999 9999 9999 9999 9999
907SITTWE(A2015 81  9999 9999 9999 9999 9999 9999 9999 9999 9999 9999 9999
907SITTWE(A2015 82  9999 9999 9999 9999 9999 9999 9999 9999 9999 9999 9999
907SITTWE(A2015 83  9999 9999 9999 9999 9999 9999 9999 9999 9999
907SITTWE(A2015 91  9999 9999 9999 9999 9999 9999 9999 9999 9999 9999 9999
907SITTWE(A2015 92  9999 9999 9999 9999 9999 9999 9999 9999 9999 9999 9999
907SITTWE(A2015 93  9999 9999 9999 9999 9999 9999 9999 9999
907SITTWE(A2015101  9999 9999 9999 9999 9999 9999 9999 9999 9999 9999 9999
907SITTWE(A2015102  9999 9999 9999 9999 9999 9999 9999 9999 9999 9999 9999
907SITTWE(A2015103  9999 9999 9999 9999 3328 3309 3290 3207 3167
907SITTWE(A2015111  3196 3240 3254 3265 3247 3201 3164 3149 3149 3178 3197
907SITTWE(A2015112  3234 3263 3278 3276 3263 3232 3170 3175 3227 3273 3305
907SITTWE(A2015113  3306 3289 3283 3283 3267 3214 3203 3226
907SITTWE(A2015121  3244 3242 3226 3251 3257 3269 3295 3283 3265 3243 3217
907SITTWE(A2015122  3207 3190 3194 3218 3238 3244 3242 3248 3252 3241 3217
907SITTWE(A2015123  3179 3157 3160 3148 3165 3196 3210 3215 3198
907SITTWE(A2016 11  3182 3190 3174 3140 3121 3097 3072 3045 3038 3032 3050
907SITTWE(A2016 12  3070 3083 3081 3085 3035 2994 2981 3019 3061 3070 3050
907SITTWE(A2016 13  3017 3008 3017 3031 3071 3078 3057 3048 3024
907SITTWE(A2016 21  2975 2934 2950 2988 2999 3005 3023 3053 3101 3120 3107
907SITTWE(A2016 22  3071 3033 3019 3046 3059 3074 3100 3133 3151 3147 3151
907SITTWE(A2016 23  3153 3152 3131 3100 3069 3073 3083
907SITTWE(A2016 31  3075 3056 3051 3027 3008 3028 3060 3058 3051 3050 3052
907SITTWE(A2016 32  3047 3061 3087 3108 3087 3056 3042 3035 3059 3101 3114
907SITTWE(A2016 33  3094 3079 3096 3104 3110 3117 3126 3114 3102
907SITTWE(A2016 41  3094 3132 3173 3212 3256 3274 3253 3236 3233 3219 3230
907SITTWE(A2016 42  3235 3229 3202 3185 3178 3160 3141 3132 3160 3200 3234
907SITTWE(A2016 43  3288 3276 3208 3172 3167 3179 3184 3206
907SITTWE(A2016 51  3218 3214 3233 3221 3223 3247 3237 3227 3219 3216 3232
907SITTWE(A2016 52  3257 3285 3308 3323 3343 3373 3409 3451 3596 3689 3602
907SITTWE(A2016 53  3540 3545 3562 3581 3609 3621 3649 3665 3669
907SITTWE(A2016 61  3674 3661 3661 3655 3645 3642 3641 3664 3783 3757 3716
907SITTWE(A2016 62  3726 3782 3813 3777 3788 3773 3720 3676 3653 3633 3619
907SITTWE(A2016 63  3642 3672 3751 3861 3908 3839 3780 3782
907SITTWE(A2016 71  3819 3869 3882 3915 3898 3827 3789 3803 3789 3760 3731
907SITTWE(A2016 72  3723 3700 3667 3662 3576 3486 3509 3525 3516 3548 3588
907SITTWE(A2016 73  3606 3607 3585 3542 3508 3501 3505 3533 3608
907SITTWE(A2016 81  3698 3730 3744 3759 3755 3740 3701 3676 3700 3698 3645
907SITTWE(A2016 82  3595 3578 3571 3664 3764 3707 3621 3591 3557 3556 3614
907SITTWE(A2016 83  3601 3555 3529 3527 3553 3592 3609 3623 3655
907SITTWE(A2016 91  3665 3688 3735 3780 3824 3791 3722 3661 3642 3617 3585
907SITTWE(A2016 92  3582 3584 3622 3644 3653 3678 3687 3667 3631 3603 3616
907SITTWE(A2016 93  3635 3601 3580 3574 3604 3629 3629 3620
907SITTWE(A2016101  3589 3534 3505 3485 3504 3556 3580 3616 3652 3627 3658
907SITTWE(A2016102  3660 3615 3553 3521 3508 3513 3526 3543 3537 3543 3569
907SITTWE(A2016103  3603 3653 3656 3666 3644 3651 3607 3551 3506
907SITTWE(A2016111  3478 3471 3496 3560 3712 3744 3597 3545 3562 3567 3557
907SITTWE(A2016112  3558 3522 3460 3443 3456 3458 3466 3476 3482 3484 3484
907SITTWE(A2016113  3475 3461 3450 3435 3445 3423 3382 3357
907SITTWE(A2016121  3366 3378 3348 3323 3330 3373 3422 3444 3467 3486 3497
907SITTWE(A2016122  3465 3433 3416 3432 3439 3444 3451 3443 3410 3362 3347
907SITTWE(A2016123  3317 3295 3295 3301 3313 3314 3292 3293 3299
907SITTWE(A2017 11  3307 3304 3311 3259 3242 3240 3228 3223 3230 3249 3243
907SITTWE(A2017 12  3239 3231 3243 3268 3285 3274 3251 3228 3212 3238 3265
907SITTWE(A2017 13  3275 3235 3198 3177 3160 3142 3126 3122 3116
907SITTWE(A2017 21  3109 3090 3068 3088 3098 3081 3055 3048 3048 3061 3072
907SITTWE(A2017 22  3094 3105 3120 3118 3140 3144 3110 3120 3131 3110 3093
907SITTWE(A2017 23  3075 3062 3059 3062 3056 3094
907SITTWE(A2017 31  3111 3098 3125 3148 3134 3096 3061 3051 3057 3087 3106
907SITTWE(A2017 32  3098 3113 3109 3064 3033 3045 3062 3059 3047 3027 3008
907SITTWE(A2017 33  3006 3027 3078 3110 3131 3145 3169 3187 3193
907SITTWE(A2017 41  3199 3194 3187 3204 3223 3222 3213 3208 3208 3216 3194
907SITTWE(A2017 42  3165 3186 3217 3275 3311 3419 3340 3330 3331 3333 3347
907SITTWE(A2017 43  3335 3348 3350 3332 3321 3309 3276 3264
907SITTWE(A2017 51  3293 3315 3297 3296 3295 3285 3288 3280 3244 3235 3227
907SITTWE(A2017 52  3245 3284 3326 3337 3360 3389 3386 3385 3362 3332 3311
907SITTWE(A2017 53  3320 3349 3378 3415 3460 3516 3951 3940 3562
907SITTWE(A2017 61  3549 3524 3528 3561 3566 3556 3551 3604 3669 3755 3890
907SITTWE(A2017 62  3843 3763 3688 3720 3730 3665 3640 3638 3610 3573 3583
907SITTWE(A2017 63  3585 3568 3587 3570 3558 3565 3614 3654
907SITTWE(A2017 71  3701 3696 3664 3656 3640 3618 3594 3589 3569 3552 3545
907SITTWE(A2017 72  3555 3611 3638 3660 3685 3695 3709 3709 3674 9999 9999
907SITTWE(A2017 73  9999 3675 3686 3666 3633 3576 3554 3560 3546
907SITTWE(A2017 81  3550 3550 3543 3550 3551 3545 3583 3606 3602 3599 3587
907SITTWE(A2017 82  3595 3542 3493 3474 3501 3571 3606 3631 3622 3609 3599
907SITTWE(A2017 83  3608 3641 3668 3675 3695 3656 3595 3556 3524
907SITTWE(A2017 91  3527 3515 3485 3442 3431 3447 3478 3514 3508 3473 3454
907SITTWE(A2017 92  3442 3432 3438 3475 3497 3557 3715 3754 3709 3675 3659
907SITTWE(A2017 93  3640 3616 3628 3623 3661 3679 3622 3582
907SITTWE(A2017101  3550 3530 3519 3536 3562 3609 3586 3544 3521 3509 3510
907SITTWE(A2017102  3532 3562 3568 3568 3587 3645 3690 3747 3771 3749 3684
907SITTWE(A2017103  3616 3587 3613 3629 3621 3588 3567 3551 3560
907SITTWE(A2017111  3565 3567 3538 3490 3449 3427 3389 3377 3377 3396 3439
907SITTWE(A2017112  3462 3482 3504 3514 3483 3446 3422 3384 3353 3336 3355
907SITTWE(A2017113  3414 3478 3475 3480 3478 3484 3489 3464
907SITTWE(A2017121  3440 3418 3402 3382 3336 3317 3336 3411 3489 3482 3464
907SITTWE(A2017122  3495 3511 3474 3445 3454 3422 3389 3384 3388 3382 3365
907SITTWE(A2017123  3340 3325 3305 3303 3323 3324 3303 3319 3323
907SITTWE(A2018 11  3289 3324 3347 3306 3297 3270 3228 3208 3219 3196 3153
907SITTWE(A2018 12  3157 3168 3190 3219 3227 3225 3207 3191 3182 3170 3169
907SITTWE(A2018 13  3172 3192 3205 3188 3150 3113 3102 3110 3138
907SITTWE(A2018 21  3137 3169 3173 3164 3173 3164 3146 3150 3129 3080 3068
907SITTWE(A2018 22  3057 3078 3082 3064 3057 3077 3099 3106 3104 3123 3100
907SITTWE(A2018 23  3077 3077 3100 3131 3116 3125
907SITTWE(A2018 31  3154 3163 3158 3140 3130 3118 3107 3092 3087 3131 3149
907SITTWE(A2018 32  3124 9999 9999 9999 9999 9999 9999 9999 9999 9999 3103
907SITTWE(A2018 33  3084 3085 3108 3133 3135 3128 3118 3113 3110
907SITTWE(A2018 41  3108 3125 3169 3212 3223 3217 3221 3244 3228 3199 3142
907SITTWE(A2018 42  3130 3130 3157 3174 3176 3178 3198 3210 3200 3168 3139
907SITTWE(A2018 43  3115 3122 3118 3101 3099 3134 3186 3201
907SITTWE(A2018 51  3225 3258 3283 3294 3287 3305 3302 3300 3300 3291 3289
907SITTWE(A2018 52  3301 3314 3336 3366 3357 3346 3351 3351 3343 3329 3315
907SITTWE(A2018 53  3330 3352 3360 3350 3352 3421 3523 3496 3384
907SITTWE(A2018 61  3357 3367 3402 3385 3390 3460 3515 3565 3632 3688 3765
907SITTWE(A2018 62  3829 3832 3818 3758 3695 3640 3600 3581 3560 3586 3616
907SITTWE(A2018 63  3614 3605 3609 3623 3610 3543 3511 3516
907SITTWE(A2018 71  3490 3465 3485 3536 3520 3523 3554 3545 3571 3569 3573
907SITTWE(A2018 72  3579 3614 3693 3738 3736 3700 3658 3678 3692 3700 3665
907SITTWE(A2018 73  3637 3647 3665 3671 3660 3602 3564 3551 3566
907SITTWE(A2018 81  9999 9999 9999 3633 3650 3705 9999 9999 3615 3596 3626
907SITTWE(A2018 82  3714 3822 3891 3848 3757 3717 3705 3758 3802 3728 3665
907SITTWE(A2018 83  3616 3609 3661 3694 3665 3619 3576 9999 9999
907SITTWE(A2018 91  9999 9999 9999 9999 9999 9999 9999 9999 9999 9999 9999
907SITTWE(A2018 92  9999 9999 9999 9999 9999 9999 9999 9999 9999 9999 9999
907SITTWE(A2018 93  9999 9999 9999 9999 9999 9999 9999 9999
907SITTWE(A2018101  9999 9999 9999 9999 9999 9999 9999 9999 9999 9999 9999
907SITTWE(A2018102  9999 9999 9999 9999 9999 9999 9999 9999 9999 9999 9999
907SITTWE(A2018103  9999 9999 9999 9999 9999 9999 9999 9999 9999
907SITTWE(A2018111  9999 9999 9999 9999 3324 3283 3269 3265 3265 3273 3358
907SITTWE(A2018112  3439 3488 3482 3444 3401 3390 3381 3368 3373 3334 3327
907SITTWE(A2018113  3378 3433 3452 3452 3419 3391 3373 3361
907SITTWE(A2018121  3346 3343 3328 3304 3282 3266 3253 3238 3252 3263 3253
907SITTWE(A2018122  3256 3256 3253 3246 3249 3273 3286 3238 3231 3259 3271
907SITTWE(A2018123  3267 3276 3306 3343 3363 3302 3246 3243 3231
907SITTWE(A2019 11  3217 3193 3151 3106 3082 3103 3165 3224 3258 3228 3152
907SITTWE(A2019 12  3144 3168 3161 3074 3017 3025 3044 3044 3031 3024 3018
907SITTWE(A2019 13  3031 3045 3033 3018 3013 3028 3022 2974 2981
907SITTWE(A2019 21  2991 2986 2983 2983 2994 3002 3038 3096 3117 3069 3043
907SITTWE(A2019 22  3019 3017 3029 3049 3081 3070 3052 3050 3034 2998 2975
907SITTWE(A2019 23  2993 3007 2984 3017 3058 3074
907SITTWE(A2019 31  3039 2995 2991 2992 3003 3002 3010 3025 3034 3023 3034
907SITTWE(A2019 32  3040 3037 3052 3048 3053 3030 3017 3038 3045 3073 3106
907SITTWE(A2019 33  3104 3083 3085 3134 3174 3174 3149 3138 3134
907SITTWE(A2019 41  3128 3115 3104 3133 3166 3153 3122 3121 3123 3105 3100
907SITTWE(A2019 42  3098 3083 3082 3084 3095 3104 3111 3128 3143 3136 3119
907SITTWE(A2019 43  3132 3182 3213 3217 3222 3221 3235 3249
907SITTWE(A2019 51  3306 3365 3408 3400 3379 3402 3384 3346 3320 3289 3286
907SITTWE(A2019 52  3298 3286 3276 3260 3275 3293 3301 3285 3284 3281 3272
907SITTWE(A2019 53  3253 3239 3214 3226 3233 3231 3243 3261 3298
907SITTWE(A2019 61  3336 3365 3368 3355 3333 3329 3333 3347 3359 3382 3406
907SITTWE(A2019 62  3431 3440 3481 3521 3511 3479 3431 3492 3592 3569 3513
907SITTWE(A2019 63  3487 3457 3437 3474 3522 3549 3558 3608
907SITTWE(A2019 71  3660 3607 3573 3576 3682 3755 3752 3725 3707 3701 3688
907SITTWE(A2019 72  3650 3629 3600 3581 3545 3539 3561 3551 3534 3535 3582
907SITTWE(A2019 73  3632 3685 3707 3723 3728 3679 3579 3519 3499
907SITTWE(A2019 81  3512 3559 3599 3616 3696 3813 3846 3766 3672 3598 3542
907SITTWE(A2019 82  3586 3571 3544 3543 3536 3546 3552 3535 3522 3461 3432
907SITTWE(A2019 83  3465 3476 3501 3466 3407 3408 3428 3447 3480
907SITTWE(A2019 91  3532 3612 3618 3576 3589 3624 3642 3588 3547 3556 3608
907SITTWE(A2019 92  3615 3560 3480 3427 3401 3415 3422 3378 3372 3402 3457
907SITTWE(A2019 93  3518 3449 3396 3392 3349 3357 3348 3343
907SITTWE(A2019101  3309 3272 3262 3281 3301 3325 3349 3341 3326 3314 3285
907SITTWE(A2019102  3258 3232 3220 3239 3235 3232 3241 3238 3235 3270 3283
907SITTWE(A2019103  3269 3247 3219 3186 3153 3136 3122 3111 3097
907SITTWE(A2019111  3101 3136 3163 3194 3268 3327 3372 3497 3573 3483 3384
907SITTWE(A2019112  3310 3278 3256 3251 3256 3238 3216 3205 3199 3201 3213
907SITTWE(A2019113  3229 3231 3210 3188 3178 3174 3159 3143
907SITTWE(A2019121  3126 3089 3057 3037 3040 3078 3146 3159 3167 3163 3142
907SITTWE(A2019122  3110 3096 3062 3044 3026 2991 2968 2964 2994 3024 3056
907SITTWE(A2019123  3068 3052 3027 3017 3008 3008 3018 3041 3064
907SITTWE(A2020 11  3072 3086 3113 3126 3100 3029 3033 3057 3078 3057 3018
907SITTWE(A2020 12  3044 3049 3046 3033 3021 3007 3008 3033 3040 3021 3032
907SITTWE(A2020 13  3070 3050 3034 3024 2978 2943 2926 2952 2958
907SITTWE(A2020 21  2966 2940 2918 2929 2958 2959 2968 2986 2984 2978 2982
907SITTWE(A2020 22  3004 3001 2985 2961 2938 2935 2971 3006 3023 3041 3066
907SITTWE(A2020 23  3066 3066 3070 3040 3016 3007 2994
907SITTWE(A2020 31  3003 3025 3033 3019 3001 3017 3050 3078 3068 3065 3072
907SITTWE(A2020 32  3060 3080 3089 3078 3073 3070 3087 3096 3090 3075 3033
907SITTWE(A2020 33  3035 3054 3043 3076 3113 3134 3156 3135 3130
907SITTWE(A2020 41  3121 3117 3113 3106 3114 3134 3149 3171 3184 3164 3149
907SITTWE(A2020 42  3140 3146 3132 3120 3147 3166 3153 3170 3190 3196 3213
907SITTWE(A2020 43  3219 3233 3239 3220 3217 3216 3216 3236
907SITTWE(A2020 51  3237 3262 3266 3251 3246 3239 3220 3184 3167 3159 3183
907SITTWE(A2020 52  3220 3243 3268 3300 3320 3325 3383 3594 3746 3643 3538
907SITTWE(A2020 53  3490 3476 3484 3491 3489 3484 3489 3520 3533
907SITTWE(A2020 61  3558 3581 3585 3582 3576 3590 3581 3561 3599 3660 3710
907SITTWE(A2020 62  3708 3634 3537 3507 3543 3583 3558 3508 3507 3539 3511
907SITTWE(A2020 63  3487 3470 3461 3493 3514 3543 3557 3549
907SITTWE(A2020 71  3562 3569 3589 3649 3712 3716 3649 3576 3592 3625 3649
907SITTWE(A2020 72  3621 3608 3634 3597 3533 3487 3473 3468 3459 3471 3506
907SITTWE(A2020 73  3512 3477 3440 3417 3418 3447 3507 3520 3502
907SITTWE(A2020 81  3516 3532 3593 3761 3837 3795 3741 3707 3726 3769 3730
907SITTWE(A2020 82  3666 3710 3803 3847 3812 3772 3753 3789 3783 3694 3638
907SITTWE(A2020 83  3661 3717 3715 3703 3653 3575 3513 3459 3428
907SITTWE(A2020 91  3412 3400 3412 3454 3472 3475 3491 3517 3537 3535 3525
907SITTWE(A2020 92  3501 3492 3512 3510 3549 3585 3565 3586 3699 3784 3701
907SITTWE(A2020 93  3600 3559 3594 3605 3591 3577 3549 3598
907SITTWE(A2020101  3648 3613 3595 3596 3594 3563 3526 3516 3512 3532 3599
907SITTWE(A2020102  3607 3594 3579 3502 3486 3525 3550 3590 3684 3755 3804
907SITTWE(A2020103  3832 3736 3628 3583 3578 3572 3589 3624 3630
907SITTWE(A2020111  3645 3606 3566 3539 3522 3485 3490 3510 3514 3545 3545
907SITTWE(A2020112  3541 3541 3544 3511 3454 3420 3340 3306 3348 3386 3393
907SITTWE(A2020113  3420 3439 3424 3418 3404 3380 3370 3363
907SITTWE(A2020121  3368 3381 3364 3368 3374 3384 3382 3404 3449 3451 3429
907SITTWE(A2020122  3420 3386 3345 3332 3344 3359 3351 3369 3417 3434 3432
907SITTWE(A2020123  3424 3387 3360 3318 3285 3290 3308 3302 3278
907SITTWE(A2021 11  3270 3312 3346 3363 3374 3382 3366 3368 3353 3343 3334
907SITTWE(A2021 12  3314 3306 3304 3280 3247 3237 3257 3278 3323 3334 3300
907SITTWE(A2021 13  3254 3232 3230 3215 3223 3262 3267 3269 3274
907SITTWE(A2021 21  3267 3260 3283 3311 3312 3294 3267 3231 3218 3236 3227
907SITTWE(A2021 22  3211 3198 3184 3157 3141 3150 3184 3197 3198 3179 3152
907SITTWE(A2021 23  3152 3137 3129 3144 3155 3162
907SITTWE(A2021 31  3161 3164 3182 3212 3211 3196 3180 3154 3124 3118 3124
907SITTWE(A2021 32  3135 3165 3171 3186 3185 3175 3187 3203 3198 3195 3189
907SITTWE(A2021 33  3172 3168 3169 3171 3198 3216 3224 3268 3305
907SITTWE(A2021 41  3283 3253 3252 3234 3235 3294 3341 3326 3294 3289 3291
907SITTWE(A2021 42  3311 3356 3369 3369 3373 3376 3373 3362 3361 3371 3383
907SITTWE(A2021 43  3371 3369 3377 3386 3379 3368 3350 3354
907SITTWE(A2021 51  3361 3370 3359 3299 3263 3228 3236 3266 3285 3315 3333
907SITTWE(A2021 52  3320 3311 3297 3287 3268 3239 3219 3236 3291 3342 3380
907SITTWE(A2021 53  3462 3642 3771 3659 3503 3408 3379 3411 3442
907SITTWE(A2021 61  3430 3425 3424 3412 3388 3407 3424 3453 3541 3635 3737
907SITTWE(A2021 62  3798 3778 3760 3753 3725 3739 3738 3702 9999 9999 3662
907SITTWE(A2021 63  3629 3591 3582 3548 3527 3518 3532 3543
